HyperCLaw-V1.1
28
density
xmom
ymom
rho_E
rho_e
Temp
rho_X
grav_x
grav_y
pressure
kineng
soundspeed
MachNumber
entropy
magvort
divu
eint_E
eint_e
logden
StateErr
X(X)
x_velocity
y_velocity
magvel
radvel
magmom
maggrav
X
2
5870.30810752832
0
0 0 
1024000000 1024000000 

((0,0) (511,511) (0,0)) 
1100 
2000000 2000000 
0
0
0 64 5870.30810752832
1100
0 128000000
0 128000000
896000000 1024000000
0 128000000
768000000 896000000
0 128000000
640000000 768000000
0 128000000
512000000 640000000
0 128000000
384000000 512000000
0 128000000
256000000 384000000
0 128000000
128000000 256000000
0 128000000
0 128000000
896000000 1024000000
0 128000000
768000000 896000000
0 128000000
640000000 768000000
0 128000000
512000000 640000000
0 128000000
384000000 512000000
0 128000000
256000000 384000000
0 128000000
128000000 256000000
896000000 1024000000
896000000 1024000000
896000000 1024000000
768000000 896000000
896000000 1024000000
640000000 768000000
896000000 1024000000
512000000 640000000
896000000 1024000000
384000000 512000000
896000000 1024000000
256000000 384000000
896000000 1024000000
128000000 256000000
768000000 896000000
896000000 1024000000
768000000 896000000
768000000 896000000
768000000 896000000
640000000 768000000
768000000 896000000
512000000 640000000
768000000 896000000
384000000 512000000
768000000 896000000
256000000 384000000
768000000 896000000
128000000 256000000
640000000 768000000
896000000 1024000000
640000000 768000000
768000000 896000000
640000000 768000000
640000000 768000000
640000000 768000000
512000000 640000000
640000000 768000000
384000000 512000000
640000000 768000000
256000000 384000000
640000000 768000000
128000000 256000000
512000000 640000000
896000000 1024000000
512000000 640000000
768000000 896000000
512000000 640000000
640000000 768000000
512000000 640000000
512000000 640000000
512000000 640000000
384000000 512000000
512000000 640000000
256000000 384000000
512000000 640000000
128000000 256000000
384000000 512000000
896000000 1024000000
384000000 512000000
768000000 896000000
384000000 512000000
640000000 768000000
384000000 512000000
512000000 640000000
384000000 512000000
384000000 512000000
384000000 512000000
256000000 384000000
384000000 512000000
128000000 256000000
256000000 384000000
896000000 1024000000
256000000 384000000
768000000 896000000
256000000 384000000
640000000 768000000
256000000 384000000
512000000 640000000
256000000 384000000
384000000 512000000
256000000 384000000
256000000 384000000
256000000 384000000
128000000 256000000
128000000 256000000
896000000 1024000000
128000000 256000000
768000000 896000000
128000000 256000000
640000000 768000000
128000000 256000000
512000000 640000000
128000000 256000000
384000000 512000000
128000000 256000000
256000000 384000000
128000000 256000000
128000000 256000000
Level_0/Cell
