1
0
28
0
(64 0
((0,0) (63,63) (0,0))
((448,0) (511,63) (0,0))
((384,0) (447,63) (0,0))
((320,0) (383,63) (0,0))
((256,0) (319,63) (0,0))
((192,0) (255,63) (0,0))
((128,0) (191,63) (0,0))
((64,0) (127,63) (0,0))
((0,448) (63,511) (0,0))
((0,384) (63,447) (0,0))
((0,320) (63,383) (0,0))
((0,256) (63,319) (0,0))
((0,192) (63,255) (0,0))
((0,128) (63,191) (0,0))
((0,64) (63,127) (0,0))
((448,448) (511,511) (0,0))
((448,384) (511,447) (0,0))
((448,320) (511,383) (0,0))
((448,256) (511,319) (0,0))
((448,192) (511,255) (0,0))
((448,128) (511,191) (0,0))
((448,64) (511,127) (0,0))
((384,448) (447,511) (0,0))
((384,384) (447,447) (0,0))
((384,320) (447,383) (0,0))
((384,256) (447,319) (0,0))
((384,192) (447,255) (0,0))
((384,128) (447,191) (0,0))
((384,64) (447,127) (0,0))
((320,448) (383,511) (0,0))
((320,384) (383,447) (0,0))
((320,320) (383,383) (0,0))
((320,256) (383,319) (0,0))
((320,192) (383,255) (0,0))
((320,128) (383,191) (0,0))
((320,64) (383,127) (0,0))
((256,448) (319,511) (0,0))
((256,384) (319,447) (0,0))
((256,320) (319,383) (0,0))
((256,256) (319,319) (0,0))
((256,192) (319,255) (0,0))
((256,128) (319,191) (0,0))
((256,64) (319,127) (0,0))
((192,448) (255,511) (0,0))
((192,384) (255,447) (0,0))
((192,320) (255,383) (0,0))
((192,256) (255,319) (0,0))
((192,192) (255,255) (0,0))
((192,128) (255,191) (0,0))
((192,64) (255,127) (0,0))
((128,448) (191,511) (0,0))
((128,384) (191,447) (0,0))
((128,320) (191,383) (0,0))
((128,256) (191,319) (0,0))
((128,192) (191,255) (0,0))
((128,128) (191,191) (0,0))
((128,64) (191,127) (0,0))
((64,448) (127,511) (0,0))
((64,384) (127,447) (0,0))
((64,320) (127,383) (0,0))
((64,256) (127,319) (0,0))
((64,192) (127,255) (0,0))
((64,128) (127,191) (0,0))
((64,64) (127,127) (0,0))
)
64
FabOnDisk: Cell_D_0000 0
FabOnDisk: Cell_D_0001 0
FabOnDisk: Cell_D_0001 917590
FabOnDisk: Cell_D_0001 1835180
FabOnDisk: Cell_D_0001 2752770
FabOnDisk: Cell_D_0000 917587
FabOnDisk: Cell_D_0000 1835177
FabOnDisk: Cell_D_0000 2752767
FabOnDisk: Cell_D_0002 0
FabOnDisk: Cell_D_0002 917590
FabOnDisk: Cell_D_0002 1835180
FabOnDisk: Cell_D_0002 2752770
FabOnDisk: Cell_D_0000 3670356
FabOnDisk: Cell_D_0000 4587946
FabOnDisk: Cell_D_0000 5505536
FabOnDisk: Cell_D_0003 0
FabOnDisk: Cell_D_0003 917593
FabOnDisk: Cell_D_0003 1835186
FabOnDisk: Cell_D_0003 2752779
FabOnDisk: Cell_D_0001 3670360
FabOnDisk: Cell_D_0001 4587953
FabOnDisk: Cell_D_0001 5505546
FabOnDisk: Cell_D_0003 3670372
FabOnDisk: Cell_D_0003 4587965
FabOnDisk: Cell_D_0003 5505558
FabOnDisk: Cell_D_0003 6423151
FabOnDisk: Cell_D_0001 6423138
FabOnDisk: Cell_D_0001 7340731
FabOnDisk: Cell_D_0001 8258324
FabOnDisk: Cell_D_0003 7340744
FabOnDisk: Cell_D_0003 8258337
FabOnDisk: Cell_D_0003 9175930
FabOnDisk: Cell_D_0003 10093523
FabOnDisk: Cell_D_0001 9175916
FabOnDisk: Cell_D_0001 10093509
FabOnDisk: Cell_D_0001 11011102
FabOnDisk: Cell_D_0003 11011116
FabOnDisk: Cell_D_0003 11928709
FabOnDisk: Cell_D_0003 12846302
FabOnDisk: Cell_D_0003 13763895
FabOnDisk: Cell_D_0001 11928694
FabOnDisk: Cell_D_0001 12846287
FabOnDisk: Cell_D_0001 13763880
FabOnDisk: Cell_D_0002 3670360
FabOnDisk: Cell_D_0002 4587953
FabOnDisk: Cell_D_0002 5505546
FabOnDisk: Cell_D_0002 6423139
FabOnDisk: Cell_D_0000 6423125
FabOnDisk: Cell_D_0000 7340718
FabOnDisk: Cell_D_0000 8258311
FabOnDisk: Cell_D_0002 7340732
FabOnDisk: Cell_D_0002 8258325
FabOnDisk: Cell_D_0002 9175918
FabOnDisk: Cell_D_0002 10093511
FabOnDisk: Cell_D_0000 9175903
FabOnDisk: Cell_D_0000 10093496
FabOnDisk: Cell_D_0000 11011089
FabOnDisk: Cell_D_0002 11011104
FabOnDisk: Cell_D_0002 11928696
FabOnDisk: Cell_D_0002 12846288
FabOnDisk: Cell_D_0002 13763880
FabOnDisk: Cell_D_0000 11928681
FabOnDisk: Cell_D_0000 12846273
FabOnDisk: Cell_D_0000 13763865

64,28
1.977731751809343e-03,0.000000000000000e+00,2.427326609802233e-01,1.587271157041028e+08,1.587271008084668e+08,1.505823671075731e+03,1.977731751809343e-03,0.000000000000000e+00,-1.000000000000000e+03,1.058180672056445e+08,1.489563603674700e+01,2.986211710109713e+05,4.109984998515844e-04,4.275172645789845e+08,0.000000000000000e+00,-3.826293662839159e-06,8.025714339836737e+10,8.025714339836737e+10,-2.703832613956854e+00,1.977731751809343e-03,1.000000000000000e+00,0.000000000000000e+00,1.227328533094326e+02,1.227328533094326e+02,-2.563752670867333e+02,2.427326609802233e-01,1.000000000000000e+03,1.000000000000000e+00,
1.977731751809343e-03,0.000000000000000e+00,2.427326609802233e-01,1.587271157041028e+08,1.587271008084668e+08,1.505823671075731e+03,1.977731751809343e-03,0.000000000000000e+00,-1.000000000000000e+03,1.058180672056445e+08,1.489563603674700e+01,2.986211710109713e+05,4.109984998515844e-04,4.275172645789845e+08,0.000000000000000e+00,-3.826293662839159e-06,8.025714339836737e+10,8.025714339836737e+10,-2.703832613956854e+00,1.977731751809343e-03,1.000000000000000e+00,0.000000000000000e+00,1.227328533094326e+02,1.227328533094326e+02,-2.563752670867333e+02,2.427326609802233e-01,1.000000000000000e+03,1.000000000000000e+00,
1.977731751809343e-03,0.000000000000000e+00,2.427326609802233e-01,1.587271157041028e+08,1.587271008084668e+08,1.505823671075731e+03,1.977731751809343e-03,0.000000000000000e+00,-1.000000000000000e+03,1.058180672056445e+08,1.489563603674700e+01,2.986211710109713e+05,4.109984998515844e-04,4.275172645789845e+08,0.000000000000000e+00,-3.826293662839159e-06,8.025714339836737e+10,8.025714339836737e+10,-2.703832613956854e+00,1.977731751809343e-03,1.000000000000000e+00,0.000000000000000e+00,1.227328533094326e+02,1.227328533094326e+02,-2.867706259567258e+02,2.427326609802233e-01,1.000000000000000e+03,1.000000000000000e+00,
1.977731751809343e-03,0.000000000000000e+00,2.427326609802233e-01,1.587271157041028e+08,1.587271008084668e+08,1.505823671075731e+03,1.977731751809343e-03,0.000000000000000e+00,-1.000000000000000e+03,1.058180672056445e+08,1.489563603674700e+01,2.986211710109713e+05,4.109984998515844e-04,4.275172645789845e+08,0.000000000000000e+00,-3.826293662839159e-06,8.025714339836737e+10,8.025714339836737e+10,-2.703832613956854e+00,1.977731751809343e-03,1.000000000000000e+00,0.000000000000000e+00,1.227328533094326e+02,1.227328533094326e+02,-3.112325320613768e+02,2.427326609802233e-01,1.000000000000000e+03,1.000000000000000e+00,
1.977731751809343e-03,0.000000000000000e+00,2.427326609802233e-01,1.587271157041028e+08,1.587271008084668e+08,1.505823671075731e+03,1.977731751809343e-03,0.000000000000000e+00,-1.000000000000000e+03,1.058180672056445e+08,1.489563603674700e+01,2.986211710109713e+05,4.109984998515844e-04,4.275172645789845e+08,0.000000000000000e+00,-3.826293662839159e-06,8.025714339836737e+10,8.025714339836737e+10,-2.703832613956854e+00,1.977731751809343e-03,1.000000000000000e+00,0.000000000000000e+00,1.227328533094326e+02,1.227328533094326e+02,-3.209960361900728e+02,2.427326609802233e-01,1.000000000000000e+03,1.000000000000000e+00,
1.977731751809343e-03,0.000000000000000e+00,2.427326609802233e-01,1.587271157041028e+08,1.587271008084668e+08,1.505823671075731e+03,1.977731751809343e-03,0.000000000000000e+00,-1.000000000000000e+03,1.058180672056445e+08,1.489563603674700e+01,2.986211710109713e+05,4.109984998515844e-04,4.275172645789845e+08,0.000000000000000e+00,-3.826293662839159e-06,8.025714339836737e+10,8.025714339836737e+10,-2.703832613956854e+00,1.977731751809343e-03,1.000000000000000e+00,0.000000000000000e+00,1.227328533094326e+02,1.227328533094326e+02,-3.209960361900728e+02,2.427326609802233e-01,1.000000000000000e+03,1.000000000000000e+00,
1.977731751809343e-03,0.000000000000000e+00,2.427326609802233e-01,1.587271157041028e+08,1.587271008084668e+08,1.505823671075731e+03,1.977731751809343e-03,0.000000000000000e+00,-1.000000000000000e+03,1.058180672056445e+08,1.489563603674700e+01,2.986211710109713e+05,4.109984998515844e-04,4.275172645789845e+08,0.000000000000000e+00,-3.826293662839159e-06,8.025714339836737e+10,8.025714339836737e+10,-2.703832613956854e+00,1.977731751809343e-03,1.000000000000000e+00,0.000000000000000e+00,1.227328533094326e+02,1.227328533094326e+02,-3.112325320613768e+02,2.427326609802233e-01,1.000000000000000e+03,1.000000000000000e+00,
1.977731751809343e-03,0.000000000000000e+00,2.427326609802233e-01,1.587271157041028e+08,1.587271008084668e+08,1.505823671075731e+03,1.977731751809343e-03,0.000000000000000e+00,-1.000000000000000e+03,1.058180672056445e+08,1.489563603674700e+01,2.986211710109713e+05,4.109984998515844e-04,4.275172645789845e+08,0.000000000000000e+00,-3.826293662839159e-06,8.025714339836737e+10,8.025714339836737e+10,-2.703832613956854e+00,1.977731751809343e-03,1.000000000000000e+00,0.000000000000000e+00,1.227328533094326e+02,1.227328533094326e+02,-2.867706259567258e+02,2.427326609802233e-01,1.000000000000000e+03,1.000000000000000e+00,
7.506086956000001e-08,0.000000000000000e+00,-7.506086956000001e-08,5.911385403096220e+03,5.911385403058690e+03,1.477631380371471e+03,7.506086956000001e-08,0.000000000000000e+00,-1.000000000000000e+03,3.940923602039127e+03,3.753043478000000e-08,2.958125444446254e+05,3.380519247003046e-06,8.494022114698802e+08,0.000000000000000e+00,0.000000000000000e+00,7.875455530572311e+10,7.875455530572313e+10,-7.124586408708945e+00,7.506086956000001e-08,1.000000000000000e+00,0.000000000000000e+00,-1.000000000000000e+00,1.000000000000000e+00,-7.986851776062572e-01,7.506086956000001e-08,1.000000000000000e+03,1.000000000000000e+00,
7.506086956000001e-08,0.000000000000000e+00,-7.506086956074064e-08,5.911385403096220e+03,5.911385403058690e+03,1.477631380371471e+03,7.506086956000001e-08,0.000000000000000e+00,-1.000000000000000e+03,3.940923602039127e+03,3.753043478000000e-08,2.958125444446254e+05,3.380519247003046e-06,8.494022114698802e+08,0.000000000000000e+00,0.000000000000000e+00,7.875455530572311e+10,7.875455530572313e+10,-7.124586408708945e+00,7.506086956000001e-08,1.000000000000000e+00,0.000000000000000e+00,-1.000000000009856e+00,1.000000000000000e+00,-7.052629658459666e-01,7.506086956000001e-08,1.000000000000000e+03,1.000000000000000e+00,
7.506086956000259e-08,0.000000000000000e+00,-1.250078703186591e-07,5.911385403096569e+03,5.911385403059039e+03,1.477631380371507e+03,7.506086956000259e-08,0.000000000000000e+00,-1.000000000000000e+03,3.940923602039360e+03,1.040407196622792e-09,2.958125444446290e+05,4.232817773023367e-07,8.304306695522099e+08,0.000000000000000e+00,-7.978698668776468e-08,7.875455530572507e+10,7.875455530572507e+10,-7.124586408708930e+00,7.506086956000259e-08,1.000000000000000e+00,0.000000000000000e+00,-1.604668313862031e+00,1.261174196841787e-01,-6.385645539003161e-01,1.649902446827986e-08,1.000000000000000e+03,1.000000000000000e+00,
1.356437862750505e-07,0.000000000000000e+00,-9.495377544292014e-06,1.083727199937109e+04,1.083727199937038e+04,1.499030577657325e+03,1.356437862750505e-07,0.000000000000000e+00,-1.000000000000000e+03,7.224847999580250e+03,3.451097008989537e-11,2.979468375732690e+05,5.431401466647365e-08,7.457104569666188e+08,0.000000000000000e+00,-5.761831338244592e-06,7.989508621792075e+10,7.989508621792075e+10,-6.867600096102655e+00,1.356437862750505e-07,1.000000000000000e+00,0.000000000000000e+00,-2.137673735323055e+01,1.619318646052106e-02,-3.452098706048313e+00,4.145211250707419e-09,1.000000000000000e+03,1.000000000000000e+00,
1.475742629691064e-06,0.000000000000000e+00,5.258843565299599e-06,1.179999662242621e+05,1.179999653551084e+05,1.500055288334393e+03,1.475742629691064e-06,0.000000000000000e+00,-1.000000000000000e+03,7.866664357007231e+04,2.518910193682580e-06,2.980486557589787e+05,3.213936048064090e-06,6.603567865358391e+08,0.000000000000000e+00,-3.977827186630106e-06,7.994970107976076e+10,7.994970107976077e+10,-5.830989377100495e+00,1.475742629691064e-06,1.000000000000000e+00,0.000000000000000e+00,9.579711441897876e-01,9.579711441897876e-01,-1.365954606008888e+01,5.258843565299599e-06,1.000000000000000e+03,1.000000000000000e+00,
1.629914609664442e-05,0.000000000000000e+00,7.063180959905951e-04,1.303113068522665e+06,1.303113053218635e+06,1.500038714822954e+03,1.629914609664442e-05,0.000000000000000e+00,-1.000000000000000e+03,8.687420354790901e+05,1.530403033894172e-02,2.980470092441841e+05,1.450033986723304e-04,5.750136478992707e+08,0.000000000000000e+00,-8.742153343443704e-07,7.994881774746249e+10,7.994881774746249e+10,-4.787835147450608e+00,1.629914609664442e-05,1.000000000000000e+00,0.000000000000000e+00,4.321805606826128e+01,4.321805606826128e+01,-2.682990277217499e+01,7.063180959905951e-04,1.000000000000000e+03,1.000000000000000e+00,
1.800082289829850e-04,0.000000000000000e+00,8.747893791577390e-03,1.439183652438802e+07,1.439183631182650e+07,1.500079492165031e+03,1.800082289829850e-04,0.000000000000000e+00,-1.000000000000000e+03,9.594557541217664e+06,2.125615207178993e-01,2.980510603003788e+05,1.630498754386860e-04,4.900301931337277e+08,0.000000000000000e+00,-5.029754765932559e-06,7.995099109156206e+10,7.995099109156206e+10,-3.744707640895507e+00,1.800082289829850e-04,1.000000000000000e+00,0.000000000000000e+00,4.859718825634506e+01,4.859718825634506e+01,-8.104451135881806e+01,8.747893791577390e-03,1.000000000000000e+03,1.000000000000000e+00,
7.506086956000001e-08,0.000000000000000e+00,-7.506086956000001e-08,5.911385403096220e+03,5.911385403058690e+03,1.477631380371471e+03,7.506086956000001e-08,0.000000000000000e+00,-1.000000000000000e+03,3.940923602039127e+03,3.753043478000000e-08,2.958125444446254e+05,3.380519247003046e-06,8.494022114698802e+08,0.000000000000000e+00,0.000000000000000e+00,7.875455530572311e+10,7.875455530572313e+10,-7.124586408708945e+00,7.506086956000001e-08,1.000000000000000e+00,0.000000000000000e+00,-1.000000000000000e+00,1.000000000000000e+00,-7.986851776062572e-01,7.506086956000001e-08,1.000000000000000e+03,1.000000000000000e+00,
7.506086956000001e-08,0.000000000000000e+00,-7.506086956074064e-08,5.911385403096220e+03,5.911385403058690e+03,1.477631380371471e+03,7.506086956000001e-08,0.000000000000000e+00,-1.000000000000000e+03,3.940923602039127e+03,3.753043478000000e-08,2.958125444446254e+05,3.380519247003046e-06,8.494022114698802e+08,0.000000000000000e+00,0.000000000000000e+00,7.875455530572311e+10,7.875455530572313e+10,-7.124586408708945e+00,7.506086956000001e-08,1.000000000000000e+00,0.000000000000000e+00,-1.000000000009856e+00,1.000000000000000e+00,-7.052629658459666e-01,7.506086956000001e-08,1.000000000000000e+03,1.000000000000000e+00,
7.506086956000259e-08,0.000000000000000e+00,-1.250078703186591e-07,5.911385403096569e+03,5.911385403059039e+03,1.477631380371507e+03,7.506086956000259e-08,0.000000000000000e+00,-1.000000000000000e+03,3.940923602039360e+03,1.040407196622792e-09,2.958125444446290e+05,4.232817773023367e-07,8.304306695522099e+08,0.000000000000000e+00,-7.978698668776468e-08,7.875455530572507e+10,7.875455530572507e+10,-7.124586408708930e+00,7.506086956000259e-08,1.000000000000000e+00,0.000000000000000e+00,-1.604668313862031e+00,1.261174196841787e-01,-6.385645539003161e-01,1.649902446827986e-08,1.000000000000000e+03,1.000000000000000e+00,
1.356437862750505e-07,0.000000000000000e+00,-9.495377544292014e-06,1.083727199937109e+04,1.083727199937038e+04,1.499030577657325e+03,1.356437862750505e-07,0.000000000000000e+00,-1.000000000000000e+03,7.224847999580250e+03,3.451097008989537e-11,2.979468375732690e+05,5.431401466647365e-08,7.457104569666188e+08,0.000000000000000e+00,-5.761831338244592e-06,7.989508621792075e+10,7.989508621792075e+10,-6.867600096102655e+00,1.356437862750505e-07,1.000000000000000e+00,0.000000000000000e+00,-2.137673735323055e+01,1.619318646052106e-02,-3.452098706048313e+00,4.145211250707419e-09,1.000000000000000e+03,1.000000000000000e+00,
1.475742629691064e-06,0.000000000000000e+00,5.258843565299599e-06,1.179999662242621e+05,1.179999653551084e+05,1.500055288334393e+03,1.475742629691064e-06,0.000000000000000e+00,-1.000000000000000e+03,7.866664357007231e+04,2.518910193682580e-06,2.980486557589787e+05,3.213936048064090e-06,6.603567865358391e+08,0.000000000000000e+00,-3.977827186630106e-06,7.994970107976076e+10,7.994970107976077e+10,-5.830989377100495e+00,1.475742629691064e-06,1.000000000000000e+00,0.000000000000000e+00,9.579711441897876e-01,9.579711441897876e-01,-1.365954606008888e+01,5.258843565299599e-06,1.000000000000000e+03,1.000000000000000e+00,
1.629914609664442e-05,0.000000000000000e+00,7.063180959905951e-04,1.303113068522665e+06,1.303113053218635e+06,1.500038714822954e+03,1.629914609664442e-05,0.000000000000000e+00,-1.000000000000000e+03,8.687420354790901e+05,1.530403033894172e-02,2.980470092441841e+05,1.450033986723304e-04,5.750136478992707e+08,0.000000000000000e+00,-8.742153343443704e-07,7.994881774746249e+10,7.994881774746249e+10,-4.787835147450608e+00,1.629914609664442e-05,1.000000000000000e+00,0.000000000000000e+00,4.321805606826128e+01,4.321805606826128e+01,-2.682990277217499e+01,7.063180959905951e-04,1.000000000000000e+03,1.000000000000000e+00,
1.800082289829850e-04,0.000000000000000e+00,8.747893791577390e-03,1.439183652438802e+07,1.439183631182650e+07,1.500079492165031e+03,1.800082289829850e-04,0.000000000000000e+00,-1.000000000000000e+03,9.594557541217664e+06,2.125615207178993e-01,2.980510603003788e+05,1.630498754386860e-04,4.900301931337277e+08,0.000000000000000e+00,-5.029754765932559e-06,7.995099109156206e+10,7.995099109156206e+10,-3.744707640895507e+00,1.800082289829850e-04,1.000000000000000e+00,0.000000000000000e+00,4.859718825634506e+01,4.859718825634506e+01,-8.104451135881806e+01,8.747893791577390e-03,1.000000000000000e+03,1.000000000000000e+00,
7.506086956000001e-08,0.000000000000000e+00,-7.506086956000001e-08,5.911385403096220e+03,5.911385403058690e+03,1.477631380371471e+03,7.506086956000001e-08,0.000000000000000e+00,-1.000000000000000e+03,3.940923602039127e+03,3.753043478000000e-08,2.958125444446254e+05,3.380519247003046e-06,8.494022114698802e+08,0.000000000000000e+00,0.000000000000000e+00,7.875455530572311e+10,7.875455530572313e+10,-7.124586408708945e+00,7.506086956000001e-08,1.000000000000000e+00,0.000000000000000e+00,-1.000000000000000e+00,1.000000000000000e+00,-8.933757570577965e-01,7.506086956000001e-08,1.000000000000000e+03,1.000000000000000e+00,
7.506086956000001e-08,0.000000000000000e+00,-7.506086956074064e-08,5.911385403096220e+03,5.911385403058690e+03,1.477631380371471e+03,7.506086956000001e-08,0.000000000000000e+00,-1.000000000000000e+03,3.940923602039127e+03,3.753043478000000e-08,2.958125444446254e+05,3.380519247003046e-06,8.494022114698802e+08,0.000000000000000e+00,0.000000000000000e+00,7.875455530572311e+10,7.875455530572313e+10,-7.124586408708945e+00,7.506086956000001e-08,1.000000000000000e+00,0.000000000000000e+00,-1.000000000009856e+00,1.000000000000000e+00,-8.303787714639618e-01,7.506086956000001e-08,1.000000000000000e+03,1.000000000000000e+00,
7.506086956000259e-08,0.000000000000000e+00,-1.250078703186591e-07,5.911385403096569e+03,5.911385403059039e+03,1.477631380371507e+03,7.506086956000259e-08,0.000000000000000e+00,-1.000000000000000e+03,3.940923602039360e+03,1.040407196622792e-09,2.958125444446290e+05,4.232817773023367e-07,8.304306695522099e+08,0.000000000000000e+00,-7.978698668776468e-08,7.875455530572507e+10,7.875455530572507e+10,-7.124586408708930e+00,7.506086956000259e-08,1.000000000000000e+00,0.000000000000000e+00,-1.604668313862031e+00,1.261174196841787e-01,-8.743415021025299e-01,1.649902446827986e-08,1.000000000000000e+03,1.000000000000000e+00,
1.356437862750505e-07,0.000000000000000e+00,-9.495377544292014e-06,1.083727199937109e+04,1.083727199937038e+04,1.499030577657325e+03,1.356437862750505e-07,0.000000000000000e+00,-1.000000000000000e+03,7.224847999580250e+03,3.451097008989537e-11,2.979468375732690e+05,5.431401466647365e-08,7.457104569666188e+08,0.000000000000000e+00,-5.761831338244592e-06,7.989508621792075e+10,7.989508621792075e+10,-6.867600096102655e+00,1.356437862750505e-07,1.000000000000000e+00,0.000000000000000e+00,-2.137673735323055e+01,1.619318646052106e-02,-5.089523453833236e+00,4.145211250707419e-09,1.000000000000000e+03,1.000000000000000e+00,
1.475742629691064e-06,0.000000000000000e+00,5.258843565299599e-06,1.179999662242621e+05,1.179999653551084e+05,1.500055288334393e+03,1.475742629691064e-06,0.000000000000000e+00,-1.000000000000000e+03,7.866664357007231e+04,2.518910193682580e-06,2.980486557589787e+05,3.213936048064090e-06,6.603567865358391e+08,0.000000000000000e+00,-3.977827186630106e-06,7.994970107976076e+10,7.994970107976077e+10,-5.830989377100495e+00,1.475742629691064e-06,1.000000000000000e+00,0.000000000000000e+00,9.579711441897876e-01,9.579711441897876e-01,-1.931739775908876e+01,5.258843565299599e-06,1.000000000000000e+03,1.000000000000000e+00,
1.629914609664442e-05,0.000000000000000e+00,7.063180959905951e-04,1.303113068522665e+06,1.303113053218635e+06,1.500038714822954e+03,1.629914609664442e-05,0.000000000000000e+00,-1.000000000000000e+03,8.687420354790901e+05,1.530403033894172e-02,2.980470092441841e+05,1.450033986723304e-04,5.750136478992707e+08,0.000000000000000e+00,-8.742153343443704e-07,7.994881774746249e+10,7.994881774746249e+10,-4.787835147450608e+00,1.629914609664442e-05,1.000000000000000e+00,0.000000000000000e+00,4.321805606826128e+01,4.321805606826128e+01,-3.422199647701360e+01,7.063180959905951e-04,1.000000000000000e+03,1.000000000000000e+00,
1.800082289829850e-04,0.000000000000000e+00,8.747893791577390e-03,1.439183652438802e+07,1.439183631182650e+07,1.500079492165031e+03,1.800082289829850e-04,0.000000000000000e+00,-1.000000000000000e+03,9.594557541217664e+06,2.125615207178993e-01,2.980510603003788e+05,1.630498754386860e-04,4.900301931337277e+08,0.000000000000000e+00,-5.029754765932559e-06,7.995099109156206e+10,7.995099109156206e+10,-3.744707640895507e+00,1.800082289829850e-04,1.000000000000000e+00,0.000000000000000e+00,4.859718825634506e+01,4.859718825634506e+01,-9.542205536811161e+01,8.747893791577390e-03,1.000000000000000e+03,1.000000000000000e+00,
7.506086956000001e-08,0.000000000000000e+00,-7.506086956000001e-08,5.911385403096220e+03,5.911385403058690e+03,1.477631380371471e+03,7.506086956000001e-08,0.000000000000000e+00,-1.000000000000000e+03,3.940923602039127e+03,3.753043478000000e-08,2.958125444446254e+05,3.380519247003046e-06,8.494022114698802e+08,0.000000000000000e+00,0.000000000000000e+00,7.875455530572311e+10,7.875455530572313e+10,-7.124586408708945e+00,7.506086956000001e-08,1.000000000000000e+00,0.000000000000000e+00,-1.000000000000000e+00,1.000000000000000e+00,-9.695818671236756e-01,7.506086956000001e-08,1.000000000000000e+03,1.000000000000000e+00,
7.506086956000001e-08,0.000000000000000e+00,-7.506086956074064e-08,5.911385403096220e+03,5.911385403058690e+03,1.477631380371471e+03,7.506086956000001e-08,0.000000000000000e+00,-1.000000000000000e+03,3.940923602039127e+03,3.753043478000000e-08,2.958125444446254e+05,3.380519247003046e-06,8.494022114698802e+08,0.000000000000000e+00,0.000000000000000e+00,7.875455530572311e+10,7.875455530572313e+10,-7.124586408708945e+00,7.506086956000001e-08,1.000000000000000e+00,0.000000000000000e+00,-1.000000000009856e+00,1.000000000000000e+00,-9.476888979140440e-01,7.506086956000001e-08,1.000000000000000e+03,1.000000000000000e+00,
7.506086956000259e-08,0.000000000000000e+00,-1.250078703186591e-07,5.911385403096569e+03,5.911385403059039e+03,1.477631380371507e+03,7.506086956000259e-08,0.000000000000000e+00,-1.000000000000000e+03,3.940923602039360e+03,1.040407196622792e-09,2.958125444446290e+05,4.232817773023367e-07,8.304306695522099e+08,0.000000000000000e+00,-7.978698668776468e-08,7.875455530572507e+10,7.875455530572507e+10,-7.124586408708930e+00,7.506086956000259e-08,1.000000000000000e+00,0.000000000000000e+00,-1.604668313862031e+00,1.261174196841787e-01,-1.269917185979557e+00,1.649902446827986e-08,1.000000000000000e+03,1.000000000000000e+00,
1.356437862750505e-07,0.000000000000000e+00,-9.495377544292014e-06,1.083727199937109e+04,1.083727199937038e+04,1.499030577657325e+03,1.356437862750505e-07,0.000000000000000e+00,-1.000000000000000e+03,7.224847999580250e+03,3.451097008989537e-11,2.979468375732690e+05,5.431401466647365e-08,7.457104569666188e+08,0.000000000000000e+00,-5.761831338244592e-06,7.989508621792075e+10,7.989508621792075e+10,-6.867600096102655e+00,1.356437862750505e-07,1.000000000000000e+00,0.000000000000000e+00,-2.137673735323055e+01,1.619318646052106e-02,-9.380866917467943e+00,4.145211250707419e-09,1.000000000000000e+03,1.000000000000000e+00,
1.475742629691064e-06,0.000000000000000e+00,5.258843565299599e-06,1.179999662242621e+05,1.179999653551084e+05,1.500055288334393e+03,1.475742629691064e-06,0.000000000000000e+00,-1.000000000000000e+03,7.866664357007231e+04,2.518910193682580e-06,2.980486557589787e+05,3.213936048064090e-06,6.603567865358391e+08,0.000000000000000e+00,-3.977827186630106e-06,7.994970107976076e+10,7.994970107976077e+10,-5.830989377100495e+00,1.475742629691064e-06,1.000000000000000e+00,0.000000000000000e+00,9.579711441897876e-01,9.579711441897876e-01,-3.060745514508002e+01,5.258843565299599e-06,1.000000000000000e+03,1.000000000000000e+00,
1.629914609664442e-05,0.000000000000000e+00,7.063180959905951e-04,1.303113068522665e+06,1.303113053218635e+06,1.500038714822954e+03,1.629914609664442e-05,0.000000000000000e+00,-1.000000000000000e+03,8.687420354790901e+05,1.530403033894172e-02,2.980470092441841e+05,1.450033986723304e-04,5.750136478992707e+08,0.000000000000000e+00,-8.742153343443704e-07,7.994881774746249e+10,7.994881774746249e+10,-4.787835147450608e+00,1.629914609664442e-05,1.000000000000000e+00,0.000000000000000e+00,4.321805606826128e+01,4.321805606826128e+01,-4.335537795542253e+01,7.063180959905951e-04,1.000000000000000e+03,1.000000000000000e+00,
1.800082289829850e-04,0.000000000000000e+00,8.747893791577390e-03,1.439183652438802e+07,1.439183631182650e+07,1.500079492165031e+03,1.800082289829850e-04,0.000000000000000e+00,-1.000000000000000e+03,9.594557541217664e+06,2.125615207178993e-01,2.980510603003788e+05,1.630498754386860e-04,4.900301931337277e+08,0.000000000000000e+00,-5.029754765932559e-06,7.995099109156206e+10,7.995099109156206e+10,-3.744707640895507e+00,1.800082289829850e-04,1.000000000000000e+00,0.000000000000000e+00,4.859718825634506e+01,4.859718825634506e+01,-1.089026184148100e+02,8.747893791577390e-03,1.000000000000000e+03,1.000000000000000e+00,
7.506086956000001e-08,0.000000000000000e+00,-7.506086956000001e-08,5.911385403096220e+03,5.911385403058690e+03,1.477631380371471e+03,7.506086956000001e-08,0.000000000000000e+00,-1.000000000000000e+03,3.940923602039127e+03,3.753043478000000e-08,2.958125444446254e+05,3.380519247003046e-06,8.494022114698802e+08,0.000000000000000e+00,0.000000000000000e+00,7.875455530572311e+10,7.875455530572313e+10,-7.124586408708945e+00,7.506086956000001e-08,1.000000000000000e+00,0.000000000000000e+00,-1.000000000000000e+00,1.000000000000000e+00,-9.999980851844016e-01,7.506086956000001e-08,1.000000000000000e+03,1.000000000000000e+00,
7.506086956000001e-08,0.000000000000000e+00,-7.506086956074064e-08,5.911385403096220e+03,5.911385403058690e+03,1.477631380371471e+03,7.506086956000001e-08,0.000000000000000e+00,-1.000000000000000e+03,3.940923602039127e+03,3.753043478000000e-08,2.958125444446254e+05,3.380519247003046e-06,8.494022114698802e+08,0.000000000000000e+00,0.000000000000000e+00,7.875455530572311e+10,7.875455530572313e+10,-7.124586408708945e+00,7.506086956000001e-08,1.000000000000000e+00,0.000000000000000e+00,-1.000000000009856e+00,1.000000000000000e+00,-9.999965914455510e-01,7.506086956000001e-08,1.000000000000000e+03,1.000000000000000e+00,
7.506086956000259e-08,0.000000000000000e+00,-1.250078703186591e-07,5.911385403096569e+03,5.911385403059039e+03,1.477631380371507e+03,7.506086956000259e-08,0.000000000000000e+00,-1.000000000000000e+03,3.940923602039360e+03,1.040407196622792e-09,2.958125444446290e+05,4.232817773023367e-07,8.304306695522099e+08,0.000000000000000e+00,-7.978698668776468e-08,7.875455530572507e+10,7.875455530572507e+10,-7.124586408708930e+00,7.506086956000259e-08,1.000000000000000e+00,0.000000000000000e+00,-1.604668313862031e+00,1.261174196841787e-01,-1.604639545796452e+00,1.649902446827986e-08,1.000000000000000e+03,1.000000000000000e+00,
1.356437862750505e-07,0.000000000000000e+00,-9.495377544292014e-06,1.083727199937109e+04,1.083727199937038e+04,1.499030577657325e+03,1.356437862750505e-07,0.000000000000000e+00,-1.000000000000000e+03,7.224847999580250e+03,3.451097008989537e-11,2.979468375732690e+05,5.431401466647365e-08,7.457104569666188e+08,0.000000000000000e+00,-5.761831338244592e-06,7.989508621792075e+10,7.989508621792075e+10,-6.867600096102655e+00,1.356437862750505e-07,1.000000000000000e+00,0.000000000000000e+00,-2.137673735323055e+01,1.619318646052106e-02,-2.137404489936846e+01,4.145211250707419e-09,1.000000000000000e+03,1.000000000000000e+00,
1.475742629691064e-06,0.000000000000000e+00,5.258843565299599e-06,1.179999662242621e+05,1.179999653551084e+05,1.500055288334393e+03,1.475742629691064e-06,0.000000000000000e+00,-1.000000000000000e+03,7.866664357007231e+04,2.518910193682580e-06,2.980486557589787e+05,3.213936048064090e-06,6.603567865358391e+08,0.000000000000000e+00,-3.977827186630106e-06,7.994970107976076e+10,7.994970107976077e+10,-5.830989377100495e+00,1.475742629691064e-06,1.000000000000000e+00,0.000000000000000e+00,9.579711441897876e-01,9.579711441897876e-01,-4.398209137283333e+01,5.258843565299599e-06,1.000000000000000e+03,1.000000000000000e+00,
1.629914609664442e-05,0.000000000000000e+00,7.063180959905951e-04,1.303113068522665e+06,1.303113053218635e+06,1.500038714822954e+03,1.629914609664442e-05,0.000000000000000e+00,-1.000000000000000e+03,8.687420354790901e+05,1.530403033894172e-02,2.980470092441841e+05,1.450033986723304e-04,5.750136478992707e+08,0.000000000000000e+00,-8.742153343443704e-07,7.994881774746249e+10,7.994881774746249e+10,-4.787835147450608e+00,1.629914609664442e-05,1.000000000000000e+00,0.000000000000000e+00,4.321805606826128e+01,4.321805606826128e+01,-4.858700162272061e+01,7.063180959905951e-04,1.000000000000000e+03,1.000000000000000e+00,
1.800082289829850e-04,0.000000000000000e+00,8.747893791577390e-03,1.439183652438802e+07,1.439183631182650e+07,1.500079492165031e+03,1.800082289829850e-04,0.000000000000000e+00,-1.000000000000000e+03,9.594557541217664e+06,2.125615207178993e-01,2.980510603003788e+05,1.630498754386860e-04,4.900301931337277e+08,0.000000000000000e+00,-5.029754765932559e-06,7.995099109156206e+10,7.995099109156206e+10,-3.744707640895507e+00,1.800082289829850e-04,1.000000000000000e+00,0.000000000000000e+00,4.859718825634506e+01,4.859718825634506e+01,-1.149134989910824e+02,8.747893791577390e-03,1.000000000000000e+03,1.000000000000000e+00,
7.506086956000001e-08,0.000000000000000e+00,-7.506086956000001e-08,5.911385403096220e+03,5.911385403058690e+03,1.477631380371471e+03,7.506086956000001e-08,0.000000000000000e+00,-1.000000000000000e+03,3.940923602039127e+03,3.753043478000000e-08,2.958125444446254e+05,3.380519247003046e-06,8.494022114698802e+08,0.000000000000000e+00,0.000000000000000e+00,7.875455530572311e+10,7.875455530572313e+10,-7.124586408708945e+00,7.506086956000001e-08,1.000000000000000e+00,0.000000000000000e+00,-1.000000000000000e+00,1.000000000000000e+00,-9.999980851844016e-01,7.506086956000001e-08,1.000000000000000e+03,1.000000000000000e+00,
7.506086956000001e-08,0.000000000000000e+00,-7.506086956074064e-08,5.911385403096220e+03,5.911385403058690e+03,1.477631380371471e+03,7.506086956000001e-08,0.000000000000000e+00,-1.000000000000000e+03,3.940923602039127e+03,3.753043478000000e-08,2.958125444446254e+05,3.380519247003046e-06,8.494022114698802e+08,0.000000000000000e+00,0.000000000000000e+00,7.875455530572311e+10,7.875455530572313e+10,-7.124586408708945e+00,7.506086956000001e-08,1.000000000000000e+00,0.000000000000000e+00,-1.000000000009856e+00,1.000000000000000e+00,-9.999965914455510e-01,7.506086956000001e-08,1.000000000000000e+03,1.000000000000000e+00,
7.506086956000259e-08,0.000000000000000e+00,-1.250078703186591e-07,5.911385403096569e+03,5.911385403059039e+03,1.477631380371507e+03,7.506086956000259e-08,0.000000000000000e+00,-1.000000000000000e+03,3.940923602039360e+03,1.040407196622792e-09,2.958125444446290e+05,4.232817773023367e-07,8.304306695522099e+08,0.000000000000000e+00,-7.978698668776468e-08,7.875455530572507e+10,7.875455530572507e+10,-7.124586408708930e+00,7.506086956000259e-08,1.000000000000000e+00,0.000000000000000e+00,-1.604668313862031e+00,1.261174196841787e-01,-1.604639545796452e+00,1.649902446827986e-08,1.000000000000000e+03,1.000000000000000e+00,
1.356437862750505e-07,0.000000000000000e+00,-9.495377544292014e-06,1.083727199937109e+04,1.083727199937038e+04,1.499030577657325e+03,1.356437862750505e-07,0.000000000000000e+00,-1.000000000000000e+03,7.224847999580250e+03,3.451097008989537e-11,2.979468375732690e+05,5.431401466647365e-08,7.457104569666188e+08,0.000000000000000e+00,-5.761831338244592e-06,7.989508621792075e+10,7.989508621792075e+10,-6.867600096102655e+00,1.356437862750505e-07,1.000000000000000e+00,0.000000000000000e+00,-2.137673735323055e+01,1.619318646052106e-02,-2.137404489936846e+01,4.145211250707419e-09,1.000000000000000e+03,1.000000000000000e+00,
1.475742629691064e-06,0.000000000000000e+00,5.258843565299599e-06,1.179999662242621e+05,1.179999653551084e+05,1.500055288334393e+03,1.475742629691064e-06,0.000000000000000e+00,-1.000000000000000e+03,7.866664357007231e+04,2.518910193682580e-06,2.980486557589787e+05,3.213936048064090e-06,6.603567865358391e+08,0.000000000000000e+00,-3.977827186630106e-06,7.994970107976076e+10,7.994970107976077e+10,-5.830989377100495e+00,1.475742629691064e-06,1.000000000000000e+00,0.000000000000000e+00,9.579711441897876e-01,9.579711441897876e-01,-4.398209137283333e+01,5.258843565299599e-06,1.000000000000000e+03,1.000000000000000e+00,
1.629914609664442e-05,0.000000000000000e+00,7.063180959905951e-04,1.303113068522665e+06,1.303113053218635e+06,1.500038714822954e+03,1.629914609664442e-05,0.000000000000000e+00,-1.000000000000000e+03,8.687420354790901e+05,1.530403033894172e-02,2.980470092441841e+05,1.450033986723304e-04,5.750136478992707e+08,0.000000000000000e+00,-8.742153343443704e-07,7.994881774746249e+10,7.994881774746249e+10,-4.787835147450608e+00,1.629914609664442e-05,1.000000000000000e+00,0.000000000000000e+00,4.321805606826128e+01,4.321805606826128e+01,-4.858700162272061e+01,7.063180959905951e-04,1.000000000000000e+03,1.000000000000000e+00,
1.800082289829850e-04,0.000000000000000e+00,8.747893791577390e-03,1.439183652438802e+07,1.439183631182650e+07,1.500079492165031e+03,1.800082289829850e-04,0.000000000000000e+00,-1.000000000000000e+03,9.594557541217664e+06,2.125615207178993e-01,2.980510603003788e+05,1.630498754386860e-04,4.900301931337277e+08,0.000000000000000e+00,-5.029754765932559e-06,7.995099109156206e+10,7.995099109156206e+10,-3.744707640895507e+00,1.800082289829850e-04,1.000000000000000e+00,0.000000000000000e+00,4.859718825634506e+01,4.859718825634506e+01,-1.149134989910824e+02,8.747893791577390e-03,1.000000000000000e+03,1.000000000000000e+00,
7.506086956000001e-08,0.000000000000000e+00,-7.506086956000001e-08,5.911385403096220e+03,5.911385403058690e+03,1.477631380371471e+03,7.506086956000001e-08,0.000000000000000e+00,-1.000000000000000e+03,3.940923602039127e+03,3.753043478000000e-08,2.958125444446254e+05,3.380519247003046e-06,8.494022114698802e+08,0.000000000000000e+00,0.000000000000000e+00,7.875455530572311e+10,7.875455530572313e+10,-7.124586408708945e+00,7.506086956000001e-08,1.000000000000000e+00,0.000000000000000e+00,-1.000000000000000e+00,1.000000000000000e+00,-9.695818671236756e-01,7.506086956000001e-08,1.000000000000000e+03,1.000000000000000e+00,
7.506086956000001e-08,0.000000000000000e+00,-7.506086956074064e-08,5.911385403096220e+03,5.911385403058690e+03,1.477631380371471e+03,7.506086956000001e-08,0.000000000000000e+00,-1.000000000000000e+03,3.940923602039127e+03,3.753043478000000e-08,2.958125444446254e+05,3.380519247003046e-06,8.494022114698802e+08,0.000000000000000e+00,0.000000000000000e+00,7.875455530572311e+10,7.875455530572313e+10,-7.124586408708945e+00,7.506086956000001e-08,1.000000000000000e+00,0.000000000000000e+00,-1.000000000009856e+00,1.000000000000000e+00,-9.476888979140440e-01,7.506086956000001e-08,1.000000000000000e+03,1.000000000000000e+00,
7.506086956000259e-08,0.000000000000000e+00,-1.250078703186591e-07,5.911385403096569e+03,5.911385403059039e+03,1.477631380371507e+03,7.506086956000259e-08,0.000000000000000e+00,-1.000000000000000e+03,3.940923602039360e+03,1.040407196622792e-09,2.958125444446290e+05,4.232817773023367e-07,8.304306695522099e+08,0.000000000000000e+00,-7.978698668776468e-08,7.875455530572507e+10,7.875455530572507e+10,-7.124586408708930e+00,7.506086956000259e-08,1.000000000000000e+00,0.000000000000000e+00,-1.604668313862031e+00,1.261174196841787e-01,-1.269917185979557e+00,1.649902446827986e-08,1.000000000000000e+03,1.000000000000000e+00,
1.356437862750505e-07,0.000000000000000e+00,-9.495377544292014e-06,1.083727199937109e+04,1.083727199937038e+04,1.499030577657325e+03,1.356437862750505e-07,0.000000000000000e+00,-1.000000000000000e+03,7.224847999580250e+03,3.451097008989537e-11,2.979468375732690e+05,5.431401466647365e-08,7.457104569666188e+08,0.000000000000000e+00,-5.761831338244592e-06,7.989508621792075e+10,7.989508621792075e+10,-6.867600096102655e+00,1.356437862750505e-07,1.000000000000000e+00,0.000000000000000e+00,-2.137673735323055e+01,1.619318646052106e-02,-9.380866917467943e+00,4.145211250707419e-09,1.000000000000000e+03,1.000000000000000e+00,
1.475742629691064e-06,0.000000000000000e+00,5.258843565299599e-06,1.179999662242621e+05,1.179999653551084e+05,1.500055288334393e+03,1.475742629691064e-06,0.000000000000000e+00,-1.000000000000000e+03,7.866664357007231e+04,2.518910193682580e-06,2.980486557589787e+05,3.213936048064090e-06,6.603567865358391e+08,0.000000000000000e+00,-3.977827186630106e-06,7.994970107976076e+10,7.994970107976077e+10,-5.830989377100495e+00,1.475742629691064e-06,1.000000000000000e+00,0.000000000000000e+00,9.579711441897876e-01,9.579711441897876e-01,-3.060745514508002e+01,5.258843565299599e-06,1.000000000000000e+03,1.000000000000000e+00,
1.629914609664442e-05,0.000000000000000e+00,7.063180959905951e-04,1.303113068522665e+06,1.303113053218635e+06,1.500038714822954e+03,1.629914609664442e-05,0.000000000000000e+00,-1.000000000000000e+03,8.687420354790901e+05,1.530403033894172e-02,2.980470092441841e+05,1.450033986723304e-04,5.750136478992707e+08,0.000000000000000e+00,-8.742153343443704e-07,7.994881774746249e+10,7.994881774746249e+10,-4.787835147450608e+00,1.629914609664442e-05,1.000000000000000e+00,0.000000000000000e+00,4.321805606826128e+01,4.321805606826128e+01,-4.335537795542253e+01,7.063180959905951e-04,1.000000000000000e+03,1.000000000000000e+00,
1.800082289829850e-04,0.000000000000000e+00,8.747893791577390e-03,1.439183652438802e+07,1.439183631182650e+07,1.500079492165031e+03,1.800082289829850e-04,0.000000000000000e+00,-1.000000000000000e+03,9.594557541217664e+06,2.125615207178993e-01,2.980510603003788e+05,1.630498754386860e-04,4.900301931337277e+08,0.000000000000000e+00,-5.029754765932559e-06,7.995099109156206e+10,7.995099109156206e+10,-3.744707640895507e+00,1.800082289829850e-04,1.000000000000000e+00,0.000000000000000e+00,4.859718825634506e+01,4.859718825634506e+01,-1.089026184148100e+02,8.747893791577390e-03,1.000000000000000e+03,1.000000000000000e+00,
7.506086956000001e-08,0.000000000000000e+00,-7.506086956000001e-08,5.911385403096220e+03,5.911385403058690e+03,1.477631380371471e+03,7.506086956000001e-08,0.000000000000000e+00,-1.000000000000000e+03,3.940923602039127e+03,3.753043478000000e-08,2.958125444446254e+05,3.380519247003046e-06,8.494022114698802e+08,0.000000000000000e+00,0.000000000000000e+00,7.875455530572311e+10,7.875455530572313e+10,-7.124586408708945e+00,7.506086956000001e-08,1.000000000000000e+00,0.000000000000000e+00,-1.000000000000000e+00,1.000000000000000e+00,-8.933757570577965e-01,7.506086956000001e-08,1.000000000000000e+03,1.000000000000000e+00,
7.506086956000001e-08,0.000000000000000e+00,-7.506086956074064e-08,5.911385403096220e+03,5.911385403058690e+03,1.477631380371471e+03,7.506086956000001e-08,0.000000000000000e+00,-1.000000000000000e+03,3.940923602039127e+03,3.753043478000000e-08,2.958125444446254e+05,3.380519247003046e-06,8.494022114698802e+08,0.000000000000000e+00,0.000000000000000e+00,7.875455530572311e+10,7.875455530572313e+10,-7.124586408708945e+00,7.506086956000001e-08,1.000000000000000e+00,0.000000000000000e+00,-1.000000000009856e+00,1.000000000000000e+00,-8.303787714639618e-01,7.506086956000001e-08,1.000000000000000e+03,1.000000000000000e+00,
7.506086956000259e-08,0.000000000000000e+00,-1.250078703186591e-07,5.911385403096569e+03,5.911385403059039e+03,1.477631380371507e+03,7.506086956000259e-08,0.000000000000000e+00,-1.000000000000000e+03,3.940923602039360e+03,1.040407196622792e-09,2.958125444446290e+05,4.232817773023367e-07,8.304306695522099e+08,0.000000000000000e+00,-7.978698668776468e-08,7.875455530572507e+10,7.875455530572507e+10,-7.124586408708930e+00,7.506086956000259e-08,1.000000000000000e+00,0.000000000000000e+00,-1.604668313862031e+00,1.261174196841787e-01,-8.743415021025299e-01,1.649902446827986e-08,1.000000000000000e+03,1.000000000000000e+00,
1.356437862750505e-07,0.000000000000000e+00,-9.495377544292014e-06,1.083727199937109e+04,1.083727199937038e+04,1.499030577657325e+03,1.356437862750505e-07,0.000000000000000e+00,-1.000000000000000e+03,7.224847999580250e+03,3.451097008989537e-11,2.979468375732690e+05,5.431401466647365e-08,7.457104569666188e+08,0.000000000000000e+00,-5.761831338244592e-06,7.989508621792075e+10,7.989508621792075e+10,-6.867600096102655e+00,1.356437862750505e-07,1.000000000000000e+00,0.000000000000000e+00,-2.137673735323055e+01,1.619318646052106e-02,-5.089523453833236e+00,4.145211250707419e-09,1.000000000000000e+03,1.000000000000000e+00,
1.475742629691064e-06,0.000000000000000e+00,5.258843565299599e-06,1.179999662242621e+05,1.179999653551084e+05,1.500055288334393e+03,1.475742629691064e-06,0.000000000000000e+00,-1.000000000000000e+03,7.866664357007231e+04,2.518910193682580e-06,2.980486557589787e+05,3.213936048064090e-06,6.603567865358391e+08,0.000000000000000e+00,-3.977827186630106e-06,7.994970107976076e+10,7.994970107976077e+10,-5.830989377100495e+00,1.475742629691064e-06,1.000000000000000e+00,0.000000000000000e+00,9.579711441897876e-01,9.579711441897876e-01,-1.931739775908876e+01,5.258843565299599e-06,1.000000000000000e+03,1.000000000000000e+00,
1.629914609664442e-05,0.000000000000000e+00,7.063180959905951e-04,1.303113068522665e+06,1.303113053218635e+06,1.500038714822954e+03,1.629914609664442e-05,0.000000000000000e+00,-1.000000000000000e+03,8.687420354790901e+05,1.530403033894172e-02,2.980470092441841e+05,1.450033986723304e-04,5.750136478992707e+08,0.000000000000000e+00,-8.742153343443704e-07,7.994881774746249e+10,7.994881774746249e+10,-4.787835147450608e+00,1.629914609664442e-05,1.000000000000000e+00,0.000000000000000e+00,4.321805606826128e+01,4.321805606826128e+01,-3.422199647701360e+01,7.063180959905951e-04,1.000000000000000e+03,1.000000000000000e+00,
1.800082289829850e-04,0.000000000000000e+00,8.747893791577390e-03,1.439183652438802e+07,1.439183631182650e+07,1.500079492165031e+03,1.800082289829850e-04,0.000000000000000e+00,-1.000000000000000e+03,9.594557541217664e+06,2.125615207178993e-01,2.980510603003788e+05,1.630498754386860e-04,4.900301931337277e+08,0.000000000000000e+00,-5.029754765932559e-06,7.995099109156206e+10,7.995099109156206e+10,-3.744707640895507e+00,1.800082289829850e-04,1.000000000000000e+00,0.000000000000000e+00,4.859718825634506e+01,4.859718825634506e+01,-9.542205536811161e+01,8.747893791577390e-03,1.000000000000000e+03,1.000000000000000e+00,

64,28
1.503963542074559e-02,0.000000000000000e+00,4.827672599905950e+00,1.480321746220236e+09,1.480320971386868e+09,1.846753816637849e+03,1.503963542074559e-02,0.000000000000000e+00,-1.000000000000000e+03,9.868806475912457e+08,7.748333679596359e+02,3.307029255309627e+05,9.714603420602581e-04,4.887246567694625e+08,2.500000000000000e-07,7.970155290375185e-05,9.842798245926373e+10,9.842798245926372e+10,-1.822762691448998e+00,1.503963542074559e-02,1.000000000000000e+00,0.000000000000000e+00,3.209966508394668e+02,3.209966508394668e+02,-7.385438480679700e+01,4.827672599905950e+00,1.000000000000000e+03,1.000000000000000e+00,
1.503963542074559e-02,0.000000000000000e+00,4.827672599905950e+00,1.480321746220236e+09,1.480320971386868e+09,1.846753816637849e+03,1.503963542074559e-02,0.000000000000000e+00,-1.000000000000000e+03,9.868806475912457e+08,7.748333679596359e+02,3.307029255309627e+05,9.714603420602581e-04,4.887246567694625e+08,2.500000000000000e-07,7.970155290375185e-05,9.842798245926373e+10,9.842798245926372e+10,-1.822762691448998e+00,1.503963542074559e-02,1.000000000000000e+00,0.000000000000000e+00,3.209966508394668e+02,3.209966508394668e+02,-7.385438480679700e+01,4.827672599905950e+00,1.000000000000000e+03,1.000000000000000e+00,
1.503963542074559e-02,0.000000000000000e+00,4.827672599905950e+00,1.480321746220236e+09,1.480320971386868e+09,1.846753816637849e+03,1.503963542074559e-02,0.000000000000000e+00,-1.000000000000000e+03,9.868806475912457e+08,7.748333679596359e+02,3.307029255309627e+05,9.714603420602581e-04,4.887246567694625e+08,2.500000000000000e-07,7.970155290375185e-05,9.842798245926373e+10,9.842798245926372e+10,-1.822762691448998e+00,1.503963542074559e-02,1.000000000000000e+00,0.000000000000000e+00,3.209966508394668e+02,3.209966508394668e+02,-8.701094102016485e+01,4.827672599905950e+00,1.000000000000000e+03,1.000000000000000e+00,
1.503963542074559e-02,0.000000000000000e+00,4.827672599905950e+00,1.480321746220236e+09,1.480320971386868e+09,1.846753816637849e+03,1.503963542074559e-02,0.000000000000000e+00,-1.000000000000000e+03,9.868806475912457e+08,7.748333679596359e+02,3.307029255309627e+05,9.714603420602581e-04,4.887246567694625e+08,2.500000000000000e-07,7.970155290375185e-05,9.842798245926373e+10,9.842798245926372e+10,-1.822762691448998e+00,1.503963542074559e-02,1.000000000000000e+00,0.000000000000000e+00,3.209966508394668e+02,3.209966508394668e+02,-1.023238895999753e+02,4.827672599905950e+00,1.000000000000000e+03,1.000000000000000e+00,
1.503963542074559e-02,0.000000000000000e+00,4.827672599905950e+00,1.480321746220236e+09,1.480320971386868e+09,1.846753816637849e+03,1.503963542074559e-02,0.000000000000000e+00,-1.000000000000000e+03,9.868806475912457e+08,7.748333679596359e+02,3.307029255309627e+05,9.714603420602581e-04,4.887246567694625e+08,2.500000000000000e-07,7.970155290375185e-05,9.842798245926373e+10,9.842798245926372e+10,-1.822762691448998e+00,1.503963542074559e-02,1.000000000000000e+00,0.000000000000000e+00,3.209966508394668e+02,3.209966508394668e+02,-1.165551375518237e+02,4.827672599905950e+00,1.000000000000000e+03,1.000000000000000e+00,
1.503963542074559e-02,0.000000000000000e+00,4.827672599905950e+00,1.480321746220236e+09,1.480320971386868e+09,1.846753816637849e+03,1.503963542074559e-02,0.000000000000000e+00,-1.000000000000000e+03,9.868806475912457e+08,7.748333679596359e+02,3.307029255309627e+05,9.714603420602581e-04,4.887246567694625e+08,2.500000000000000e-07,7.970155290375185e-05,9.842798245926373e+10,9.842798245926372e+10,-1.822762691448998e+00,1.503963542074559e-02,1.000000000000000e+00,0.000000000000000e+00,3.209966508394668e+02,3.209966508394668e+02,-1.165551375518237e+02,4.827672599905950e+00,1.000000000000000e+03,1.000000000000000e+00,
1.503963542074559e-02,0.000000000000000e+00,4.827672599905950e+00,1.480321746220236e+09,1.480320971386868e+09,1.846753816637849e+03,1.503963542074559e-02,0.000000000000000e+00,-1.000000000000000e+03,9.868806475912457e+08,7.748333679596359e+02,3.307029255309627e+05,9.714603420602581e-04,4.887246567694625e+08,2.500000000000000e-07,7.970155290375185e-05,9.842798245926373e+10,9.842798245926372e+10,-1.822762691448998e+00,1.503963542074559e-02,1.000000000000000e+00,0.000000000000000e+00,3.209966508394668e+02,3.209966508394668e+02,-1.023238895999753e+02,4.827672599905950e+00,1.000000000000000e+03,1.000000000000000e+00,
1.503963542074559e-02,0.000000000000000e+00,4.827672599905950e+00,1.480321746220236e+09,1.480320971386868e+09,1.846753816637849e+03,1.503963542074559e-02,0.000000000000000e+00,-1.000000000000000e+03,9.868806475912457e+08,7.748333679596359e+02,3.307029255309627e+05,9.714603420602581e-04,4.887246567694625e+08,2.500000000000000e-07,7.970155290375185e-05,9.842798245926373e+10,9.842798245926372e+10,-1.822762691448998e+00,1.503963542074559e-02,1.000000000000000e+00,0.000000000000000e+00,3.209966508394668e+02,3.209966508394668e+02,-8.701094102016485e+01,4.827672599905950e+00,1.000000000000000e+03,1.000000000000000e+00,
7.506086956000001e-08,0.000000000000000e+00,-7.506086956000001e-08,5.911385403096220e+03,5.911385403058690e+03,1.477631380371471e+03,7.506086956000001e-08,0.000000000000000e+00,-1.000000000000000e+03,3.940923602039127e+03,3.753043478000000e-08,2.958125444446254e+05,3.380519247003046e-06,8.494022114698802e+08,0.000000000000000e+00,0.000000000000000e+00,7.875455530572311e+10,7.875455530572313e+10,-7.124586408708945e+00,7.506086956000001e-08,1.000000000000000e+00,0.000000000000000e+00,-1.000000000000000e+00,1.000000000000000e+00,-6.017491064156733e-01,7.506086956000001e-08,1.000000000000000e+03,1.000000000000000e+00,
7.506086956000084e-08,0.000000000000000e+00,-7.506086956000001e-08,5.911385403096329e+03,5.911385403058799e+03,1.477631380371482e+03,7.506086956000084e-08,0.000000000000000e+00,-1.000000000000000e+03,3.940923602039200e+03,3.753043478074022e-08,2.958125444446265e+05,3.380519247036352e-06,8.494022114698802e+08,0.000000000000000e+00,6.307787625559058e-18,7.875455530572371e+10,7.875455530572371e+10,-7.124586408708939e+00,7.506086956000084e-08,1.000000000000000e+00,0.000000000000000e+00,-1.000000000000000e+00,1.000000000009856e+00,-4.493103122624592e-01,7.506086956074064e-08,1.000000000000000e+03,1.000000000000000e+00,
1.308227246449893e-07,0.000000000000000e+00,-1.649902446827986e-08,1.045241654150492e+04,1.045241654150388e+04,1.557383258764829e+03,1.308227246449893e-07,0.000000000000000e+00,-1.000000000000000e+03,6.968277694335923e+03,1.002703023099891e-07,3.036905549671534e+05,5.361666259811679e-06,8.499721942878306e+08,0.000000000000000e+00,2.912421091048240e-08,8.300515785863185e+10,8.300515785863185e+10,-6.883316810058345e+00,1.308227246449893e-07,1.000000000000000e+00,0.000000000000000e+00,-1.261174196841787e-01,1.604668313862031e+00,-3.086941303286222e-02,1.250078703186591e-07,1.000000000000000e+03,1.000000000000000e+00,
1.421327827831824e-06,0.000000000000000e+00,4.237782367409181e-05,1.136485349772429e+05,1.136485343613836e+05,1.503622047844505e+03,1.421327827831824e-06,0.000000000000000e+00,-1.000000000000000e+03,7.576568957425574e+04,7.912776133821238e-04,2.984027882725883e+05,1.252868523187574e-04,8.291431529403017e+08,0.000000000000000e+00,3.457572418251010e-06,8.013980164396962e+10,8.013980164396964e+10,-5.847305740933949e+00,1.421327827831824e-06,1.000000000000000e+00,0.000000000000000e+00,3.734394760181518e+01,3.734394760181518e+01,3.358549286464782e+00,4.237782367409181e-05,1.000000000000000e+03,1.000000000000000e+00,
1.569875536721976e-05,0.000000000000000e+00,6.845227825004409e-04,1.255111865035001e+06,1.255111850111160e+06,1.500254269069096e+03,1.569875536721976e-05,0.000000000000000e+00,-1.000000000000000e+03,8.367412334074402e+05,1.492384041923986e-02,2.980684230216838e+05,1.475715388322605e-04,7.443757361227533e+08,0.000000000000000e+00,4.322138671840473e-06,7.996030632237010e+10,7.996030632237010e+10,-4.804134778073275e+00,1.569875536721976e-05,1.000000000000000e+00,0.000000000000000e+00,4.398349877723915e+01,4.398349877723915e+01,-6.716394984004663e-02,6.845227825004409e-04,1.000000000000000e+03,1.000000000000000e+00,
1.733782191475289e-04,0.000000000000000e+00,8.423992589347808e-03,1.386172992806300e+07,1.386172972341316e+07,1.500076166532204e+03,1.733782191475289e-04,0.000000000000000e+00,-1.000000000000000e+03,9.241153148942105e+06,2.046498444103964e-01,2.980507299149077e+05,1.630171321426685e-04,6.590232331975933e+08,0.000000000000000e+00,5.399250390402787e-07,7.995081384252831e+10,7.995081384252831e+10,-3.761005462212651e+00,1.733782191475289e-04,1.000000000000000e+00,0.000000000000000e+00,4.858737522375731e+01,4.858737522375731e+01,-1.060690735437588e+01,8.423992589347808e-03,1.000000000000000e+03,1.000000000000000e+00,
1.905583774719190e-03,0.000000000000000e+00,2.189780455722082e-01,1.528939536555739e+08,1.528939410737643e+08,1.505402563149416e+03,1.905583774719190e-03,0.000000000000000e+00,-1.000000000000000e+03,1.019292940491762e+08,1.258180959524864e+01,2.985794129560834e+05,3.848687675537694e-04,5.736803565140845e+08,0.000000000000000e+00,2.851662055008575e-08,8.023469925707941e+10,8.023469925707941e+10,-2.719971953688713e+00,1.905583774719190e-03,1.000000000000000e+00,0.000000000000000e+00,1.149138906813358e+02,1.149138906813358e+02,-2.183521783032070e+01,2.189780455722082e-01,1.000000000000000e+03,1.000000000000000e+00,
7.506086956000001e-08,0.000000000000000e+00,-7.506086956000001e-08,5.911385403096220e+03,5.911385403058690e+03,1.477631380371471e+03,7.506086956000001e-08,0.000000000000000e+00,-1.000000000000000e+03,3.940923602039127e+03,3.753043478000000e-08,2.958125444446254e+05,3.380519247003046e-06,8.494022114698802e+08,0.000000000000000e+00,0.000000000000000e+00,7.875455530572311e+10,7.875455530572313e+10,-7.124586408708945e+00,7.506086956000001e-08,1.000000000000000e+00,0.000000000000000e+00,-1.000000000000000e+00,1.000000000000000e+00,-6.017491064156733e-01,7.506086956000001e-08,1.000000000000000e+03,1.000000000000000e+00,
7.506086956000084e-08,0.000000000000000e+00,-7.506086956000001e-08,5.911385403096329e+03,5.911385403058799e+03,1.477631380371482e+03,7.506086956000084e-08,0.000000000000000e+00,-1.000000000000000e+03,3.940923602039200e+03,3.753043478074022e-08,2.958125444446265e+05,3.380519247036352e-06,8.494022114698802e+08,0.000000000000000e+00,6.307787625559058e-18,7.875455530572371e+10,7.875455530572371e+10,-7.124586408708939e+00,7.506086956000084e-08,1.000000000000000e+00,0.000000000000000e+00,-1.000000000000000e+00,1.000000000009856e+00,-4.493103122624592e-01,7.506086956074064e-08,1.000000000000000e+03,1.000000000000000e+00,
1.308227246449893e-07,0.000000000000000e+00,-1.649902446827986e-08,1.045241654150492e+04,1.045241654150388e+04,1.557383258764829e+03,1.308227246449893e-07,0.000000000000000e+00,-1.000000000000000e+03,6.968277694335923e+03,1.002703023099891e-07,3.036905549671534e+05,5.361666259811679e-06,8.499721942878306e+08,0.000000000000000e+00,2.912421091048240e-08,8.300515785863185e+10,8.300515785863185e+10,-6.883316810058345e+00,1.308227246449893e-07,1.000000000000000e+00,0.000000000000000e+00,-1.261174196841787e-01,1.604668313862031e+00,-3.086941303286222e-02,1.250078703186591e-07,1.000000000000000e+03,1.000000000000000e+00,
1.421327827831824e-06,0.000000000000000e+00,4.237782367409181e-05,1.136485349772429e+05,1.136485343613836e+05,1.503622047844505e+03,1.421327827831824e-06,0.000000000000000e+00,-1.000000000000000e+03,7.576568957425574e+04,7.912776133821238e-04,2.984027882725883e+05,1.252868523187574e-04,8.291431529403017e+08,0.000000000000000e+00,3.457572418251010e-06,8.013980164396962e+10,8.013980164396964e+10,-5.847305740933949e+00,1.421327827831824e-06,1.000000000000000e+00,0.000000000000000e+00,3.734394760181518e+01,3.734394760181518e+01,3.358549286464782e+00,4.237782367409181e-05,1.000000000000000e+03,1.000000000000000e+00,
1.569875536721976e-05,0.000000000000000e+00,6.845227825004409e-04,1.255111865035001e+06,1.255111850111160e+06,1.500254269069096e+03,1.569875536721976e-05,0.000000000000000e+00,-1.000000000000000e+03,8.367412334074402e+05,1.492384041923986e-02,2.980684230216838e+05,1.475715388322605e-04,7.443757361227533e+08,0.000000000000000e+00,4.322138671840473e-06,7.996030632237010e+10,7.996030632237010e+10,-4.804134778073275e+00,1.569875536721976e-05,1.000000000000000e+00,0.000000000000000e+00,4.398349877723915e+01,4.398349877723915e+01,-6.716394984004663e-02,6.845227825004409e-04,1.000000000000000e+03,1.000000000000000e+00,
1.733782191475289e-04,0.000000000000000e+00,8.423992589347808e-03,1.386172992806300e+07,1.386172972341316e+07,1.500076166532204e+03,1.733782191475289e-04,0.000000000000000e+00,-1.000000000000000e+03,9.241153148942105e+06,2.046498444103964e-01,2.980507299149077e+05,1.630171321426685e-04,6.590232331975933e+08,0.000000000000000e+00,5.399250390402787e-07,7.995081384252831e+10,7.995081384252831e+10,-3.761005462212651e+00,1.733782191475289e-04,1.000000000000000e+00,0.000000000000000e+00,4.858737522375731e+01,4.858737522375731e+01,-1.060690735437588e+01,8.423992589347808e-03,1.000000000000000e+03,1.000000000000000e+00,
1.905583774719190e-03,0.000000000000000e+00,2.189780455722082e-01,1.528939536555739e+08,1.528939410737643e+08,1.505402563149416e+03,1.905583774719190e-03,0.000000000000000e+00,-1.000000000000000e+03,1.019292940491762e+08,1.258180959524864e+01,2.985794129560834e+05,3.848687675537694e-04,5.736803565140845e+08,0.000000000000000e+00,2.851662055008575e-08,8.023469925707941e+10,8.023469925707941e+10,-2.719971953688713e+00,1.905583774719190e-03,1.000000000000000e+00,0.000000000000000e+00,1.149138906813358e+02,1.149138906813358e+02,-2.183521783032070e+01,2.189780455722082e-01,1.000000000000000e+03,1.000000000000000e+00,
7.506086956000001e-08,0.000000000000000e+00,-7.506086956000001e-08,5.911385403096220e+03,5.911385403058690e+03,1.477631380371471e+03,7.506086956000001e-08,0.000000000000000e+00,-1.000000000000000e+03,3.940923602039127e+03,3.753043478000000e-08,2.958125444446254e+05,3.380519247003046e-06,8.494022114698802e+08,0.000000000000000e+00,0.000000000000000e+00,7.875455530572311e+10,7.875455530572313e+10,-7.124586408708945e+00,7.506086956000001e-08,1.000000000000000e+00,0.000000000000000e+00,-1.000000000000000e+00,1.000000000000000e+00,-7.089458011767549e-01,7.506086956000001e-08,1.000000000000000e+03,1.000000000000000e+00,
7.506086956000084e-08,0.000000000000000e+00,-7.506086956000001e-08,5.911385403096329e+03,5.911385403058799e+03,1.477631380371482e+03,7.506086956000084e-08,0.000000000000000e+00,-1.000000000000000e+03,3.940923602039200e+03,3.753043478074022e-08,2.958125444446265e+05,3.380519247036352e-06,8.494022114698802e+08,0.000000000000000e+00,6.307787625559058e-18,7.875455530572371e+10,7.875455530572371e+10,-7.124586408708939e+00,7.506086956000084e-08,1.000000000000000e+00,0.000000000000000e+00,-1.000000000000000e+00,1.000000000009856e+00,-5.571993322933200e-01,7.506086956074064e-08,1.000000000000000e+03,1.000000000000000e+00,
1.308227246449893e-07,0.000000000000000e+00,-1.649902446827986e-08,1.045241654150492e+04,1.045241654150388e+04,1.557383258764829e+03,1.308227246449893e-07,0.000000000000000e+00,-1.000000000000000e+03,6.968277694335923e+03,1.002703023099891e-07,3.036905549671534e+05,5.361666259811679e-06,8.499721942878306e+08,0.000000000000000e+00,2.912421091048240e-08,8.300515785863185e+10,8.300515785863185e+10,-6.883316810058345e+00,1.308227246449893e-07,1.000000000000000e+00,0.000000000000000e+00,-1.261174196841787e-01,1.604668313862031e+00,-4.025610998017189e-02,1.250078703186591e-07,1.000000000000000e+03,1.000000000000000e+00,
1.421327827831824e-06,0.000000000000000e+00,4.237782367409181e-05,1.136485349772429e+05,1.136485343613836e+05,1.503622047844505e+03,1.421327827831824e-06,0.000000000000000e+00,-1.000000000000000e+03,7.576568957425574e+04,7.912776133821238e-04,2.984027882725883e+05,1.252868523187574e-04,8.291431529403017e+08,0.000000000000000e+00,3.457572418251010e-06,8.013980164396962e+10,8.013980164396964e+10,-5.847305740933949e+00,1.421327827831824e-06,1.000000000000000e+00,0.000000000000000e+00,3.734394760181518e+01,3.734394760181518e+01,4.946728821752044e+00,4.237782367409181e-05,1.000000000000000e+03,1.000000000000000e+00,
1.569875536721976e-05,0.000000000000000e+00,6.845227825004409e-04,1.255111865035001e+06,1.255111850111160e+06,1.500254269069096e+03,1.569875536721976e-05,0.000000000000000e+00,-1.000000000000000e+03,8.367412334074402e+05,1.492384041923986e-02,2.980684230216838e+05,1.475715388322605e-04,7.443757361227533e+08,0.000000000000000e+00,4.322138671840473e-06,7.996030632237010e+10,7.996030632237010e+10,-4.804134778073275e+00,1.569875536721976e-05,1.000000000000000e+00,0.000000000000000e+00,4.398349877723915e+01,4.398349877723915e+01,-8.961025352972748e-02,6.845227825004409e-04,1.000000000000000e+03,1.000000000000000e+00,
1.733782191475289e-04,0.000000000000000e+00,8.423992589347808e-03,1.386172992806300e+07,1.386172972341316e+07,1.500076166532204e+03,1.733782191475289e-04,0.000000000000000e+00,-1.000000000000000e+03,9.241153148942105e+06,2.046498444103964e-01,2.980507299149077e+05,1.630171321426685e-04,6.590232331975933e+08,0.000000000000000e+00,5.399250390402787e-07,7.995081384252831e+10,7.995081384252831e+10,-3.761005462212651e+00,1.733782191475289e-04,1.000000000000000e+00,0.000000000000000e+00,4.858737522375731e+01,4.858737522375731e+01,-1.383223025823949e+01,8.423992589347808e-03,1.000000000000000e+03,1.000000000000000e+00,
1.905583774719190e-03,0.000000000000000e+00,2.189780455722082e-01,1.528939536555739e+08,1.528939410737643e+08,1.505402563149416e+03,1.905583774719190e-03,0.000000000000000e+00,-1.000000000000000e+03,1.019292940491762e+08,1.258180959524864e+01,2.985794129560834e+05,3.848687675537694e-04,5.736803565140845e+08,0.000000000000000e+00,2.851662055008575e-08,8.023469925707941e+10,8.023469925707941e+10,-2.719971953688713e+00,1.905583774719190e-03,1.000000000000000e+00,0.000000000000000e+00,1.149138906813358e+02,1.149138906813358e+02,-2.707832084750135e+01,2.189780455722082e-01,1.000000000000000e+03,1.000000000000000e+00,
7.506086956000001e-08,0.000000000000000e+00,-7.506086956000001e-08,5.911385403096220e+03,5.911385403058690e+03,1.477631380371471e+03,7.506086956000001e-08,0.000000000000000e+00,-1.000000000000000e+03,3.940923602039127e+03,3.753043478000000e-08,2.958125444446254e+05,3.380519247003046e-06,8.494022114698802e+08,0.000000000000000e+00,0.000000000000000e+00,7.875455530572311e+10,7.875455530572313e+10,-7.124586408708945e+00,7.506086956000001e-08,1.000000000000000e+00,0.000000000000000e+00,-1.000000000000000e+00,1.000000000000000e+00,-8.337123014813120e-01,7.506086956000001e-08,1.000000000000000e+03,1.000000000000000e+00,
7.506086956000084e-08,0.000000000000000e+00,-7.506086956000001e-08,5.911385403096329e+03,5.911385403058799e+03,1.477631380371482e+03,7.506086956000084e-08,0.000000000000000e+00,-1.000000000000000e+03,3.940923602039200e+03,3.753043478074022e-08,2.958125444446265e+05,3.380519247036352e-06,8.494022114698802e+08,0.000000000000000e+00,6.307787625559058e-18,7.875455530572371e+10,7.875455530572371e+10,-7.124586408708939e+00,7.506086956000084e-08,1.000000000000000e+00,0.000000000000000e+00,-1.000000000000000e+00,1.000000000009856e+00,-7.098635012494993e-01,7.506086956074064e-08,1.000000000000000e+03,1.000000000000000e+00,
1.308227246449893e-07,0.000000000000000e+00,-1.649902446827986e-08,1.045241654150492e+04,1.045241654150388e+04,1.557383258764829e+03,1.308227246449893e-07,0.000000000000000e+00,-1.000000000000000e+03,6.968277694335923e+03,1.002703023099891e-07,3.036905549671534e+05,5.361666259811679e-06,8.499721942878306e+08,0.000000000000000e+00,2.912421091048240e-08,8.300515785863185e+10,8.300515785863185e+10,-6.883316810058345e+00,1.308227246449893e-07,1.000000000000000e+00,0.000000000000000e+00,-1.261174196841787e-01,1.604668313862031e+00,-5.693038814289875e-02,1.250078703186591e-07,1.000000000000000e+03,1.000000000000000e+00,
1.421327827831824e-06,0.000000000000000e+00,4.237782367409181e-05,1.136485349772429e+05,1.136485343613836e+05,1.503622047844505e+03,1.421327827831824e-06,0.000000000000000e+00,-1.000000000000000e+03,7.576568957425574e+04,7.912776133821238e-04,2.984027882725883e+05,1.252868523187574e-04,8.291431529403017e+08,0.000000000000000e+00,3.457572418251010e-06,8.013980164396962e+10,8.013980164396964e+10,-5.847305740933949e+00,1.421327827831824e-06,1.000000000000000e+00,0.000000000000000e+00,3.734394760181518e+01,3.734394760181518e+01,9.078118318150397e+00,4.237782367409181e-05,1.000000000000000e+03,1.000000000000000e+00,
1.569875536721976e-05,0.000000000000000e+00,6.845227825004409e-04,1.255111865035001e+06,1.255111850111160e+06,1.500254269069096e+03,1.569875536721976e-05,0.000000000000000e+00,-1.000000000000000e+03,8.367412334074402e+05,1.492384041923986e-02,2.980684230216838e+05,1.475715388322605e-04,7.443757361227533e+08,0.000000000000000e+00,4.322138671840473e-06,7.996030632237010e+10,7.996030632237010e+10,-4.804134778073275e+00,1.569875536721976e-05,1.000000000000000e+00,0.000000000000000e+00,4.398349877723915e+01,4.398349877723915e+01,-1.345905105270754e-01,6.845227825004409e-04,1.000000000000000e+03,1.000000000000000e+00,
1.733782191475289e-04,0.000000000000000e+00,8.423992589347808e-03,1.386172992806300e+07,1.386172972341316e+07,1.500076166532204e+03,1.733782191475289e-04,0.000000000000000e+00,-1.000000000000000e+03,9.241153148942105e+06,2.046498444103964e-01,2.980507299149077e+05,1.630171321426685e-04,6.590232331975933e+08,0.000000000000000e+00,5.399250390402787e-07,7.995081384252831e+10,7.995081384252831e+10,-3.761005462212651e+00,1.733782191475289e-04,1.000000000000000e+00,0.000000000000000e+00,4.858737522375731e+01,4.858737522375731e+01,-1.956160786204611e+01,8.423992589347808e-03,1.000000000000000e+03,1.000000000000000e+00,
1.905583774719190e-03,0.000000000000000e+00,2.189780455722082e-01,1.528939536555739e+08,1.528939410737643e+08,1.505402563149416e+03,1.905583774719190e-03,0.000000000000000e+00,-1.000000000000000e+03,1.019292940491762e+08,1.258180959524864e+01,2.985794129560834e+05,3.848687675537694e-04,5.736803565140845e+08,0.000000000000000e+00,2.851662055008575e-08,8.023469925707941e+10,8.023469925707941e+10,-2.719971953688713e+00,1.905583774719190e-03,1.000000000000000e+00,0.000000000000000e+00,1.149138906813358e+02,1.149138906813358e+02,-3.449737020619014e+01,2.189780455722082e-01,1.000000000000000e+03,1.000000000000000e+00,
7.506086956000001e-08,0.000000000000000e+00,-7.506086956000001e-08,5.911385403096220e+03,5.911385403058690e+03,1.477631380371471e+03,7.506086956000001e-08,0.000000000000000e+00,-1.000000000000000e+03,3.940923602039127e+03,3.753043478000000e-08,2.958125444446254e+05,3.380519247003046e-06,8.494022114698802e+08,0.000000000000000e+00,0.000000000000000e+00,7.875455530572311e+10,7.875455530572313e+10,-7.124586408708945e+00,7.506086956000001e-08,1.000000000000000e+00,0.000000000000000e+00,-1.000000000000000e+00,1.000000000000000e+00,-9.496653455775714e-01,7.506086956000001e-08,1.000000000000000e+03,1.000000000000000e+00,
7.506086956000084e-08,0.000000000000000e+00,-7.506086956000001e-08,5.911385403096329e+03,5.911385403058799e+03,1.477631380371482e+03,7.506086956000084e-08,0.000000000000000e+00,-1.000000000000000e+03,3.940923602039200e+03,3.753043478074022e-08,2.958125444446265e+05,3.380519247036352e-06,8.494022114698802e+08,0.000000000000000e+00,6.307787625559058e-18,7.875455530572371e+10,7.875455530572371e+10,-7.124586408708939e+00,7.506086956000084e-08,1.000000000000000e+00,0.000000000000000e+00,-1.000000000000000e+00,1.000000000009856e+00,-8.965104157608511e-01,7.506086956074064e-08,1.000000000000000e+03,1.000000000000000e+00,
1.308227246449893e-07,0.000000000000000e+00,-1.649902446827986e-08,1.045241654150492e+04,1.045241654150388e+04,1.557383258764829e+03,1.308227246449893e-07,0.000000000000000e+00,-1.000000000000000e+03,6.968277694335923e+03,1.002703023099891e-07,3.036905549671534e+05,5.361666259811679e-06,8.499721942878306e+08,0.000000000000000e+00,2.912421091048240e-08,8.300515785863185e+10,8.300515785863185e+10,-6.883316810058345e+00,1.308227246449893e-07,1.000000000000000e+00,0.000000000000000e+00,-1.261174196841787e-01,1.604668313862031e+00,-8.987244693283293e-02,1.250078703186591e-07,1.000000000000000e+03,1.000000000000000e+00,
1.421327827831824e-06,0.000000000000000e+00,4.237782367409181e-05,1.136485349772429e+05,1.136485343613836e+05,1.503622047844505e+03,1.421327827831824e-06,0.000000000000000e+00,-1.000000000000000e+03,7.576568957425574e+04,7.912776133821238e-04,2.984027882725883e+05,1.252868523187574e-04,8.291431529403017e+08,0.000000000000000e+00,3.457572418251010e-06,8.013980164396962e+10,8.013980164396964e+10,-5.847305740933949e+00,1.421327827831824e-06,1.000000000000000e+00,0.000000000000000e+00,3.734394760181518e+01,3.734394760181518e+01,3.723395046272586e+01,4.237782367409181e-05,1.000000000000000e+03,1.000000000000000e+00,
1.569875536721976e-05,0.000000000000000e+00,6.845227825004409e-04,1.255111865035001e+06,1.255111850111160e+06,1.500254269069096e+03,1.569875536721976e-05,0.000000000000000e+00,-1.000000000000000e+03,8.367412334074402e+05,1.492384041923986e-02,2.980684230216838e+05,1.475715388322605e-04,7.443757361227533e+08,0.000000000000000e+00,4.322138671840473e-06,7.996030632237010e+10,7.996030632237010e+10,-4.804134778073275e+00,1.569875536721976e-05,1.000000000000000e+00,0.000000000000000e+00,4.398349877723915e+01,4.398349877723915e+01,-2.702344896655748e-01,6.845227825004409e-04,1.000000000000000e+03,1.000000000000000e+00,
1.733782191475289e-04,0.000000000000000e+00,8.423992589347808e-03,1.386172992806300e+07,1.386172972341316e+07,1.500076166532204e+03,1.733782191475289e-04,0.000000000000000e+00,-1.000000000000000e+03,9.241153148942105e+06,2.046498444103964e-01,2.980507299149077e+05,1.630171321426685e-04,6.590232331975933e+08,0.000000000000000e+00,5.399250390402787e-07,7.995081384252831e+10,7.995081384252831e+10,-3.761005462212651e+00,1.733782191475289e-04,1.000000000000000e+00,0.000000000000000e+00,4.858737522375731e+01,4.858737522375731e+01,-3.088068818518880e+01,8.423992589347808e-03,1.000000000000000e+03,1.000000000000000e+00,
1.905583774719190e-03,0.000000000000000e+00,2.189780455722082e-01,1.528939536555739e+08,1.528939410737643e+08,1.505402563149416e+03,1.905583774719190e-03,0.000000000000000e+00,-1.000000000000000e+03,1.019292940491762e+08,1.258180959524864e+01,2.985794129560834e+05,3.848687675537694e-04,5.736803565140845e+08,0.000000000000000e+00,2.851662055008575e-08,8.023469925707941e+10,8.023469925707941e+10,-2.719971953688713e+00,1.905583774719190e-03,1.000000000000000e+00,0.000000000000000e+00,1.149138906813358e+02,1.149138906813358e+02,-4.356788544807485e+01,2.189780455722082e-01,1.000000000000000e+03,1.000000000000000e+00,
7.506086956000001e-08,0.000000000000000e+00,-7.506086956000001e-08,5.911385403096220e+03,5.911385403058690e+03,1.477631380371471e+03,7.506086956000001e-08,0.000000000000000e+00,-1.000000000000000e+03,3.940923602039127e+03,3.753043478000000e-08,2.958125444446254e+05,3.380519247003046e-06,8.494022114698802e+08,0.000000000000000e+00,0.000000000000000e+00,7.875455530572311e+10,7.875455530572313e+10,-7.124586408708945e+00,7.506086956000001e-08,1.000000000000000e+00,0.000000000000000e+00,-1.000000000000000e+00,1.000000000000000e+00,-9.496653455775714e-01,7.506086956000001e-08,1.000000000000000e+03,1.000000000000000e+00,
7.506086956000084e-08,0.000000000000000e+00,-7.506086956000001e-08,5.911385403096329e+03,5.911385403058799e+03,1.477631380371482e+03,7.506086956000084e-08,0.000000000000000e+00,-1.000000000000000e+03,3.940923602039200e+03,3.753043478074022e-08,2.958125444446265e+05,3.380519247036352e-06,8.494022114698802e+08,0.000000000000000e+00,6.307787625559058e-18,7.875455530572371e+10,7.875455530572371e+10,-7.124586408708939e+00,7.506086956000084e-08,1.000000000000000e+00,0.000000000000000e+00,-1.000000000000000e+00,1.000000000009856e+00,-8.965104157608511e-01,7.506086956074064e-08,1.000000000000000e+03,1.000000000000000e+00,
1.308227246449893e-07,0.000000000000000e+00,-1.649902446827986e-08,1.045241654150492e+04,1.045241654150388e+04,1.557383258764829e+03,1.308227246449893e-07,0.000000000000000e+00,-1.000000000000000e+03,6.968277694335923e+03,1.002703023099891e-07,3.036905549671534e+05,5.361666259811679e-06,8.499721942878306e+08,0.000000000000000e+00,2.912421091048240e-08,8.300515785863185e+10,8.300515785863185e+10,-6.883316810058345e+00,1.308227246449893e-07,1.000000000000000e+00,0.000000000000000e+00,-1.261174196841787e-01,1.604668313862031e+00,-8.987244693283293e-02,1.250078703186591e-07,1.000000000000000e+03,1.000000000000000e+00,
1.421327827831824e-06,0.000000000000000e+00,4.237782367409181e-05,1.136485349772429e+05,1.136485343613836e+05,1.503622047844505e+03,1.421327827831824e-06,0.000000000000000e+00,-1.000000000000000e+03,7.576568957425574e+04,7.912776133821238e-04,2.984027882725883e+05,1.252868523187574e-04,8.291431529403017e+08,0.000000000000000e+00,3.457572418251010e-06,8.013980164396962e+10,8.013980164396964e+10,-5.847305740933949e+00,1.421327827831824e-06,1.000000000000000e+00,0.000000000000000e+00,3.734394760181518e+01,3.734394760181518e+01,3.723395046272586e+01,4.237782367409181e-05,1.000000000000000e+03,1.000000000000000e+00,
1.569875536721976e-05,0.000000000000000e+00,6.845227825004409e-04,1.255111865035001e+06,1.255111850111160e+06,1.500254269069096e+03,1.569875536721976e-05,0.000000000000000e+00,-1.000000000000000e+03,8.367412334074402e+05,1.492384041923986e-02,2.980684230216838e+05,1.475715388322605e-04,7.443757361227533e+08,0.000000000000000e+00,4.322138671840473e-06,7.996030632237010e+10,7.996030632237010e+10,-4.804134778073275e+00,1.569875536721976e-05,1.000000000000000e+00,0.000000000000000e+00,4.398349877723915e+01,4.398349877723915e+01,-2.702344896655748e-01,6.845227825004409e-04,1.000000000000000e+03,1.000000000000000e+00,
1.733782191475289e-04,0.000000000000000e+00,8.423992589347808e-03,1.386172992806300e+07,1.386172972341316e+07,1.500076166532204e+03,1.733782191475289e-04,0.000000000000000e+00,-1.000000000000000e+03,9.241153148942105e+06,2.046498444103964e-01,2.980507299149077e+05,1.630171321426685e-04,6.590232331975933e+08,0.000000000000000e+00,5.399250390402787e-07,7.995081384252831e+10,7.995081384252831e+10,-3.761005462212651e+00,1.733782191475289e-04,1.000000000000000e+00,0.000000000000000e+00,4.858737522375731e+01,4.858737522375731e+01,-3.088068818518880e+01,8.423992589347808e-03,1.000000000000000e+03,1.000000000000000e+00,
1.905583774719190e-03,0.000000000000000e+00,2.189780455722082e-01,1.528939536555739e+08,1.528939410737643e+08,1.505402563149416e+03,1.905583774719190e-03,0.000000000000000e+00,-1.000000000000000e+03,1.019292940491762e+08,1.258180959524864e+01,2.985794129560834e+05,3.848687675537694e-04,5.736803565140845e+08,0.000000000000000e+00,2.851662055008575e-08,8.023469925707941e+10,8.023469925707941e+10,-2.719971953688713e+00,1.905583774719190e-03,1.000000000000000e+00,0.000000000000000e+00,1.149138906813358e+02,1.149138906813358e+02,-4.356788544807485e+01,2.189780455722082e-01,1.000000000000000e+03,1.000000000000000e+00,
7.506086956000001e-08,0.000000000000000e+00,-7.506086956000001e-08,5.911385403096220e+03,5.911385403058690e+03,1.477631380371471e+03,7.506086956000001e-08,0.000000000000000e+00,-1.000000000000000e+03,3.940923602039127e+03,3.753043478000000e-08,2.958125444446254e+05,3.380519247003046e-06,8.494022114698802e+08,0.000000000000000e+00,0.000000000000000e+00,7.875455530572311e+10,7.875455530572313e+10,-7.124586408708945e+00,7.506086956000001e-08,1.000000000000000e+00,0.000000000000000e+00,-1.000000000000000e+00,1.000000000000000e+00,-8.337123014813120e-01,7.506086956000001e-08,1.000000000000000e+03,1.000000000000000e+00,
7.506086956000084e-08,0.000000000000000e+00,-7.506086956000001e-08,5.911385403096329e+03,5.911385403058799e+03,1.477631380371482e+03,7.506086956000084e-08,0.000000000000000e+00,-1.000000000000000e+03,3.940923602039200e+03,3.753043478074022e-08,2.958125444446265e+05,3.380519247036352e-06,8.494022114698802e+08,0.000000000000000e+00,6.307787625559058e-18,7.875455530572371e+10,7.875455530572371e+10,-7.124586408708939e+00,7.506086956000084e-08,1.000000000000000e+00,0.000000000000000e+00,-1.000000000000000e+00,1.000000000009856e+00,-7.098635012494993e-01,7.506086956074064e-08,1.000000000000000e+03,1.000000000000000e+00,
1.308227246449893e-07,0.000000000000000e+00,-1.649902446827986e-08,1.045241654150492e+04,1.045241654150388e+04,1.557383258764829e+03,1.308227246449893e-07,0.000000000000000e+00,-1.000000000000000e+03,6.968277694335923e+03,1.002703023099891e-07,3.036905549671534e+05,5.361666259811679e-06,8.499721942878306e+08,0.000000000000000e+00,2.912421091048240e-08,8.300515785863185e+10,8.300515785863185e+10,-6.883316810058345e+00,1.308227246449893e-07,1.000000000000000e+00,0.000000000000000e+00,-1.261174196841787e-01,1.604668313862031e+00,-5.693038814289875e-02,1.250078703186591e-07,1.000000000000000e+03,1.000000000000000e+00,
1.421327827831824e-06,0.000000000000000e+00,4.237782367409181e-05,1.136485349772429e+05,1.136485343613836e+05,1.503622047844505e+03,1.421327827831824e-06,0.000000000000000e+00,-1.000000000000000e+03,7.576568957425574e+04,7.912776133821238e-04,2.984027882725883e+05,1.252868523187574e-04,8.291431529403017e+08,0.000000000000000e+00,3.457572418251010e-06,8.013980164396962e+10,8.013980164396964e+10,-5.847305740933949e+00,1.421327827831824e-06,1.000000000000000e+00,0.000000000000000e+00,3.734394760181518e+01,3.734394760181518e+01,9.078118318150397e+00,4.237782367409181e-05,1.000000000000000e+03,1.000000000000000e+00,
1.569875536721976e-05,0.000000000000000e+00,6.845227825004409e-04,1.255111865035001e+06,1.255111850111160e+06,1.500254269069096e+03,1.569875536721976e-05,0.000000000000000e+00,-1.000000000000000e+03,8.367412334074402e+05,1.492384041923986e-02,2.980684230216838e+05,1.475715388322605e-04,7.443757361227533e+08,0.000000000000000e+00,4.322138671840473e-06,7.996030632237010e+10,7.996030632237010e+10,-4.804134778073275e+00,1.569875536721976e-05,1.000000000000000e+00,0.000000000000000e+00,4.398349877723915e+01,4.398349877723915e+01,-1.345905105270754e-01,6.845227825004409e-04,1.000000000000000e+03,1.000000000000000e+00,
1.733782191475289e-04,0.000000000000000e+00,8.423992589347808e-03,1.386172992806300e+07,1.386172972341316e+07,1.500076166532204e+03,1.733782191475289e-04,0.000000000000000e+00,-1.000000000000000e+03,9.241153148942105e+06,2.046498444103964e-01,2.980507299149077e+05,1.630171321426685e-04,6.590232331975933e+08,0.000000000000000e+00,5.399250390402787e-07,7.995081384252831e+10,7.995081384252831e+10,-3.761005462212651e+00,1.733782191475289e-04,1.000000000000000e+00,0.000000000000000e+00,4.858737522375731e+01,4.858737522375731e+01,-1.956160786204611e+01,8.423992589347808e-03,1.000000000000000e+03,1.000000000000000e+00,
1.905583774719190e-03,0.000000000000000e+00,2.189780455722082e-01,1.528939536555739e+08,1.528939410737643e+08,1.505402563149416e+03,1.905583774719190e-03,0.000000000000000e+00,-1.000000000000000e+03,1.019292940491762e+08,1.258180959524864e+01,2.985794129560834e+05,3.848687675537694e-04,5.736803565140845e+08,0.000000000000000e+00,2.851662055008575e-08,8.023469925707941e+10,8.023469925707941e+10,-2.719971953688713e+00,1.905583774719190e-03,1.000000000000000e+00,0.000000000000000e+00,1.149138906813358e+02,1.149138906813358e+02,-3.449737020619014e+01,2.189780455722082e-01,1.000000000000000e+03,1.000000000000000e+00,
7.506086956000001e-08,0.000000000000000e+00,-7.506086956000001e-08,5.911385403096220e+03,5.911385403058690e+03,1.477631380371471e+03,7.506086956000001e-08,0.000000000000000e+00,-1.000000000000000e+03,3.940923602039127e+03,3.753043478000000e-08,2.958125444446254e+05,3.380519247003046e-06,8.494022114698802e+08,0.000000000000000e+00,0.000000000000000e+00,7.875455530572311e+10,7.875455530572313e+10,-7.124586408708945e+00,7.506086956000001e-08,1.000000000000000e+00,0.000000000000000e+00,-1.000000000000000e+00,1.000000000000000e+00,-7.089458011767549e-01,7.506086956000001e-08,1.000000000000000e+03,1.000000000000000e+00,
7.506086956000084e-08,0.000000000000000e+00,-7.506086956000001e-08,5.911385403096329e+03,5.911385403058799e+03,1.477631380371482e+03,7.506086956000084e-08,0.000000000000000e+00,-1.000000000000000e+03,3.940923602039200e+03,3.753043478074022e-08,2.958125444446265e+05,3.380519247036352e-06,8.494022114698802e+08,0.000000000000000e+00,6.307787625559058e-18,7.875455530572371e+10,7.875455530572371e+10,-7.124586408708939e+00,7.506086956000084e-08,1.000000000000000e+00,0.000000000000000e+00,-1.000000000000000e+00,1.000000000009856e+00,-5.571993322933200e-01,7.506086956074064e-08,1.000000000000000e+03,1.000000000000000e+00,
1.308227246449893e-07,0.000000000000000e+00,-1.649902446827986e-08,1.045241654150492e+04,1.045241654150388e+04,1.557383258764829e+03,1.308227246449893e-07,0.000000000000000e+00,-1.000000000000000e+03,6.968277694335923e+03,1.002703023099891e-07,3.036905549671534e+05,5.361666259811679e-06,8.499721942878306e+08,0.000000000000000e+00,2.912421091048240e-08,8.300515785863185e+10,8.300515785863185e+10,-6.883316810058345e+00,1.308227246449893e-07,1.000000000000000e+00,0.000000000000000e+00,-1.261174196841787e-01,1.604668313862031e+00,-4.025610998017189e-02,1.250078703186591e-07,1.000000000000000e+03,1.000000000000000e+00,
1.421327827831824e-06,0.000000000000000e+00,4.237782367409181e-05,1.136485349772429e+05,1.136485343613836e+05,1.503622047844505e+03,1.421327827831824e-06,0.000000000000000e+00,-1.000000000000000e+03,7.576568957425574e+04,7.912776133821238e-04,2.984027882725883e+05,1.252868523187574e-04,8.291431529403017e+08,0.000000000000000e+00,3.457572418251010e-06,8.013980164396962e+10,8.013980164396964e+10,-5.847305740933949e+00,1.421327827831824e-06,1.000000000000000e+00,0.000000000000000e+00,3.734394760181518e+01,3.734394760181518e+01,4.946728821752044e+00,4.237782367409181e-05,1.000000000000000e+03,1.000000000000000e+00,
1.569875536721976e-05,0.000000000000000e+00,6.845227825004409e-04,1.255111865035001e+06,1.255111850111160e+06,1.500254269069096e+03,1.569875536721976e-05,0.000000000000000e+00,-1.000000000000000e+03,8.367412334074402e+05,1.492384041923986e-02,2.980684230216838e+05,1.475715388322605e-04,7.443757361227533e+08,0.000000000000000e+00,4.322138671840473e-06,7.996030632237010e+10,7.996030632237010e+10,-4.804134778073275e+00,1.569875536721976e-05,1.000000000000000e+00,0.000000000000000e+00,4.398349877723915e+01,4.398349877723915e+01,-8.961025352972748e-02,6.845227825004409e-04,1.000000000000000e+03,1.000000000000000e+00,
1.733782191475289e-04,0.000000000000000e+00,8.423992589347808e-03,1.386172992806300e+07,1.386172972341316e+07,1.500076166532204e+03,1.733782191475289e-04,0.000000000000000e+00,-1.000000000000000e+03,9.241153148942105e+06,2.046498444103964e-01,2.980507299149077e+05,1.630171321426685e-04,6.590232331975933e+08,0.000000000000000e+00,5.399250390402787e-07,7.995081384252831e+10,7.995081384252831e+10,-3.761005462212651e+00,1.733782191475289e-04,1.000000000000000e+00,0.000000000000000e+00,4.858737522375731e+01,4.858737522375731e+01,-1.383223025823949e+01,8.423992589347808e-03,1.000000000000000e+03,1.000000000000000e+00,
1.905583774719190e-03,0.000000000000000e+00,2.189780455722082e-01,1.528939536555739e+08,1.528939410737643e+08,1.505402563149416e+03,1.905583774719190e-03,0.000000000000000e+00,-1.000000000000000e+03,1.019292940491762e+08,1.258180959524864e+01,2.985794129560834e+05,3.848687675537694e-04,5.736803565140845e+08,0.000000000000000e+00,2.851662055008575e-08,8.023469925707941e+10,8.023469925707941e+10,-2.719971953688713e+00,1.905583774719190e-03,1.000000000000000e+00,0.000000000000000e+00,1.149138906813358e+02,1.149138906813358e+02,-2.707832084750135e+01,2.189780455722082e-01,1.000000000000000e+03,1.000000000000000e+00,

