1
0
28
0
(64 0
((0,0) (63,63) (0,0))
((448,0) (511,63) (0,0))
((384,0) (447,63) (0,0))
((320,0) (383,63) (0,0))
((256,0) (319,63) (0,0))
((192,0) (255,63) (0,0))
((128,0) (191,63) (0,0))
((64,0) (127,63) (0,0))
((0,448) (63,511) (0,0))
((0,384) (63,447) (0,0))
((0,320) (63,383) (0,0))
((0,256) (63,319) (0,0))
((0,192) (63,255) (0,0))
((0,128) (63,191) (0,0))
((0,64) (63,127) (0,0))
((448,448) (511,511) (0,0))
((448,384) (511,447) (0,0))
((448,320) (511,383) (0,0))
((448,256) (511,319) (0,0))
((448,192) (511,255) (0,0))
((448,128) (511,191) (0,0))
((448,64) (511,127) (0,0))
((384,448) (447,511) (0,0))
((384,384) (447,447) (0,0))
((384,320) (447,383) (0,0))
((384,256) (447,319) (0,0))
((384,192) (447,255) (0,0))
((384,128) (447,191) (0,0))
((384,64) (447,127) (0,0))
((320,448) (383,511) (0,0))
((320,384) (383,447) (0,0))
((320,320) (383,383) (0,0))
((320,256) (383,319) (0,0))
((320,192) (383,255) (0,0))
((320,128) (383,191) (0,0))
((320,64) (383,127) (0,0))
((256,448) (319,511) (0,0))
((256,384) (319,447) (0,0))
((256,320) (319,383) (0,0))
((256,256) (319,319) (0,0))
((256,192) (319,255) (0,0))
((256,128) (319,191) (0,0))
((256,64) (319,127) (0,0))
((192,448) (255,511) (0,0))
((192,384) (255,447) (0,0))
((192,320) (255,383) (0,0))
((192,256) (255,319) (0,0))
((192,192) (255,255) (0,0))
((192,128) (255,191) (0,0))
((192,64) (255,127) (0,0))
((128,448) (191,511) (0,0))
((128,384) (191,447) (0,0))
((128,320) (191,383) (0,0))
((128,256) (191,319) (0,0))
((128,192) (191,255) (0,0))
((128,128) (191,191) (0,0))
((128,64) (191,127) (0,0))
((64,448) (127,511) (0,0))
((64,384) (127,447) (0,0))
((64,320) (127,383) (0,0))
((64,256) (127,319) (0,0))
((64,192) (127,255) (0,0))
((64,128) (127,191) (0,0))
((64,64) (127,127) (0,0))
)
64
FabOnDisk: Cell_D_0000 0
FabOnDisk: Cell_D_0001 0
FabOnDisk: Cell_D_0001 917590
FabOnDisk: Cell_D_0001 1835180
FabOnDisk: Cell_D_0001 2752770
FabOnDisk: Cell_D_0000 917587
FabOnDisk: Cell_D_0000 1835177
FabOnDisk: Cell_D_0000 2752767
FabOnDisk: Cell_D_0002 0
FabOnDisk: Cell_D_0002 917590
FabOnDisk: Cell_D_0002 1835180
FabOnDisk: Cell_D_0002 2752770
FabOnDisk: Cell_D_0000 3670356
FabOnDisk: Cell_D_0000 4587946
FabOnDisk: Cell_D_0000 5505536
FabOnDisk: Cell_D_0003 0
FabOnDisk: Cell_D_0003 917593
FabOnDisk: Cell_D_0003 1835186
FabOnDisk: Cell_D_0003 2752779
FabOnDisk: Cell_D_0001 3670360
FabOnDisk: Cell_D_0001 4587953
FabOnDisk: Cell_D_0001 5505546
FabOnDisk: Cell_D_0003 3670372
FabOnDisk: Cell_D_0003 4587965
FabOnDisk: Cell_D_0003 5505558
FabOnDisk: Cell_D_0003 6423151
FabOnDisk: Cell_D_0001 6423138
FabOnDisk: Cell_D_0001 7340731
FabOnDisk: Cell_D_0001 8258324
FabOnDisk: Cell_D_0003 7340744
FabOnDisk: Cell_D_0003 8258337
FabOnDisk: Cell_D_0003 9175930
FabOnDisk: Cell_D_0003 10093523
FabOnDisk: Cell_D_0001 9175916
FabOnDisk: Cell_D_0001 10093509
FabOnDisk: Cell_D_0001 11011102
FabOnDisk: Cell_D_0003 11011116
FabOnDisk: Cell_D_0003 11928709
FabOnDisk: Cell_D_0003 12846302
FabOnDisk: Cell_D_0003 13763895
FabOnDisk: Cell_D_0001 11928694
FabOnDisk: Cell_D_0001 12846287
FabOnDisk: Cell_D_0001 13763880
FabOnDisk: Cell_D_0002 3670360
FabOnDisk: Cell_D_0002 4587953
FabOnDisk: Cell_D_0002 5505546
FabOnDisk: Cell_D_0002 6423139
FabOnDisk: Cell_D_0000 6423125
FabOnDisk: Cell_D_0000 7340718
FabOnDisk: Cell_D_0000 8258311
FabOnDisk: Cell_D_0002 7340732
FabOnDisk: Cell_D_0002 8258325
FabOnDisk: Cell_D_0002 9175918
FabOnDisk: Cell_D_0002 10093511
FabOnDisk: Cell_D_0000 9175903
FabOnDisk: Cell_D_0000 10093496
FabOnDisk: Cell_D_0000 11011089
FabOnDisk: Cell_D_0002 11011104
FabOnDisk: Cell_D_0002 11928696
FabOnDisk: Cell_D_0002 12846288
FabOnDisk: Cell_D_0002 13763880
FabOnDisk: Cell_D_0000 11928681
FabOnDisk: Cell_D_0000 12846273
FabOnDisk: Cell_D_0000 13763865

64,28
3.182711820080944e-03,0.000000000000000e+00,7.506870934673229e+00,2.569991452024772e+08,2.569902922000039e+08,1.514990198841119e+03,3.182711820080944e-03,0.000000000000000e+00,-1.000000000000000e+03,1.713268614666693e+08,8.853002473282126e+03,2.995287029353508e+05,7.096719552303015e-03,4.138693297175913e+08,0.000000000000000e+00,-9.293447984930480e-08,8.074569949392024e+10,8.074569949392024e+10,-2.497202682966987e+00,3.182711820080944e-03,1.000000000000000e+00,0.000000000000000e+00,2.350505613500713e+03,2.350505613500713e+03,-1.877313993383322e+03,7.506870934673229e+00,1.000000000000000e+03,1.000000000000000e+00,
3.182711820080944e-03,0.000000000000000e+00,7.506870934673229e+00,2.569991452024772e+08,2.569902922000039e+08,1.514990198841119e+03,3.182711820080944e-03,0.000000000000000e+00,-1.000000000000000e+03,1.713268614666693e+08,8.853002473282126e+03,2.995287029353508e+05,7.096719552303015e-03,4.138693297175913e+08,0.000000000000000e+00,-9.293447984930480e-08,8.074569949392024e+10,8.074569949392024e+10,-2.497202682966987e+00,3.182711820080944e-03,1.000000000000000e+00,0.000000000000000e+00,2.350505613500713e+03,2.350505613500713e+03,-1.877313993383322e+03,7.506870934673229e+00,1.000000000000000e+03,1.000000000000000e+00,
3.182711820080944e-03,0.000000000000000e+00,7.506870934673229e+00,2.569991452024772e+08,2.569902922000039e+08,1.514990198841119e+03,3.182711820080944e-03,0.000000000000000e+00,-1.000000000000000e+03,1.713268614666693e+08,8.853002473282126e+03,2.995287029353508e+05,7.096719552303015e-03,4.138693297175913e+08,0.000000000000000e+00,-9.293447984930480e-08,8.074569949392024e+10,8.074569949392024e+10,-2.497202682966987e+00,3.182711820080944e-03,1.000000000000000e+00,0.000000000000000e+00,2.350505613500713e+03,2.350505613500713e+03,-2.099884731929800e+03,7.506870934673229e+00,1.000000000000000e+03,1.000000000000000e+00,
3.182711820080944e-03,0.000000000000000e+00,7.506870934673229e+00,2.569991452024772e+08,2.569902922000039e+08,1.514990198841119e+03,3.182711820080944e-03,0.000000000000000e+00,-1.000000000000000e+03,1.713268614666693e+08,8.853002473282126e+03,2.995287029353508e+05,7.096719552303015e-03,4.138693297175913e+08,0.000000000000000e+00,-9.293447984930480e-08,8.074569949392024e+10,8.074569949392024e+10,-2.497202682966987e+00,3.182711820080944e-03,1.000000000000000e+00,0.000000000000000e+00,2.350505613500713e+03,2.350505613500713e+03,-2.279007621422702e+03,7.506870934673229e+00,1.000000000000000e+03,1.000000000000000e+00,
3.182711820080944e-03,0.000000000000000e+00,7.506870934673229e+00,2.569991452024772e+08,2.569902922000039e+08,1.514990198841119e+03,3.182711820080944e-03,0.000000000000000e+00,-1.000000000000000e+03,1.713268614666693e+08,8.853002473282126e+03,2.995287029353508e+05,7.096719552303015e-03,4.138693297175913e+08,0.000000000000000e+00,-9.293447984930480e-08,8.074569949392024e+10,8.074569949392024e+10,-2.497202682966987e+00,3.182711820080944e-03,1.000000000000000e+00,0.000000000000000e+00,2.350505613500713e+03,2.350505613500713e+03,-2.358631895255006e+03,7.506870934673229e+00,1.000000000000000e+03,1.000000000000000e+00,
3.182711820080944e-03,0.000000000000000e+00,7.506870934673229e+00,2.569991452024772e+08,2.569902922000039e+08,1.514990198841119e+03,3.182711820080944e-03,0.000000000000000e+00,-1.000000000000000e+03,1.713268614666693e+08,8.853002473282126e+03,2.995287029353508e+05,7.096719552303015e-03,4.138693297175913e+08,0.000000000000000e+00,-9.293447984930480e-08,8.074569949392024e+10,8.074569949392024e+10,-2.497202682966987e+00,3.182711820080944e-03,1.000000000000000e+00,0.000000000000000e+00,2.350505613500713e+03,2.350505613500713e+03,-2.358631895255006e+03,7.506870934673229e+00,1.000000000000000e+03,1.000000000000000e+00,
3.182711820080944e-03,0.000000000000000e+00,7.506870934673229e+00,2.569991452024772e+08,2.569902922000039e+08,1.514990198841119e+03,3.182711820080944e-03,0.000000000000000e+00,-1.000000000000000e+03,1.713268614666693e+08,8.853002473282126e+03,2.995287029353508e+05,7.096719552303015e-03,4.138693297175913e+08,0.000000000000000e+00,-9.293447984930480e-08,8.074569949392024e+10,8.074569949392024e+10,-2.497202682966987e+00,3.182711820080944e-03,1.000000000000000e+00,0.000000000000000e+00,2.350505613500713e+03,2.350505613500713e+03,-2.279007621422702e+03,7.506870934673229e+00,1.000000000000000e+03,1.000000000000000e+00,
3.182711820080944e-03,0.000000000000000e+00,7.506870934673229e+00,2.569991452024772e+08,2.569902922000039e+08,1.514990198841119e+03,3.182711820080944e-03,0.000000000000000e+00,-1.000000000000000e+03,1.713268614666693e+08,8.853002473282126e+03,2.995287029353508e+05,7.096719552303015e-03,4.138693297175913e+08,0.000000000000000e+00,-9.293447984930480e-08,8.074569949392024e+10,8.074569949392024e+10,-2.497202682966987e+00,3.182711820080944e-03,1.000000000000000e+00,0.000000000000000e+00,2.350505613500713e+03,2.350505613500713e+03,-2.099884731929800e+03,7.506870934673229e+00,1.000000000000000e+03,1.000000000000000e+00,
7.506087358414281e-08,0.000000000000000e+00,-7.508195164963326e-08,3.284938231540300e+03,3.284938231502769e+03,8.211150554845370e+02,7.506087358414281e-08,0.000000000000000e+00,-1.000000000000000e+03,2.189958821001846e+03,3.753047414852660e-08,2.205136824820910e+05,4.534868202158072e-06,8.180880025626495e+08,0.000000000000000e+00,-1.249832043415111e-14,4.376365574563120e+10,4.376365574563120e+10,-7.124586385425668e+00,7.506087358414281e-08,1.000000000000000e+00,0.000000000000000e+00,-1.000167428603681e+00,1.000000493405565e+00,-7.986856252781477e-01,7.506091126158186e-08,1.000000000000000e+03,1.000000000000000e+00,
7.507038520585287e-08,0.000000000000000e+00,-7.673455660556630e-08,3.285822942811632e+03,3.285822942774083e+03,8.212321355899792e+02,7.507038520585287e-08,0.000000000000000e+00,-1.000000000000000e+03,2.190548628516055e+03,3.754877842264989e-08,2.205294030834684e+05,4.342200792350832e-06,8.180910993124349e+08,0.000000000000000e+00,-8.643182997548904e-10,4.376989586191577e+10,4.376989586191578e+10,-7.124531355648906e+00,7.507038520585287e-08,1.000000000000000e+00,0.000000000000000e+00,-1.000683458207297e+00,9.832017449008130e-01,-7.053905888577862e-01,7.508396979645581e-08,1.000000000000000e+03,1.000000000000000e+00,
7.827037112925634e-08,0.000000000000000e+00,-7.784119259163545e-08,3.626479124281126e+03,3.626479124243433e+03,8.693170764034453e+02,7.827037112925634e-08,0.000000000000000e+00,-1.000000000000000e+03,2.417652749495622e+03,2.261046737233875e-09,2.268938057086956e+05,4.750013817872231e-07,8.196406517770554e+08,0.000000000000000e+00,-1.590876489205717e-08,4.633271916207777e+10,4.633271916207776e+10,-7.106402606910844e+00,7.827037112925634e-08,1.000000000000000e+00,0.000000000000000e+00,-9.814020941717133e-01,1.575431101646863e-01,-5.419293107679792e-01,2.870384791655198e-08,1.000000000000000e+03,1.000000000000000e+00,
1.893318357511828e-07,0.000000000000000e+00,-2.428546393891068e-08,1.877073865420528e+04,1.877073865420372e+04,1.548307754167262e+03,1.893318357511828e-07,0.000000000000000e+00,-1.000000000000000e+03,1.251382576946915e+04,4.225097415014602e-12,3.028043979956731e+05,1.933145467219257e-08,7.299883686005098e+08,0.000000000000000e+00,-4.203773533914332e-04,8.252145310096979e+10,8.252145310096979e+10,-6.722776354189469e+00,1.893318357511828e-07,1.000000000000000e+00,0.000000000000000e+00,-1.282693100320767e-01,6.428174726986890e-03,-4.018244329117743e-02,1.314555871444102e-09,1.000000000000000e+03,1.000000000000000e+00,
2.408241675093628e-06,0.000000000000000e+00,5.914239743487011e-03,1.985041668043812e+05,1.984969046113660e+05,1.504329895672575e+03,2.408241675093628e-06,0.000000000000000e+00,-1.000000000000000e+03,1.323312697409107e+05,7.262193015175984e+00,2.984730183256462e+05,8.115088808093038e-03,6.431816354022374e+08,0.000000000000000e+00,-3.201396639630843e-06,8.017752840157936e+10,8.017752840157935e+10,-5.618299932325779e+00,2.408241675093628e-06,1.000000000000000e+00,0.000000000000000e+00,2.455833151902031e+03,2.455833151902031e+03,-7.803957730038800e+02,5.914239743487011e-03,1.000000000000000e+03,1.000000000000000e+00,
2.654180197091078e-05,0.000000000000000e+00,6.607412372724510e-02,2.127921260336332e+06,2.127839016677234e+06,1.500851199017735e+03,2.654180197091078e-05,0.000000000000000e+00,-1.000000000000000e+03,1.418559344451489e+06,8.224365909873229e+01,2.981277157286191e+05,8.043923441676920e-03,5.577732786845407e+08,0.000000000000000e+00,3.638607642351417e-07,7.999212139700790e+10,7.999212139700790e+10,-4.576069595433268e+00,2.654180197091078e-05,1.000000000000000e+00,0.000000000000000e+00,2.398116521163033e+03,2.398116521163033e+03,-1.324237681143359e+03,6.607412372724510e-02,1.000000000000000e+03,1.000000000000000e+00,
2.926451809942583e-04,0.000000000000000e+00,7.014598306290131e-01,2.341013280881884e+07,2.340929212199749e+07,1.500850126890785e+03,2.926451809942583e-04,0.000000000000000e+00,-1.000000000000000e+03,1.560619474799833e+07,8.406868213485766e+02,2.981276092454395e+05,7.878012872897603e-03,4.734034709077222e+08,0.000000000000000e+00,1.302079654265071e-07,7.999206425496132e+10,7.999206425496130e+10,-3.533658623044191e+00,2.926451809942583e-04,1.000000000000000e+00,0.000000000000000e+00,2.358895972685566e+03,2.358895972685566e+03,-1.663641969818329e+03,7.014598306290131e-01,1.000000000000000e+03,1.000000000000000e+00,
7.506087358414281e-08,0.000000000000000e+00,-7.508195164963326e-08,3.284938231540300e+03,3.284938231502769e+03,8.211150554845370e+02,7.506087358414281e-08,0.000000000000000e+00,-1.000000000000000e+03,2.189958821001846e+03,3.753047414852660e-08,2.205136824820910e+05,4.534868202158072e-06,8.180880025626495e+08,0.000000000000000e+00,-1.249832043415111e-14,4.376365574563120e+10,4.376365574563120e+10,-7.124586385425668e+00,7.506087358414281e-08,1.000000000000000e+00,0.000000000000000e+00,-1.000167428603681e+00,1.000000493405565e+00,-7.986856252781477e-01,7.506091126158186e-08,1.000000000000000e+03,1.000000000000000e+00,
7.507038520585287e-08,0.000000000000000e+00,-7.673455660556630e-08,3.285822942811632e+03,3.285822942774083e+03,8.212321355899792e+02,7.507038520585287e-08,0.000000000000000e+00,-1.000000000000000e+03,2.190548628516055e+03,3.754877842264989e-08,2.205294030834684e+05,4.342200792350832e-06,8.180910993124349e+08,0.000000000000000e+00,-8.643182997548904e-10,4.376989586191577e+10,4.376989586191578e+10,-7.124531355648906e+00,7.507038520585287e-08,1.000000000000000e+00,0.000000000000000e+00,-1.000683458207297e+00,9.832017449008130e-01,-7.053905888577862e-01,7.508396979645581e-08,1.000000000000000e+03,1.000000000000000e+00,
7.827037112925634e-08,0.000000000000000e+00,-7.784119259163545e-08,3.626479124281126e+03,3.626479124243433e+03,8.693170764034453e+02,7.827037112925634e-08,0.000000000000000e+00,-1.000000000000000e+03,2.417652749495622e+03,2.261046737233875e-09,2.268938057086956e+05,4.750013817872231e-07,8.196406517770554e+08,0.000000000000000e+00,-1.590876489205717e-08,4.633271916207777e+10,4.633271916207776e+10,-7.106402606910844e+00,7.827037112925634e-08,1.000000000000000e+00,0.000000000000000e+00,-9.814020941717133e-01,1.575431101646863e-01,-5.419293107679792e-01,2.870384791655198e-08,1.000000000000000e+03,1.000000000000000e+00,
1.893318357511828e-07,0.000000000000000e+00,-2.428546393891068e-08,1.877073865420528e+04,1.877073865420372e+04,1.548307754167262e+03,1.893318357511828e-07,0.000000000000000e+00,-1.000000000000000e+03,1.251382576946915e+04,4.225097415014602e-12,3.028043979956731e+05,1.933145467219257e-08,7.299883686005098e+08,0.000000000000000e+00,-4.203773533914332e-04,8.252145310096979e+10,8.252145310096979e+10,-6.722776354189469e+00,1.893318357511828e-07,1.000000000000000e+00,0.000000000000000e+00,-1.282693100320767e-01,6.428174726986890e-03,-4.018244329117743e-02,1.314555871444102e-09,1.000000000000000e+03,1.000000000000000e+00,
2.408241675093628e-06,0.000000000000000e+00,5.914239743487011e-03,1.985041668043812e+05,1.984969046113660e+05,1.504329895672575e+03,2.408241675093628e-06,0.000000000000000e+00,-1.000000000000000e+03,1.323312697409107e+05,7.262193015175984e+00,2.984730183256462e+05,8.115088808093038e-03,6.431816354022374e+08,0.000000000000000e+00,-3.201396639630843e-06,8.017752840157936e+10,8.017752840157935e+10,-5.618299932325779e+00,2.408241675093628e-06,1.000000000000000e+00,0.000000000000000e+00,2.455833151902031e+03,2.455833151902031e+03,-7.803957730038800e+02,5.914239743487011e-03,1.000000000000000e+03,1.000000000000000e+00,
2.654180197091078e-05,0.000000000000000e+00,6.607412372724510e-02,2.127921260336332e+06,2.127839016677234e+06,1.500851199017735e+03,2.654180197091078e-05,0.000000000000000e+00,-1.000000000000000e+03,1.418559344451489e+06,8.224365909873229e+01,2.981277157286191e+05,8.043923441676920e-03,5.577732786845407e+08,0.000000000000000e+00,3.638607642351417e-07,7.999212139700790e+10,7.999212139700790e+10,-4.576069595433268e+00,2.654180197091078e-05,1.000000000000000e+00,0.000000000000000e+00,2.398116521163033e+03,2.398116521163033e+03,-1.324237681143359e+03,6.607412372724510e-02,1.000000000000000e+03,1.000000000000000e+00,
2.926451809942583e-04,0.000000000000000e+00,7.014598306290131e-01,2.341013280881884e+07,2.340929212199749e+07,1.500850126890785e+03,2.926451809942583e-04,0.000000000000000e+00,-1.000000000000000e+03,1.560619474799833e+07,8.406868213485766e+02,2.981276092454395e+05,7.878012872897603e-03,4.734034709077222e+08,0.000000000000000e+00,1.302079654265071e-07,7.999206425496132e+10,7.999206425496130e+10,-3.533658623044191e+00,2.926451809942583e-04,1.000000000000000e+00,0.000000000000000e+00,2.358895972685566e+03,2.358895972685566e+03,-1.663641969818329e+03,7.014598306290131e-01,1.000000000000000e+03,1.000000000000000e+00,
7.506087358414281e-08,0.000000000000000e+00,-7.508195164963326e-08,3.284938231540300e+03,3.284938231502769e+03,8.211150554845370e+02,7.506087358414281e-08,0.000000000000000e+00,-1.000000000000000e+03,2.189958821001846e+03,3.753047414852660e-08,2.205136824820910e+05,4.534868202158072e-06,8.180880025626495e+08,0.000000000000000e+00,-1.249832043415111e-14,4.376365574563120e+10,4.376365574563120e+10,-7.124586385425668e+00,7.506087358414281e-08,1.000000000000000e+00,0.000000000000000e+00,-1.000167428603681e+00,1.000000493405565e+00,-8.933762578048057e-01,7.506091126158186e-08,1.000000000000000e+03,1.000000000000000e+00,
7.507038520585287e-08,0.000000000000000e+00,-7.673455660556630e-08,3.285822942811632e+03,3.285822942774083e+03,8.212321355899792e+02,7.507038520585287e-08,0.000000000000000e+00,-1.000000000000000e+03,2.190548628516055e+03,3.754877842264989e-08,2.205294030834684e+05,4.342200792350832e-06,8.180910993124349e+08,0.000000000000000e+00,-8.643182997548904e-10,4.376989586191577e+10,4.376989586191578e+10,-7.124531355648906e+00,7.507038520585287e-08,1.000000000000000e+00,0.000000000000000e+00,-1.000683458207297e+00,9.832017449008130e-01,-8.305290351881290e-01,7.508396979645581e-08,1.000000000000000e+03,1.000000000000000e+00,
7.827037112925634e-08,0.000000000000000e+00,-7.784119259163545e-08,3.626479124281126e+03,3.626479124243433e+03,8.693170764034453e+02,7.827037112925634e-08,0.000000000000000e+00,-1.000000000000000e+03,2.417652749495622e+03,2.261046737233875e-09,2.268938057086956e+05,4.750013817872231e-07,8.196406517770554e+08,0.000000000000000e+00,-1.590876489205717e-08,4.633271916207777e+10,4.633271916207776e+10,-7.106402606910844e+00,7.827037112925634e-08,1.000000000000000e+00,0.000000000000000e+00,-9.814020941717133e-01,1.575431101646863e-01,-6.912400362153365e-01,2.870384791655198e-08,1.000000000000000e+03,1.000000000000000e+00,
1.893318357511828e-07,0.000000000000000e+00,-2.428546393891068e-08,1.877073865420528e+04,1.877073865420372e+04,1.548307754167262e+03,1.893318357511828e-07,0.000000000000000e+00,-1.000000000000000e+03,1.251382576946915e+04,4.225097415014602e-12,3.028043979956731e+05,1.933145467219257e-08,7.299883686005098e+08,0.000000000000000e+00,-4.203773533914332e-04,8.252145310096979e+10,8.252145310096979e+10,-6.722776354189469e+00,1.893318357511828e-07,1.000000000000000e+00,0.000000000000000e+00,-1.282693100320767e-01,6.428174726986890e-03,-5.682621051776385e-02,1.314555871444102e-09,1.000000000000000e+03,1.000000000000000e+00,
2.408241675093628e-06,0.000000000000000e+00,5.914239743487011e-03,1.985041668043812e+05,1.984969046113660e+05,1.504329895672575e+03,2.408241675093628e-06,0.000000000000000e+00,-1.000000000000000e+03,1.323312697409107e+05,7.262193015175984e+00,2.984730183256462e+05,8.115088808093038e-03,6.431816354022374e+08,0.000000000000000e+00,-3.201396639630843e-06,8.017752840157936e+10,8.017752840157935e+10,-5.618299932325779e+00,2.408241675093628e-06,1.000000000000000e+00,0.000000000000000e+00,2.455833151902031e+03,2.455833151902031e+03,-1.103639571206176e+03,5.914239743487011e-03,1.000000000000000e+03,1.000000000000000e+00,
2.654180197091078e-05,0.000000000000000e+00,6.607412372724510e-02,2.127921260336332e+06,2.127839016677234e+06,1.500851199017735e+03,2.654180197091078e-05,0.000000000000000e+00,-1.000000000000000e+03,1.418559344451489e+06,8.224365909873229e+01,2.981277157286191e+05,8.043923441676920e-03,5.577732786845407e+08,0.000000000000000e+00,3.638607642351417e-07,7.999212139700790e+10,7.999212139700790e+10,-4.576069595433268e+00,2.654180197091078e-05,1.000000000000000e+00,0.000000000000000e+00,2.398116521163033e+03,2.398116521163033e+03,-1.689087643873819e+03,6.607412372724510e-02,1.000000000000000e+03,1.000000000000000e+00,
2.926451809942583e-04,0.000000000000000e+00,7.014598306290131e-01,2.341013280881884e+07,2.340929212199749e+07,1.500850126890785e+03,2.926451809942583e-04,0.000000000000000e+00,-1.000000000000000e+03,1.560619474799833e+07,8.406868213485766e+02,2.981276092454395e+05,7.878012872897603e-03,4.734034709077222e+08,0.000000000000000e+00,1.302079654265071e-07,7.999206425496132e+10,7.999206425496130e+10,-3.533658623044191e+00,2.926451809942583e-04,1.000000000000000e+00,0.000000000000000e+00,2.358895972685566e+03,2.358895972685566e+03,-1.958777139809928e+03,7.014598306290131e-01,1.000000000000000e+03,1.000000000000000e+00,
7.506087358414281e-08,0.000000000000000e+00,-7.508195164963326e-08,3.284938231540300e+03,3.284938231502769e+03,8.211150554845370e+02,7.506087358414281e-08,0.000000000000000e+00,-1.000000000000000e+03,2.189958821001846e+03,3.753047414852660e-08,2.205136824820910e+05,4.534868202158072e-06,8.180880025626495e+08,0.000000000000000e+00,-1.249832043415111e-14,4.376365574563120e+10,4.376365574563120e+10,-7.124586385425668e+00,7.506087358414281e-08,1.000000000000000e+00,0.000000000000000e+00,-1.000167428603681e+00,1.000000493405565e+00,-9.695824105850538e-01,7.506091126158186e-08,1.000000000000000e+03,1.000000000000000e+00,
7.507038520585287e-08,0.000000000000000e+00,-7.673455660556630e-08,3.285822942811632e+03,3.285822942774083e+03,8.212321355899792e+02,7.507038520585287e-08,0.000000000000000e+00,-1.000000000000000e+03,2.190548628516055e+03,3.754877842264989e-08,2.205294030834684e+05,4.342200792350832e-06,8.180910993124349e+08,0.000000000000000e+00,-8.643182997548904e-10,4.376989586191577e+10,4.376989586191578e+10,-7.124531355648906e+00,7.507038520585287e-08,1.000000000000000e+00,0.000000000000000e+00,-1.000683458207297e+00,9.832017449008130e-01,-9.478603898500692e-01,7.508396979645581e-08,1.000000000000000e+03,1.000000000000000e+00,
7.827037112925634e-08,0.000000000000000e+00,-7.784119259163545e-08,3.626479124281126e+03,3.626479124243433e+03,8.693170764034453e+02,7.827037112925634e-08,0.000000000000000e+00,-1.000000000000000e+03,2.417652749495622e+03,2.261046737233875e-09,2.268938057086956e+05,4.750013817872231e-07,8.196406517770554e+08,0.000000000000000e+00,-1.590876489205717e-08,4.633271916207777e+10,4.633271916207776e+10,-7.106402606910844e+00,7.827037112925634e-08,1.000000000000000e+00,0.000000000000000e+00,-9.814020941717133e-01,1.575431101646863e-01,-8.757225209863362e-01,2.870384791655198e-08,1.000000000000000e+03,1.000000000000000e+00,
1.893318357511828e-07,0.000000000000000e+00,-2.428546393891068e-08,1.877073865420528e+04,1.877073865420372e+04,1.548307754167262e+03,1.893318357511828e-07,0.000000000000000e+00,-1.000000000000000e+03,1.251382576946915e+04,4.225097415014602e-12,3.028043979956731e+05,1.933145467219257e-08,7.299883686005098e+08,0.000000000000000e+00,-4.203773533914332e-04,8.252145310096979e+10,8.252145310096979e+10,-6.722776354189469e+00,1.893318357511828e-07,1.000000000000000e+00,0.000000000000000e+00,-1.282693100320767e-01,6.428174726986890e-03,-8.998875822176183e-02,1.314555871444102e-09,1.000000000000000e+03,1.000000000000000e+00,
2.408241675093628e-06,0.000000000000000e+00,5.914239743487011e-03,1.985041668043812e+05,1.984969046113660e+05,1.504329895672575e+03,2.408241675093628e-06,0.000000000000000e+00,-1.000000000000000e+03,1.323312697409107e+05,7.262193015175984e+00,2.984730183256462e+05,8.115088808093038e-03,6.431816354022374e+08,0.000000000000000e+00,-3.201396639630843e-06,8.017752840157936e+10,8.017752840157935e+10,-5.618299932325779e+00,2.408241675093628e-06,1.000000000000000e+00,0.000000000000000e+00,2.455833151902031e+03,2.455833151902031e+03,-1.747699760943862e+03,5.914239743487011e-03,1.000000000000000e+03,1.000000000000000e+00,
2.654180197091078e-05,0.000000000000000e+00,6.607412372724510e-02,2.127921260336332e+06,2.127839016677234e+06,1.500851199017735e+03,2.654180197091078e-05,0.000000000000000e+00,-1.000000000000000e+03,1.418559344451489e+06,8.224365909873229e+01,2.981277157286191e+05,8.043923441676920e-03,5.577732786845407e+08,0.000000000000000e+00,3.638607642351417e-07,7.999212139700790e+10,7.999212139700790e+10,-4.576069595433268e+00,2.654180197091078e-05,1.000000000000000e+00,0.000000000000000e+00,2.398116521163033e+03,2.398116521163033e+03,-2.139881968872615e+03,6.607412372724510e-02,1.000000000000000e+03,1.000000000000000e+00,
2.926451809942583e-04,0.000000000000000e+00,7.014598306290131e-01,2.341013280881884e+07,2.340929212199749e+07,1.500850126890785e+03,2.926451809942583e-04,0.000000000000000e+00,-1.000000000000000e+03,1.560619474799833e+07,8.406868213485766e+02,2.981276092454395e+05,7.878012872897603e-03,4.734034709077222e+08,0.000000000000000e+00,1.302079654265071e-07,7.999206425496132e+10,7.999206425496130e+10,-3.533658623044191e+00,2.926451809942583e-04,1.000000000000000e+00,0.000000000000000e+00,2.358895972685566e+03,2.358895972685566e+03,-2.235499524648261e+03,7.014598306290131e-01,1.000000000000000e+03,1.000000000000000e+00,
7.506087358414281e-08,0.000000000000000e+00,-7.508195164963326e-08,3.284938231540300e+03,3.284938231502769e+03,8.211150554845370e+02,7.506087358414281e-08,0.000000000000000e+00,-1.000000000000000e+03,2.189958821001846e+03,3.753047414852660e-08,2.205136824820910e+05,4.534868202158072e-06,8.180880025626495e+08,0.000000000000000e+00,-1.249832043415111e-14,4.376365574563120e+10,4.376365574563120e+10,-7.124586385425668e+00,7.506087358414281e-08,1.000000000000000e+00,0.000000000000000e+00,-1.000167428603681e+00,1.000000493405565e+00,-1.000164054805847e+00,7.506091126158186e-08,1.000000000000000e+03,1.000000000000000e+00,
7.507038520585287e-08,0.000000000000000e+00,-7.673455660556630e-08,3.285822942811632e+03,3.285822942774083e+03,8.212321355899792e+02,7.507038520585287e-08,0.000000000000000e+00,-1.000000000000000e+03,2.190548628516055e+03,3.754877842264989e-08,2.205294030834684e+05,4.342200792350832e-06,8.180910993124349e+08,0.000000000000000e+00,-8.643182997548904e-10,4.376989586191577e+10,4.376989586191578e+10,-7.124531355648906e+00,7.507038520585287e-08,1.000000000000000e+00,0.000000000000000e+00,-1.000683458207297e+00,9.832017449008130e-01,-1.000678835760514e+00,7.508396979645581e-08,1.000000000000000e+03,1.000000000000000e+00,
7.827037112925634e-08,0.000000000000000e+00,-7.784119259163545e-08,3.626479124281126e+03,3.626479124243433e+03,8.693170764034453e+02,7.827037112925634e-08,0.000000000000000e+00,-1.000000000000000e+03,2.417652749495622e+03,2.261046737233875e-09,2.268938057086956e+05,4.750013817872231e-07,8.196406517770554e+08,0.000000000000000e+00,-1.590876489205717e-08,4.633271916207777e+10,4.633271916207776e+10,-7.106402606910844e+00,7.827037112925634e-08,1.000000000000000e+00,0.000000000000000e+00,-9.814020941717133e-01,1.575431101646863e-01,-9.813945479143138e-01,2.870384791655198e-08,1.000000000000000e+03,1.000000000000000e+00,
1.893318357511828e-07,0.000000000000000e+00,-2.428546393891068e-08,1.877073865420528e+04,1.877073865420372e+04,1.548307754167262e+03,1.893318357511828e-07,0.000000000000000e+00,-1.000000000000000e+03,1.251382576946915e+04,4.225097415014602e-12,3.028043979956731e+05,1.933145467219257e-08,7.299883686005098e+08,0.000000000000000e+00,-4.203773533914332e-04,8.252145310096979e+10,8.252145310096979e+10,-6.722776354189469e+00,1.893318357511828e-07,1.000000000000000e+00,0.000000000000000e+00,-1.282693100320767e-01,6.428174726986890e-03,-1.282653338604044e-01,1.314555871444102e-09,1.000000000000000e+03,1.000000000000000e+00,
2.408241675093628e-06,0.000000000000000e+00,5.914239743487011e-03,1.985041668043812e+05,1.984969046113660e+05,1.504329895672575e+03,2.408241675093628e-06,0.000000000000000e+00,-1.000000000000000e+03,1.323312697409107e+05,7.262193015175984e+00,2.984730183256462e+05,8.115088808093038e-03,6.431816354022374e+08,0.000000000000000e+00,-3.201396639630843e-06,8.017752840157936e+10,8.017752840157935e+10,-5.618299932325779e+00,2.408241675093628e-06,1.000000000000000e+00,0.000000000000000e+00,2.455833151902031e+03,2.455833151902031e+03,-2.531161802493259e+03,5.914239743487011e-03,1.000000000000000e+03,1.000000000000000e+00,
2.654180197091078e-05,0.000000000000000e+00,6.607412372724510e-02,2.127921260336332e+06,2.127839016677234e+06,1.500851199017735e+03,2.654180197091078e-05,0.000000000000000e+00,-1.000000000000000e+03,1.418559344451489e+06,8.224365909873229e+01,2.981277157286191e+05,8.043923441676920e-03,5.577732786845407e+08,0.000000000000000e+00,3.638607642351417e-07,7.999212139700790e+10,7.999212139700790e+10,-4.576069595433268e+00,2.654180197091078e-05,1.000000000000000e+00,0.000000000000000e+00,2.398116521163033e+03,2.398116521163033e+03,-2.489361446072313e+03,6.607412372724510e-02,1.000000000000000e+03,1.000000000000000e+00,
2.926451809942583e-04,0.000000000000000e+00,7.014598306290131e-01,2.341013280881884e+07,2.340929212199749e+07,1.500850126890785e+03,2.926451809942583e-04,0.000000000000000e+00,-1.000000000000000e+03,1.560619474799833e+07,8.406868213485766e+02,2.981276092454395e+05,7.878012872897603e-03,4.734034709077222e+08,0.000000000000000e+00,1.302079654265071e-07,7.999206425496132e+10,7.999206425496130e+10,-3.533658623044191e+00,2.926451809942583e-04,1.000000000000000e+00,0.000000000000000e+00,2.358895972685566e+03,2.358895972685566e+03,-2.396945400429569e+03,7.014598306290131e-01,1.000000000000000e+03,1.000000000000000e+00,
7.506087358414281e-08,0.000000000000000e+00,-7.508195164963326e-08,3.284938231540300e+03,3.284938231502769e+03,8.211150554845370e+02,7.506087358414281e-08,0.000000000000000e+00,-1.000000000000000e+03,2.189958821001846e+03,3.753047414852660e-08,2.205136824820910e+05,4.534868202158072e-06,8.180880025626495e+08,0.000000000000000e+00,-1.249832043415111e-14,4.376365574563120e+10,4.376365574563120e+10,-7.124586385425668e+00,7.506087358414281e-08,1.000000000000000e+00,0.000000000000000e+00,-1.000167428603681e+00,1.000000493405565e+00,-1.000164054805847e+00,7.506091126158186e-08,1.000000000000000e+03,1.000000000000000e+00,
7.507038520585287e-08,0.000000000000000e+00,-7.673455660556630e-08,3.285822942811632e+03,3.285822942774083e+03,8.212321355899792e+02,7.507038520585287e-08,0.000000000000000e+00,-1.000000000000000e+03,2.190548628516055e+03,3.754877842264989e-08,2.205294030834684e+05,4.342200792350832e-06,8.180910993124349e+08,0.000000000000000e+00,-8.643182997548904e-10,4.376989586191577e+10,4.376989586191578e+10,-7.124531355648906e+00,7.507038520585287e-08,1.000000000000000e+00,0.000000000000000e+00,-1.000683458207297e+00,9.832017449008130e-01,-1.000678835760514e+00,7.508396979645581e-08,1.000000000000000e+03,1.000000000000000e+00,
7.827037112925634e-08,0.000000000000000e+00,-7.784119259163545e-08,3.626479124281126e+03,3.626479124243433e+03,8.693170764034453e+02,7.827037112925634e-08,0.000000000000000e+00,-1.000000000000000e+03,2.417652749495622e+03,2.261046737233875e-09,2.268938057086956e+05,4.750013817872231e-07,8.196406517770554e+08,0.000000000000000e+00,-1.590876489205717e-08,4.633271916207777e+10,4.633271916207776e+10,-7.106402606910844e+00,7.827037112925634e-08,1.000000000000000e+00,0.000000000000000e+00,-9.814020941717133e-01,1.575431101646863e-01,-9.813945479143138e-01,2.870384791655198e-08,1.000000000000000e+03,1.000000000000000e+00,
1.893318357511828e-07,0.000000000000000e+00,-2.428546393891068e-08,1.877073865420528e+04,1.877073865420372e+04,1.548307754167262e+03,1.893318357511828e-07,0.000000000000000e+00,-1.000000000000000e+03,1.251382576946915e+04,4.225097415014602e-12,3.028043979956731e+05,1.933145467219257e-08,7.299883686005098e+08,0.000000000000000e+00,-4.203773533914332e-04,8.252145310096979e+10,8.252145310096979e+10,-6.722776354189469e+00,1.893318357511828e-07,1.000000000000000e+00,0.000000000000000e+00,-1.282693100320767e-01,6.428174726986890e-03,-1.282653338604044e-01,1.314555871444102e-09,1.000000000000000e+03,1.000000000000000e+00,
2.408241675093628e-06,0.000000000000000e+00,5.914239743487011e-03,1.985041668043812e+05,1.984969046113660e+05,1.504329895672575e+03,2.408241675093628e-06,0.000000000000000e+00,-1.000000000000000e+03,1.323312697409107e+05,7.262193015175984e+00,2.984730183256462e+05,8.115088808093038e-03,6.431816354022374e+08,0.000000000000000e+00,-3.201396639630843e-06,8.017752840157936e+10,8.017752840157935e+10,-5.618299932325779e+00,2.408241675093628e-06,1.000000000000000e+00,0.000000000000000e+00,2.455833151902031e+03,2.455833151902031e+03,-2.531161802493259e+03,5.914239743487011e-03,1.000000000000000e+03,1.000000000000000e+00,
2.654180197091078e-05,0.000000000000000e+00,6.607412372724510e-02,2.127921260336332e+06,2.127839016677234e+06,1.500851199017735e+03,2.654180197091078e-05,0.000000000000000e+00,-1.000000000000000e+03,1.418559344451489e+06,8.224365909873229e+01,2.981277157286191e+05,8.043923441676920e-03,5.577732786845407e+08,0.000000000000000e+00,3.638607642351417e-07,7.999212139700790e+10,7.999212139700790e+10,-4.576069595433268e+00,2.654180197091078e-05,1.000000000000000e+00,0.000000000000000e+00,2.398116521163033e+03,2.398116521163033e+03,-2.489361446072313e+03,6.607412372724510e-02,1.000000000000000e+03,1.000000000000000e+00,
2.926451809942583e-04,0.000000000000000e+00,7.014598306290131e-01,2.341013280881884e+07,2.340929212199749e+07,1.500850126890785e+03,2.926451809942583e-04,0.000000000000000e+00,-1.000000000000000e+03,1.560619474799833e+07,8.406868213485766e+02,2.981276092454395e+05,7.878012872897603e-03,4.734034709077222e+08,0.000000000000000e+00,1.302079654265071e-07,7.999206425496132e+10,7.999206425496130e+10,-3.533658623044191e+00,2.926451809942583e-04,1.000000000000000e+00,0.000000000000000e+00,2.358895972685566e+03,2.358895972685566e+03,-2.396945400429569e+03,7.014598306290131e-01,1.000000000000000e+03,1.000000000000000e+00,
7.506087358414281e-08,0.000000000000000e+00,-7.508195164963326e-08,3.284938231540300e+03,3.284938231502769e+03,8.211150554845370e+02,7.506087358414281e-08,0.000000000000000e+00,-1.000000000000000e+03,2.189958821001846e+03,3.753047414852660e-08,2.205136824820910e+05,4.534868202158072e-06,8.180880025626495e+08,0.000000000000000e+00,-1.249832043415111e-14,4.376365574563120e+10,4.376365574563120e+10,-7.124586385425668e+00,7.506087358414281e-08,1.000000000000000e+00,0.000000000000000e+00,-1.000167428603681e+00,1.000000493405565e+00,-9.695824105850538e-01,7.506091126158186e-08,1.000000000000000e+03,1.000000000000000e+00,
7.507038520585287e-08,0.000000000000000e+00,-7.673455660556630e-08,3.285822942811632e+03,3.285822942774083e+03,8.212321355899792e+02,7.507038520585287e-08,0.000000000000000e+00,-1.000000000000000e+03,2.190548628516055e+03,3.754877842264989e-08,2.205294030834684e+05,4.342200792350832e-06,8.180910993124349e+08,0.000000000000000e+00,-8.643182997548904e-10,4.376989586191577e+10,4.376989586191578e+10,-7.124531355648906e+00,7.507038520585287e-08,1.000000000000000e+00,0.000000000000000e+00,-1.000683458207297e+00,9.832017449008130e-01,-9.478603898500692e-01,7.508396979645581e-08,1.000000000000000e+03,1.000000000000000e+00,
7.827037112925634e-08,0.000000000000000e+00,-7.784119259163545e-08,3.626479124281126e+03,3.626479124243433e+03,8.693170764034453e+02,7.827037112925634e-08,0.000000000000000e+00,-1.000000000000000e+03,2.417652749495622e+03,2.261046737233875e-09,2.268938057086956e+05,4.750013817872231e-07,8.196406517770554e+08,0.000000000000000e+00,-1.590876489205717e-08,4.633271916207777e+10,4.633271916207776e+10,-7.106402606910844e+00,7.827037112925634e-08,1.000000000000000e+00,0.000000000000000e+00,-9.814020941717133e-01,1.575431101646863e-01,-8.757225209863362e-01,2.870384791655198e-08,1.000000000000000e+03,1.000000000000000e+00,
1.893318357511828e-07,0.000000000000000e+00,-2.428546393891068e-08,1.877073865420528e+04,1.877073865420372e+04,1.548307754167262e+03,1.893318357511828e-07,0.000000000000000e+00,-1.000000000000000e+03,1.251382576946915e+04,4.225097415014602e-12,3.028043979956731e+05,1.933145467219257e-08,7.299883686005098e+08,0.000000000000000e+00,-4.203773533914332e-04,8.252145310096979e+10,8.252145310096979e+10,-6.722776354189469e+00,1.893318357511828e-07,1.000000000000000e+00,0.000000000000000e+00,-1.282693100320767e-01,6.428174726986890e-03,-8.998875822176183e-02,1.314555871444102e-09,1.000000000000000e+03,1.000000000000000e+00,
2.408241675093628e-06,0.000000000000000e+00,5.914239743487011e-03,1.985041668043812e+05,1.984969046113660e+05,1.504329895672575e+03,2.408241675093628e-06,0.000000000000000e+00,-1.000000000000000e+03,1.323312697409107e+05,7.262193015175984e+00,2.984730183256462e+05,8.115088808093038e-03,6.431816354022374e+08,0.000000000000000e+00,-3.201396639630843e-06,8.017752840157936e+10,8.017752840157935e+10,-5.618299932325779e+00,2.408241675093628e-06,1.000000000000000e+00,0.000000000000000e+00,2.455833151902031e+03,2.455833151902031e+03,-1.747699760943862e+03,5.914239743487011e-03,1.000000000000000e+03,1.000000000000000e+00,
2.654180197091078e-05,0.000000000000000e+00,6.607412372724510e-02,2.127921260336332e+06,2.127839016677234e+06,1.500851199017735e+03,2.654180197091078e-05,0.000000000000000e+00,-1.000000000000000e+03,1.418559344451489e+06,8.224365909873229e+01,2.981277157286191e+05,8.043923441676920e-03,5.577732786845407e+08,0.000000000000000e+00,3.638607642351417e-07,7.999212139700790e+10,7.999212139700790e+10,-4.576069595433268e+00,2.654180197091078e-05,1.000000000000000e+00,0.000000000000000e+00,2.398116521163033e+03,2.398116521163033e+03,-2.139881968872615e+03,6.607412372724510e-02,1.000000000000000e+03,1.000000000000000e+00,
2.926451809942583e-04,0.000000000000000e+00,7.014598306290131e-01,2.341013280881884e+07,2.340929212199749e+07,1.500850126890785e+03,2.926451809942583e-04,0.000000000000000e+00,-1.000000000000000e+03,1.560619474799833e+07,8.406868213485766e+02,2.981276092454395e+05,7.878012872897603e-03,4.734034709077222e+08,0.000000000000000e+00,1.302079654265071e-07,7.999206425496132e+10,7.999206425496130e+10,-3.533658623044191e+00,2.926451809942583e-04,1.000000000000000e+00,0.000000000000000e+00,2.358895972685566e+03,2.358895972685566e+03,-2.235499524648261e+03,7.014598306290131e-01,1.000000000000000e+03,1.000000000000000e+00,
7.506087358414281e-08,0.000000000000000e+00,-7.508195164963326e-08,3.284938231540300e+03,3.284938231502769e+03,8.211150554845370e+02,7.506087358414281e-08,0.000000000000000e+00,-1.000000000000000e+03,2.189958821001846e+03,3.753047414852660e-08,2.205136824820910e+05,4.534868202158072e-06,8.180880025626495e+08,0.000000000000000e+00,-1.249832043415111e-14,4.376365574563120e+10,4.376365574563120e+10,-7.124586385425668e+00,7.506087358414281e-08,1.000000000000000e+00,0.000000000000000e+00,-1.000167428603681e+00,1.000000493405565e+00,-8.933762578048057e-01,7.506091126158186e-08,1.000000000000000e+03,1.000000000000000e+00,
7.507038520585287e-08,0.000000000000000e+00,-7.673455660556630e-08,3.285822942811632e+03,3.285822942774083e+03,8.212321355899792e+02,7.507038520585287e-08,0.000000000000000e+00,-1.000000000000000e+03,2.190548628516055e+03,3.754877842264989e-08,2.205294030834684e+05,4.342200792350832e-06,8.180910993124349e+08,0.000000000000000e+00,-8.643182997548904e-10,4.376989586191577e+10,4.376989586191578e+10,-7.124531355648906e+00,7.507038520585287e-08,1.000000000000000e+00,0.000000000000000e+00,-1.000683458207297e+00,9.832017449008130e-01,-8.305290351881290e-01,7.508396979645581e-08,1.000000000000000e+03,1.000000000000000e+00,
7.827037112925634e-08,0.000000000000000e+00,-7.784119259163545e-08,3.626479124281126e+03,3.626479124243433e+03,8.693170764034453e+02,7.827037112925634e-08,0.000000000000000e+00,-1.000000000000000e+03,2.417652749495622e+03,2.261046737233875e-09,2.268938057086956e+05,4.750013817872231e-07,8.196406517770554e+08,0.000000000000000e+00,-1.590876489205717e-08,4.633271916207777e+10,4.633271916207776e+10,-7.106402606910844e+00,7.827037112925634e-08,1.000000000000000e+00,0.000000000000000e+00,-9.814020941717133e-01,1.575431101646863e-01,-6.912400362153365e-01,2.870384791655198e-08,1.000000000000000e+03,1.000000000000000e+00,
1.893318357511828e-07,0.000000000000000e+00,-2.428546393891068e-08,1.877073865420528e+04,1.877073865420372e+04,1.548307754167262e+03,1.893318357511828e-07,0.000000000000000e+00,-1.000000000000000e+03,1.251382576946915e+04,4.225097415014602e-12,3.028043979956731e+05,1.933145467219257e-08,7.299883686005098e+08,0.000000000000000e+00,-4.203773533914332e-04,8.252145310096979e+10,8.252145310096979e+10,-6.722776354189469e+00,1.893318357511828e-07,1.000000000000000e+00,0.000000000000000e+00,-1.282693100320767e-01,6.428174726986890e-03,-5.682621051776385e-02,1.314555871444102e-09,1.000000000000000e+03,1.000000000000000e+00,
2.408241675093628e-06,0.000000000000000e+00,5.914239743487011e-03,1.985041668043812e+05,1.984969046113660e+05,1.504329895672575e+03,2.408241675093628e-06,0.000000000000000e+00,-1.000000000000000e+03,1.323312697409107e+05,7.262193015175984e+00,2.984730183256462e+05,8.115088808093038e-03,6.431816354022374e+08,0.000000000000000e+00,-3.201396639630843e-06,8.017752840157936e+10,8.017752840157935e+10,-5.618299932325779e+00,2.408241675093628e-06,1.000000000000000e+00,0.000000000000000e+00,2.455833151902031e+03,2.455833151902031e+03,-1.103639571206176e+03,5.914239743487011e-03,1.000000000000000e+03,1.000000000000000e+00,
2.654180197091078e-05,0.000000000000000e+00,6.607412372724510e-02,2.127921260336332e+06,2.127839016677234e+06,1.500851199017735e+03,2.654180197091078e-05,0.000000000000000e+00,-1.000000000000000e+03,1.418559344451489e+06,8.224365909873229e+01,2.981277157286191e+05,8.043923441676920e-03,5.577732786845407e+08,0.000000000000000e+00,3.638607642351417e-07,7.999212139700790e+10,7.999212139700790e+10,-4.576069595433268e+00,2.654180197091078e-05,1.000000000000000e+00,0.000000000000000e+00,2.398116521163033e+03,2.398116521163033e+03,-1.689087643873819e+03,6.607412372724510e-02,1.000000000000000e+03,1.000000000000000e+00,
2.926451809942583e-04,0.000000000000000e+00,7.014598306290131e-01,2.341013280881884e+07,2.340929212199749e+07,1.500850126890785e+03,2.926451809942583e-04,0.000000000000000e+00,-1.000000000000000e+03,1.560619474799833e+07,8.406868213485766e+02,2.981276092454395e+05,7.878012872897603e-03,4.734034709077222e+08,0.000000000000000e+00,1.302079654265071e-07,7.999206425496132e+10,7.999206425496130e+10,-3.533658623044191e+00,2.926451809942583e-04,1.000000000000000e+00,0.000000000000000e+00,2.358895972685566e+03,2.358895972685566e+03,-1.958777139809928e+03,7.014598306290131e-01,1.000000000000000e+03,1.000000000000000e+00,

64,28
2.217378135089717e-02,0.000000000000000e+00,5.211959753782121e+01,2.188581322698621e+09,2.188520068995328e+09,1.854032422841617e+03,2.217378135089717e-02,0.000000000000000e+00,-1.000000000000000e+03,1.459013379330219e+09,6.125370329302334e+04,3.313539839651643e+05,7.874503606440703e-03,4.721426481084072e+08,2.500000000000000e-07,5.873893396065358e-04,9.881591642062769e+10,9.881591642062770e+10,-1.654160239235766e+00,2.217378135089717e-02,1.000000000000000e+00,0.000000000000000e+00,2.358639851496926e+03,2.358639851496926e+03,-1.419309422994671e+03,5.211959753782121e+01,1.000000000000000e+03,1.000000000000000e+00,
2.217378135089717e-02,0.000000000000000e+00,5.211959753782121e+01,2.188581322698621e+09,2.188520068995328e+09,1.854032422841617e+03,2.217378135089717e-02,0.000000000000000e+00,-1.000000000000000e+03,1.459013379330219e+09,6.125370329302334e+04,3.313539839651643e+05,7.874503606440703e-03,4.721426481084072e+08,2.500000000000000e-07,5.873893396065358e-04,9.881591642062769e+10,9.881591642062770e+10,-1.654160239235766e+00,2.217378135089717e-02,1.000000000000000e+00,0.000000000000000e+00,2.358639851496926e+03,2.358639851496926e+03,-1.419309422994671e+03,5.211959753782121e+01,1.000000000000000e+03,1.000000000000000e+00,
2.217378135089717e-02,0.000000000000000e+00,5.211959753782121e+01,2.188581322698621e+09,2.188520068995328e+09,1.854032422841617e+03,2.217378135089717e-02,0.000000000000000e+00,-1.000000000000000e+03,1.459013379330219e+09,6.125370329302334e+04,3.313539839651643e+05,7.874503606440703e-03,4.721426481084072e+08,2.500000000000000e-07,5.873893396065358e-04,9.881591642062769e+10,9.881591642062770e+10,-1.654160239235766e+00,2.217378135089717e-02,1.000000000000000e+00,0.000000000000000e+00,2.358639851496926e+03,2.358639851496926e+03,-1.672147819206910e+03,5.211959753782121e+01,1.000000000000000e+03,1.000000000000000e+00,
2.217378135089717e-02,0.000000000000000e+00,5.211959753782121e+01,2.188581322698621e+09,2.188520068995328e+09,1.854032422841617e+03,2.217378135089717e-02,0.000000000000000e+00,-1.000000000000000e+03,1.459013379330219e+09,6.125370329302334e+04,3.313539839651643e+05,7.874503606440703e-03,4.721426481084072e+08,2.500000000000000e-07,5.873893396065358e-04,9.881591642062769e+10,9.881591642062770e+10,-1.654160239235766e+00,2.217378135089717e-02,1.000000000000000e+00,0.000000000000000e+00,2.358639851496926e+03,2.358639851496926e+03,-1.966427058957042e+03,5.211959753782121e+01,1.000000000000000e+03,1.000000000000000e+00,
2.217378135089717e-02,0.000000000000000e+00,5.211959753782121e+01,2.188581322698621e+09,2.188520068995328e+09,1.854032422841617e+03,2.217378135089717e-02,0.000000000000000e+00,-1.000000000000000e+03,1.459013379330219e+09,6.125370329302334e+04,3.313539839651643e+05,7.874503606440703e-03,4.721426481084072e+08,2.500000000000000e-07,5.873893396065358e-04,9.881591642062769e+10,9.881591642062770e+10,-1.654160239235766e+00,2.217378135089717e-02,1.000000000000000e+00,0.000000000000000e+00,2.358639851496926e+03,2.358639851496926e+03,-2.239918529664860e+03,5.211959753782121e+01,1.000000000000000e+03,1.000000000000000e+00,
2.217378135089717e-02,0.000000000000000e+00,5.211959753782121e+01,2.188581322698621e+09,2.188520068995328e+09,1.854032422841617e+03,2.217378135089717e-02,0.000000000000000e+00,-1.000000000000000e+03,1.459013379330219e+09,6.125370329302334e+04,3.313539839651643e+05,7.874503606440703e-03,4.721426481084072e+08,2.500000000000000e-07,5.873893396065358e-04,9.881591642062769e+10,9.881591642062770e+10,-1.654160239235766e+00,2.217378135089717e-02,1.000000000000000e+00,0.000000000000000e+00,2.358639851496926e+03,2.358639851496926e+03,-2.239918529664860e+03,5.211959753782121e+01,1.000000000000000e+03,1.000000000000000e+00,
2.217378135089717e-02,0.000000000000000e+00,5.211959753782121e+01,2.188581322698621e+09,2.188520068995328e+09,1.854032422841617e+03,2.217378135089717e-02,0.000000000000000e+00,-1.000000000000000e+03,1.459013379330219e+09,6.125370329302334e+04,3.313539839651643e+05,7.874503606440703e-03,4.721426481084072e+08,2.500000000000000e-07,5.873893396065358e-04,9.881591642062769e+10,9.881591642062770e+10,-1.654160239235766e+00,2.217378135089717e-02,1.000000000000000e+00,0.000000000000000e+00,2.358639851496926e+03,2.358639851496926e+03,-1.966427058957042e+03,5.211959753782121e+01,1.000000000000000e+03,1.000000000000000e+00,
2.217378135089717e-02,0.000000000000000e+00,5.211959753782121e+01,2.188581322698621e+09,2.188520068995328e+09,1.854032422841617e+03,2.217378135089717e-02,0.000000000000000e+00,-1.000000000000000e+03,1.459013379330219e+09,6.125370329302334e+04,3.313539839651643e+05,7.874503606440703e-03,4.721426481084072e+08,2.500000000000000e-07,5.873893396065358e-04,9.881591642062769e+10,9.881591642062770e+10,-1.654160239235766e+00,2.217378135089717e-02,1.000000000000000e+00,0.000000000000000e+00,2.358639851496926e+03,2.358639851496926e+03,-1.672147819206910e+03,5.211959753782121e+01,1.000000000000000e+03,1.000000000000000e+00,
7.506938288767717e-08,0.000000000000000e+00,-7.506091126158186e-08,3.285728655675218e+03,3.285728655637671e+03,8.212195349089696e+02,7.506938288767717e-08,0.000000000000000e+00,-1.000000000000000e+03,2.190485770425114e+03,3.754726125797981e-08,2.205277112163334e+05,4.535336729734326e-06,8.180907559386947e+08,0.000000000000000e+00,6.565160969751460e-12,4.376922427288305e+10,4.376922427288306e+10,-7.124537154262535e+00,7.506938288767717e-08,1.000000000000000e+00,0.000000000000000e+00,-1.000000493405565e+00,1.000167428603681e+00,-6.018498564283269e-01,7.508195164963326e-08,1.000000000000000e+03,1.000000000000000e+00,
7.804558627314825e-08,0.000000000000000e+00,-7.508396979645581e-08,3.601275392811163e+03,3.601275392773441e+03,8.657617774729143e+02,7.804558627314825e-08,0.000000000000000e+00,-1.000000000000000e+03,2.400850261848961e+03,3.783386044607691e-08,2.264293596539362e+05,4.535534206913578e-06,8.195244203505453e+08,0.000000000000000e+00,1.191811963829892e-11,4.614322942196242e+10,4.614322942196242e+10,-7.107651652645350e+00,7.804558627314825e-08,1.000000000000000e+00,0.000000000000000e+00,-9.832017449008130e-01,1.000683458207297e+00,-4.417626830140249e-01,7.673455660556630e-08,1.000000000000000e+03,1.000000000000000e+00,
1.821967833854915e-07,0.000000000000000e+00,-2.870384791655198e-08,1.803816265187588e+04,1.803816265187362e+04,1.866365329693348e+03,1.821967833854915e-07,0.000000000000000e+00,-1.000000000000000e+03,1.202544176791575e+04,3.769305673343507e-08,3.324542302167946e+05,4.325380726487156e-06,8.447636330591143e+08,0.000000000000000e+00,1.422171359461294e-09,9.947323367013734e+10,9.947323367013734e+10,-6.739459294598272e+00,1.821967833854915e-07,1.000000000000000e+00,0.000000000000000e+00,-1.575431101646863e-01,9.814020941717133e-01,-3.856139263183409e-02,7.784119259163545e-08,1.000000000000000e+03,1.000000000000000e+00,
2.319562318744330e-06,0.000000000000000e+00,5.681194217795692e-03,1.914206104411092e+05,1.914136531010370e+05,1.924549784771489e+03,2.319562318744330e-06,0.000000000000000e+00,-1.000000000000000e+03,1.276091020673580e+05,6.957340072196778e+00,3.375966350995543e+05,8.088563748884031e-03,8.287981160857893e+08,0.000000000000000e+00,1.610035974906864e-09,1.025743392274874e+11,1.025743392274874e+11,-5.634593954973973e+00,2.319562318744330e-06,1.000000000000000e+00,0.000000000000000e+00,2.449252676630454e+03,2.449252676630454e+03,4.002552041224856e+02,5.681194217795692e-03,1.000000000000000e+03,1.000000000000000e+00,
2.556492749694551e-05,0.000000000000000e+00,6.368628147310097e-02,2.049812026775196e+06,2.049732700470665e+06,1.546479235328861e+03,2.556492749694551e-05,0.000000000000000e+00,-1.000000000000000e+03,1.366488466980444e+06,7.932630453099559e+01,3.026255423665691e+05,8.453449454066772e-03,7.285922890257514e+08,0.000000000000000e+00,8.602448841520527e-07,8.242399700339410e+10,8.242399700339409e+10,-4.592355434610479e+00,2.556492749694551e-05,1.000000000000000e+00,0.000000000000000e+00,2.531525344585259e+03,2.531525344585259e+03,-4.805926515527211e+00,6.368628147310097e-02,1.000000000000000e+03,1.000000000000000e+00,
2.818735493146036e-04,0.000000000000000e+00,6.759656154902137e-01,2.254847369753439e+07,2.254766317537927e+07,1.504176451934839e+03,2.818735493146036e-04,0.000000000000000e+00,-1.000000000000000e+03,1.503177545025284e+07,8.105221551226099e+02,2.984577956063403e+05,8.340999222085855e-03,6.418437694477932e+08,0.000000000000000e+00,8.621193681619843e-07,8.016935018237639e+10,8.016935018237639e+10,-3.549945675904470e+00,2.818735493146036e-04,1.000000000000000e+00,0.000000000000000e+00,2.489436240977943e+03,2.489436240977943e+03,-6.093324437985191e+02,6.759656154902137e-01,1.000000000000000e+03,1.000000000000000e+00,
3.068652212447374e-03,0.000000000000000e+00,7.238631345514764e+00,2.476220753917526e+08,2.476135378025882e+08,1.513969538371071e+03,3.068652212447374e-03,0.000000000000000e+00,-1.000000000000000e+03,1.650756918683922e+08,8.537589164345140e+03,2.994277885481474e+05,8.040058925214727e-03,5.564407120898316e+08,0.000000000000000e+00,5.692805568501172e-07,8.069130049935063e+10,8.069130049935063e+10,-2.513052329806655e+00,3.068652212447374e-03,1.000000000000000e+00,0.000000000000000e+00,2.396963545566724e+03,2.396963545566724e+03,-1.076980439129701e+03,7.238631345514764e+00,1.000000000000000e+03,1.000000000000000e+00,
7.506938288767717e-08,0.000000000000000e+00,-7.506091126158186e-08,3.285728655675218e+03,3.285728655637671e+03,8.212195349089696e+02,7.506938288767717e-08,0.000000000000000e+00,-1.000000000000000e+03,2.190485770425114e+03,3.754726125797981e-08,2.205277112163334e+05,4.535336729734326e-06,8.180907559386947e+08,0.000000000000000e+00,6.565160969751460e-12,4.376922427288305e+10,4.376922427288306e+10,-7.124537154262535e+00,7.506938288767717e-08,1.000000000000000e+00,0.000000000000000e+00,-1.000000493405565e+00,1.000167428603681e+00,-6.018498564283269e-01,7.508195164963326e-08,1.000000000000000e+03,1.000000000000000e+00,
7.804558627314825e-08,0.000000000000000e+00,-7.508396979645581e-08,3.601275392811163e+03,3.601275392773441e+03,8.657617774729143e+02,7.804558627314825e-08,0.000000000000000e+00,-1.000000000000000e+03,2.400850261848961e+03,3.783386044607691e-08,2.264293596539362e+05,4.535534206913578e-06,8.195244203505453e+08,0.000000000000000e+00,1.191811963829892e-11,4.614322942196242e+10,4.614322942196242e+10,-7.107651652645350e+00,7.804558627314825e-08,1.000000000000000e+00,0.000000000000000e+00,-9.832017449008130e-01,1.000683458207297e+00,-4.417626830140249e-01,7.673455660556630e-08,1.000000000000000e+03,1.000000000000000e+00,
1.821967833854915e-07,0.000000000000000e+00,-2.870384791655198e-08,1.803816265187588e+04,1.803816265187362e+04,1.866365329693348e+03,1.821967833854915e-07,0.000000000000000e+00,-1.000000000000000e+03,1.202544176791575e+04,3.769305673343507e-08,3.324542302167946e+05,4.325380726487156e-06,8.447636330591143e+08,0.000000000000000e+00,1.422171359461294e-09,9.947323367013734e+10,9.947323367013734e+10,-6.739459294598272e+00,1.821967833854915e-07,1.000000000000000e+00,0.000000000000000e+00,-1.575431101646863e-01,9.814020941717133e-01,-3.856139263183409e-02,7.784119259163545e-08,1.000000000000000e+03,1.000000000000000e+00,
2.319562318744330e-06,0.000000000000000e+00,5.681194217795692e-03,1.914206104411092e+05,1.914136531010370e+05,1.924549784771489e+03,2.319562318744330e-06,0.000000000000000e+00,-1.000000000000000e+03,1.276091020673580e+05,6.957340072196778e+00,3.375966350995543e+05,8.088563748884031e-03,8.287981160857893e+08,0.000000000000000e+00,1.610035974906864e-09,1.025743392274874e+11,1.025743392274874e+11,-5.634593954973973e+00,2.319562318744330e-06,1.000000000000000e+00,0.000000000000000e+00,2.449252676630454e+03,2.449252676630454e+03,4.002552041224856e+02,5.681194217795692e-03,1.000000000000000e+03,1.000000000000000e+00,
2.556492749694551e-05,0.000000000000000e+00,6.368628147310097e-02,2.049812026775196e+06,2.049732700470665e+06,1.546479235328861e+03,2.556492749694551e-05,0.000000000000000e+00,-1.000000000000000e+03,1.366488466980444e+06,7.932630453099559e+01,3.026255423665691e+05,8.453449454066772e-03,7.285922890257514e+08,0.000000000000000e+00,8.602448841520527e-07,8.242399700339410e+10,8.242399700339409e+10,-4.592355434610479e+00,2.556492749694551e-05,1.000000000000000e+00,0.000000000000000e+00,2.531525344585259e+03,2.531525344585259e+03,-4.805926515527211e+00,6.368628147310097e-02,1.000000000000000e+03,1.000000000000000e+00,
2.818735493146036e-04,0.000000000000000e+00,6.759656154902137e-01,2.254847369753439e+07,2.254766317537927e+07,1.504176451934839e+03,2.818735493146036e-04,0.000000000000000e+00,-1.000000000000000e+03,1.503177545025284e+07,8.105221551226099e+02,2.984577956063403e+05,8.340999222085855e-03,6.418437694477932e+08,0.000000000000000e+00,8.621193681619843e-07,8.016935018237639e+10,8.016935018237639e+10,-3.549945675904470e+00,2.818735493146036e-04,1.000000000000000e+00,0.000000000000000e+00,2.489436240977943e+03,2.489436240977943e+03,-6.093324437985191e+02,6.759656154902137e-01,1.000000000000000e+03,1.000000000000000e+00,
3.068652212447374e-03,0.000000000000000e+00,7.238631345514764e+00,2.476220753917526e+08,2.476135378025882e+08,1.513969538371071e+03,3.068652212447374e-03,0.000000000000000e+00,-1.000000000000000e+03,1.650756918683922e+08,8.537589164345140e+03,2.994277885481474e+05,8.040058925214727e-03,5.564407120898316e+08,0.000000000000000e+00,5.692805568501172e-07,8.069130049935063e+10,8.069130049935063e+10,-2.513052329806655e+00,3.068652212447374e-03,1.000000000000000e+00,0.000000000000000e+00,2.396963545566724e+03,2.396963545566724e+03,-1.076980439129701e+03,7.238631345514764e+00,1.000000000000000e+03,1.000000000000000e+00,
7.506938288767717e-08,0.000000000000000e+00,-7.506091126158186e-08,3.285728655675218e+03,3.285728655637671e+03,8.212195349089696e+02,7.506938288767717e-08,0.000000000000000e+00,-1.000000000000000e+03,2.190485770425114e+03,3.754726125797981e-08,2.205277112163334e+05,4.535336729734326e-06,8.180907559386947e+08,0.000000000000000e+00,6.565160969751460e-12,4.376922427288305e+10,4.376922427288306e+10,-7.124537154262535e+00,7.506938288767717e-08,1.000000000000000e+00,0.000000000000000e+00,-1.000000493405565e+00,1.000167428603681e+00,-7.090644989823316e-01,7.508195164963326e-08,1.000000000000000e+03,1.000000000000000e+00,
7.804558627314825e-08,0.000000000000000e+00,-7.508396979645581e-08,3.601275392811163e+03,3.601275392773441e+03,8.657617774729143e+02,7.804558627314825e-08,0.000000000000000e+00,-1.000000000000000e+03,2.400850261848961e+03,3.783386044607691e-08,2.264293596539362e+05,4.535534206913578e-06,8.195244203505453e+08,0.000000000000000e+00,1.191811963829892e-11,4.614322942196242e+10,4.614322942196242e+10,-7.107651652645350e+00,7.804558627314825e-08,1.000000000000000e+00,0.000000000000000e+00,-9.832017449008130e-01,1.000683458207297e+00,-5.478393557629605e-01,7.673455660556630e-08,1.000000000000000e+03,1.000000000000000e+00,
1.821967833854915e-07,0.000000000000000e+00,-2.870384791655198e-08,1.803816265187588e+04,1.803816265187362e+04,1.866365329693348e+03,1.821967833854915e-07,0.000000000000000e+00,-1.000000000000000e+03,1.202544176791575e+04,3.769305673343507e-08,3.324542302167946e+05,4.325380726487156e-06,8.447636330591143e+08,0.000000000000000e+00,1.422171359461294e-09,9.947323367013734e+10,9.947323367013734e+10,-6.739459294598272e+00,1.821967833854915e-07,1.000000000000000e+00,0.000000000000000e+00,-1.575431101646863e-01,9.814020941717133e-01,-5.028704825463182e-02,7.784119259163545e-08,1.000000000000000e+03,1.000000000000000e+00,
2.319562318744330e-06,0.000000000000000e+00,5.681194217795692e-03,1.914206104411092e+05,1.914136531010370e+05,1.924549784771489e+03,2.319562318744330e-06,0.000000000000000e+00,-1.000000000000000e+03,1.276091020673580e+05,6.957340072196778e+00,3.375966350995543e+05,8.088563748884031e-03,8.287981160857893e+08,0.000000000000000e+00,1.610035974906864e-09,1.025743392274874e+11,1.025743392274874e+11,-5.634593954973973e+00,2.319562318744330e-06,1.000000000000000e+00,0.000000000000000e+00,2.449252676630454e+03,2.449252676630454e+03,5.843924649668828e+02,5.681194217795692e-03,1.000000000000000e+03,1.000000000000000e+00,
2.556492749694551e-05,0.000000000000000e+00,6.368628147310097e-02,2.049812026775196e+06,2.049732700470665e+06,1.546479235328861e+03,2.556492749694551e-05,0.000000000000000e+00,-1.000000000000000e+03,1.366488466980444e+06,7.932630453099559e+01,3.026255423665691e+05,8.453449454066772e-03,7.285922890257514e+08,0.000000000000000e+00,8.602448841520527e-07,8.242399700339410e+10,8.242399700339409e+10,-4.592355434610479e+00,2.556492749694551e-05,1.000000000000000e+00,0.000000000000000e+00,2.531525344585259e+03,2.531525344585259e+03,-6.412075146373406e+00,6.368628147310097e-02,1.000000000000000e+03,1.000000000000000e+00,
2.818735493146036e-04,0.000000000000000e+00,6.759656154902137e-01,2.254847369753439e+07,2.254766317537927e+07,1.504176451934839e+03,2.818735493146036e-04,0.000000000000000e+00,-1.000000000000000e+03,1.503177545025284e+07,8.105221551226099e+02,2.984577956063403e+05,8.340999222085855e-03,6.418437694477932e+08,0.000000000000000e+00,8.621193681619843e-07,8.016935018237639e+10,8.016935018237639e+10,-3.549945675904470e+00,2.818735493146036e-04,1.000000000000000e+00,0.000000000000000e+00,2.489436240977943e+03,2.489436240977943e+03,-7.946167893094441e+02,6.759656154902137e-01,1.000000000000000e+03,1.000000000000000e+00,
3.068652212447374e-03,0.000000000000000e+00,7.238631345514764e+00,2.476220753917526e+08,2.476135378025882e+08,1.513969538371071e+03,3.068652212447374e-03,0.000000000000000e+00,-1.000000000000000e+03,1.650756918683922e+08,8.537589164345140e+03,2.994277885481474e+05,8.040058925214727e-03,5.564407120898316e+08,0.000000000000000e+00,5.692805568501172e-07,8.069130049935063e+10,8.069130049935063e+10,-2.513052329806655e+00,3.068652212447374e-03,1.000000000000000e+00,0.000000000000000e+00,2.396963545566724e+03,2.396963545566724e+03,-1.335586487108044e+03,7.238631345514764e+00,1.000000000000000e+03,1.000000000000000e+00,
7.506938288767717e-08,0.000000000000000e+00,-7.506091126158186e-08,3.285728655675218e+03,3.285728655637671e+03,8.212195349089696e+02,7.506938288767717e-08,0.000000000000000e+00,-1.000000000000000e+03,2.190485770425114e+03,3.754726125797981e-08,2.205277112163334e+05,4.535336729734326e-06,8.180907559386947e+08,0.000000000000000e+00,6.565160969751460e-12,4.376922427288305e+10,4.376922427288306e+10,-7.124537154262535e+00,7.506938288767717e-08,1.000000000000000e+00,0.000000000000000e+00,-1.000000493405565e+00,1.000167428603681e+00,-8.338518887678209e-01,7.508195164963326e-08,1.000000000000000e+03,1.000000000000000e+00,
7.804558627314825e-08,0.000000000000000e+00,-7.508396979645581e-08,3.601275392811163e+03,3.601275392773441e+03,8.657617774729143e+02,7.804558627314825e-08,0.000000000000000e+00,-1.000000000000000e+03,2.400850261848961e+03,3.783386044607691e-08,2.264293596539362e+05,4.535534206913578e-06,8.195244203505453e+08,0.000000000000000e+00,1.191811963829892e-11,4.614322942196242e+10,4.614322942196242e+10,-7.107651652645350e+00,7.804558627314825e-08,1.000000000000000e+00,0.000000000000000e+00,-9.832017449008130e-01,1.000683458207297e+00,-6.979390330630292e-01,7.673455660556630e-08,1.000000000000000e+03,1.000000000000000e+00,
1.821967833854915e-07,0.000000000000000e+00,-2.870384791655198e-08,1.803816265187588e+04,1.803816265187362e+04,1.866365329693348e+03,1.821967833854915e-07,0.000000000000000e+00,-1.000000000000000e+03,1.202544176791575e+04,3.769305673343507e-08,3.324542302167946e+05,4.325380726487156e-06,8.447636330591143e+08,0.000000000000000e+00,1.422171359461294e-09,9.947323367013734e+10,9.947323367013734e+10,-6.739459294598272e+00,1.821967833854915e-07,1.000000000000000e+00,0.000000000000000e+00,-1.575431101646863e-01,9.814020941717133e-01,-7.111619024061115e-02,7.784119259163545e-08,1.000000000000000e+03,1.000000000000000e+00,
2.319562318744330e-06,0.000000000000000e+00,5.681194217795692e-03,1.914206104411092e+05,1.914136531010370e+05,1.924549784771489e+03,2.319562318744330e-06,0.000000000000000e+00,-1.000000000000000e+03,1.276091020673580e+05,6.957340072196778e+00,3.375966350995543e+05,8.088563748884031e-03,8.287981160857893e+08,0.000000000000000e+00,1.610035974906864e-09,1.025743392274874e+11,1.025743392274874e+11,-5.634593954973973e+00,2.319562318744330e-06,1.000000000000000e+00,0.000000000000000e+00,2.449252676630454e+03,2.449252676630454e+03,1.037617777432918e+03,5.681194217795692e-03,1.000000000000000e+03,1.000000000000000e+00,
2.556492749694551e-05,0.000000000000000e+00,6.368628147310097e-02,2.049812026775196e+06,2.049732700470665e+06,1.546479235328861e+03,2.556492749694551e-05,0.000000000000000e+00,-1.000000000000000e+03,1.366488466980444e+06,7.932630453099559e+01,3.026255423665691e+05,8.453449454066772e-03,7.285922890257514e+08,0.000000000000000e+00,8.602448841520527e-07,8.242399700339410e+10,8.242399700339409e+10,-4.592355434610479e+00,2.556492749694551e-05,1.000000000000000e+00,0.000000000000000e+00,2.531525344585259e+03,2.531525344585259e+03,-9.630644189641464e+00,6.368628147310097e-02,1.000000000000000e+03,1.000000000000000e+00,
2.818735493146036e-04,0.000000000000000e+00,6.759656154902137e-01,2.254847369753439e+07,2.254766317537927e+07,1.504176451934839e+03,2.818735493146036e-04,0.000000000000000e+00,-1.000000000000000e+03,1.503177545025284e+07,8.105221551226099e+02,2.984577956063403e+05,8.340999222085855e-03,6.418437694477932e+08,0.000000000000000e+00,8.621193681619843e-07,8.016935018237639e+10,8.016935018237639e+10,-3.549945675904470e+00,2.818735493146036e-04,1.000000000000000e+00,0.000000000000000e+00,2.489436240977943e+03,2.489436240977943e+03,-1.123750960103510e+03,6.759656154902137e-01,1.000000000000000e+03,1.000000000000000e+00,
3.068652212447374e-03,0.000000000000000e+00,7.238631345514764e+00,2.476220753917526e+08,2.476135378025882e+08,1.513969538371071e+03,3.068652212447374e-03,0.000000000000000e+00,-1.000000000000000e+03,1.650756918683922e+08,8.537589164345140e+03,2.994277885481474e+05,8.040058925214727e-03,5.564407120898316e+08,0.000000000000000e+00,5.692805568501172e-07,8.069130049935063e+10,8.069130049935063e+10,-2.513052329806655e+00,3.068652212447374e-03,1.000000000000000e+00,0.000000000000000e+00,2.396963545566724e+03,2.396963545566724e+03,-1.701516934806638e+03,7.238631345514764e+00,1.000000000000000e+03,1.000000000000000e+00,
7.506938288767717e-08,0.000000000000000e+00,-7.506091126158186e-08,3.285728655675218e+03,3.285728655637671e+03,8.212195349089696e+02,7.506938288767717e-08,0.000000000000000e+00,-1.000000000000000e+03,2.190485770425114e+03,3.754726125797981e-08,2.205277112163334e+05,4.535336729734326e-06,8.180907559386947e+08,0.000000000000000e+00,6.565160969751460e-12,4.376922427288305e+10,4.376922427288306e+10,-7.124537154262535e+00,7.506938288767717e-08,1.000000000000000e+00,0.000000000000000e+00,-1.000000493405565e+00,1.000167428603681e+00,-9.498243467203460e-01,7.508195164963326e-08,1.000000000000000e+03,1.000000000000000e+00,
7.804558627314825e-08,0.000000000000000e+00,-7.508396979645581e-08,3.601275392811163e+03,3.601275392773441e+03,8.657617774729143e+02,7.804558627314825e-08,0.000000000000000e+00,-1.000000000000000e+03,2.400850261848961e+03,3.783386044607691e-08,2.264293596539362e+05,4.535534206913578e-06,8.195244203505453e+08,0.000000000000000e+00,1.191811963829892e-11,4.614322942196242e+10,4.614322942196242e+10,-7.107651652645350e+00,7.804558627314825e-08,1.000000000000000e+00,0.000000000000000e+00,-9.832017449008130e-01,1.000683458207297e+00,-8.814506050891344e-01,7.673455660556630e-08,1.000000000000000e+03,1.000000000000000e+00,
1.821967833854915e-07,0.000000000000000e+00,-2.870384791655198e-08,1.803816265187588e+04,1.803816265187362e+04,1.866365329693348e+03,1.821967833854915e-07,0.000000000000000e+00,-1.000000000000000e+03,1.202544176791575e+04,3.769305673343507e-08,3.324542302167946e+05,4.325380726487156e-06,8.447636330591143e+08,0.000000000000000e+00,1.422171359461294e-09,9.947323367013734e+10,9.947323367013734e+10,-6.739459294598272e+00,1.821967833854915e-07,1.000000000000000e+00,0.000000000000000e+00,-1.575431101646863e-01,9.814020941717133e-01,-1.122666864209990e-01,7.784119259163545e-08,1.000000000000000e+03,1.000000000000000e+00,
2.319562318744330e-06,0.000000000000000e+00,5.681194217795692e-03,1.914206104411092e+05,1.914136531010370e+05,1.924549784771489e+03,2.319562318744330e-06,0.000000000000000e+00,-1.000000000000000e+03,1.276091020673580e+05,6.957340072196778e+00,3.375966350995543e+05,8.088563748884031e-03,8.287981160857893e+08,0.000000000000000e+00,1.610035974906864e-09,1.025743392274874e+11,1.025743392274874e+11,-5.634593954973973e+00,2.319562318744330e-06,1.000000000000000e+00,0.000000000000000e+00,2.449252676630454e+03,2.449252676630454e+03,2.404694542924391e+03,5.681194217795692e-03,1.000000000000000e+03,1.000000000000000e+00,
2.556492749694551e-05,0.000000000000000e+00,6.368628147310097e-02,2.049812026775196e+06,2.049732700470665e+06,1.546479235328861e+03,2.556492749694551e-05,0.000000000000000e+00,-1.000000000000000e+03,1.366488466980444e+06,7.932630453099559e+01,3.026255423665691e+05,8.453449454066772e-03,7.285922890257514e+08,0.000000000000000e+00,8.602448841520527e-07,8.242399700339410e+10,8.242399700339409e+10,-4.592355434610479e+00,2.556492749694551e-05,1.000000000000000e+00,0.000000000000000e+00,2.531525344585259e+03,2.531525344585259e+03,-1.933666948395256e+01,6.368628147310097e-02,1.000000000000000e+03,1.000000000000000e+00,
2.818735493146036e-04,0.000000000000000e+00,6.759656154902137e-01,2.254847369753439e+07,2.254766317537927e+07,1.504176451934839e+03,2.818735493146036e-04,0.000000000000000e+00,-1.000000000000000e+03,1.503177545025284e+07,8.105221551226099e+02,2.984577956063403e+05,8.340999222085855e-03,6.418437694477932e+08,0.000000000000000e+00,8.621193681619843e-07,8.016935018237639e+10,8.016935018237639e+10,-3.549945675904470e+00,2.818735493146036e-04,1.000000000000000e+00,0.000000000000000e+00,2.489436240977943e+03,2.489436240977943e+03,-1.773995432353650e+03,6.759656154902137e-01,1.000000000000000e+03,1.000000000000000e+00,
3.068652212447374e-03,0.000000000000000e+00,7.238631345514764e+00,2.476220753917526e+08,2.476135378025882e+08,1.513969538371071e+03,3.068652212447374e-03,0.000000000000000e+00,-1.000000000000000e+03,1.650756918683922e+08,8.537589164345140e+03,2.994277885481474e+05,8.040058925214727e-03,5.564407120898316e+08,0.000000000000000e+00,5.692805568501172e-07,8.069130049935063e+10,8.069130049935063e+10,-2.513052329806655e+00,3.068652212447374e-03,1.000000000000000e+00,0.000000000000000e+00,2.396963545566724e+03,2.396963545566724e+03,-2.148902784778448e+03,7.238631345514764e+00,1.000000000000000e+03,1.000000000000000e+00,
7.506938288767717e-08,0.000000000000000e+00,-7.506091126158186e-08,3.285728655675218e+03,3.285728655637671e+03,8.212195349089696e+02,7.506938288767717e-08,0.000000000000000e+00,-1.000000000000000e+03,2.190485770425114e+03,3.754726125797981e-08,2.205277112163334e+05,4.535336729734326e-06,8.180907559386947e+08,0.000000000000000e+00,6.565160969751460e-12,4.376922427288305e+10,4.376922427288306e+10,-7.124537154262535e+00,7.506938288767717e-08,1.000000000000000e+00,0.000000000000000e+00,-1.000000493405565e+00,1.000167428603681e+00,-9.498243467203460e-01,7.508195164963326e-08,1.000000000000000e+03,1.000000000000000e+00,
7.804558627314825e-08,0.000000000000000e+00,-7.508396979645581e-08,3.601275392811163e+03,3.601275392773441e+03,8.657617774729143e+02,7.804558627314825e-08,0.000000000000000e+00,-1.000000000000000e+03,2.400850261848961e+03,3.783386044607691e-08,2.264293596539362e+05,4.535534206913578e-06,8.195244203505453e+08,0.000000000000000e+00,1.191811963829892e-11,4.614322942196242e+10,4.614322942196242e+10,-7.107651652645350e+00,7.804558627314825e-08,1.000000000000000e+00,0.000000000000000e+00,-9.832017449008130e-01,1.000683458207297e+00,-8.814506050891344e-01,7.673455660556630e-08,1.000000000000000e+03,1.000000000000000e+00,
1.821967833854915e-07,0.000000000000000e+00,-2.870384791655198e-08,1.803816265187588e+04,1.803816265187362e+04,1.866365329693348e+03,1.821967833854915e-07,0.000000000000000e+00,-1.000000000000000e+03,1.202544176791575e+04,3.769305673343507e-08,3.324542302167946e+05,4.325380726487156e-06,8.447636330591143e+08,0.000000000000000e+00,1.422171359461294e-09,9.947323367013734e+10,9.947323367013734e+10,-6.739459294598272e+00,1.821967833854915e-07,1.000000000000000e+00,0.000000000000000e+00,-1.575431101646863e-01,9.814020941717133e-01,-1.122666864209990e-01,7.784119259163545e-08,1.000000000000000e+03,1.000000000000000e+00,
2.319562318744330e-06,0.000000000000000e+00,5.681194217795692e-03,1.914206104411092e+05,1.914136531010370e+05,1.924549784771489e+03,2.319562318744330e-06,0.000000000000000e+00,-1.000000000000000e+03,1.276091020673580e+05,6.957340072196778e+00,3.375966350995543e+05,8.088563748884031e-03,8.287981160857893e+08,0.000000000000000e+00,1.610035974906864e-09,1.025743392274874e+11,1.025743392274874e+11,-5.634593954973973e+00,2.319562318744330e-06,1.000000000000000e+00,0.000000000000000e+00,2.449252676630454e+03,2.449252676630454e+03,2.404694542924391e+03,5.681194217795692e-03,1.000000000000000e+03,1.000000000000000e+00,
2.556492749694551e-05,0.000000000000000e+00,6.368628147310097e-02,2.049812026775196e+06,2.049732700470665e+06,1.546479235328861e+03,2.556492749694551e-05,0.000000000000000e+00,-1.000000000000000e+03,1.366488466980444e+06,7.932630453099559e+01,3.026255423665691e+05,8.453449454066772e-03,7.285922890257514e+08,0.000000000000000e+00,8.602448841520527e-07,8.242399700339410e+10,8.242399700339409e+10,-4.592355434610479e+00,2.556492749694551e-05,1.000000000000000e+00,0.000000000000000e+00,2.531525344585259e+03,2.531525344585259e+03,-1.933666948395256e+01,6.368628147310097e-02,1.000000000000000e+03,1.000000000000000e+00,
2.818735493146036e-04,0.000000000000000e+00,6.759656154902137e-01,2.254847369753439e+07,2.254766317537927e+07,1.504176451934839e+03,2.818735493146036e-04,0.000000000000000e+00,-1.000000000000000e+03,1.503177545025284e+07,8.105221551226099e+02,2.984577956063403e+05,8.340999222085855e-03,6.418437694477932e+08,0.000000000000000e+00,8.621193681619843e-07,8.016935018237639e+10,8.016935018237639e+10,-3.549945675904470e+00,2.818735493146036e-04,1.000000000000000e+00,0.000000000000000e+00,2.489436240977943e+03,2.489436240977943e+03,-1.773995432353650e+03,6.759656154902137e-01,1.000000000000000e+03,1.000000000000000e+00,
3.068652212447374e-03,0.000000000000000e+00,7.238631345514764e+00,2.476220753917526e+08,2.476135378025882e+08,1.513969538371071e+03,3.068652212447374e-03,0.000000000000000e+00,-1.000000000000000e+03,1.650756918683922e+08,8.537589164345140e+03,2.994277885481474e+05,8.040058925214727e-03,5.564407120898316e+08,0.000000000000000e+00,5.692805568501172e-07,8.069130049935063e+10,8.069130049935063e+10,-2.513052329806655e+00,3.068652212447374e-03,1.000000000000000e+00,0.000000000000000e+00,2.396963545566724e+03,2.396963545566724e+03,-2.148902784778448e+03,7.238631345514764e+00,1.000000000000000e+03,1.000000000000000e+00,
7.506938288767717e-08,0.000000000000000e+00,-7.506091126158186e-08,3.285728655675218e+03,3.285728655637671e+03,8.212195349089696e+02,7.506938288767717e-08,0.000000000000000e+00,-1.000000000000000e+03,2.190485770425114e+03,3.754726125797981e-08,2.205277112163334e+05,4.535336729734326e-06,8.180907559386947e+08,0.000000000000000e+00,6.565160969751460e-12,4.376922427288305e+10,4.376922427288306e+10,-7.124537154262535e+00,7.506938288767717e-08,1.000000000000000e+00,0.000000000000000e+00,-1.000000493405565e+00,1.000167428603681e+00,-8.338518887678209e-01,7.508195164963326e-08,1.000000000000000e+03,1.000000000000000e+00,
7.804558627314825e-08,0.000000000000000e+00,-7.508396979645581e-08,3.601275392811163e+03,3.601275392773441e+03,8.657617774729143e+02,7.804558627314825e-08,0.000000000000000e+00,-1.000000000000000e+03,2.400850261848961e+03,3.783386044607691e-08,2.264293596539362e+05,4.535534206913578e-06,8.195244203505453e+08,0.000000000000000e+00,1.191811963829892e-11,4.614322942196242e+10,4.614322942196242e+10,-7.107651652645350e+00,7.804558627314825e-08,1.000000000000000e+00,0.000000000000000e+00,-9.832017449008130e-01,1.000683458207297e+00,-6.979390330630292e-01,7.673455660556630e-08,1.000000000000000e+03,1.000000000000000e+00,
1.821967833854915e-07,0.000000000000000e+00,-2.870384791655198e-08,1.803816265187588e+04,1.803816265187362e+04,1.866365329693348e+03,1.821967833854915e-07,0.000000000000000e+00,-1.000000000000000e+03,1.202544176791575e+04,3.769305673343507e-08,3.324542302167946e+05,4.325380726487156e-06,8.447636330591143e+08,0.000000000000000e+00,1.422171359461294e-09,9.947323367013734e+10,9.947323367013734e+10,-6.739459294598272e+00,1.821967833854915e-07,1.000000000000000e+00,0.000000000000000e+00,-1.575431101646863e-01,9.814020941717133e-01,-7.111619024061115e-02,7.784119259163545e-08,1.000000000000000e+03,1.000000000000000e+00,
2.319562318744330e-06,0.000000000000000e+00,5.681194217795692e-03,1.914206104411092e+05,1.914136531010370e+05,1.924549784771489e+03,2.319562318744330e-06,0.000000000000000e+00,-1.000000000000000e+03,1.276091020673580e+05,6.957340072196778e+00,3.375966350995543e+05,8.088563748884031e-03,8.287981160857893e+08,0.000000000000000e+00,1.610035974906864e-09,1.025743392274874e+11,1.025743392274874e+11,-5.634593954973973e+00,2.319562318744330e-06,1.000000000000000e+00,0.000000000000000e+00,2.449252676630454e+03,2.449252676630454e+03,1.037617777432918e+03,5.681194217795692e-03,1.000000000000000e+03,1.000000000000000e+00,
2.556492749694551e-05,0.000000000000000e+00,6.368628147310097e-02,2.049812026775196e+06,2.049732700470665e+06,1.546479235328861e+03,2.556492749694551e-05,0.000000000000000e+00,-1.000000000000000e+03,1.366488466980444e+06,7.932630453099559e+01,3.026255423665691e+05,8.453449454066772e-03,7.285922890257514e+08,0.000000000000000e+00,8.602448841520527e-07,8.242399700339410e+10,8.242399700339409e+10,-4.592355434610479e+00,2.556492749694551e-05,1.000000000000000e+00,0.000000000000000e+00,2.531525344585259e+03,2.531525344585259e+03,-9.630644189641464e+00,6.368628147310097e-02,1.000000000000000e+03,1.000000000000000e+00,
2.818735493146036e-04,0.000000000000000e+00,6.759656154902137e-01,2.254847369753439e+07,2.254766317537927e+07,1.504176451934839e+03,2.818735493146036e-04,0.000000000000000e+00,-1.000000000000000e+03,1.503177545025284e+07,8.105221551226099e+02,2.984577956063403e+05,8.340999222085855e-03,6.418437694477932e+08,0.000000000000000e+00,8.621193681619843e-07,8.016935018237639e+10,8.016935018237639e+10,-3.549945675904470e+00,2.818735493146036e-04,1.000000000000000e+00,0.000000000000000e+00,2.489436240977943e+03,2.489436240977943e+03,-1.123750960103510e+03,6.759656154902137e-01,1.000000000000000e+03,1.000000000000000e+00,
3.068652212447374e-03,0.000000000000000e+00,7.238631345514764e+00,2.476220753917526e+08,2.476135378025882e+08,1.513969538371071e+03,3.068652212447374e-03,0.000000000000000e+00,-1.000000000000000e+03,1.650756918683922e+08,8.537589164345140e+03,2.994277885481474e+05,8.040058925214727e-03,5.564407120898316e+08,0.000000000000000e+00,5.692805568501172e-07,8.069130049935063e+10,8.069130049935063e+10,-2.513052329806655e+00,3.068652212447374e-03,1.000000000000000e+00,0.000000000000000e+00,2.396963545566724e+03,2.396963545566724e+03,-1.701516934806638e+03,7.238631345514764e+00,1.000000000000000e+03,1.000000000000000e+00,
7.506938288767717e-08,0.000000000000000e+00,-7.506091126158186e-08,3.285728655675218e+03,3.285728655637671e+03,8.212195349089696e+02,7.506938288767717e-08,0.000000000000000e+00,-1.000000000000000e+03,2.190485770425114e+03,3.754726125797981e-08,2.205277112163334e+05,4.535336729734326e-06,8.180907559386947e+08,0.000000000000000e+00,6.565160969751460e-12,4.376922427288305e+10,4.376922427288306e+10,-7.124537154262535e+00,7.506938288767717e-08,1.000000000000000e+00,0.000000000000000e+00,-1.000000493405565e+00,1.000167428603681e+00,-7.090644989823316e-01,7.508195164963326e-08,1.000000000000000e+03,1.000000000000000e+00,
7.804558627314825e-08,0.000000000000000e+00,-7.508396979645581e-08,3.601275392811163e+03,3.601275392773441e+03,8.657617774729143e+02,7.804558627314825e-08,0.000000000000000e+00,-1.000000000000000e+03,2.400850261848961e+03,3.783386044607691e-08,2.264293596539362e+05,4.535534206913578e-06,8.195244203505453e+08,0.000000000000000e+00,1.191811963829892e-11,4.614322942196242e+10,4.614322942196242e+10,-7.107651652645350e+00,7.804558627314825e-08,1.000000000000000e+00,0.000000000000000e+00,-9.832017449008130e-01,1.000683458207297e+00,-5.478393557629605e-01,7.673455660556630e-08,1.000000000000000e+03,1.000000000000000e+00,
1.821967833854915e-07,0.000000000000000e+00,-2.870384791655198e-08,1.803816265187588e+04,1.803816265187362e+04,1.866365329693348e+03,1.821967833854915e-07,0.000000000000000e+00,-1.000000000000000e+03,1.202544176791575e+04,3.769305673343507e-08,3.324542302167946e+05,4.325380726487156e-06,8.447636330591143e+08,0.000000000000000e+00,1.422171359461294e-09,9.947323367013734e+10,9.947323367013734e+10,-6.739459294598272e+00,1.821967833854915e-07,1.000000000000000e+00,0.000000000000000e+00,-1.575431101646863e-01,9.814020941717133e-01,-5.028704825463182e-02,7.784119259163545e-08,1.000000000000000e+03,1.000000000000000e+00,
2.319562318744330e-06,0.000000000000000e+00,5.681194217795692e-03,1.914206104411092e+05,1.914136531010370e+05,1.924549784771489e+03,2.319562318744330e-06,0.000000000000000e+00,-1.000000000000000e+03,1.276091020673580e+05,6.957340072196778e+00,3.375966350995543e+05,8.088563748884031e-03,8.287981160857893e+08,0.000000000000000e+00,1.610035974906864e-09,1.025743392274874e+11,1.025743392274874e+11,-5.634593954973973e+00,2.319562318744330e-06,1.000000000000000e+00,0.000000000000000e+00,2.449252676630454e+03,2.449252676630454e+03,5.843924649668828e+02,5.681194217795692e-03,1.000000000000000e+03,1.000000000000000e+00,
2.556492749694551e-05,0.000000000000000e+00,6.368628147310097e-02,2.049812026775196e+06,2.049732700470665e+06,1.546479235328861e+03,2.556492749694551e-05,0.000000000000000e+00,-1.000000000000000e+03,1.366488466980444e+06,7.932630453099559e+01,3.026255423665691e+05,8.453449454066772e-03,7.285922890257514e+08,0.000000000000000e+00,8.602448841520527e-07,8.242399700339410e+10,8.242399700339409e+10,-4.592355434610479e+00,2.556492749694551e-05,1.000000000000000e+00,0.000000000000000e+00,2.531525344585259e+03,2.531525344585259e+03,-6.412075146373406e+00,6.368628147310097e-02,1.000000000000000e+03,1.000000000000000e+00,
2.818735493146036e-04,0.000000000000000e+00,6.759656154902137e-01,2.254847369753439e+07,2.254766317537927e+07,1.504176451934839e+03,2.818735493146036e-04,0.000000000000000e+00,-1.000000000000000e+03,1.503177545025284e+07,8.105221551226099e+02,2.984577956063403e+05,8.340999222085855e-03,6.418437694477932e+08,0.000000000000000e+00,8.621193681619843e-07,8.016935018237639e+10,8.016935018237639e+10,-3.549945675904470e+00,2.818735493146036e-04,1.000000000000000e+00,0.000000000000000e+00,2.489436240977943e+03,2.489436240977943e+03,-7.946167893094441e+02,6.759656154902137e-01,1.000000000000000e+03,1.000000000000000e+00,
3.068652212447374e-03,0.000000000000000e+00,7.238631345514764e+00,2.476220753917526e+08,2.476135378025882e+08,1.513969538371071e+03,3.068652212447374e-03,0.000000000000000e+00,-1.000000000000000e+03,1.650756918683922e+08,8.537589164345140e+03,2.994277885481474e+05,8.040058925214727e-03,5.564407120898316e+08,0.000000000000000e+00,5.692805568501172e-07,8.069130049935063e+10,8.069130049935063e+10,-2.513052329806655e+00,3.068652212447374e-03,1.000000000000000e+00,0.000000000000000e+00,2.396963545566724e+03,2.396963545566724e+03,-1.335586487108044e+03,7.238631345514764e+00,1.000000000000000e+03,1.000000000000000e+00,

