1
0
28
0
(64 0
((0,0) (63,63) (0,0))
((448,0) (511,63) (0,0))
((384,0) (447,63) (0,0))
((320,0) (383,63) (0,0))
((256,0) (319,63) (0,0))
((192,0) (255,63) (0,0))
((128,0) (191,63) (0,0))
((64,0) (127,63) (0,0))
((0,448) (63,511) (0,0))
((0,384) (63,447) (0,0))
((0,320) (63,383) (0,0))
((0,256) (63,319) (0,0))
((0,192) (63,255) (0,0))
((0,128) (63,191) (0,0))
((0,64) (63,127) (0,0))
((448,448) (511,511) (0,0))
((448,384) (511,447) (0,0))
((448,320) (511,383) (0,0))
((448,256) (511,319) (0,0))
((448,192) (511,255) (0,0))
((448,128) (511,191) (0,0))
((448,64) (511,127) (0,0))
((384,448) (447,511) (0,0))
((384,384) (447,447) (0,0))
((384,320) (447,383) (0,0))
((384,256) (447,319) (0,0))
((384,192) (447,255) (0,0))
((384,128) (447,191) (0,0))
((384,64) (447,127) (0,0))
((320,448) (383,511) (0,0))
((320,384) (383,447) (0,0))
((320,320) (383,383) (0,0))
((320,256) (383,319) (0,0))
((320,192) (383,255) (0,0))
((320,128) (383,191) (0,0))
((320,64) (383,127) (0,0))
((256,448) (319,511) (0,0))
((256,384) (319,447) (0,0))
((256,320) (319,383) (0,0))
((256,256) (319,319) (0,0))
((256,192) (319,255) (0,0))
((256,128) (319,191) (0,0))
((256,64) (319,127) (0,0))
((192,448) (255,511) (0,0))
((192,384) (255,447) (0,0))
((192,320) (255,383) (0,0))
((192,256) (255,319) (0,0))
((192,192) (255,255) (0,0))
((192,128) (255,191) (0,0))
((192,64) (255,127) (0,0))
((128,448) (191,511) (0,0))
((128,384) (191,447) (0,0))
((128,320) (191,383) (0,0))
((128,256) (191,319) (0,0))
((128,192) (191,255) (0,0))
((128,128) (191,191) (0,0))
((128,64) (191,127) (0,0))
((64,448) (127,511) (0,0))
((64,384) (127,447) (0,0))
((64,320) (127,383) (0,0))
((64,256) (127,319) (0,0))
((64,192) (127,255) (0,0))
((64,128) (127,191) (0,0))
((64,64) (127,127) (0,0))
)
64
FabOnDisk: Cell_D_0000 0
FabOnDisk: Cell_D_0001 0
FabOnDisk: Cell_D_0001 917590
FabOnDisk: Cell_D_0001 1835180
FabOnDisk: Cell_D_0001 2752770
FabOnDisk: Cell_D_0000 917587
FabOnDisk: Cell_D_0000 1835177
FabOnDisk: Cell_D_0000 2752767
FabOnDisk: Cell_D_0002 0
FabOnDisk: Cell_D_0002 917590
FabOnDisk: Cell_D_0002 1835180
FabOnDisk: Cell_D_0002 2752770
FabOnDisk: Cell_D_0000 3670356
FabOnDisk: Cell_D_0000 4587946
FabOnDisk: Cell_D_0000 5505536
FabOnDisk: Cell_D_0003 0
FabOnDisk: Cell_D_0003 917593
FabOnDisk: Cell_D_0003 1835186
FabOnDisk: Cell_D_0003 2752779
FabOnDisk: Cell_D_0001 3670360
FabOnDisk: Cell_D_0001 4587953
FabOnDisk: Cell_D_0001 5505546
FabOnDisk: Cell_D_0003 3670372
FabOnDisk: Cell_D_0003 4587965
FabOnDisk: Cell_D_0003 5505558
FabOnDisk: Cell_D_0003 6423151
FabOnDisk: Cell_D_0001 6423138
FabOnDisk: Cell_D_0001 7340731
FabOnDisk: Cell_D_0001 8258324
FabOnDisk: Cell_D_0003 7340744
FabOnDisk: Cell_D_0003 8258337
FabOnDisk: Cell_D_0003 9175930
FabOnDisk: Cell_D_0003 10093523
FabOnDisk: Cell_D_0001 9175916
FabOnDisk: Cell_D_0001 10093509
FabOnDisk: Cell_D_0001 11011102
FabOnDisk: Cell_D_0003 11011116
FabOnDisk: Cell_D_0003 11928709
FabOnDisk: Cell_D_0003 12846302
FabOnDisk: Cell_D_0003 13763895
FabOnDisk: Cell_D_0001 11928694
FabOnDisk: Cell_D_0001 12846287
FabOnDisk: Cell_D_0001 13763880
FabOnDisk: Cell_D_0002 3670360
FabOnDisk: Cell_D_0002 4587953
FabOnDisk: Cell_D_0002 5505546
FabOnDisk: Cell_D_0002 6423139
FabOnDisk: Cell_D_0000 6423125
FabOnDisk: Cell_D_0000 7340718
FabOnDisk: Cell_D_0000 8258311
FabOnDisk: Cell_D_0002 7340732
FabOnDisk: Cell_D_0002 8258325
FabOnDisk: Cell_D_0002 9175918
FabOnDisk: Cell_D_0002 10093511
FabOnDisk: Cell_D_0000 9175903
FabOnDisk: Cell_D_0000 10093496
FabOnDisk: Cell_D_0000 11011089
FabOnDisk: Cell_D_0002 11011104
FabOnDisk: Cell_D_0002 11928696
FabOnDisk: Cell_D_0002 12846288
FabOnDisk: Cell_D_0002 13763880
FabOnDisk: Cell_D_0000 11928681
FabOnDisk: Cell_D_0000 12846273
FabOnDisk: Cell_D_0000 13763865

64,28
2.719396434879392e-03,0.000000000000000e+00,6.008931574562765e+00,2.189901767308685e+08,2.189835378939919e+08,1.510877891064817e+03,2.719396434879392e-03,0.000000000000000e+00,-1.000000000000000e+03,1.459890252626613e+08,6.638836876569405e+03,2.991219045204916e+05,6.611685267326224e-03,4.184997450282637e+08,0.000000000000000e+00,-3.603117476404805e-08,8.052652238756947e+10,8.052652238756947e+10,-2.565527476145317e+00,2.719396434879392e-03,1.000000000000000e+00,0.000000000000000e+00,2.189416614703114e+03,2.189416614703114e+03,-1.748654597768247e+03,6.008931574562765e+00,1.000000000000000e+03,1.000000000000000e+00,
2.719396434879392e-03,0.000000000000000e+00,6.008931574562765e+00,2.189901767308685e+08,2.189835378939919e+08,1.510877891064817e+03,2.719396434879392e-03,0.000000000000000e+00,-1.000000000000000e+03,1.459890252626613e+08,6.638836876569405e+03,2.991219045204916e+05,6.611685267326224e-03,4.184997450282637e+08,0.000000000000000e+00,-3.603117476404805e-08,8.052652238756947e+10,8.052652238756947e+10,-2.565527476145317e+00,2.719396434879392e-03,1.000000000000000e+00,0.000000000000000e+00,2.189416614703114e+03,2.189416614703114e+03,-1.748654597768247e+03,6.008931574562765e+00,1.000000000000000e+03,1.000000000000000e+00,
2.719396434879392e-03,0.000000000000000e+00,6.008931574562765e+00,2.189901767308685e+08,2.189835378939919e+08,1.510877891064817e+03,2.719396434879392e-03,0.000000000000000e+00,-1.000000000000000e+03,1.459890252626613e+08,6.638836876569405e+03,2.991219045204916e+05,6.611685267326224e-03,4.184997450282637e+08,0.000000000000000e+00,-3.603117476404805e-08,8.052652238756947e+10,8.052652238756947e+10,-2.565527476145317e+00,2.719396434879392e-03,1.000000000000000e+00,0.000000000000000e+00,2.189416614703114e+03,2.189416614703114e+03,-1.955971725675313e+03,6.008931574562765e+00,1.000000000000000e+03,1.000000000000000e+00,
2.719396434879392e-03,0.000000000000000e+00,6.008931574562765e+00,2.189901767308685e+08,2.189835378939919e+08,1.510877891064817e+03,2.719396434879392e-03,0.000000000000000e+00,-1.000000000000000e+03,1.459890252626613e+08,6.638836876569405e+03,2.991219045204916e+05,6.611685267326224e-03,4.184997450282637e+08,0.000000000000000e+00,-3.603117476404805e-08,8.052652238756947e+10,8.052652238756947e+10,-2.565527476145317e+00,2.719396434879392e-03,1.000000000000000e+00,0.000000000000000e+00,2.189416614703114e+03,2.189416614703114e+03,-2.122818649195443e+03,6.008931574562765e+00,1.000000000000000e+03,1.000000000000000e+00,
2.719396434879392e-03,0.000000000000000e+00,6.008931574562765e+00,2.189901767308685e+08,2.189835378939919e+08,1.510877891064817e+03,2.719396434879392e-03,0.000000000000000e+00,-1.000000000000000e+03,1.459890252626613e+08,6.638836876569405e+03,2.991219045204916e+05,6.611685267326224e-03,4.184997450282637e+08,0.000000000000000e+00,-3.603117476404805e-08,8.052652238756947e+10,8.052652238756947e+10,-2.565527476145317e+00,2.719396434879392e-03,1.000000000000000e+00,0.000000000000000e+00,2.189416614703114e+03,2.189416614703114e+03,-2.209648886776831e+03,6.008931574562765e+00,1.000000000000000e+03,1.000000000000000e+00,
2.719396434879392e-03,0.000000000000000e+00,6.008931574562765e+00,2.189901767308685e+08,2.189835378939919e+08,1.510877891064817e+03,2.719396434879392e-03,0.000000000000000e+00,-1.000000000000000e+03,1.459890252626613e+08,6.638836876569405e+03,2.991219045204916e+05,6.611685267326224e-03,4.184997450282637e+08,0.000000000000000e+00,-3.603117476404805e-08,8.052652238756947e+10,8.052652238756947e+10,-2.565527476145317e+00,2.719396434879392e-03,1.000000000000000e+00,0.000000000000000e+00,2.189416614703114e+03,2.189416614703114e+03,-2.209648886776831e+03,6.008931574562765e+00,1.000000000000000e+03,1.000000000000000e+00,
2.719396434879392e-03,0.000000000000000e+00,6.008931574562765e+00,2.189901767308685e+08,2.189835378939919e+08,1.510877891064817e+03,2.719396434879392e-03,0.000000000000000e+00,-1.000000000000000e+03,1.459890252626613e+08,6.638836876569405e+03,2.991219045204916e+05,6.611685267326224e-03,4.184997450282637e+08,0.000000000000000e+00,-3.603117476404805e-08,8.052652238756947e+10,8.052652238756947e+10,-2.565527476145317e+00,2.719396434879392e-03,1.000000000000000e+00,0.000000000000000e+00,2.189416614703114e+03,2.189416614703114e+03,-2.122818649195443e+03,6.008931574562765e+00,1.000000000000000e+03,1.000000000000000e+00,
2.719396434879392e-03,0.000000000000000e+00,6.008931574562765e+00,2.189901767308685e+08,2.189835378939919e+08,1.510877891064817e+03,2.719396434879392e-03,0.000000000000000e+00,-1.000000000000000e+03,1.459890252626613e+08,6.638836876569405e+03,2.991219045204916e+05,6.611685267326224e-03,4.184997450282637e+08,0.000000000000000e+00,-3.603117476404805e-08,8.052652238756947e+10,8.052652238756947e+10,-2.565527476145317e+00,2.719396434879392e-03,1.000000000000000e+00,0.000000000000000e+00,2.189416614703114e+03,2.189416614703114e+03,-1.955971725675313e+03,6.008931574562765e+00,1.000000000000000e+03,1.000000000000000e+00,
7.506086963214719e-08,0.000000000000000e+00,-7.506891949673710e-08,4.047744929357298e+03,4.047744929319767e+03,1.011789033152658e+03,7.506086963214719e-08,0.000000000000000e+00,-1.000000000000000e+03,2.698496619546512e+03,3.753043628344423e-08,2.447814584911549e+05,4.085276824573187e-06,8.292172387422423e+08,0.000000000000000e+00,-2.518511510452015e-16,5.392616617895129e+10,5.392616617895129e+10,-7.124586408291509e+00,7.506086963214719e-08,1.000000000000000e+00,0.000000000000000e+00,-1.000089409668375e+00,1.000000019510633e+00,-7.986851939937100e-01,7.506087110240334e-08,1.000000000000000e+03,1.000000000000000e+00,
7.506240451042749e-08,0.000000000000000e+00,-7.664673635126270e-08,4.047907134470831e+03,4.047907134433292e+03,1.011808888611012e+03,7.506240451042749e-08,0.000000000000000e+00,-1.000000000000000e+03,2.698604756288862e+03,3.753872232338418e-08,2.447838602883930e+05,4.048177631647373e-06,8.292175580899428e+08,0.000000000000000e+00,-3.240110933562801e-10,5.392722443191873e+10,5.392722443191873e+10,-7.124577527734228e+00,7.506240451042749e-08,1.000000000000000e+00,0.000000000000000e+00,-1.004514327058132e+00,1.000100179198377e+00,-7.053336185245300e-01,7.506992420193959e-08,1.000000000000000e+03,1.000000000000000e+00,
7.663222891161801e-08,0.000000000000000e+00,-7.760197600494499e-08,4.232014825371820e+03,4.232014825333418e+03,1.036158382835537e+03,7.663222891161801e-08,0.000000000000000e+00,-1.000000000000000e+03,2.821343216888946e+03,8.563675343866899e-09,2.477117495691678e+05,1.032520039705203e-06,8.297495611657786e+08,0.000000000000000e+00,-2.066125236419388e-08,5.522499978715631e+10,5.522499978715631e+10,-7.115588542446202e+00,7.663222891161801e-08,1.000000000000000e+00,0.000000000000000e+00,-1.001110018502341e+00,3.281757209647232e-01,-5.528120079953360e-01,5.090831830470244e-08,1.000000000000000e+03,1.000000000000000e+00,
1.651093160389413e-07,0.000000000000000e+00,-5.174321676431052e-08,1.501326877004038e+04,1.501326877003227e+04,1.540284116438766e+03,1.651093160389413e-07,0.000000000000000e+00,-1.000000000000000e+03,1.000884584668818e+04,6.807862248707731e-13,3.020187826598824e+05,7.371720879339990e-09,7.353859443109474e+08,0.000000000000000e+00,-3.341040521706620e-04,8.209381057142157e+10,8.209381057142157e+10,-6.782228421648404e+00,1.651093160389413e-07,1.000000000000000e+00,0.000000000000000e+00,-3.133876270925065e-01,2.362133853180672e-03,-9.817376074333146e-02,5.764162974541664e-10,1.000000000000000e+03,1.000000000000000e+00,
2.052681930130884e-06,0.000000000000000e+00,4.321139148970079e-03,1.683482659652602e+05,1.683437177098119e+05,1.502993098103895e+03,2.052681930130884e-06,0.000000000000000e+00,-1.000000000000000e+03,1.122291451398746e+05,4.548255448317624e+00,2.983403723260910e+05,6.973651172015692e-03,6.488604039777999e+08,0.000000000000000e+00,-5.529295705074446e-06,8.010627998370351e+10,8.010627998370352e+10,-5.687678340785657e+00,2.052681930130884e-06,1.000000000000000e+00,0.000000000000000e+00,2.105118715930116e+03,2.105118715930116e+03,-7.131971564379722e+02,4.321139148970079e-03,1.000000000000000e+03,1.000000000000000e+00,
2.259106357106404e-05,0.000000000000000e+00,5.144088252326502e-02,1.809593588301704e+06,1.809535021683394e+06,1.500397531759706e+03,2.259106357106404e-05,0.000000000000000e+00,-1.000000000000000e+03,1.206356681122263e+06,5.856661831012055e+01,2.980826542975972e+05,7.583193798586827e-03,5.634912352393956e+08,0.000000000000000e+00,-1.938175564135918e-07,7.996794191379077e+10,7.996794191379077e+10,-4.646063322325718e+00,2.259106357106404e-05,1.000000000000000e+00,0.000000000000000e+00,2.260420243629129e+03,2.260420243629129e+03,-1.248201926560785e+03,5.144088252326502e-02,1.000000000000000e+03,1.000000000000000e+00,
2.490336300604756e-04,0.000000000000000e+00,5.627240922128447e-01,1.991540390060220e+07,1.991476812622129e+07,1.500402147383811e+03,2.490336300604756e-04,0.000000000000000e+00,-1.000000000000000e+03,1.327651208414753e+07,6.357743809136790e+02,2.980831127882297e+05,7.390946120656658e-03,4.788678202012243e+08,0.000000000000000e+00,2.968733533591603e-07,7.996818791656839e+10,7.996818791656837e+10,-3.603742000842109e+00,2.490336300604756e-04,1.000000000000000e+00,0.000000000000000e+00,2.210244821466233e+03,2.210244821466233e+03,-1.558803818032964e+03,5.627240922128447e-01,1.000000000000000e+03,1.000000000000000e+00,
7.506086963214719e-08,0.000000000000000e+00,-7.506891949673710e-08,4.047744929357298e+03,4.047744929319767e+03,1.011789033152658e+03,7.506086963214719e-08,0.000000000000000e+00,-1.000000000000000e+03,2.698496619546512e+03,3.753043628344423e-08,2.447814584911549e+05,4.085276824573187e-06,8.292172387422423e+08,0.000000000000000e+00,-2.518511510452015e-16,5.392616617895129e+10,5.392616617895129e+10,-7.124586408291509e+00,7.506086963214719e-08,1.000000000000000e+00,0.000000000000000e+00,-1.000089409668375e+00,1.000000019510633e+00,-7.986851939937100e-01,7.506087110240334e-08,1.000000000000000e+03,1.000000000000000e+00,
7.506240451042749e-08,0.000000000000000e+00,-7.664673635126270e-08,4.047907134470831e+03,4.047907134433292e+03,1.011808888611012e+03,7.506240451042749e-08,0.000000000000000e+00,-1.000000000000000e+03,2.698604756288862e+03,3.753872232338418e-08,2.447838602883930e+05,4.048177631647373e-06,8.292175580899428e+08,0.000000000000000e+00,-3.240110933562801e-10,5.392722443191873e+10,5.392722443191873e+10,-7.124577527734228e+00,7.506240451042749e-08,1.000000000000000e+00,0.000000000000000e+00,-1.004514327058132e+00,1.000100179198377e+00,-7.053336185245300e-01,7.506992420193959e-08,1.000000000000000e+03,1.000000000000000e+00,
7.663222891161801e-08,0.000000000000000e+00,-7.760197600494499e-08,4.232014825371820e+03,4.232014825333418e+03,1.036158382835537e+03,7.663222891161801e-08,0.000000000000000e+00,-1.000000000000000e+03,2.821343216888946e+03,8.563675343866899e-09,2.477117495691678e+05,1.032520039705203e-06,8.297495611657786e+08,0.000000000000000e+00,-2.066125236419388e-08,5.522499978715631e+10,5.522499978715631e+10,-7.115588542446202e+00,7.663222891161801e-08,1.000000000000000e+00,0.000000000000000e+00,-1.001110018502341e+00,3.281757209647232e-01,-5.528120079953360e-01,5.090831830470244e-08,1.000000000000000e+03,1.000000000000000e+00,
1.651093160389413e-07,0.000000000000000e+00,-5.174321676431052e-08,1.501326877004038e+04,1.501326877003227e+04,1.540284116438766e+03,1.651093160389413e-07,0.000000000000000e+00,-1.000000000000000e+03,1.000884584668818e+04,6.807862248707731e-13,3.020187826598824e+05,7.371720879339990e-09,7.353859443109474e+08,0.000000000000000e+00,-3.341040521706620e-04,8.209381057142157e+10,8.209381057142157e+10,-6.782228421648404e+00,1.651093160389413e-07,1.000000000000000e+00,0.000000000000000e+00,-3.133876270925065e-01,2.362133853180672e-03,-9.817376074333146e-02,5.764162974541664e-10,1.000000000000000e+03,1.000000000000000e+00,
2.052681930130884e-06,0.000000000000000e+00,4.321139148970079e-03,1.683482659652602e+05,1.683437177098119e+05,1.502993098103895e+03,2.052681930130884e-06,0.000000000000000e+00,-1.000000000000000e+03,1.122291451398746e+05,4.548255448317624e+00,2.983403723260910e+05,6.973651172015692e-03,6.488604039777999e+08,0.000000000000000e+00,-5.529295705074446e-06,8.010627998370351e+10,8.010627998370352e+10,-5.687678340785657e+00,2.052681930130884e-06,1.000000000000000e+00,0.000000000000000e+00,2.105118715930116e+03,2.105118715930116e+03,-7.131971564379722e+02,4.321139148970079e-03,1.000000000000000e+03,1.000000000000000e+00,
2.259106357106404e-05,0.000000000000000e+00,5.144088252326502e-02,1.809593588301704e+06,1.809535021683394e+06,1.500397531759706e+03,2.259106357106404e-05,0.000000000000000e+00,-1.000000000000000e+03,1.206356681122263e+06,5.856661831012055e+01,2.980826542975972e+05,7.583193798586827e-03,5.634912352393956e+08,0.000000000000000e+00,-1.938175564135918e-07,7.996794191379077e+10,7.996794191379077e+10,-4.646063322325718e+00,2.259106357106404e-05,1.000000000000000e+00,0.000000000000000e+00,2.260420243629129e+03,2.260420243629129e+03,-1.248201926560785e+03,5.144088252326502e-02,1.000000000000000e+03,1.000000000000000e+00,
2.490336300604756e-04,0.000000000000000e+00,5.627240922128447e-01,1.991540390060220e+07,1.991476812622129e+07,1.500402147383811e+03,2.490336300604756e-04,0.000000000000000e+00,-1.000000000000000e+03,1.327651208414753e+07,6.357743809136790e+02,2.980831127882297e+05,7.390946120656658e-03,4.788678202012243e+08,0.000000000000000e+00,2.968733533591603e-07,7.996818791656839e+10,7.996818791656837e+10,-3.603742000842109e+00,2.490336300604756e-04,1.000000000000000e+00,0.000000000000000e+00,2.210244821466233e+03,2.210244821466233e+03,-1.558803818032964e+03,5.627240922128447e-01,1.000000000000000e+03,1.000000000000000e+00,
7.506086963214719e-08,0.000000000000000e+00,-7.506891949673710e-08,4.047744929357298e+03,4.047744929319767e+03,1.011789033152658e+03,7.506086963214719e-08,0.000000000000000e+00,-1.000000000000000e+03,2.698496619546512e+03,3.753043628344423e-08,2.447814584911549e+05,4.085276824573187e-06,8.292172387422423e+08,0.000000000000000e+00,-2.518511510452015e-16,5.392616617895129e+10,5.392616617895129e+10,-7.124586408291509e+00,7.506086963214719e-08,1.000000000000000e+00,0.000000000000000e+00,-1.000089409668375e+00,1.000000019510633e+00,-8.933757753881142e-01,7.506087110240334e-08,1.000000000000000e+03,1.000000000000000e+00,
7.506240451042749e-08,0.000000000000000e+00,-7.664673635126270e-08,4.047907134470831e+03,4.047907134433292e+03,1.011808888611012e+03,7.506240451042749e-08,0.000000000000000e+00,-1.000000000000000e+03,2.698604756288862e+03,3.753872232338418e-08,2.447838602883930e+05,4.048177631647373e-06,8.292175580899428e+08,0.000000000000000e+00,-3.240110933562801e-10,5.392722443191873e+10,5.392722443191873e+10,-7.124577527734228e+00,7.506240451042749e-08,1.000000000000000e+00,0.000000000000000e+00,-1.004514327058132e+00,1.000100179198377e+00,-8.304619581436363e-01,7.506992420193959e-08,1.000000000000000e+03,1.000000000000000e+00,
7.663222891161801e-08,0.000000000000000e+00,-7.760197600494499e-08,4.232014825371820e+03,4.232014825333418e+03,1.036158382835537e+03,7.663222891161801e-08,0.000000000000000e+00,-1.000000000000000e+03,2.821343216888946e+03,8.563675343866899e-09,2.477117495691678e+05,1.032520039705203e-06,8.297495611657786e+08,0.000000000000000e+00,-2.066125236419388e-08,5.522499978715631e+10,5.522499978715631e+10,-7.115588542446202e+00,7.663222891161801e-08,1.000000000000000e+00,0.000000000000000e+00,-1.001110018502341e+00,3.281757209647232e-01,-7.051211012843180e-01,5.090831830470244e-08,1.000000000000000e+03,1.000000000000000e+00,
1.651093160389413e-07,0.000000000000000e+00,-5.174321676431052e-08,1.501326877004038e+04,1.501326877003227e+04,1.540284116438766e+03,1.651093160389413e-07,0.000000000000000e+00,-1.000000000000000e+03,1.000884584668818e+04,6.807862248707731e-13,3.020187826598824e+05,7.371720879339990e-09,7.353859443109474e+08,0.000000000000000e+00,-3.341040521706620e-04,8.209381057142157e+10,8.209381057142157e+10,-6.782228421648404e+00,1.651093160389413e-07,1.000000000000000e+00,0.000000000000000e+00,-3.133876270925065e-01,2.362133853180672e-03,-1.388378191663134e-01,5.764162974541664e-10,1.000000000000000e+03,1.000000000000000e+00,
2.052681930130884e-06,0.000000000000000e+00,4.321139148970079e-03,1.683482659652602e+05,1.683437177098119e+05,1.502993098103895e+03,2.052681930130884e-06,0.000000000000000e+00,-1.000000000000000e+03,1.122291451398746e+05,4.548255448317624e+00,2.983403723260910e+05,6.973651172015692e-03,6.488604039777999e+08,0.000000000000000e+00,-5.529295705074446e-06,8.010627998370351e+10,8.010627998370352e+10,-5.687678340785657e+00,2.052681930130884e-06,1.000000000000000e+00,0.000000000000000e+00,2.105118715930116e+03,2.105118715930116e+03,-1.008606954503269e+03,4.321139148970079e-03,1.000000000000000e+03,1.000000000000000e+00,
2.259106357106404e-05,0.000000000000000e+00,5.144088252326502e-02,1.809593588301704e+06,1.809535021683394e+06,1.500397531759706e+03,2.259106357106404e-05,0.000000000000000e+00,-1.000000000000000e+03,1.206356681122263e+06,5.856661831012055e+01,2.980826542975972e+05,7.583193798586827e-03,5.634912352393956e+08,0.000000000000000e+00,-1.938175564135918e-07,7.996794191379077e+10,7.996794191379077e+10,-4.646063322325718e+00,2.259106357106404e-05,1.000000000000000e+00,0.000000000000000e+00,2.260420243629129e+03,2.260420243629129e+03,-1.592102748045180e+03,5.144088252326502e-02,1.000000000000000e+03,1.000000000000000e+00,
2.490336300604756e-04,0.000000000000000e+00,5.627240922128447e-01,1.991540390060220e+07,1.991476812622129e+07,1.500402147383811e+03,2.490336300604756e-04,0.000000000000000e+00,-1.000000000000000e+03,1.327651208414753e+07,6.357743809136790e+02,2.980831127882297e+05,7.390946120656658e-03,4.788678202012243e+08,0.000000000000000e+00,2.968733533591603e-07,7.996818791656839e+10,7.996818791656837e+10,-3.603742000842109e+00,2.490336300604756e-04,1.000000000000000e+00,0.000000000000000e+00,2.210244821466233e+03,2.210244821466233e+03,-1.835340379483714e+03,5.627240922128447e-01,1.000000000000000e+03,1.000000000000000e+00,
7.506086963214719e-08,0.000000000000000e+00,-7.506891949673710e-08,4.047744929357298e+03,4.047744929319767e+03,1.011789033152658e+03,7.506086963214719e-08,0.000000000000000e+00,-1.000000000000000e+03,2.698496619546512e+03,3.753043628344423e-08,2.447814584911549e+05,4.085276824573187e-06,8.292172387422423e+08,0.000000000000000e+00,-2.518511510452015e-16,5.392616617895129e+10,5.392616617895129e+10,-7.124586408291509e+00,7.506086963214719e-08,1.000000000000000e+00,0.000000000000000e+00,-1.000089409668375e+00,1.000000019510633e+00,-9.695818870175931e-01,7.506087110240334e-08,1.000000000000000e+03,1.000000000000000e+00,
7.506240451042749e-08,0.000000000000000e+00,-7.664673635126270e-08,4.047907134470831e+03,4.047907134433292e+03,1.011808888611012e+03,7.506240451042749e-08,0.000000000000000e+00,-1.000000000000000e+03,2.698604756288862e+03,3.753872232338418e-08,2.447838602883930e+05,4.048177631647373e-06,8.292175580899428e+08,0.000000000000000e+00,-3.240110933562801e-10,5.392722443191873e+10,5.392722443191873e+10,-7.124577527734228e+00,7.506240451042749e-08,1.000000000000000e+00,0.000000000000000e+00,-1.004514327058132e+00,1.000100179198377e+00,-9.477838366281478e-01,7.506992420193959e-08,1.000000000000000e+03,1.000000000000000e+00,
7.663222891161801e-08,0.000000000000000e+00,-7.760197600494499e-08,4.232014825371820e+03,4.232014825333418e+03,1.036158382835537e+03,7.663222891161801e-08,0.000000000000000e+00,-1.000000000000000e+03,2.821343216888946e+03,8.563675343866899e-09,2.477117495691678e+05,1.032520039705203e-06,8.297495611657786e+08,0.000000000000000e+00,-2.066125236419388e-08,5.522499978715631e+10,5.522499978715631e+10,-7.115588542446202e+00,7.663222891161801e-08,1.000000000000000e+00,0.000000000000000e+00,-1.001110018502341e+00,3.281757209647232e-01,-8.933082519326222e-01,5.090831830470244e-08,1.000000000000000e+03,1.000000000000000e+00,
1.651093160389413e-07,0.000000000000000e+00,-5.174321676431052e-08,1.501326877004038e+04,1.501326877003227e+04,1.540284116438766e+03,1.651093160389413e-07,0.000000000000000e+00,-1.000000000000000e+03,1.000884584668818e+04,6.807862248707731e-13,3.020187826598824e+05,7.371720879339990e-09,7.353859443109474e+08,0.000000000000000e+00,-3.341040521706620e-04,8.209381057142157e+10,8.209381057142157e+10,-6.782228421648404e+00,1.651093160389413e-07,1.000000000000000e+00,0.000000000000000e+00,-3.133876270925065e-01,2.362133853180672e-03,-2.198605683391205e-01,5.764162974541664e-10,1.000000000000000e+03,1.000000000000000e+00,
2.052681930130884e-06,0.000000000000000e+00,4.321139148970079e-03,1.683482659652602e+05,1.683437177098119e+05,1.502993098103895e+03,2.052681930130884e-06,0.000000000000000e+00,-1.000000000000000e+03,1.122291451398746e+05,4.548255448317624e+00,2.983403723260910e+05,6.973651172015692e-03,6.488604039777999e+08,0.000000000000000e+00,-5.529295705074446e-06,8.010627998370351e+10,8.010627998370352e+10,-5.687678340785657e+00,2.052681930130884e-06,1.000000000000000e+00,0.000000000000000e+00,2.105118715930116e+03,2.105118715930116e+03,-1.597208164025113e+03,4.321139148970079e-03,1.000000000000000e+03,1.000000000000000e+00,
2.259106357106404e-05,0.000000000000000e+00,5.144088252326502e-02,1.809593588301704e+06,1.809535021683394e+06,1.500397531759706e+03,2.259106357106404e-05,0.000000000000000e+00,-1.000000000000000e+03,1.206356681122263e+06,5.856661831012055e+01,2.980826542975972e+05,7.583193798586827e-03,5.634912352393956e+08,0.000000000000000e+00,-1.938175564135918e-07,7.996794191379077e+10,7.996794191379077e+10,-4.646063322325718e+00,2.259106357106404e-05,1.000000000000000e+00,0.000000000000000e+00,2.260420243629129e+03,2.260420243629129e+03,-2.017013134570611e+03,5.144088252326502e-02,1.000000000000000e+03,1.000000000000000e+00,
2.490336300604756e-04,0.000000000000000e+00,5.627240922128447e-01,1.991540390060220e+07,1.991476812622129e+07,1.500402147383811e+03,2.490336300604756e-04,0.000000000000000e+00,-1.000000000000000e+03,1.327651208414753e+07,6.357743809136790e+02,2.980831127882297e+05,7.390946120656658e-03,4.788678202012243e+08,0.000000000000000e+00,2.968733533591603e-07,7.996818791656839e+10,7.996818791656837e+10,-3.603742000842109e+00,2.490336300604756e-04,1.000000000000000e+00,0.000000000000000e+00,2.210244821466233e+03,2.210244821466233e+03,-2.094624478975557e+03,5.627240922128447e-01,1.000000000000000e+03,1.000000000000000e+00,
7.506086963214719e-08,0.000000000000000e+00,-7.506891949673710e-08,4.047744929357298e+03,4.047744929319767e+03,1.011789033152658e+03,7.506086963214719e-08,0.000000000000000e+00,-1.000000000000000e+03,2.698496619546512e+03,3.753043628344423e-08,2.447814584911549e+05,4.085276824573187e-06,8.292172387422423e+08,0.000000000000000e+00,-2.518511510452015e-16,5.392616617895129e+10,5.392616617895129e+10,-7.124586408291509e+00,7.506086963214719e-08,1.000000000000000e+00,0.000000000000000e+00,-1.000089409668375e+00,1.000000019510633e+00,-1.000086036133716e+00,7.506087110240334e-08,1.000000000000000e+03,1.000000000000000e+00,
7.506240451042749e-08,0.000000000000000e+00,-7.664673635126270e-08,4.047907134470831e+03,4.047907134433292e+03,1.011808888611012e+03,7.506240451042749e-08,0.000000000000000e+00,-1.000000000000000e+03,2.698604756288862e+03,3.753872232338418e-08,2.447838602883930e+05,4.048177631647373e-06,8.292175580899428e+08,0.000000000000000e+00,-3.240110933562801e-10,5.392722443191873e+10,5.392722443191873e+10,-7.124577527734228e+00,7.506240451042749e-08,1.000000000000000e+00,0.000000000000000e+00,-1.004514327058132e+00,1.000100179198377e+00,-1.004507781263788e+00,7.506992420193959e-08,1.000000000000000e+03,1.000000000000000e+00,
7.663222891161801e-08,0.000000000000000e+00,-7.760197600494499e-08,4.232014825371820e+03,4.232014825333418e+03,1.036158382835537e+03,7.663222891161801e-08,0.000000000000000e+00,-1.000000000000000e+03,2.821343216888946e+03,8.563675343866899e-09,2.477117495691678e+05,1.032520039705203e-06,8.297495611657786e+08,0.000000000000000e+00,-2.066125236419388e-08,5.522499978715631e+10,5.522499978715631e+10,-7.115588542446202e+00,7.663222891161801e-08,1.000000000000000e+00,0.000000000000000e+00,-1.001110018502341e+00,3.281757209647232e-01,-1.001102320705557e+00,5.090831830470244e-08,1.000000000000000e+03,1.000000000000000e+00,
1.651093160389413e-07,0.000000000000000e+00,-5.174321676431052e-08,1.501326877004038e+04,1.501326877003227e+04,1.540284116438766e+03,1.651093160389413e-07,0.000000000000000e+00,-1.000000000000000e+03,1.000884584668818e+04,6.807862248707731e-13,3.020187826598824e+05,7.371720879339990e-09,7.353859443109474e+08,0.000000000000000e+00,-3.341040521706620e-04,8.209381057142157e+10,8.209381057142157e+10,-6.782228421648404e+00,1.651093160389413e-07,1.000000000000000e+00,0.000000000000000e+00,-3.133876270925065e-01,2.362133853180672e-03,-3.133779125083633e-01,5.764162974541664e-10,1.000000000000000e+03,1.000000000000000e+00,
2.052681930130884e-06,0.000000000000000e+00,4.321139148970079e-03,1.683482659652602e+05,1.683437177098119e+05,1.502993098103895e+03,2.052681930130884e-06,0.000000000000000e+00,-1.000000000000000e+03,1.122291451398746e+05,4.548255448317624e+00,2.983403723260910e+05,6.973651172015692e-03,6.488604039777999e+08,0.000000000000000e+00,-5.529295705074446e-06,8.010627998370351e+10,8.010627998370352e+10,-5.687678340785657e+00,2.052681930130884e-06,1.000000000000000e+00,0.000000000000000e+00,2.105118715930116e+03,2.105118715930116e+03,-2.297142823404155e+03,4.321139148970079e-03,1.000000000000000e+03,1.000000000000000e+00,
2.259106357106404e-05,0.000000000000000e+00,5.144088252326502e-02,1.809593588301704e+06,1.809535021683394e+06,1.500397531759706e+03,2.259106357106404e-05,0.000000000000000e+00,-1.000000000000000e+03,1.206356681122263e+06,5.856661831012055e+01,2.980826542975972e+05,7.583193798586827e-03,5.634912352393956e+08,0.000000000000000e+00,-1.938175564135918e-07,7.996794191379077e+10,7.996794191379077e+10,-4.646063322325718e+00,2.259106357106404e-05,1.000000000000000e+00,0.000000000000000e+00,2.260420243629129e+03,2.260420243629129e+03,-2.280476577701440e+03,5.144088252326502e-02,1.000000000000000e+03,1.000000000000000e+00,
2.490336300604756e-04,0.000000000000000e+00,5.627240922128447e-01,1.991540390060220e+07,1.991476812622129e+07,1.500402147383811e+03,2.490336300604756e-04,0.000000000000000e+00,-1.000000000000000e+03,1.327651208414753e+07,6.357743809136790e+02,2.980831127882297e+05,7.390946120656658e-03,4.788678202012243e+08,0.000000000000000e+00,2.968733533591603e-07,7.996818791656839e+10,7.996818791656837e+10,-3.603742000842109e+00,2.490336300604756e-04,1.000000000000000e+00,0.000000000000000e+00,2.210244821466233e+03,2.210244821466233e+03,-2.259613820936200e+03,5.627240922128447e-01,1.000000000000000e+03,1.000000000000000e+00,
7.506086963214719e-08,0.000000000000000e+00,-7.506891949673710e-08,4.047744929357298e+03,4.047744929319767e+03,1.011789033152658e+03,7.506086963214719e-08,0.000000000000000e+00,-1.000000000000000e+03,2.698496619546512e+03,3.753043628344423e-08,2.447814584911549e+05,4.085276824573187e-06,8.292172387422423e+08,0.000000000000000e+00,-2.518511510452015e-16,5.392616617895129e+10,5.392616617895129e+10,-7.124586408291509e+00,7.506086963214719e-08,1.000000000000000e+00,0.000000000000000e+00,-1.000089409668375e+00,1.000000019510633e+00,-1.000086036133716e+00,7.506087110240334e-08,1.000000000000000e+03,1.000000000000000e+00,
7.506240451042749e-08,0.000000000000000e+00,-7.664673635126270e-08,4.047907134470831e+03,4.047907134433292e+03,1.011808888611012e+03,7.506240451042749e-08,0.000000000000000e+00,-1.000000000000000e+03,2.698604756288862e+03,3.753872232338418e-08,2.447838602883930e+05,4.048177631647373e-06,8.292175580899428e+08,0.000000000000000e+00,-3.240110933562801e-10,5.392722443191873e+10,5.392722443191873e+10,-7.124577527734228e+00,7.506240451042749e-08,1.000000000000000e+00,0.000000000000000e+00,-1.004514327058132e+00,1.000100179198377e+00,-1.004507781263788e+00,7.506992420193959e-08,1.000000000000000e+03,1.000000000000000e+00,
7.663222891161801e-08,0.000000000000000e+00,-7.760197600494499e-08,4.232014825371820e+03,4.232014825333418e+03,1.036158382835537e+03,7.663222891161801e-08,0.000000000000000e+00,-1.000000000000000e+03,2.821343216888946e+03,8.563675343866899e-09,2.477117495691678e+05,1.032520039705203e-06,8.297495611657786e+08,0.000000000000000e+00,-2.066125236419388e-08,5.522499978715631e+10,5.522499978715631e+10,-7.115588542446202e+00,7.663222891161801e-08,1.000000000000000e+00,0.000000000000000e+00,-1.001110018502341e+00,3.281757209647232e-01,-1.001102320705557e+00,5.090831830470244e-08,1.000000000000000e+03,1.000000000000000e+00,
1.651093160389413e-07,0.000000000000000e+00,-5.174321676431052e-08,1.501326877004038e+04,1.501326877003227e+04,1.540284116438766e+03,1.651093160389413e-07,0.000000000000000e+00,-1.000000000000000e+03,1.000884584668818e+04,6.807862248707731e-13,3.020187826598824e+05,7.371720879339990e-09,7.353859443109474e+08,0.000000000000000e+00,-3.341040521706620e-04,8.209381057142157e+10,8.209381057142157e+10,-6.782228421648404e+00,1.651093160389413e-07,1.000000000000000e+00,0.000000000000000e+00,-3.133876270925065e-01,2.362133853180672e-03,-3.133779125083633e-01,5.764162974541664e-10,1.000000000000000e+03,1.000000000000000e+00,
2.052681930130884e-06,0.000000000000000e+00,4.321139148970079e-03,1.683482659652602e+05,1.683437177098119e+05,1.502993098103895e+03,2.052681930130884e-06,0.000000000000000e+00,-1.000000000000000e+03,1.122291451398746e+05,4.548255448317624e+00,2.983403723260910e+05,6.973651172015692e-03,6.488604039777999e+08,0.000000000000000e+00,-5.529295705074446e-06,8.010627998370351e+10,8.010627998370352e+10,-5.687678340785657e+00,2.052681930130884e-06,1.000000000000000e+00,0.000000000000000e+00,2.105118715930116e+03,2.105118715930116e+03,-2.297142823404155e+03,4.321139148970079e-03,1.000000000000000e+03,1.000000000000000e+00,
2.259106357106404e-05,0.000000000000000e+00,5.144088252326502e-02,1.809593588301704e+06,1.809535021683394e+06,1.500397531759706e+03,2.259106357106404e-05,0.000000000000000e+00,-1.000000000000000e+03,1.206356681122263e+06,5.856661831012055e+01,2.980826542975972e+05,7.583193798586827e-03,5.634912352393956e+08,0.000000000000000e+00,-1.938175564135918e-07,7.996794191379077e+10,7.996794191379077e+10,-4.646063322325718e+00,2.259106357106404e-05,1.000000000000000e+00,0.000000000000000e+00,2.260420243629129e+03,2.260420243629129e+03,-2.280476577701440e+03,5.144088252326502e-02,1.000000000000000e+03,1.000000000000000e+00,
2.490336300604756e-04,0.000000000000000e+00,5.627240922128447e-01,1.991540390060220e+07,1.991476812622129e+07,1.500402147383811e+03,2.490336300604756e-04,0.000000000000000e+00,-1.000000000000000e+03,1.327651208414753e+07,6.357743809136790e+02,2.980831127882297e+05,7.390946120656658e-03,4.788678202012243e+08,0.000000000000000e+00,2.968733533591603e-07,7.996818791656839e+10,7.996818791656837e+10,-3.603742000842109e+00,2.490336300604756e-04,1.000000000000000e+00,0.000000000000000e+00,2.210244821466233e+03,2.210244821466233e+03,-2.259613820936200e+03,5.627240922128447e-01,1.000000000000000e+03,1.000000000000000e+00,
7.506086963214719e-08,0.000000000000000e+00,-7.506891949673710e-08,4.047744929357298e+03,4.047744929319767e+03,1.011789033152658e+03,7.506086963214719e-08,0.000000000000000e+00,-1.000000000000000e+03,2.698496619546512e+03,3.753043628344423e-08,2.447814584911549e+05,4.085276824573187e-06,8.292172387422423e+08,0.000000000000000e+00,-2.518511510452015e-16,5.392616617895129e+10,5.392616617895129e+10,-7.124586408291509e+00,7.506086963214719e-08,1.000000000000000e+00,0.000000000000000e+00,-1.000089409668375e+00,1.000000019510633e+00,-9.695818870175931e-01,7.506087110240334e-08,1.000000000000000e+03,1.000000000000000e+00,
7.506240451042749e-08,0.000000000000000e+00,-7.664673635126270e-08,4.047907134470831e+03,4.047907134433292e+03,1.011808888611012e+03,7.506240451042749e-08,0.000000000000000e+00,-1.000000000000000e+03,2.698604756288862e+03,3.753872232338418e-08,2.447838602883930e+05,4.048177631647373e-06,8.292175580899428e+08,0.000000000000000e+00,-3.240110933562801e-10,5.392722443191873e+10,5.392722443191873e+10,-7.124577527734228e+00,7.506240451042749e-08,1.000000000000000e+00,0.000000000000000e+00,-1.004514327058132e+00,1.000100179198377e+00,-9.477838366281478e-01,7.506992420193959e-08,1.000000000000000e+03,1.000000000000000e+00,
7.663222891161801e-08,0.000000000000000e+00,-7.760197600494499e-08,4.232014825371820e+03,4.232014825333418e+03,1.036158382835537e+03,7.663222891161801e-08,0.000000000000000e+00,-1.000000000000000e+03,2.821343216888946e+03,8.563675343866899e-09,2.477117495691678e+05,1.032520039705203e-06,8.297495611657786e+08,0.000000000000000e+00,-2.066125236419388e-08,5.522499978715631e+10,5.522499978715631e+10,-7.115588542446202e+00,7.663222891161801e-08,1.000000000000000e+00,0.000000000000000e+00,-1.001110018502341e+00,3.281757209647232e-01,-8.933082519326222e-01,5.090831830470244e-08,1.000000000000000e+03,1.000000000000000e+00,
1.651093160389413e-07,0.000000000000000e+00,-5.174321676431052e-08,1.501326877004038e+04,1.501326877003227e+04,1.540284116438766e+03,1.651093160389413e-07,0.000000000000000e+00,-1.000000000000000e+03,1.000884584668818e+04,6.807862248707731e-13,3.020187826598824e+05,7.371720879339990e-09,7.353859443109474e+08,0.000000000000000e+00,-3.341040521706620e-04,8.209381057142157e+10,8.209381057142157e+10,-6.782228421648404e+00,1.651093160389413e-07,1.000000000000000e+00,0.000000000000000e+00,-3.133876270925065e-01,2.362133853180672e-03,-2.198605683391205e-01,5.764162974541664e-10,1.000000000000000e+03,1.000000000000000e+00,
2.052681930130884e-06,0.000000000000000e+00,4.321139148970079e-03,1.683482659652602e+05,1.683437177098119e+05,1.502993098103895e+03,2.052681930130884e-06,0.000000000000000e+00,-1.000000000000000e+03,1.122291451398746e+05,4.548255448317624e+00,2.983403723260910e+05,6.973651172015692e-03,6.488604039777999e+08,0.000000000000000e+00,-5.529295705074446e-06,8.010627998370351e+10,8.010627998370352e+10,-5.687678340785657e+00,2.052681930130884e-06,1.000000000000000e+00,0.000000000000000e+00,2.105118715930116e+03,2.105118715930116e+03,-1.597208164025113e+03,4.321139148970079e-03,1.000000000000000e+03,1.000000000000000e+00,
2.259106357106404e-05,0.000000000000000e+00,5.144088252326502e-02,1.809593588301704e+06,1.809535021683394e+06,1.500397531759706e+03,2.259106357106404e-05,0.000000000000000e+00,-1.000000000000000e+03,1.206356681122263e+06,5.856661831012055e+01,2.980826542975972e+05,7.583193798586827e-03,5.634912352393956e+08,0.000000000000000e+00,-1.938175564135918e-07,7.996794191379077e+10,7.996794191379077e+10,-4.646063322325718e+00,2.259106357106404e-05,1.000000000000000e+00,0.000000000000000e+00,2.260420243629129e+03,2.260420243629129e+03,-2.017013134570611e+03,5.144088252326502e-02,1.000000000000000e+03,1.000000000000000e+00,
2.490336300604756e-04,0.000000000000000e+00,5.627240922128447e-01,1.991540390060220e+07,1.991476812622129e+07,1.500402147383811e+03,2.490336300604756e-04,0.000000000000000e+00,-1.000000000000000e+03,1.327651208414753e+07,6.357743809136790e+02,2.980831127882297e+05,7.390946120656658e-03,4.788678202012243e+08,0.000000000000000e+00,2.968733533591603e-07,7.996818791656839e+10,7.996818791656837e+10,-3.603742000842109e+00,2.490336300604756e-04,1.000000000000000e+00,0.000000000000000e+00,2.210244821466233e+03,2.210244821466233e+03,-2.094624478975557e+03,5.627240922128447e-01,1.000000000000000e+03,1.000000000000000e+00,
7.506086963214719e-08,0.000000000000000e+00,-7.506891949673710e-08,4.047744929357298e+03,4.047744929319767e+03,1.011789033152658e+03,7.506086963214719e-08,0.000000000000000e+00,-1.000000000000000e+03,2.698496619546512e+03,3.753043628344423e-08,2.447814584911549e+05,4.085276824573187e-06,8.292172387422423e+08,0.000000000000000e+00,-2.518511510452015e-16,5.392616617895129e+10,5.392616617895129e+10,-7.124586408291509e+00,7.506086963214719e-08,1.000000000000000e+00,0.000000000000000e+00,-1.000089409668375e+00,1.000000019510633e+00,-8.933757753881142e-01,7.506087110240334e-08,1.000000000000000e+03,1.000000000000000e+00,
7.506240451042749e-08,0.000000000000000e+00,-7.664673635126270e-08,4.047907134470831e+03,4.047907134433292e+03,1.011808888611012e+03,7.506240451042749e-08,0.000000000000000e+00,-1.000000000000000e+03,2.698604756288862e+03,3.753872232338418e-08,2.447838602883930e+05,4.048177631647373e-06,8.292175580899428e+08,0.000000000000000e+00,-3.240110933562801e-10,5.392722443191873e+10,5.392722443191873e+10,-7.124577527734228e+00,7.506240451042749e-08,1.000000000000000e+00,0.000000000000000e+00,-1.004514327058132e+00,1.000100179198377e+00,-8.304619581436363e-01,7.506992420193959e-08,1.000000000000000e+03,1.000000000000000e+00,
7.663222891161801e-08,0.000000000000000e+00,-7.760197600494499e-08,4.232014825371820e+03,4.232014825333418e+03,1.036158382835537e+03,7.663222891161801e-08,0.000000000000000e+00,-1.000000000000000e+03,2.821343216888946e+03,8.563675343866899e-09,2.477117495691678e+05,1.032520039705203e-06,8.297495611657786e+08,0.000000000000000e+00,-2.066125236419388e-08,5.522499978715631e+10,5.522499978715631e+10,-7.115588542446202e+00,7.663222891161801e-08,1.000000000000000e+00,0.000000000000000e+00,-1.001110018502341e+00,3.281757209647232e-01,-7.051211012843180e-01,5.090831830470244e-08,1.000000000000000e+03,1.000000000000000e+00,
1.651093160389413e-07,0.000000000000000e+00,-5.174321676431052e-08,1.501326877004038e+04,1.501326877003227e+04,1.540284116438766e+03,1.651093160389413e-07,0.000000000000000e+00,-1.000000000000000e+03,1.000884584668818e+04,6.807862248707731e-13,3.020187826598824e+05,7.371720879339990e-09,7.353859443109474e+08,0.000000000000000e+00,-3.341040521706620e-04,8.209381057142157e+10,8.209381057142157e+10,-6.782228421648404e+00,1.651093160389413e-07,1.000000000000000e+00,0.000000000000000e+00,-3.133876270925065e-01,2.362133853180672e-03,-1.388378191663134e-01,5.764162974541664e-10,1.000000000000000e+03,1.000000000000000e+00,
2.052681930130884e-06,0.000000000000000e+00,4.321139148970079e-03,1.683482659652602e+05,1.683437177098119e+05,1.502993098103895e+03,2.052681930130884e-06,0.000000000000000e+00,-1.000000000000000e+03,1.122291451398746e+05,4.548255448317624e+00,2.983403723260910e+05,6.973651172015692e-03,6.488604039777999e+08,0.000000000000000e+00,-5.529295705074446e-06,8.010627998370351e+10,8.010627998370352e+10,-5.687678340785657e+00,2.052681930130884e-06,1.000000000000000e+00,0.000000000000000e+00,2.105118715930116e+03,2.105118715930116e+03,-1.008606954503269e+03,4.321139148970079e-03,1.000000000000000e+03,1.000000000000000e+00,
2.259106357106404e-05,0.000000000000000e+00,5.144088252326502e-02,1.809593588301704e+06,1.809535021683394e+06,1.500397531759706e+03,2.259106357106404e-05,0.000000000000000e+00,-1.000000000000000e+03,1.206356681122263e+06,5.856661831012055e+01,2.980826542975972e+05,7.583193798586827e-03,5.634912352393956e+08,0.000000000000000e+00,-1.938175564135918e-07,7.996794191379077e+10,7.996794191379077e+10,-4.646063322325718e+00,2.259106357106404e-05,1.000000000000000e+00,0.000000000000000e+00,2.260420243629129e+03,2.260420243629129e+03,-1.592102748045180e+03,5.144088252326502e-02,1.000000000000000e+03,1.000000000000000e+00,
2.490336300604756e-04,0.000000000000000e+00,5.627240922128447e-01,1.991540390060220e+07,1.991476812622129e+07,1.500402147383811e+03,2.490336300604756e-04,0.000000000000000e+00,-1.000000000000000e+03,1.327651208414753e+07,6.357743809136790e+02,2.980831127882297e+05,7.390946120656658e-03,4.788678202012243e+08,0.000000000000000e+00,2.968733533591603e-07,7.996818791656839e+10,7.996818791656837e+10,-3.603742000842109e+00,2.490336300604756e-04,1.000000000000000e+00,0.000000000000000e+00,2.210244821466233e+03,2.210244821466233e+03,-1.835340379483714e+03,5.627240922128447e-01,1.000000000000000e+03,1.000000000000000e+00,

64,28
1.946148167022524e-02,0.000000000000000e+00,4.260929131553125e+01,1.920666667614950e+09,1.920620022869777e+09,1.853402506271872e+03,1.946148167022524e-02,0.000000000000000e+00,-1.000000000000000e+03,1.280413348579851e+09,4.664474517347462e+04,3.312976896160857e+05,7.387143191685824e-03,4.775877858722531e+08,2.500000000000000e-07,5.471277459231865e-04,9.878234323046063e+10,9.878234323046065e+10,-1.710824098460937e+00,1.946148167022524e-02,1.000000000000000e+00,0.000000000000000e+00,2.209656340462647e+03,2.209656340462647e+03,-1.329658728359124e+03,4.260929131553125e+01,1.000000000000000e+03,1.000000000000000e+00,
1.946148167022524e-02,0.000000000000000e+00,4.260929131553125e+01,1.920666667614950e+09,1.920620022869777e+09,1.853402506271872e+03,1.946148167022524e-02,0.000000000000000e+00,-1.000000000000000e+03,1.280413348579851e+09,4.664474517347462e+04,3.312976896160857e+05,7.387143191685824e-03,4.775877858722531e+08,2.500000000000000e-07,5.471277459231865e-04,9.878234323046063e+10,9.878234323046065e+10,-1.710824098460937e+00,1.946148167022524e-02,1.000000000000000e+00,0.000000000000000e+00,2.209656340462647e+03,2.209656340462647e+03,-1.329658728359124e+03,4.260929131553125e+01,1.000000000000000e+03,1.000000000000000e+00,
1.946148167022524e-02,0.000000000000000e+00,4.260929131553125e+01,1.920666667614950e+09,1.920620022869777e+09,1.853402506271872e+03,1.946148167022524e-02,0.000000000000000e+00,-1.000000000000000e+03,1.280413348579851e+09,4.664474517347462e+04,3.312976896160857e+05,7.387143191685824e-03,4.775877858722531e+08,2.500000000000000e-07,5.471277459231865e-04,9.878234323046063e+10,9.878234323046065e+10,-1.710824098460937e+00,1.946148167022524e-02,1.000000000000000e+00,0.000000000000000e+00,2.209656340462647e+03,2.209656340462647e+03,-1.566526584614587e+03,4.260929131553125e+01,1.000000000000000e+03,1.000000000000000e+00,
1.946148167022524e-02,0.000000000000000e+00,4.260929131553125e+01,1.920666667614950e+09,1.920620022869777e+09,1.853402506271872e+03,1.946148167022524e-02,0.000000000000000e+00,-1.000000000000000e+03,1.280413348579851e+09,4.664474517347462e+04,3.312976896160857e+05,7.387143191685824e-03,4.775877858722531e+08,2.500000000000000e-07,5.471277459231865e-04,9.878234323046063e+10,9.878234323046065e+10,-1.710824098460937e+00,1.946148167022524e-02,1.000000000000000e+00,0.000000000000000e+00,2.209656340462647e+03,2.209656340462647e+03,-1.842217673089887e+03,4.260929131553125e+01,1.000000000000000e+03,1.000000000000000e+00,
1.946148167022524e-02,0.000000000000000e+00,4.260929131553125e+01,1.920666667614950e+09,1.920620022869777e+09,1.853402506271872e+03,1.946148167022524e-02,0.000000000000000e+00,-1.000000000000000e+03,1.280413348579851e+09,4.664474517347462e+04,3.312976896160857e+05,7.387143191685824e-03,4.775877858722531e+08,2.500000000000000e-07,5.471277459231865e-04,9.878234323046063e+10,9.878234323046065e+10,-1.710824098460937e+00,1.946148167022524e-02,1.000000000000000e+00,0.000000000000000e+00,2.209656340462647e+03,2.209656340462647e+03,-2.098434052173131e+03,4.260929131553125e+01,1.000000000000000e+03,1.000000000000000e+00,
1.946148167022524e-02,0.000000000000000e+00,4.260929131553125e+01,1.920666667614950e+09,1.920620022869777e+09,1.853402506271872e+03,1.946148167022524e-02,0.000000000000000e+00,-1.000000000000000e+03,1.280413348579851e+09,4.664474517347462e+04,3.312976896160857e+05,7.387143191685824e-03,4.775877858722531e+08,2.500000000000000e-07,5.471277459231865e-04,9.878234323046063e+10,9.878234323046065e+10,-1.710824098460937e+00,1.946148167022524e-02,1.000000000000000e+00,0.000000000000000e+00,2.209656340462647e+03,2.209656340462647e+03,-2.098434052173131e+03,4.260929131553125e+01,1.000000000000000e+03,1.000000000000000e+00,
1.946148167022524e-02,0.000000000000000e+00,4.260929131553125e+01,1.920666667614950e+09,1.920620022869777e+09,1.853402506271872e+03,1.946148167022524e-02,0.000000000000000e+00,-1.000000000000000e+03,1.280413348579851e+09,4.664474517347462e+04,3.312976896160857e+05,7.387143191685824e-03,4.775877858722531e+08,2.500000000000000e-07,5.471277459231865e-04,9.878234323046063e+10,9.878234323046065e+10,-1.710824098460937e+00,1.946148167022524e-02,1.000000000000000e+00,0.000000000000000e+00,2.209656340462647e+03,2.209656340462647e+03,-1.842217673089887e+03,4.260929131553125e+01,1.000000000000000e+03,1.000000000000000e+00,
1.946148167022524e-02,0.000000000000000e+00,4.260929131553125e+01,1.920666667614950e+09,1.920620022869777e+09,1.853402506271872e+03,1.946148167022524e-02,0.000000000000000e+00,-1.000000000000000e+03,1.280413348579851e+09,4.664474517347462e+04,3.312976896160857e+05,7.387143191685824e-03,4.775877858722531e+08,2.500000000000000e-07,5.471277459231865e-04,9.878234323046063e+10,9.878234323046065e+10,-1.710824098460937e+00,1.946148167022524e-02,1.000000000000000e+00,0.000000000000000e+00,2.209656340462647e+03,2.209656340462647e+03,-1.566526584614587e+03,4.260929131553125e+01,1.000000000000000e+03,1.000000000000000e+00,
7.506220820959362e-08,0.000000000000000e+00,-7.506087110240334e-08,4.047886246407386e+03,4.047886246369848e+03,1.011806313505498e+03,7.506220820959362e-08,0.000000000000000e+00,-1.000000000000000e+03,2.698590830913232e+03,3.753781569196727e-08,2.447835487944555e+05,4.085607119407149e-06,8.292175153660457e+08,0.000000000000000e+00,5.119413120979744e-12,5.392708718436680e+10,5.392708718436680e+10,-7.124578663488951e+00,7.506220820959362e-08,1.000000000000000e+00,0.000000000000000e+00,-1.000000019510633e+00,1.000089409668375e+00,-6.018029086037225e-01,7.506891949673710e-08,1.000000000000000e+03,1.000000000000000e+00,
7.650832766570819e-08,0.000000000000000e+00,-7.506992420193959e-08,4.216984579449405e+03,4.216984579411012e+03,1.034150451211362e+03,7.650832766570819e-08,0.000000000000000e+00,-1.000000000000000e+03,2.811323052940676e+03,3.839269771369663e-08,2.474716176235806e+05,4.092892491853803e-06,8.297036726278585e+08,0.000000000000000e+00,7.861271063291930e-11,5.511798137630850e+10,5.511798137630850e+10,-7.116291290827733e+00,7.650832766570819e-08,1.000000000000000e+00,0.000000000000000e+00,-1.000100179198377e+00,1.004514327058132e+00,-4.501231446858606e-01,7.664673635126270e-08,1.000000000000000e+03,1.000000000000000e+00,
1.590293537519512e-07,0.000000000000000e+00,-5.090831830470244e-08,1.445891553512953e+04,1.445891553512097e+04,1.733256789534570e+03,1.590293537519512e-07,0.000000000000000e+00,-1.000000000000000e+03,9.639277023413981e+03,3.840565729604708e-08,3.203796992063007e+05,4.041431301678340e-06,8.448775914408714e+08,0.000000000000000e+00,-3.774418484153719e-10,9.237883649716777e+10,9.237883649716777e+10,-6.798522705894078e+00,1.590293537519512e-07,1.000000000000000e+00,0.000000000000000e+00,-3.281757209647232e-01,1.001110018502341e+00,-8.032666623838527e-02,7.760197600494499e-08,1.000000000000000e+03,1.000000000000000e+00,
1.977190862913247e-06,0.000000000000000e+00,4.143879067868853e-03,1.623194746208297e+05,1.623151321635456e+05,1.783826093133627e+03,1.977190862913247e-06,0.000000000000000e+00,-1.000000000000000e+03,1.082100881090304e+05,4.342457284022730e+00,3.250197788138596e+05,6.939441599787825e-03,8.290534624205818e+08,0.000000000000000e+00,-6.844030199283397e-09,9.507407095818915e+10,9.507407095818915e+10,-5.703951405188565e+00,1.977190862913247e-06,1.000000000000000e+00,0.000000000000000e+00,2.095841704307266e+03,2.095841704307266e+03,2.862959448210088e+02,4.143879067868853e-03,1.000000000000000e+03,1.000000000000000e+00,
2.175984091648571e-05,0.000000000000000e+00,4.953951347594401e-02,1.743156300891262e+06,1.743099908856852e+06,1.538741534916988e+03,2.175984091648571e-05,0.000000000000000e+00,-1.000000000000000e+03,1.162066605904568e+06,5.639203440990951e+01,3.018675101470044e+05,7.672708130121671e-03,7.340011561790586e+08,0.000000000000000e+00,1.605452869489795e-06,8.201159431411659e+10,8.201159431411659e+10,-4.662344284035667e+00,2.175984091648571e-05,1.000000000000000e+00,0.000000000000000e+00,2.297584369361795e+03,2.297584369361795e+03,-4.119598209424584e+00,4.953951347594401e-02,1.000000000000000e+03,1.000000000000000e+00,
2.398665476646595e-04,0.000000000000000e+00,5.421992001106278e-01,1.918227593908382e+07,1.918166314005982e+07,1.502867653756079e+03,2.398665476646595e-04,0.000000000000000e+00,-1.000000000000000e+03,1.278777542670655e+07,6.127990240047923e+02,2.983279218715890e+05,7.648354584880242e-03,6.475239252207026e+08,0.000000000000000e+00,3.926762513802942e-07,8.009959407139879e+10,8.009959407139880e+10,-3.620030315507215e+00,2.398665476646595e-04,1.000000000000000e+00,0.000000000000000e+00,2.280518459347667e+03,2.280518459347667e+03,-5.573461790094615e+02,5.421992001106278e-01,1.000000000000000e+03,1.000000000000000e+00,
2.621220007518068e-03,0.000000000000000e+00,5.793537947540489e+00,2.109793034276666e+08,2.109729008590434e+08,1.510127520691677e+03,2.621220007518068e-03,0.000000000000000e+00,-1.000000000000000e+03,1.406486005726956e+08,6.402568623259737e+03,2.990476165546531e+05,7.580539888093923e-03,5.621586868917550e+08,0.000000000000000e+00,4.312938985243591e-07,8.048652927031696e+10,8.048652927031694e+10,-2.581496525775592e+00,2.621220007518068e-03,1.000000000000000e+00,0.000000000000000e+00,2.259630926458375e+03,2.259630926458375e+03,-1.015275477154916e+03,5.793537947540489e+00,1.000000000000000e+03,1.000000000000000e+00,
7.506220820959362e-08,0.000000000000000e+00,-7.506087110240334e-08,4.047886246407386e+03,4.047886246369848e+03,1.011806313505498e+03,7.506220820959362e-08,0.000000000000000e+00,-1.000000000000000e+03,2.698590830913232e+03,3.753781569196727e-08,2.447835487944555e+05,4.085607119407149e-06,8.292175153660457e+08,0.000000000000000e+00,5.119413120979744e-12,5.392708718436680e+10,5.392708718436680e+10,-7.124578663488951e+00,7.506220820959362e-08,1.000000000000000e+00,0.000000000000000e+00,-1.000000019510633e+00,1.000089409668375e+00,-6.018029086037225e-01,7.506891949673710e-08,1.000000000000000e+03,1.000000000000000e+00,
7.650832766570819e-08,0.000000000000000e+00,-7.506992420193959e-08,4.216984579449405e+03,4.216984579411012e+03,1.034150451211362e+03,7.650832766570819e-08,0.000000000000000e+00,-1.000000000000000e+03,2.811323052940676e+03,3.839269771369663e-08,2.474716176235806e+05,4.092892491853803e-06,8.297036726278585e+08,0.000000000000000e+00,7.861271063291930e-11,5.511798137630850e+10,5.511798137630850e+10,-7.116291290827733e+00,7.650832766570819e-08,1.000000000000000e+00,0.000000000000000e+00,-1.000100179198377e+00,1.004514327058132e+00,-4.501231446858606e-01,7.664673635126270e-08,1.000000000000000e+03,1.000000000000000e+00,
1.590293537519512e-07,0.000000000000000e+00,-5.090831830470244e-08,1.445891553512953e+04,1.445891553512097e+04,1.733256789534570e+03,1.590293537519512e-07,0.000000000000000e+00,-1.000000000000000e+03,9.639277023413981e+03,3.840565729604708e-08,3.203796992063007e+05,4.041431301678340e-06,8.448775914408714e+08,0.000000000000000e+00,-3.774418484153719e-10,9.237883649716777e+10,9.237883649716777e+10,-6.798522705894078e+00,1.590293537519512e-07,1.000000000000000e+00,0.000000000000000e+00,-3.281757209647232e-01,1.001110018502341e+00,-8.032666623838527e-02,7.760197600494499e-08,1.000000000000000e+03,1.000000000000000e+00,
1.977190862913247e-06,0.000000000000000e+00,4.143879067868853e-03,1.623194746208297e+05,1.623151321635456e+05,1.783826093133627e+03,1.977190862913247e-06,0.000000000000000e+00,-1.000000000000000e+03,1.082100881090304e+05,4.342457284022730e+00,3.250197788138596e+05,6.939441599787825e-03,8.290534624205818e+08,0.000000000000000e+00,-6.844030199283397e-09,9.507407095818915e+10,9.507407095818915e+10,-5.703951405188565e+00,1.977190862913247e-06,1.000000000000000e+00,0.000000000000000e+00,2.095841704307266e+03,2.095841704307266e+03,2.862959448210088e+02,4.143879067868853e-03,1.000000000000000e+03,1.000000000000000e+00,
2.175984091648571e-05,0.000000000000000e+00,4.953951347594401e-02,1.743156300891262e+06,1.743099908856852e+06,1.538741534916988e+03,2.175984091648571e-05,0.000000000000000e+00,-1.000000000000000e+03,1.162066605904568e+06,5.639203440990951e+01,3.018675101470044e+05,7.672708130121671e-03,7.340011561790586e+08,0.000000000000000e+00,1.605452869489795e-06,8.201159431411659e+10,8.201159431411659e+10,-4.662344284035667e+00,2.175984091648571e-05,1.000000000000000e+00,0.000000000000000e+00,2.297584369361795e+03,2.297584369361795e+03,-4.119598209424584e+00,4.953951347594401e-02,1.000000000000000e+03,1.000000000000000e+00,
2.398665476646595e-04,0.000000000000000e+00,5.421992001106278e-01,1.918227593908382e+07,1.918166314005982e+07,1.502867653756079e+03,2.398665476646595e-04,0.000000000000000e+00,-1.000000000000000e+03,1.278777542670655e+07,6.127990240047923e+02,2.983279218715890e+05,7.648354584880242e-03,6.475239252207026e+08,0.000000000000000e+00,3.926762513802942e-07,8.009959407139879e+10,8.009959407139880e+10,-3.620030315507215e+00,2.398665476646595e-04,1.000000000000000e+00,0.000000000000000e+00,2.280518459347667e+03,2.280518459347667e+03,-5.573461790094615e+02,5.421992001106278e-01,1.000000000000000e+03,1.000000000000000e+00,
2.621220007518068e-03,0.000000000000000e+00,5.793537947540489e+00,2.109793034276666e+08,2.109729008590434e+08,1.510127520691677e+03,2.621220007518068e-03,0.000000000000000e+00,-1.000000000000000e+03,1.406486005726956e+08,6.402568623259737e+03,2.990476165546531e+05,7.580539888093923e-03,5.621586868917550e+08,0.000000000000000e+00,4.312938985243591e-07,8.048652927031696e+10,8.048652927031694e+10,-2.581496525775592e+00,2.621220007518068e-03,1.000000000000000e+00,0.000000000000000e+00,2.259630926458375e+03,2.259630926458375e+03,-1.015275477154916e+03,5.793537947540489e+00,1.000000000000000e+03,1.000000000000000e+00,
7.506220820959362e-08,0.000000000000000e+00,-7.506087110240334e-08,4.047886246407386e+03,4.047886246369848e+03,1.011806313505498e+03,7.506220820959362e-08,0.000000000000000e+00,-1.000000000000000e+03,2.698590830913232e+03,3.753781569196727e-08,2.447835487944555e+05,4.085607119407149e-06,8.292175153660457e+08,0.000000000000000e+00,5.119413120979744e-12,5.392708718436680e+10,5.392708718436680e+10,-7.124578663488951e+00,7.506220820959362e-08,1.000000000000000e+00,0.000000000000000e+00,-1.000000019510633e+00,1.000089409668375e+00,-7.090091877857336e-01,7.506891949673710e-08,1.000000000000000e+03,1.000000000000000e+00,
7.650832766570819e-08,0.000000000000000e+00,-7.506992420193959e-08,4.216984579449405e+03,4.216984579411012e+03,1.034150451211362e+03,7.650832766570819e-08,0.000000000000000e+00,-1.000000000000000e+03,2.811323052940676e+03,3.839269771369663e-08,2.474716176235806e+05,4.092892491853803e-06,8.297036726278585e+08,0.000000000000000e+00,7.861271063291930e-11,5.511798137630850e+10,5.511798137630850e+10,-7.116291290827733e+00,7.650832766570819e-08,1.000000000000000e+00,0.000000000000000e+00,-1.000100179198377e+00,1.004514327058132e+00,-5.582073431740520e-01,7.664673635126270e-08,1.000000000000000e+03,1.000000000000000e+00,
1.590293537519512e-07,0.000000000000000e+00,-5.090831830470244e-08,1.445891553512953e+04,1.445891553512097e+04,1.733256789534570e+03,1.590293537519512e-07,0.000000000000000e+00,-1.000000000000000e+03,9.639277023413981e+03,3.840565729604708e-08,3.203796992063007e+05,4.041431301678340e-06,8.448775914408714e+08,0.000000000000000e+00,-3.774418484153719e-10,9.237883649716777e+10,9.237883649716777e+10,-6.798522705894078e+00,1.590293537519512e-07,1.000000000000000e+00,0.000000000000000e+00,-3.281757209647232e-01,1.001110018502341e+00,-1.047522059130378e-01,7.760197600494499e-08,1.000000000000000e+03,1.000000000000000e+00,
1.977190862913247e-06,0.000000000000000e+00,4.143879067868853e-03,1.623194746208297e+05,1.623151321635456e+05,1.783826093133627e+03,1.977190862913247e-06,0.000000000000000e+00,-1.000000000000000e+03,1.082100881090304e+05,4.342457284022730e+00,3.250197788138596e+05,6.939441599787825e-03,8.290534624205818e+08,0.000000000000000e+00,-6.844030199283397e-09,9.507407095818915e+10,9.507407095818915e+10,-5.703951405188565e+00,1.977190862913247e-06,1.000000000000000e+00,0.000000000000000e+00,2.095841704307266e+03,2.095841704307266e+03,4.175070083166331e+02,4.143879067868853e-03,1.000000000000000e+03,1.000000000000000e+00,
2.175984091648571e-05,0.000000000000000e+00,4.953951347594401e-02,1.743156300891262e+06,1.743099908856852e+06,1.538741534916988e+03,2.175984091648571e-05,0.000000000000000e+00,-1.000000000000000e+03,1.162066605904568e+06,5.639203440990951e+01,3.018675101470044e+05,7.672708130121671e-03,7.340011561790586e+08,0.000000000000000e+00,1.605452869489795e-06,8.201159431411659e+10,8.201159431411659e+10,-4.662344284035667e+00,2.175984091648571e-05,1.000000000000000e+00,0.000000000000000e+00,2.297584369361795e+03,2.297584369361795e+03,-5.496374779421282e+00,4.953951347594401e-02,1.000000000000000e+03,1.000000000000000e+00,
2.398665476646595e-04,0.000000000000000e+00,5.421992001106278e-01,1.918227593908382e+07,1.918166314005982e+07,1.502867653756079e+03,2.398665476646595e-04,0.000000000000000e+00,-1.000000000000000e+03,1.278777542670655e+07,6.127990240047923e+02,2.983279218715890e+05,7.648354584880242e-03,6.475239252207026e+08,0.000000000000000e+00,3.926762513802942e-07,8.009959407139879e+10,8.009959407139880e+10,-3.620030315507215e+00,2.398665476646595e-04,1.000000000000000e+00,0.000000000000000e+00,2.280518459347667e+03,2.280518459347667e+03,-7.268226660269971e+02,5.421992001106278e-01,1.000000000000000e+03,1.000000000000000e+00,
2.621220007518068e-03,0.000000000000000e+00,5.793537947540489e+00,2.109793034276666e+08,2.109729008590434e+08,1.510127520691677e+03,2.621220007518068e-03,0.000000000000000e+00,-1.000000000000000e+03,1.406486005726956e+08,6.402568623259737e+03,2.990476165546531e+05,7.580539888093923e-03,5.621586868917550e+08,0.000000000000000e+00,4.312938985243591e-07,8.048652927031696e+10,8.048652927031694e+10,-2.581496525775592e+00,2.621220007518068e-03,1.000000000000000e+00,0.000000000000000e+00,2.259630926458375e+03,2.259630926458375e+03,-1.259064843439533e+03,5.793537947540489e+00,1.000000000000000e+03,1.000000000000000e+00,
7.506220820959362e-08,0.000000000000000e+00,-7.506087110240334e-08,4.047886246407386e+03,4.047886246369848e+03,1.011806313505498e+03,7.506220820959362e-08,0.000000000000000e+00,-1.000000000000000e+03,2.698590830913232e+03,3.753781569196727e-08,2.447835487944555e+05,4.085607119407149e-06,8.292175153660457e+08,0.000000000000000e+00,5.119413120979744e-12,5.392708718436680e+10,5.392708718436680e+10,-7.124578663488951e+00,7.506220820959362e-08,1.000000000000000e+00,0.000000000000000e+00,-1.000000019510633e+00,1.000089409668375e+00,-8.337868434217073e-01,7.506891949673710e-08,1.000000000000000e+03,1.000000000000000e+00,
7.650832766570819e-08,0.000000000000000e+00,-7.506992420193959e-08,4.216984579449405e+03,4.216984579411012e+03,1.034150451211362e+03,7.650832766570819e-08,0.000000000000000e+00,-1.000000000000000e+03,2.811323052940676e+03,3.839269771369663e-08,2.474716176235806e+05,4.092892491853803e-06,8.297036726278585e+08,0.000000000000000e+00,7.861271063291930e-11,5.511798137630850e+10,5.511798137630850e+10,-7.116291290827733e+00,7.650832766570819e-08,1.000000000000000e+00,0.000000000000000e+00,-1.000100179198377e+00,1.004514327058132e+00,-7.111476918283877e-01,7.664673635126270e-08,1.000000000000000e+03,1.000000000000000e+00,
1.590293537519512e-07,0.000000000000000e+00,-5.090831830470244e-08,1.445891553512953e+04,1.445891553512097e+04,1.733256789534570e+03,1.590293537519512e-07,0.000000000000000e+00,-1.000000000000000e+03,9.639277023413981e+03,3.840565729604708e-08,3.203796992063007e+05,4.041431301678340e-06,8.448775914408714e+08,0.000000000000000e+00,-3.774418484153719e-10,9.237883649716777e+10,9.237883649716777e+10,-6.798522705894078e+00,1.590293537519512e-07,1.000000000000000e+00,0.000000000000000e+00,-3.281757209647232e-01,1.001110018502341e+00,-1.481410832887593e-01,7.760197600494499e-08,1.000000000000000e+03,1.000000000000000e+00,
1.977190862913247e-06,0.000000000000000e+00,4.143879067868853e-03,1.623194746208297e+05,1.623151321635456e+05,1.783826093133627e+03,1.977190862913247e-06,0.000000000000000e+00,-1.000000000000000e+03,1.082100881090304e+05,4.342457284022730e+00,3.250197788138596e+05,6.939441599787825e-03,8.290534624205818e+08,0.000000000000000e+00,-6.844030199283397e-09,9.507407095818915e+10,9.507407095818915e+10,-5.703951405188565e+00,1.977190862913247e-06,1.000000000000000e+00,0.000000000000000e+00,2.095841704307266e+03,2.095841704307266e+03,7.350717487321914e+02,4.143879067868853e-03,1.000000000000000e+03,1.000000000000000e+00,
2.175984091648571e-05,0.000000000000000e+00,4.953951347594401e-02,1.743156300891262e+06,1.743099908856852e+06,1.538741534916988e+03,2.175984091648571e-05,0.000000000000000e+00,-1.000000000000000e+03,1.162066605904568e+06,5.639203440990951e+01,3.018675101470044e+05,7.672708130121671e-03,7.340011561790586e+08,0.000000000000000e+00,1.605452869489795e-06,8.201159431411659e+10,8.201159431411659e+10,-4.662344284035667e+00,2.175984091648571e-05,1.000000000000000e+00,0.000000000000000e+00,2.297584369361795e+03,2.297584369361795e+03,-8.255304035771335e+00,4.953951347594401e-02,1.000000000000000e+03,1.000000000000000e+00,
2.398665476646595e-04,0.000000000000000e+00,5.421992001106278e-01,1.918227593908382e+07,1.918166314005982e+07,1.502867653756079e+03,2.398665476646595e-04,0.000000000000000e+00,-1.000000000000000e+03,1.278777542670655e+07,6.127990240047923e+02,2.983279218715890e+05,7.648354584880242e-03,6.475239252207026e+08,0.000000000000000e+00,3.926762513802942e-07,8.009959407139879e+10,8.009959407139880e+10,-3.620030315507215e+00,2.398665476646595e-04,1.000000000000000e+00,0.000000000000000e+00,2.280518459347667e+03,2.280518459347667e+03,-1.027876178506921e+03,5.421992001106278e-01,1.000000000000000e+03,1.000000000000000e+00,
2.621220007518068e-03,0.000000000000000e+00,5.793537947540489e+00,2.109793034276666e+08,2.109729008590434e+08,1.510127520691677e+03,2.621220007518068e-03,0.000000000000000e+00,-1.000000000000000e+03,1.406486005726956e+08,6.402568623259737e+03,2.990476165546531e+05,7.580539888093923e-03,5.621586868917550e+08,0.000000000000000e+00,4.312938985243591e-07,8.048652927031696e+10,8.048652927031694e+10,-2.581496525775592e+00,2.621220007518068e-03,1.000000000000000e+00,0.000000000000000e+00,2.259630926458375e+03,2.259630926458375e+03,-1.604029520971582e+03,5.793537947540489e+00,1.000000000000000e+03,1.000000000000000e+00,
7.506220820959362e-08,0.000000000000000e+00,-7.506087110240334e-08,4.047886246407386e+03,4.047886246369848e+03,1.011806313505498e+03,7.506220820959362e-08,0.000000000000000e+00,-1.000000000000000e+03,2.698590830913232e+03,3.753781569196727e-08,2.447835487944555e+05,4.085607119407149e-06,8.292175153660457e+08,0.000000000000000e+00,5.119413120979744e-12,5.392708718436680e+10,5.392708718436680e+10,-7.124578663488951e+00,7.506220820959362e-08,1.000000000000000e+00,0.000000000000000e+00,-1.000000019510633e+00,1.000089409668375e+00,-9.497502548411864e-01,7.506891949673710e-08,1.000000000000000e+03,1.000000000000000e+00,
7.650832766570819e-08,0.000000000000000e+00,-7.506992420193959e-08,4.216984579449405e+03,4.216984579411012e+03,1.034150451211362e+03,7.650832766570819e-08,0.000000000000000e+00,-1.000000000000000e+03,2.811323052940676e+03,3.839269771369663e-08,2.474716176235806e+05,4.092892491853803e-06,8.297036726278585e+08,0.000000000000000e+00,7.861271063291930e-11,5.511798137630850e+10,5.511798137630850e+10,-7.116291290827733e+00,7.650832766570819e-08,1.000000000000000e+00,0.000000000000000e+00,-1.000100179198377e+00,1.004514327058132e+00,-8.981322630987815e-01,7.664673635126270e-08,1.000000000000000e+03,1.000000000000000e+00,
1.590293537519512e-07,0.000000000000000e+00,-5.090831830470244e-08,1.445891553512953e+04,1.445891553512097e+04,1.733256789534570e+03,1.590293537519512e-07,0.000000000000000e+00,-1.000000000000000e+03,9.639277023413981e+03,3.840565729604708e-08,3.203796992063007e+05,4.041431301678340e-06,8.448775914408714e+08,0.000000000000000e+00,-3.774418484153719e-10,9.237883649716777e+10,9.237883649716777e+10,-6.798522705894078e+00,1.590293537519512e-07,1.000000000000000e+00,0.000000000000000e+00,-3.281757209647232e-01,1.001110018502341e+00,-2.338610728074249e-01,7.760197600494499e-08,1.000000000000000e+03,1.000000000000000e+00,
1.977190862913247e-06,0.000000000000000e+00,4.143879067868853e-03,1.623194746208297e+05,1.623151321635456e+05,1.783826093133627e+03,1.977190862913247e-06,0.000000000000000e+00,-1.000000000000000e+03,1.082100881090304e+05,4.342457284022730e+00,3.250197788138596e+05,6.939441599787825e-03,8.290534624205818e+08,0.000000000000000e+00,-6.844030199283397e-09,9.507407095818915e+10,9.507407095818915e+10,-5.703951405188565e+00,1.977190862913247e-06,1.000000000000000e+00,0.000000000000000e+00,2.095841704307266e+03,2.095841704307266e+03,2.045653107357344e+03,4.143879067868853e-03,1.000000000000000e+03,1.000000000000000e+00,
2.175984091648571e-05,0.000000000000000e+00,4.953951347594401e-02,1.743156300891262e+06,1.743099908856852e+06,1.538741534916988e+03,2.175984091648571e-05,0.000000000000000e+00,-1.000000000000000e+03,1.162066605904568e+06,5.639203440990951e+01,3.018675101470044e+05,7.672708130121671e-03,7.340011561790586e+08,0.000000000000000e+00,1.605452869489795e-06,8.201159431411659e+10,8.201159431411659e+10,-4.662344284035667e+00,2.175984091648571e-05,1.000000000000000e+00,0.000000000000000e+00,2.297584369361795e+03,2.297584369361795e+03,-1.657522409569912e+01,4.953951347594401e-02,1.000000000000000e+03,1.000000000000000e+00,
2.398665476646595e-04,0.000000000000000e+00,5.421992001106278e-01,1.918227593908382e+07,1.918166314005982e+07,1.502867653756079e+03,2.398665476646595e-04,0.000000000000000e+00,-1.000000000000000e+03,1.278777542670655e+07,6.127990240047923e+02,2.983279218715890e+05,7.648354584880242e-03,6.475239252207026e+08,0.000000000000000e+00,3.926762513802942e-07,8.009959407139879e+10,8.009959407139880e+10,-3.620030315507215e+00,2.398665476646595e-04,1.000000000000000e+00,0.000000000000000e+00,2.280518459347667e+03,2.280518459347667e+03,-1.622643904596480e+03,5.421992001106278e-01,1.000000000000000e+03,1.000000000000000e+00,
2.621220007518068e-03,0.000000000000000e+00,5.793537947540489e+00,2.109793034276666e+08,2.109729008590434e+08,1.510127520691677e+03,2.621220007518068e-03,0.000000000000000e+00,-1.000000000000000e+03,1.406486005726956e+08,6.402568623259737e+03,2.990476165546531e+05,7.580539888093923e-03,5.621586868917550e+08,0.000000000000000e+00,4.312938985243591e-07,8.048652927031696e+10,8.048652927031694e+10,-2.581496525775592e+00,2.621220007518068e-03,1.000000000000000e+00,0.000000000000000e+00,2.259630926458375e+03,2.259630926458375e+03,-2.025782661325308e+03,5.793537947540489e+00,1.000000000000000e+03,1.000000000000000e+00,
7.506220820959362e-08,0.000000000000000e+00,-7.506087110240334e-08,4.047886246407386e+03,4.047886246369848e+03,1.011806313505498e+03,7.506220820959362e-08,0.000000000000000e+00,-1.000000000000000e+03,2.698590830913232e+03,3.753781569196727e-08,2.447835487944555e+05,4.085607119407149e-06,8.292175153660457e+08,0.000000000000000e+00,5.119413120979744e-12,5.392708718436680e+10,5.392708718436680e+10,-7.124578663488951e+00,7.506220820959362e-08,1.000000000000000e+00,0.000000000000000e+00,-1.000000019510633e+00,1.000089409668375e+00,-9.497502548411864e-01,7.506891949673710e-08,1.000000000000000e+03,1.000000000000000e+00,
7.650832766570819e-08,0.000000000000000e+00,-7.506992420193959e-08,4.216984579449405e+03,4.216984579411012e+03,1.034150451211362e+03,7.650832766570819e-08,0.000000000000000e+00,-1.000000000000000e+03,2.811323052940676e+03,3.839269771369663e-08,2.474716176235806e+05,4.092892491853803e-06,8.297036726278585e+08,0.000000000000000e+00,7.861271063291930e-11,5.511798137630850e+10,5.511798137630850e+10,-7.116291290827733e+00,7.650832766570819e-08,1.000000000000000e+00,0.000000000000000e+00,-1.000100179198377e+00,1.004514327058132e+00,-8.981322630987815e-01,7.664673635126270e-08,1.000000000000000e+03,1.000000000000000e+00,
1.590293537519512e-07,0.000000000000000e+00,-5.090831830470244e-08,1.445891553512953e+04,1.445891553512097e+04,1.733256789534570e+03,1.590293537519512e-07,0.000000000000000e+00,-1.000000000000000e+03,9.639277023413981e+03,3.840565729604708e-08,3.203796992063007e+05,4.041431301678340e-06,8.448775914408714e+08,0.000000000000000e+00,-3.774418484153719e-10,9.237883649716777e+10,9.237883649716777e+10,-6.798522705894078e+00,1.590293537519512e-07,1.000000000000000e+00,0.000000000000000e+00,-3.281757209647232e-01,1.001110018502341e+00,-2.338610728074249e-01,7.760197600494499e-08,1.000000000000000e+03,1.000000000000000e+00,
1.977190862913247e-06,0.000000000000000e+00,4.143879067868853e-03,1.623194746208297e+05,1.623151321635456e+05,1.783826093133627e+03,1.977190862913247e-06,0.000000000000000e+00,-1.000000000000000e+03,1.082100881090304e+05,4.342457284022730e+00,3.250197788138596e+05,6.939441599787825e-03,8.290534624205818e+08,0.000000000000000e+00,-6.844030199283397e-09,9.507407095818915e+10,9.507407095818915e+10,-5.703951405188565e+00,1.977190862913247e-06,1.000000000000000e+00,0.000000000000000e+00,2.095841704307266e+03,2.095841704307266e+03,2.045653107357344e+03,4.143879067868853e-03,1.000000000000000e+03,1.000000000000000e+00,
2.175984091648571e-05,0.000000000000000e+00,4.953951347594401e-02,1.743156300891262e+06,1.743099908856852e+06,1.538741534916988e+03,2.175984091648571e-05,0.000000000000000e+00,-1.000000000000000e+03,1.162066605904568e+06,5.639203440990951e+01,3.018675101470044e+05,7.672708130121671e-03,7.340011561790586e+08,0.000000000000000e+00,1.605452869489795e-06,8.201159431411659e+10,8.201159431411659e+10,-4.662344284035667e+00,2.175984091648571e-05,1.000000000000000e+00,0.000000000000000e+00,2.297584369361795e+03,2.297584369361795e+03,-1.657522409569912e+01,4.953951347594401e-02,1.000000000000000e+03,1.000000000000000e+00,
2.398665476646595e-04,0.000000000000000e+00,5.421992001106278e-01,1.918227593908382e+07,1.918166314005982e+07,1.502867653756079e+03,2.398665476646595e-04,0.000000000000000e+00,-1.000000000000000e+03,1.278777542670655e+07,6.127990240047923e+02,2.983279218715890e+05,7.648354584880242e-03,6.475239252207026e+08,0.000000000000000e+00,3.926762513802942e-07,8.009959407139879e+10,8.009959407139880e+10,-3.620030315507215e+00,2.398665476646595e-04,1.000000000000000e+00,0.000000000000000e+00,2.280518459347667e+03,2.280518459347667e+03,-1.622643904596480e+03,5.421992001106278e-01,1.000000000000000e+03,1.000000000000000e+00,
2.621220007518068e-03,0.000000000000000e+00,5.793537947540489e+00,2.109793034276666e+08,2.109729008590434e+08,1.510127520691677e+03,2.621220007518068e-03,0.000000000000000e+00,-1.000000000000000e+03,1.406486005726956e+08,6.402568623259737e+03,2.990476165546531e+05,7.580539888093923e-03,5.621586868917550e+08,0.000000000000000e+00,4.312938985243591e-07,8.048652927031696e+10,8.048652927031694e+10,-2.581496525775592e+00,2.621220007518068e-03,1.000000000000000e+00,0.000000000000000e+00,2.259630926458375e+03,2.259630926458375e+03,-2.025782661325308e+03,5.793537947540489e+00,1.000000000000000e+03,1.000000000000000e+00,
7.506220820959362e-08,0.000000000000000e+00,-7.506087110240334e-08,4.047886246407386e+03,4.047886246369848e+03,1.011806313505498e+03,7.506220820959362e-08,0.000000000000000e+00,-1.000000000000000e+03,2.698590830913232e+03,3.753781569196727e-08,2.447835487944555e+05,4.085607119407149e-06,8.292175153660457e+08,0.000000000000000e+00,5.119413120979744e-12,5.392708718436680e+10,5.392708718436680e+10,-7.124578663488951e+00,7.506220820959362e-08,1.000000000000000e+00,0.000000000000000e+00,-1.000000019510633e+00,1.000089409668375e+00,-8.337868434217073e-01,7.506891949673710e-08,1.000000000000000e+03,1.000000000000000e+00,
7.650832766570819e-08,0.000000000000000e+00,-7.506992420193959e-08,4.216984579449405e+03,4.216984579411012e+03,1.034150451211362e+03,7.650832766570819e-08,0.000000000000000e+00,-1.000000000000000e+03,2.811323052940676e+03,3.839269771369663e-08,2.474716176235806e+05,4.092892491853803e-06,8.297036726278585e+08,0.000000000000000e+00,7.861271063291930e-11,5.511798137630850e+10,5.511798137630850e+10,-7.116291290827733e+00,7.650832766570819e-08,1.000000000000000e+00,0.000000000000000e+00,-1.000100179198377e+00,1.004514327058132e+00,-7.111476918283877e-01,7.664673635126270e-08,1.000000000000000e+03,1.000000000000000e+00,
1.590293537519512e-07,0.000000000000000e+00,-5.090831830470244e-08,1.445891553512953e+04,1.445891553512097e+04,1.733256789534570e+03,1.590293537519512e-07,0.000000000000000e+00,-1.000000000000000e+03,9.639277023413981e+03,3.840565729604708e-08,3.203796992063007e+05,4.041431301678340e-06,8.448775914408714e+08,0.000000000000000e+00,-3.774418484153719e-10,9.237883649716777e+10,9.237883649716777e+10,-6.798522705894078e+00,1.590293537519512e-07,1.000000000000000e+00,0.000000000000000e+00,-3.281757209647232e-01,1.001110018502341e+00,-1.481410832887593e-01,7.760197600494499e-08,1.000000000000000e+03,1.000000000000000e+00,
1.977190862913247e-06,0.000000000000000e+00,4.143879067868853e-03,1.623194746208297e+05,1.623151321635456e+05,1.783826093133627e+03,1.977190862913247e-06,0.000000000000000e+00,-1.000000000000000e+03,1.082100881090304e+05,4.342457284022730e+00,3.250197788138596e+05,6.939441599787825e-03,8.290534624205818e+08,0.000000000000000e+00,-6.844030199283397e-09,9.507407095818915e+10,9.507407095818915e+10,-5.703951405188565e+00,1.977190862913247e-06,1.000000000000000e+00,0.000000000000000e+00,2.095841704307266e+03,2.095841704307266e+03,7.350717487321914e+02,4.143879067868853e-03,1.000000000000000e+03,1.000000000000000e+00,
2.175984091648571e-05,0.000000000000000e+00,4.953951347594401e-02,1.743156300891262e+06,1.743099908856852e+06,1.538741534916988e+03,2.175984091648571e-05,0.000000000000000e+00,-1.000000000000000e+03,1.162066605904568e+06,5.639203440990951e+01,3.018675101470044e+05,7.672708130121671e-03,7.340011561790586e+08,0.000000000000000e+00,1.605452869489795e-06,8.201159431411659e+10,8.201159431411659e+10,-4.662344284035667e+00,2.175984091648571e-05,1.000000000000000e+00,0.000000000000000e+00,2.297584369361795e+03,2.297584369361795e+03,-8.255304035771335e+00,4.953951347594401e-02,1.000000000000000e+03,1.000000000000000e+00,
2.398665476646595e-04,0.000000000000000e+00,5.421992001106278e-01,1.918227593908382e+07,1.918166314005982e+07,1.502867653756079e+03,2.398665476646595e-04,0.000000000000000e+00,-1.000000000000000e+03,1.278777542670655e+07,6.127990240047923e+02,2.983279218715890e+05,7.648354584880242e-03,6.475239252207026e+08,0.000000000000000e+00,3.926762513802942e-07,8.009959407139879e+10,8.009959407139880e+10,-3.620030315507215e+00,2.398665476646595e-04,1.000000000000000e+00,0.000000000000000e+00,2.280518459347667e+03,2.280518459347667e+03,-1.027876178506921e+03,5.421992001106278e-01,1.000000000000000e+03,1.000000000000000e+00,
2.621220007518068e-03,0.000000000000000e+00,5.793537947540489e+00,2.109793034276666e+08,2.109729008590434e+08,1.510127520691677e+03,2.621220007518068e-03,0.000000000000000e+00,-1.000000000000000e+03,1.406486005726956e+08,6.402568623259737e+03,2.990476165546531e+05,7.580539888093923e-03,5.621586868917550e+08,0.000000000000000e+00,4.312938985243591e-07,8.048652927031696e+10,8.048652927031694e+10,-2.581496525775592e+00,2.621220007518068e-03,1.000000000000000e+00,0.000000000000000e+00,2.259630926458375e+03,2.259630926458375e+03,-1.604029520971582e+03,5.793537947540489e+00,1.000000000000000e+03,1.000000000000000e+00,
7.506220820959362e-08,0.000000000000000e+00,-7.506087110240334e-08,4.047886246407386e+03,4.047886246369848e+03,1.011806313505498e+03,7.506220820959362e-08,0.000000000000000e+00,-1.000000000000000e+03,2.698590830913232e+03,3.753781569196727e-08,2.447835487944555e+05,4.085607119407149e-06,8.292175153660457e+08,0.000000000000000e+00,5.119413120979744e-12,5.392708718436680e+10,5.392708718436680e+10,-7.124578663488951e+00,7.506220820959362e-08,1.000000000000000e+00,0.000000000000000e+00,-1.000000019510633e+00,1.000089409668375e+00,-7.090091877857336e-01,7.506891949673710e-08,1.000000000000000e+03,1.000000000000000e+00,
7.650832766570819e-08,0.000000000000000e+00,-7.506992420193959e-08,4.216984579449405e+03,4.216984579411012e+03,1.034150451211362e+03,7.650832766570819e-08,0.000000000000000e+00,-1.000000000000000e+03,2.811323052940676e+03,3.839269771369663e-08,2.474716176235806e+05,4.092892491853803e-06,8.297036726278585e+08,0.000000000000000e+00,7.861271063291930e-11,5.511798137630850e+10,5.511798137630850e+10,-7.116291290827733e+00,7.650832766570819e-08,1.000000000000000e+00,0.000000000000000e+00,-1.000100179198377e+00,1.004514327058132e+00,-5.582073431740520e-01,7.664673635126270e-08,1.000000000000000e+03,1.000000000000000e+00,
1.590293537519512e-07,0.000000000000000e+00,-5.090831830470244e-08,1.445891553512953e+04,1.445891553512097e+04,1.733256789534570e+03,1.590293537519512e-07,0.000000000000000e+00,-1.000000000000000e+03,9.639277023413981e+03,3.840565729604708e-08,3.203796992063007e+05,4.041431301678340e-06,8.448775914408714e+08,0.000000000000000e+00,-3.774418484153719e-10,9.237883649716777e+10,9.237883649716777e+10,-6.798522705894078e+00,1.590293537519512e-07,1.000000000000000e+00,0.000000000000000e+00,-3.281757209647232e-01,1.001110018502341e+00,-1.047522059130378e-01,7.760197600494499e-08,1.000000000000000e+03,1.000000000000000e+00,
1.977190862913247e-06,0.000000000000000e+00,4.143879067868853e-03,1.623194746208297e+05,1.623151321635456e+05,1.783826093133627e+03,1.977190862913247e-06,0.000000000000000e+00,-1.000000000000000e+03,1.082100881090304e+05,4.342457284022730e+00,3.250197788138596e+05,6.939441599787825e-03,8.290534624205818e+08,0.000000000000000e+00,-6.844030199283397e-09,9.507407095818915e+10,9.507407095818915e+10,-5.703951405188565e+00,1.977190862913247e-06,1.000000000000000e+00,0.000000000000000e+00,2.095841704307266e+03,2.095841704307266e+03,4.175070083166331e+02,4.143879067868853e-03,1.000000000000000e+03,1.000000000000000e+00,
2.175984091648571e-05,0.000000000000000e+00,4.953951347594401e-02,1.743156300891262e+06,1.743099908856852e+06,1.538741534916988e+03,2.175984091648571e-05,0.000000000000000e+00,-1.000000000000000e+03,1.162066605904568e+06,5.639203440990951e+01,3.018675101470044e+05,7.672708130121671e-03,7.340011561790586e+08,0.000000000000000e+00,1.605452869489795e-06,8.201159431411659e+10,8.201159431411659e+10,-4.662344284035667e+00,2.175984091648571e-05,1.000000000000000e+00,0.000000000000000e+00,2.297584369361795e+03,2.297584369361795e+03,-5.496374779421282e+00,4.953951347594401e-02,1.000000000000000e+03,1.000000000000000e+00,
2.398665476646595e-04,0.000000000000000e+00,5.421992001106278e-01,1.918227593908382e+07,1.918166314005982e+07,1.502867653756079e+03,2.398665476646595e-04,0.000000000000000e+00,-1.000000000000000e+03,1.278777542670655e+07,6.127990240047923e+02,2.983279218715890e+05,7.648354584880242e-03,6.475239252207026e+08,0.000000000000000e+00,3.926762513802942e-07,8.009959407139879e+10,8.009959407139880e+10,-3.620030315507215e+00,2.398665476646595e-04,1.000000000000000e+00,0.000000000000000e+00,2.280518459347667e+03,2.280518459347667e+03,-7.268226660269971e+02,5.421992001106278e-01,1.000000000000000e+03,1.000000000000000e+00,
2.621220007518068e-03,0.000000000000000e+00,5.793537947540489e+00,2.109793034276666e+08,2.109729008590434e+08,1.510127520691677e+03,2.621220007518068e-03,0.000000000000000e+00,-1.000000000000000e+03,1.406486005726956e+08,6.402568623259737e+03,2.990476165546531e+05,7.580539888093923e-03,5.621586868917550e+08,0.000000000000000e+00,4.312938985243591e-07,8.048652927031696e+10,8.048652927031694e+10,-2.581496525775592e+00,2.621220007518068e-03,1.000000000000000e+00,0.000000000000000e+00,2.259630926458375e+03,2.259630926458375e+03,-1.259064843439533e+03,5.793537947540489e+00,1.000000000000000e+03,1.000000000000000e+00,

