1
0
28
0
(64 0
((0,0) (63,63) (0,0))
((448,0) (511,63) (0,0))
((384,0) (447,63) (0,0))
((320,0) (383,63) (0,0))
((256,0) (319,63) (0,0))
((192,0) (255,63) (0,0))
((128,0) (191,63) (0,0))
((64,0) (127,63) (0,0))
((0,448) (63,511) (0,0))
((0,384) (63,447) (0,0))
((0,320) (63,383) (0,0))
((0,256) (63,319) (0,0))
((0,192) (63,255) (0,0))
((0,128) (63,191) (0,0))
((0,64) (63,127) (0,0))
((448,448) (511,511) (0,0))
((448,384) (511,447) (0,0))
((448,320) (511,383) (0,0))
((448,256) (511,319) (0,0))
((448,192) (511,255) (0,0))
((448,128) (511,191) (0,0))
((448,64) (511,127) (0,0))
((384,448) (447,511) (0,0))
((384,384) (447,447) (0,0))
((384,320) (447,383) (0,0))
((384,256) (447,319) (0,0))
((384,192) (447,255) (0,0))
((384,128) (447,191) (0,0))
((384,64) (447,127) (0,0))
((320,448) (383,511) (0,0))
((320,384) (383,447) (0,0))
((320,320) (383,383) (0,0))
((320,256) (383,319) (0,0))
((320,192) (383,255) (0,0))
((320,128) (383,191) (0,0))
((320,64) (383,127) (0,0))
((256,448) (319,511) (0,0))
((256,384) (319,447) (0,0))
((256,320) (319,383) (0,0))
((256,256) (319,319) (0,0))
((256,192) (319,255) (0,0))
((256,128) (319,191) (0,0))
((256,64) (319,127) (0,0))
((192,448) (255,511) (0,0))
((192,384) (255,447) (0,0))
((192,320) (255,383) (0,0))
((192,256) (255,319) (0,0))
((192,192) (255,255) (0,0))
((192,128) (255,191) (0,0))
((192,64) (255,127) (0,0))
((128,448) (191,511) (0,0))
((128,384) (191,447) (0,0))
((128,320) (191,383) (0,0))
((128,256) (191,319) (0,0))
((128,192) (191,255) (0,0))
((128,128) (191,191) (0,0))
((128,64) (191,127) (0,0))
((64,448) (127,511) (0,0))
((64,384) (127,447) (0,0))
((64,320) (127,383) (0,0))
((64,256) (127,319) (0,0))
((64,192) (127,255) (0,0))
((64,128) (127,191) (0,0))
((64,64) (127,127) (0,0))
)
64
FabOnDisk: Cell_D_0000 0
FabOnDisk: Cell_D_0001 0
FabOnDisk: Cell_D_0001 917590
FabOnDisk: Cell_D_0001 1835180
FabOnDisk: Cell_D_0001 2752770
FabOnDisk: Cell_D_0000 917587
FabOnDisk: Cell_D_0000 1835177
FabOnDisk: Cell_D_0000 2752767
FabOnDisk: Cell_D_0002 0
FabOnDisk: Cell_D_0002 917590
FabOnDisk: Cell_D_0002 1835180
FabOnDisk: Cell_D_0002 2752770
FabOnDisk: Cell_D_0000 3670356
FabOnDisk: Cell_D_0000 4587946
FabOnDisk: Cell_D_0000 5505536
FabOnDisk: Cell_D_0003 0
FabOnDisk: Cell_D_0003 917593
FabOnDisk: Cell_D_0003 1835186
FabOnDisk: Cell_D_0003 2752779
FabOnDisk: Cell_D_0001 3670360
FabOnDisk: Cell_D_0001 4587953
FabOnDisk: Cell_D_0001 5505546
FabOnDisk: Cell_D_0003 3670372
FabOnDisk: Cell_D_0003 4587965
FabOnDisk: Cell_D_0003 5505558
FabOnDisk: Cell_D_0003 6423151
FabOnDisk: Cell_D_0001 6423138
FabOnDisk: Cell_D_0001 7340731
FabOnDisk: Cell_D_0001 8258324
FabOnDisk: Cell_D_0003 7340744
FabOnDisk: Cell_D_0003 8258337
FabOnDisk: Cell_D_0003 9175930
FabOnDisk: Cell_D_0003 10093523
FabOnDisk: Cell_D_0001 9175916
FabOnDisk: Cell_D_0001 10093509
FabOnDisk: Cell_D_0001 11011102
FabOnDisk: Cell_D_0003 11011116
FabOnDisk: Cell_D_0003 11928709
FabOnDisk: Cell_D_0003 12846302
FabOnDisk: Cell_D_0003 13763895
FabOnDisk: Cell_D_0001 11928694
FabOnDisk: Cell_D_0001 12846287
FabOnDisk: Cell_D_0001 13763880
FabOnDisk: Cell_D_0002 3670360
FabOnDisk: Cell_D_0002 4587953
FabOnDisk: Cell_D_0002 5505546
FabOnDisk: Cell_D_0002 6423139
FabOnDisk: Cell_D_0000 6423125
FabOnDisk: Cell_D_0000 7340718
FabOnDisk: Cell_D_0000 8258311
FabOnDisk: Cell_D_0002 7340732
FabOnDisk: Cell_D_0002 8258325
FabOnDisk: Cell_D_0002 9175918
FabOnDisk: Cell_D_0002 10093511
FabOnDisk: Cell_D_0000 9175903
FabOnDisk: Cell_D_0000 10093496
FabOnDisk: Cell_D_0000 11011089
FabOnDisk: Cell_D_0002 11011104
FabOnDisk: Cell_D_0002 11928696
FabOnDisk: Cell_D_0002 12846288
FabOnDisk: Cell_D_0002 13763880
FabOnDisk: Cell_D_0000 11928681
FabOnDisk: Cell_D_0000 12846273
FabOnDisk: Cell_D_0000 13763865

64,28
2.549201740822287e-03,0.000000000000000e+00,5.458493599853369e+00,2.051006716624950e+08,2.050948276463266e+08,1.509527132663619e+03,2.549201740822287e-03,0.000000000000000e+00,-1.000000000000000e+03,1.367298850975511e+08,5.844016168376944e+03,2.989881638079574e+05,6.491143620961099e-03,4.204022352176685e+08,0.000000000000000e+00,-1.133823718355416e-07,8.045452988752858e+10,8.045452988752858e+10,-2.593595793617068e+00,2.549201740822287e-03,1.000000000000000e+00,0.000000000000000e+00,2.141256030247587e+03,2.141256030247587e+03,-1.717320834678633e+03,5.458493599853369e+00,1.000000000000000e+03,1.000000000000000e+00,
2.549201740822287e-03,0.000000000000000e+00,5.458493599853369e+00,2.051006716624950e+08,2.050948276463266e+08,1.509527132663619e+03,2.549201740822287e-03,0.000000000000000e+00,-1.000000000000000e+03,1.367298850975511e+08,5.844016168376944e+03,2.989881638079574e+05,6.491143620961099e-03,4.204022352176685e+08,0.000000000000000e+00,-1.133823718355416e-07,8.045452988752858e+10,8.045452988752858e+10,-2.593595793617068e+00,2.549201740822287e-03,1.000000000000000e+00,0.000000000000000e+00,2.141256030247587e+03,2.141256030247587e+03,-1.717320834678633e+03,5.458493599853369e+00,1.000000000000000e+03,1.000000000000000e+00,
2.549201740822287e-03,0.000000000000000e+00,5.458493599853369e+00,2.051006716624950e+08,2.050948276463266e+08,1.509527132663619e+03,2.549201740822287e-03,0.000000000000000e+00,-1.000000000000000e+03,1.367298850975511e+08,5.844016168376944e+03,2.989881638079574e+05,6.491143620961099e-03,4.204022352176685e+08,0.000000000000000e+00,-1.133823718355416e-07,8.045452988752858e+10,8.045452988752858e+10,-2.593595793617068e+00,2.549201740822287e-03,1.000000000000000e+00,0.000000000000000e+00,2.141256030247587e+03,2.141256030247587e+03,-1.920923091862486e+03,5.458493599853369e+00,1.000000000000000e+03,1.000000000000000e+00,
2.549201740822287e-03,0.000000000000000e+00,5.458493599853369e+00,2.051006716624950e+08,2.050948276463266e+08,1.509527132663619e+03,2.549201740822287e-03,0.000000000000000e+00,-1.000000000000000e+03,1.367298850975511e+08,5.844016168376944e+03,2.989881638079574e+05,6.491143620961099e-03,4.204022352176685e+08,0.000000000000000e+00,-1.133823718355416e-07,8.045452988752858e+10,8.045452988752858e+10,-2.593595793617068e+00,2.549201740822287e-03,1.000000000000000e+00,0.000000000000000e+00,2.141256030247587e+03,2.141256030247587e+03,-2.084780321488531e+03,5.458493599853369e+00,1.000000000000000e+03,1.000000000000000e+00,
2.549201740822287e-03,0.000000000000000e+00,5.458493599853369e+00,2.051006716624950e+08,2.050948276463266e+08,1.509527132663619e+03,2.549201740822287e-03,0.000000000000000e+00,-1.000000000000000e+03,1.367298850975511e+08,5.844016168376944e+03,2.989881638079574e+05,6.491143620961099e-03,4.204022352176685e+08,0.000000000000000e+00,-1.133823718355416e-07,8.045452988752858e+10,8.045452988752858e+10,-2.593595793617068e+00,2.549201740822287e-03,1.000000000000000e+00,0.000000000000000e+00,2.141256030247587e+03,2.141256030247587e+03,-2.152587414277001e+03,5.458493599853369e+00,1.000000000000000e+03,1.000000000000000e+00,
2.549201740822287e-03,0.000000000000000e+00,5.458493599853369e+00,2.051006716624950e+08,2.050948276463266e+08,1.509527132663619e+03,2.549201740822287e-03,0.000000000000000e+00,-1.000000000000000e+03,1.367298850975511e+08,5.844016168376944e+03,2.989881638079574e+05,6.491143620961099e-03,4.204022352176685e+08,0.000000000000000e+00,-1.133823718355416e-07,8.045452988752858e+10,8.045452988752858e+10,-2.593595793617068e+00,2.549201740822287e-03,1.000000000000000e+00,0.000000000000000e+00,2.141256030247587e+03,2.141256030247587e+03,-2.152587414277001e+03,5.458493599853369e+00,1.000000000000000e+03,1.000000000000000e+00,
2.549201740822287e-03,0.000000000000000e+00,5.458493599853369e+00,2.051006716624950e+08,2.050948276463266e+08,1.509527132663619e+03,2.549201740822287e-03,0.000000000000000e+00,-1.000000000000000e+03,1.367298850975511e+08,5.844016168376944e+03,2.989881638079574e+05,6.491143620961099e-03,4.204022352176685e+08,0.000000000000000e+00,-1.133823718355416e-07,8.045452988752858e+10,8.045452988752858e+10,-2.593595793617068e+00,2.549201740822287e-03,1.000000000000000e+00,0.000000000000000e+00,2.141256030247587e+03,2.141256030247587e+03,-2.084780321488531e+03,5.458493599853369e+00,1.000000000000000e+03,1.000000000000000e+00,
2.549201740822287e-03,0.000000000000000e+00,5.458493599853369e+00,2.051006716624950e+08,2.050948276463266e+08,1.509527132663619e+03,2.549201740822287e-03,0.000000000000000e+00,-1.000000000000000e+03,1.367298850975511e+08,5.844016168376944e+03,2.989881638079574e+05,6.491143620961099e-03,4.204022352176685e+08,0.000000000000000e+00,-1.133823718355416e-07,8.045452988752858e+10,8.045452988752858e+10,-2.593595793617068e+00,2.549201740822287e-03,1.000000000000000e+00,0.000000000000000e+00,2.141256030247587e+03,2.141256030247587e+03,-1.920923091862486e+03,5.458493599853369e+00,1.000000000000000e+03,1.000000000000000e+00,
7.506086956390700e-08,0.000000000000000e+00,-7.506421254182044e-08,4.375791866615717e+03,4.375791866578187e+03,1.093788838797090e+03,7.506086956390700e-08,0.000000000000000e+00,-1.000000000000000e+03,2.917194577718792e+03,3.753043489882627e-08,2.545073201093612e+05,3.929160077302650e-06,8.333706103808535e+08,0.000000000000000e+00,-1.244210290352044e-17,5.829657839032397e+10,5.829657839032397e+10,-7.124586408686339e+00,7.506086956390700e-08,1.000000000000000e+00,0.000000000000000e+00,-1.000039732854295e+00,1.000000001556126e+00,-7.986851788888614e-01,7.506086968084837e-08,1.000000000000000e+03,1.000000000000000e+00,
7.506129104247153e-08,0.000000000000000e+00,-7.662383702140355e-08,4.375838584878303e+03,4.375838584840769e+03,1.093794374836700e+03,7.506129104247153e-08,0.000000000000000e+00,-1.000000000000000e+03,2.917225723227179e+03,3.753405831127783e-08,2.545079641828663e+05,3.929328769291845e-06,8.333706806221745e+08,0.000000000000000e+00,-4.840195587690888e-11,5.829687344925644e+10,5.829687344925645e+10,-7.124583970061501e+00,7.506129104247153e-08,1.000000000000000e+00,0.000000000000000e+00,-1.008250894872565e+00,1.000045465677635e+00,-7.052950311046198e-01,7.506470375493295e-08,1.000000000000000e+03,1.000000000000000e+00,
7.609027132959935e-08,0.000000000000000e+00,-7.775888065441236e-08,4.500675750425773e+03,4.500675750387112e+03,1.109785419684565e+03,7.609027132959935e-08,0.000000000000000e+00,-1.000000000000000e+03,3.000450500258075e+03,1.063251763217924e-08,2.563616402631189e+05,1.200201990067280e-06,8.304412252114648e+08,0.000000000000000e+00,-3.053522872730713e-08,5.914916153855711e+10,5.914916153855711e+10,-7.118670867249985e+00,7.609027132959935e-08,1.000000000000000e+00,0.000000000000000e+00,-1.008057287049057e+00,3.751995383985721e-01,-5.566482831343444e-01,5.108203274482899e-08,1.000000000000000e+03,1.000000000000000e+00,
1.567186198400131e-07,0.000000000000000e+00,-5.811864224504427e-08,1.377553468406496e+04,1.377553468405463e+04,1.535446446834078e+03,1.567186198400131e-07,0.000000000000000e+00,-1.000000000000000e+03,9.183689789369755e+03,4.318681627678570e-11,3.015441247408277e+05,5.898761475933672e-08,7.375373217242342e+08,0.000000000000000e+00,-3.063313337226624e-04,8.183597324914061e+10,8.183597324914062e+10,-6.804879401659222e+00,1.567186198400131e-07,1.000000000000000e+00,0.000000000000000e+00,-3.630561422714939e-01,1.860619623137077e-02,-1.137332292868011e-01,4.642197227176509e-09,1.000000000000000e+03,1.000000000000000e+00,
1.923015417149800e-06,0.000000000000000e+00,2.684135881687109e-03,1.572315408782554e+05,1.572296676261308e+05,1.502179956523504e+03,1.923015417149800e-06,0.000000000000000e+00,-1.000000000000000e+03,1.048197784174206e+05,1.873252124530161e+00,2.982596581223360e+05,4.630918323180895e-03,6.511744134241093e+08,0.000000000000000e+00,-4.478718909692248e-06,8.006294129692751e+10,8.006294129692751e+10,-5.716017233933000e+00,1.923015417149800e-06,1.000000000000000e+00,0.000000000000000e+00,1.395795300312987e+03,1.395795300312987e+03,-5.908717668597970e+02,2.684135881687109e-03,1.000000000000000e+03,1.000000000000000e+00,
2.114935338065168e-05,0.000000000000000e+00,4.003889970675014e-02,1.693195605547658e+06,1.693157705724886e+06,1.500187735855558e+03,2.114935338065168e-05,0.000000000000000e+00,-1.000000000000000e+03,1.128771803816591e+06,3.789982277173997e+01,2.980618135854294e+05,6.347550085549720e-03,5.658315259553212e+08,0.000000000000000e+00,-3.461815395334781e-06,7.995676024605171e+10,7.995676024605171e+10,-4.674702906185287e+00,2.114935338065168e-05,1.000000000000000e+00,0.000000000000000e+00,1.893150064028880e+03,1.893150064028880e+03,-1.165623141689712e+03,4.003889970675014e-02,1.000000000000000e+03,1.000000000000000e+00,
2.331168320864428e-04,0.000000000000000e+00,4.923467078224616e-01,1.864017456399748e+07,1.863965464169385e+07,1.500218963301837e+03,2.331168320864428e-04,0.000000000000000e+00,-1.000000000000000e+03,1.242643642779590e+07,5.199223036235522e+02,2.980649157507827e+05,7.085761755108746e-03,4.811229517734464e+08,0.000000000000000e+00,-5.610556663071975e-07,7.995842460136908e+10,7.995842460136906e+10,-3.632426367327367e+00,2.331168320864428e-04,1.000000000000000e+00,0.000000000000000e+00,2.112016980566606e+03,2.112016980566606e+03,-1.509988654166146e+03,4.923467078224616e-01,1.000000000000000e+03,1.000000000000000e+00,
7.506086956390700e-08,0.000000000000000e+00,-7.506421254182044e-08,4.375791866615717e+03,4.375791866578187e+03,1.093788838797090e+03,7.506086956390700e-08,0.000000000000000e+00,-1.000000000000000e+03,2.917194577718792e+03,3.753043489882627e-08,2.545073201093612e+05,3.929160077302650e-06,8.333706103808535e+08,0.000000000000000e+00,-1.244210290352044e-17,5.829657839032397e+10,5.829657839032397e+10,-7.124586408686339e+00,7.506086956390700e-08,1.000000000000000e+00,0.000000000000000e+00,-1.000039732854295e+00,1.000000001556126e+00,-7.986851788888614e-01,7.506086968084837e-08,1.000000000000000e+03,1.000000000000000e+00,
7.506129104247153e-08,0.000000000000000e+00,-7.662383702140355e-08,4.375838584878303e+03,4.375838584840769e+03,1.093794374836700e+03,7.506129104247153e-08,0.000000000000000e+00,-1.000000000000000e+03,2.917225723227179e+03,3.753405831127783e-08,2.545079641828663e+05,3.929328769291845e-06,8.333706806221745e+08,0.000000000000000e+00,-4.840195587690888e-11,5.829687344925644e+10,5.829687344925645e+10,-7.124583970061501e+00,7.506129104247153e-08,1.000000000000000e+00,0.000000000000000e+00,-1.008250894872565e+00,1.000045465677635e+00,-7.052950311046198e-01,7.506470375493295e-08,1.000000000000000e+03,1.000000000000000e+00,
7.609027132959935e-08,0.000000000000000e+00,-7.775888065441236e-08,4.500675750425773e+03,4.500675750387112e+03,1.109785419684565e+03,7.609027132959935e-08,0.000000000000000e+00,-1.000000000000000e+03,3.000450500258075e+03,1.063251763217924e-08,2.563616402631189e+05,1.200201990067280e-06,8.304412252114648e+08,0.000000000000000e+00,-3.053522872730713e-08,5.914916153855711e+10,5.914916153855711e+10,-7.118670867249985e+00,7.609027132959935e-08,1.000000000000000e+00,0.000000000000000e+00,-1.008057287049057e+00,3.751995383985721e-01,-5.566482831343444e-01,5.108203274482899e-08,1.000000000000000e+03,1.000000000000000e+00,
1.567186198400131e-07,0.000000000000000e+00,-5.811864224504427e-08,1.377553468406496e+04,1.377553468405463e+04,1.535446446834078e+03,1.567186198400131e-07,0.000000000000000e+00,-1.000000000000000e+03,9.183689789369755e+03,4.318681627678570e-11,3.015441247408277e+05,5.898761475933672e-08,7.375373217242342e+08,0.000000000000000e+00,-3.063313337226624e-04,8.183597324914061e+10,8.183597324914062e+10,-6.804879401659222e+00,1.567186198400131e-07,1.000000000000000e+00,0.000000000000000e+00,-3.630561422714939e-01,1.860619623137077e-02,-1.137332292868011e-01,4.642197227176509e-09,1.000000000000000e+03,1.000000000000000e+00,
1.923015417149800e-06,0.000000000000000e+00,2.684135881687109e-03,1.572315408782554e+05,1.572296676261308e+05,1.502179956523504e+03,1.923015417149800e-06,0.000000000000000e+00,-1.000000000000000e+03,1.048197784174206e+05,1.873252124530161e+00,2.982596581223360e+05,4.630918323180895e-03,6.511744134241093e+08,0.000000000000000e+00,-4.478718909692248e-06,8.006294129692751e+10,8.006294129692751e+10,-5.716017233933000e+00,1.923015417149800e-06,1.000000000000000e+00,0.000000000000000e+00,1.395795300312987e+03,1.395795300312987e+03,-5.908717668597970e+02,2.684135881687109e-03,1.000000000000000e+03,1.000000000000000e+00,
2.114935338065168e-05,0.000000000000000e+00,4.003889970675014e-02,1.693195605547658e+06,1.693157705724886e+06,1.500187735855558e+03,2.114935338065168e-05,0.000000000000000e+00,-1.000000000000000e+03,1.128771803816591e+06,3.789982277173997e+01,2.980618135854294e+05,6.347550085549720e-03,5.658315259553212e+08,0.000000000000000e+00,-3.461815395334781e-06,7.995676024605171e+10,7.995676024605171e+10,-4.674702906185287e+00,2.114935338065168e-05,1.000000000000000e+00,0.000000000000000e+00,1.893150064028880e+03,1.893150064028880e+03,-1.165623141689712e+03,4.003889970675014e-02,1.000000000000000e+03,1.000000000000000e+00,
2.331168320864428e-04,0.000000000000000e+00,4.923467078224616e-01,1.864017456399748e+07,1.863965464169385e+07,1.500218963301837e+03,2.331168320864428e-04,0.000000000000000e+00,-1.000000000000000e+03,1.242643642779590e+07,5.199223036235522e+02,2.980649157507827e+05,7.085761755108746e-03,4.811229517734464e+08,0.000000000000000e+00,-5.610556663071975e-07,7.995842460136908e+10,7.995842460136906e+10,-3.632426367327367e+00,2.331168320864428e-04,1.000000000000000e+00,0.000000000000000e+00,2.112016980566606e+03,2.112016980566606e+03,-1.509988654166146e+03,4.923467078224616e-01,1.000000000000000e+03,1.000000000000000e+00,
7.506086956390700e-08,0.000000000000000e+00,-7.506421254182044e-08,4.375791866615717e+03,4.375791866578187e+03,1.093788838797090e+03,7.506086956390700e-08,0.000000000000000e+00,-1.000000000000000e+03,2.917194577718792e+03,3.753043489882627e-08,2.545073201093612e+05,3.929160077302650e-06,8.333706103808535e+08,0.000000000000000e+00,-1.244210290352044e-17,5.829657839032397e+10,5.829657839032397e+10,-7.124586408686339e+00,7.506086956390700e-08,1.000000000000000e+00,0.000000000000000e+00,-1.000039732854295e+00,1.000000001556126e+00,-8.933757584924638e-01,7.506086968084837e-08,1.000000000000000e+03,1.000000000000000e+00,
7.506129104247153e-08,0.000000000000000e+00,-7.662383702140355e-08,4.375838584878303e+03,4.375838584840769e+03,1.093794374836700e+03,7.506129104247153e-08,0.000000000000000e+00,-1.000000000000000e+03,2.917225723227179e+03,3.753405831127783e-08,2.545079641828663e+05,3.929328769291845e-06,8.333706806221745e+08,0.000000000000000e+00,-4.840195587690888e-11,5.829687344925644e+10,5.829687344925645e+10,-7.124583970061501e+00,7.506129104247153e-08,1.000000000000000e+00,0.000000000000000e+00,-1.008250894872565e+00,1.000045465677635e+00,-8.304165251975003e-01,7.506470375493295e-08,1.000000000000000e+03,1.000000000000000e+00,
7.609027132959935e-08,0.000000000000000e+00,-7.775888065441236e-08,4.500675750425773e+03,4.500675750387112e+03,1.109785419684565e+03,7.609027132959935e-08,0.000000000000000e+00,-1.000000000000000e+03,3.000450500258075e+03,1.063251763217924e-08,2.563616402631189e+05,1.200201990067280e-06,8.304412252114648e+08,0.000000000000000e+00,-3.053522872730713e-08,5.914916153855711e+10,5.914916153855711e+10,-7.118670867249985e+00,7.609027132959935e-08,1.000000000000000e+00,0.000000000000000e+00,-1.008057287049057e+00,3.751995383985721e-01,-7.100143353525441e-01,5.108203274482899e-08,1.000000000000000e+03,1.000000000000000e+00,
1.567186198400131e-07,0.000000000000000e+00,-5.811864224504427e-08,1.377553468406496e+04,1.377553468405463e+04,1.535446446834078e+03,1.567186198400131e-07,0.000000000000000e+00,-1.000000000000000e+03,9.183689789369755e+03,4.318681627678570e-11,3.015441247408277e+05,5.898761475933672e-08,7.375373217242342e+08,0.000000000000000e+00,-3.063313337226624e-04,8.183597324914061e+10,8.183597324914062e+10,-6.804879401659222e+00,1.567186198400131e-07,1.000000000000000e+00,0.000000000000000e+00,-3.630561422714939e-01,1.860619623137077e-02,-1.608420967207811e-01,4.642197227176509e-09,1.000000000000000e+03,1.000000000000000e+00,
1.923015417149800e-06,0.000000000000000e+00,2.684135881687109e-03,1.572315408782554e+05,1.572296676261308e+05,1.502179956523504e+03,1.923015417149800e-06,0.000000000000000e+00,-1.000000000000000e+03,1.048197784174206e+05,1.873252124530161e+00,2.982596581223360e+05,4.630918323180895e-03,6.511744134241093e+08,0.000000000000000e+00,-4.478718909692248e-06,8.006294129692751e+10,8.006294129692751e+10,-5.716017233933000e+00,1.923015417149800e-06,1.000000000000000e+00,0.000000000000000e+00,1.395795300312987e+03,1.395795300312987e+03,-8.356137821004569e+02,2.684135881687109e-03,1.000000000000000e+03,1.000000000000000e+00,
2.114935338065168e-05,0.000000000000000e+00,4.003889970675014e-02,1.693195605547658e+06,1.693157705724886e+06,1.500187735855558e+03,2.114935338065168e-05,0.000000000000000e+00,-1.000000000000000e+03,1.128771803816591e+06,3.789982277173997e+01,2.980618135854294e+05,6.347550085549720e-03,5.658315259553212e+08,0.000000000000000e+00,-3.461815395334781e-06,7.995676024605171e+10,7.995676024605171e+10,-4.674702906185287e+00,2.114935338065168e-05,1.000000000000000e+00,0.000000000000000e+00,1.893150064028880e+03,1.893150064028880e+03,-1.486772106002572e+03,4.003889970675014e-02,1.000000000000000e+03,1.000000000000000e+00,
2.331168320864428e-04,0.000000000000000e+00,4.923467078224616e-01,1.864017456399748e+07,1.863965464169385e+07,1.500218963301837e+03,2.331168320864428e-04,0.000000000000000e+00,-1.000000000000000e+03,1.242643642779590e+07,5.199223036235522e+02,2.980649157507827e+05,7.085761755108746e-03,4.811229517734464e+08,0.000000000000000e+00,-5.610556663071975e-07,7.995842460136908e+10,7.995842460136906e+10,-3.632426367327367e+00,2.331168320864428e-04,1.000000000000000e+00,0.000000000000000e+00,2.112016980566606e+03,2.112016980566606e+03,-1.777865256354402e+03,4.923467078224616e-01,1.000000000000000e+03,1.000000000000000e+00,
7.506086956390700e-08,0.000000000000000e+00,-7.506421254182044e-08,4.375791866615717e+03,4.375791866578187e+03,1.093788838797090e+03,7.506086956390700e-08,0.000000000000000e+00,-1.000000000000000e+03,2.917194577718792e+03,3.753043489882627e-08,2.545073201093612e+05,3.929160077302650e-06,8.333706103808535e+08,0.000000000000000e+00,-1.244210290352044e-17,5.829657839032397e+10,5.829657839032397e+10,-7.124586408686339e+00,7.506086956390700e-08,1.000000000000000e+00,0.000000000000000e+00,-1.000039732854295e+00,1.000000001556126e+00,-9.695818686807218e-01,7.506086968084837e-08,1.000000000000000e+03,1.000000000000000e+00,
7.506129104247153e-08,0.000000000000000e+00,-7.662383702140355e-08,4.375838584878303e+03,4.375838584840769e+03,1.093794374836700e+03,7.506129104247153e-08,0.000000000000000e+00,-1.000000000000000e+03,2.917225723227179e+03,3.753405831127783e-08,2.545079641828663e+05,3.929328769291845e-06,8.333706806221745e+08,0.000000000000000e+00,-4.840195587690888e-11,5.829687344925644e+10,5.829687344925645e+10,-7.124583970061501e+00,7.506129104247153e-08,1.000000000000000e+00,0.000000000000000e+00,-1.008250894872565e+00,1.000045465677635e+00,-9.477319852319750e-01,7.506470375493295e-08,1.000000000000000e+03,1.000000000000000e+00,
7.609027132959935e-08,0.000000000000000e+00,-7.775888065441236e-08,4.500675750425773e+03,4.500675750387112e+03,1.109785419684565e+03,7.609027132959935e-08,0.000000000000000e+00,-1.000000000000000e+03,3.000450500258075e+03,1.063251763217924e-08,2.563616402631189e+05,1.200201990067280e-06,8.304412252114648e+08,0.000000000000000e+00,-3.053522872730713e-08,5.914916153855711e+10,5.914916153855711e+10,-7.118670867249985e+00,7.609027132959935e-08,1.000000000000000e+00,0.000000000000000e+00,-1.008057287049057e+00,3.751995383985721e-01,-8.995074230591458e-01,5.108203274482899e-08,1.000000000000000e+03,1.000000000000000e+00,
1.567186198400131e-07,0.000000000000000e+00,-5.811864224504427e-08,1.377553468406496e+04,1.377553468405463e+04,1.535446446834078e+03,1.567186198400131e-07,0.000000000000000e+00,-1.000000000000000e+03,9.183689789369755e+03,4.318681627678570e-11,3.015441247408277e+05,5.898761475933672e-08,7.375373217242342e+08,0.000000000000000e+00,-3.063313337226624e-04,8.183597324914061e+10,8.183597324914062e+10,-6.804879401659222e+00,1.567186198400131e-07,1.000000000000000e+00,0.000000000000000e+00,-3.630561422714939e-01,1.860619623137077e-02,-2.547060664754874e-01,4.642197227176509e-09,1.000000000000000e+03,1.000000000000000e+00,
1.923015417149800e-06,0.000000000000000e+00,2.684135881687109e-03,1.572315408782554e+05,1.572296676261308e+05,1.502179956523504e+03,1.923015417149800e-06,0.000000000000000e+00,-1.000000000000000e+03,1.048197784174206e+05,1.873252124530161e+00,2.982596581223360e+05,4.630918323180895e-03,6.511744134241093e+08,0.000000000000000e+00,-4.478718909692248e-06,8.006294129692751e+10,8.006294129692751e+10,-5.716017233933000e+00,1.923015417149800e-06,1.000000000000000e+00,0.000000000000000e+00,1.395795300312987e+03,1.395795300312987e+03,-1.323259916842489e+03,2.684135881687109e-03,1.000000000000000e+03,1.000000000000000e+00,
2.114935338065168e-05,0.000000000000000e+00,4.003889970675014e-02,1.693195605547658e+06,1.693157705724886e+06,1.500187735855558e+03,2.114935338065168e-05,0.000000000000000e+00,-1.000000000000000e+03,1.128771803816591e+06,3.789982277173997e+01,2.980618135854294e+05,6.347550085549720e-03,5.658315259553212e+08,0.000000000000000e+00,-3.461815395334781e-06,7.995676024605171e+10,7.995676024605171e+10,-4.674702906185287e+00,2.114935338065168e-05,1.000000000000000e+00,0.000000000000000e+00,1.893150064028880e+03,1.893150064028880e+03,-1.883571188858533e+03,4.003889970675014e-02,1.000000000000000e+03,1.000000000000000e+00,
2.331168320864428e-04,0.000000000000000e+00,4.923467078224616e-01,1.864017456399748e+07,1.863965464169385e+07,1.500218963301837e+03,2.331168320864428e-04,0.000000000000000e+00,-1.000000000000000e+03,1.242643642779590e+07,5.199223036235522e+02,2.980649157507827e+05,7.085761755108746e-03,4.811229517734464e+08,0.000000000000000e+00,-5.610556663071975e-07,7.995842460136908e+10,7.995842460136906e+10,-3.632426367327367e+00,2.331168320864428e-04,1.000000000000000e+00,0.000000000000000e+00,2.112016980566606e+03,2.112016980566606e+03,-2.029029670958171e+03,4.923467078224616e-01,1.000000000000000e+03,1.000000000000000e+00,
7.506086956390700e-08,0.000000000000000e+00,-7.506421254182044e-08,4.375791866615717e+03,4.375791866578187e+03,1.093788838797090e+03,7.506086956390700e-08,0.000000000000000e+00,-1.000000000000000e+03,2.917194577718792e+03,3.753043489882627e-08,2.545073201093612e+05,3.929160077302650e-06,8.333706103808535e+08,0.000000000000000e+00,-1.244210290352044e-17,5.829657839032397e+10,5.829657839032397e+10,-7.124586408686339e+00,7.506086956390700e-08,1.000000000000000e+00,0.000000000000000e+00,-1.000039732854295e+00,1.000000001556126e+00,-1.000036359487209e+00,7.506086968084837e-08,1.000000000000000e+03,1.000000000000000e+00,
7.506129104247153e-08,0.000000000000000e+00,-7.662383702140355e-08,4.375838584878303e+03,4.375838584840769e+03,1.093794374836700e+03,7.506129104247153e-08,0.000000000000000e+00,-1.000000000000000e+03,2.917225723227179e+03,3.753405831127783e-08,2.545079641828663e+05,3.929328769291845e-06,8.333706806221745e+08,0.000000000000000e+00,-4.840195587690888e-11,5.829687344925644e+10,5.829687344925645e+10,-7.124583970061501e+00,7.506129104247153e-08,1.000000000000000e+00,0.000000000000000e+00,-1.008250894872565e+00,1.000045465677635e+00,-1.008243379781687e+00,7.506470375493295e-08,1.000000000000000e+03,1.000000000000000e+00,
7.609027132959935e-08,0.000000000000000e+00,-7.775888065441236e-08,4.500675750425773e+03,4.500675750387112e+03,1.109785419684565e+03,7.609027132959935e-08,0.000000000000000e+00,-1.000000000000000e+03,3.000450500258075e+03,1.063251763217924e-08,2.563616402631189e+05,1.200201990067280e-06,8.304412252114648e+08,0.000000000000000e+00,-3.053522872730713e-08,5.914916153855711e+10,5.914916153855711e+10,-7.118670867249985e+00,7.609027132959935e-08,1.000000000000000e+00,0.000000000000000e+00,-1.008057287049057e+00,3.751995383985721e-01,-1.008049535832907e+00,5.108203274482899e-08,1.000000000000000e+03,1.000000000000000e+00,
1.567186198400131e-07,0.000000000000000e+00,-5.811864224504427e-08,1.377553468406496e+04,1.377553468405463e+04,1.535446446834078e+03,1.567186198400131e-07,0.000000000000000e+00,-1.000000000000000e+03,9.183689789369755e+03,4.318681627678570e-11,3.015441247408277e+05,5.898761475933672e-08,7.375373217242342e+08,0.000000000000000e+00,-3.063313337226624e-04,8.183597324914061e+10,8.183597324914062e+10,-6.804879401659222e+00,1.567186198400131e-07,1.000000000000000e+00,0.000000000000000e+00,-3.630561422714939e-01,1.860619623137077e-02,-3.630448880318944e-01,4.642197227176509e-09,1.000000000000000e+03,1.000000000000000e+00,
1.923015417149800e-06,0.000000000000000e+00,2.684135881687109e-03,1.572315408782554e+05,1.572296676261308e+05,1.502179956523504e+03,1.923015417149800e-06,0.000000000000000e+00,-1.000000000000000e+03,1.048197784174206e+05,1.873252124530161e+00,2.982596581223360e+05,4.630918323180895e-03,6.511744134241093e+08,0.000000000000000e+00,-4.478718909692248e-06,8.006294129692751e+10,8.006294129692751e+10,-5.716017233933000e+00,1.923015417149800e-06,1.000000000000000e+00,0.000000000000000e+00,1.395795300312987e+03,1.395795300312987e+03,-1.886106424533900e+03,2.684135881687109e-03,1.000000000000000e+03,1.000000000000000e+00,
2.114935338065168e-05,0.000000000000000e+00,4.003889970675014e-02,1.693195605547658e+06,1.693157705724886e+06,1.500187735855558e+03,2.114935338065168e-05,0.000000000000000e+00,-1.000000000000000e+03,1.128771803816591e+06,3.789982277173997e+01,2.980618135854294e+05,6.347550085549720e-03,5.658315259553212e+08,0.000000000000000e+00,-3.461815395334781e-06,7.995676024605171e+10,7.995676024605171e+10,-4.674702906185287e+00,2.114935338065168e-05,1.000000000000000e+00,0.000000000000000e+00,1.893150064028880e+03,1.893150064028880e+03,-2.110858692171385e+03,4.003889970675014e-02,1.000000000000000e+03,1.000000000000000e+00,
2.331168320864428e-04,0.000000000000000e+00,4.923467078224616e-01,1.864017456399748e+07,1.863965464169385e+07,1.500218963301837e+03,2.331168320864428e-04,0.000000000000000e+00,-1.000000000000000e+03,1.242643642779590e+07,5.199223036235522e+02,2.980649157507827e+05,7.085761755108746e-03,4.811229517734464e+08,0.000000000000000e+00,-5.610556663071975e-07,7.995842460136908e+10,7.995842460136906e+10,-3.632426367327367e+00,2.331168320864428e-04,1.000000000000000e+00,0.000000000000000e+00,2.112016980566606e+03,2.112016980566606e+03,-2.141021973947501e+03,4.923467078224616e-01,1.000000000000000e+03,1.000000000000000e+00,
7.506086956390700e-08,0.000000000000000e+00,-7.506421254182044e-08,4.375791866615717e+03,4.375791866578187e+03,1.093788838797090e+03,7.506086956390700e-08,0.000000000000000e+00,-1.000000000000000e+03,2.917194577718792e+03,3.753043489882627e-08,2.545073201093612e+05,3.929160077302650e-06,8.333706103808535e+08,0.000000000000000e+00,-1.244210290352044e-17,5.829657839032397e+10,5.829657839032397e+10,-7.124586408686339e+00,7.506086956390700e-08,1.000000000000000e+00,0.000000000000000e+00,-1.000039732854295e+00,1.000000001556126e+00,-1.000036359487209e+00,7.506086968084837e-08,1.000000000000000e+03,1.000000000000000e+00,
7.506129104247153e-08,0.000000000000000e+00,-7.662383702140355e-08,4.375838584878303e+03,4.375838584840769e+03,1.093794374836700e+03,7.506129104247153e-08,0.000000000000000e+00,-1.000000000000000e+03,2.917225723227179e+03,3.753405831127783e-08,2.545079641828663e+05,3.929328769291845e-06,8.333706806221745e+08,0.000000000000000e+00,-4.840195587690888e-11,5.829687344925644e+10,5.829687344925645e+10,-7.124583970061501e+00,7.506129104247153e-08,1.000000000000000e+00,0.000000000000000e+00,-1.008250894872565e+00,1.000045465677635e+00,-1.008243379781687e+00,7.506470375493295e-08,1.000000000000000e+03,1.000000000000000e+00,
7.609027132959935e-08,0.000000000000000e+00,-7.775888065441236e-08,4.500675750425773e+03,4.500675750387112e+03,1.109785419684565e+03,7.609027132959935e-08,0.000000000000000e+00,-1.000000000000000e+03,3.000450500258075e+03,1.063251763217924e-08,2.563616402631189e+05,1.200201990067280e-06,8.304412252114648e+08,0.000000000000000e+00,-3.053522872730713e-08,5.914916153855711e+10,5.914916153855711e+10,-7.118670867249985e+00,7.609027132959935e-08,1.000000000000000e+00,0.000000000000000e+00,-1.008057287049057e+00,3.751995383985721e-01,-1.008049535832907e+00,5.108203274482899e-08,1.000000000000000e+03,1.000000000000000e+00,
1.567186198400131e-07,0.000000000000000e+00,-5.811864224504427e-08,1.377553468406496e+04,1.377553468405463e+04,1.535446446834078e+03,1.567186198400131e-07,0.000000000000000e+00,-1.000000000000000e+03,9.183689789369755e+03,4.318681627678570e-11,3.015441247408277e+05,5.898761475933672e-08,7.375373217242342e+08,0.000000000000000e+00,-3.063313337226624e-04,8.183597324914061e+10,8.183597324914062e+10,-6.804879401659222e+00,1.567186198400131e-07,1.000000000000000e+00,0.000000000000000e+00,-3.630561422714939e-01,1.860619623137077e-02,-3.630448880318944e-01,4.642197227176509e-09,1.000000000000000e+03,1.000000000000000e+00,
1.923015417149800e-06,0.000000000000000e+00,2.684135881687109e-03,1.572315408782554e+05,1.572296676261308e+05,1.502179956523504e+03,1.923015417149800e-06,0.000000000000000e+00,-1.000000000000000e+03,1.048197784174206e+05,1.873252124530161e+00,2.982596581223360e+05,4.630918323180895e-03,6.511744134241093e+08,0.000000000000000e+00,-4.478718909692248e-06,8.006294129692751e+10,8.006294129692751e+10,-5.716017233933000e+00,1.923015417149800e-06,1.000000000000000e+00,0.000000000000000e+00,1.395795300312987e+03,1.395795300312987e+03,-1.886106424533900e+03,2.684135881687109e-03,1.000000000000000e+03,1.000000000000000e+00,
2.114935338065168e-05,0.000000000000000e+00,4.003889970675014e-02,1.693195605547658e+06,1.693157705724886e+06,1.500187735855558e+03,2.114935338065168e-05,0.000000000000000e+00,-1.000000000000000e+03,1.128771803816591e+06,3.789982277173997e+01,2.980618135854294e+05,6.347550085549720e-03,5.658315259553212e+08,0.000000000000000e+00,-3.461815395334781e-06,7.995676024605171e+10,7.995676024605171e+10,-4.674702906185287e+00,2.114935338065168e-05,1.000000000000000e+00,0.000000000000000e+00,1.893150064028880e+03,1.893150064028880e+03,-2.110858692171385e+03,4.003889970675014e-02,1.000000000000000e+03,1.000000000000000e+00,
2.331168320864428e-04,0.000000000000000e+00,4.923467078224616e-01,1.864017456399748e+07,1.863965464169385e+07,1.500218963301837e+03,2.331168320864428e-04,0.000000000000000e+00,-1.000000000000000e+03,1.242643642779590e+07,5.199223036235522e+02,2.980649157507827e+05,7.085761755108746e-03,4.811229517734464e+08,0.000000000000000e+00,-5.610556663071975e-07,7.995842460136908e+10,7.995842460136906e+10,-3.632426367327367e+00,2.331168320864428e-04,1.000000000000000e+00,0.000000000000000e+00,2.112016980566606e+03,2.112016980566606e+03,-2.141021973947501e+03,4.923467078224616e-01,1.000000000000000e+03,1.000000000000000e+00,
7.506086956390700e-08,0.000000000000000e+00,-7.506421254182044e-08,4.375791866615717e+03,4.375791866578187e+03,1.093788838797090e+03,7.506086956390700e-08,0.000000000000000e+00,-1.000000000000000e+03,2.917194577718792e+03,3.753043489882627e-08,2.545073201093612e+05,3.929160077302650e-06,8.333706103808535e+08,0.000000000000000e+00,-1.244210290352044e-17,5.829657839032397e+10,5.829657839032397e+10,-7.124586408686339e+00,7.506086956390700e-08,1.000000000000000e+00,0.000000000000000e+00,-1.000039732854295e+00,1.000000001556126e+00,-9.695818686807218e-01,7.506086968084837e-08,1.000000000000000e+03,1.000000000000000e+00,
7.506129104247153e-08,0.000000000000000e+00,-7.662383702140355e-08,4.375838584878303e+03,4.375838584840769e+03,1.093794374836700e+03,7.506129104247153e-08,0.000000000000000e+00,-1.000000000000000e+03,2.917225723227179e+03,3.753405831127783e-08,2.545079641828663e+05,3.929328769291845e-06,8.333706806221745e+08,0.000000000000000e+00,-4.840195587690888e-11,5.829687344925644e+10,5.829687344925645e+10,-7.124583970061501e+00,7.506129104247153e-08,1.000000000000000e+00,0.000000000000000e+00,-1.008250894872565e+00,1.000045465677635e+00,-9.477319852319750e-01,7.506470375493295e-08,1.000000000000000e+03,1.000000000000000e+00,
7.609027132959935e-08,0.000000000000000e+00,-7.775888065441236e-08,4.500675750425773e+03,4.500675750387112e+03,1.109785419684565e+03,7.609027132959935e-08,0.000000000000000e+00,-1.000000000000000e+03,3.000450500258075e+03,1.063251763217924e-08,2.563616402631189e+05,1.200201990067280e-06,8.304412252114648e+08,0.000000000000000e+00,-3.053522872730713e-08,5.914916153855711e+10,5.914916153855711e+10,-7.118670867249985e+00,7.609027132959935e-08,1.000000000000000e+00,0.000000000000000e+00,-1.008057287049057e+00,3.751995383985721e-01,-8.995074230591458e-01,5.108203274482899e-08,1.000000000000000e+03,1.000000000000000e+00,
1.567186198400131e-07,0.000000000000000e+00,-5.811864224504427e-08,1.377553468406496e+04,1.377553468405463e+04,1.535446446834078e+03,1.567186198400131e-07,0.000000000000000e+00,-1.000000000000000e+03,9.183689789369755e+03,4.318681627678570e-11,3.015441247408277e+05,5.898761475933672e-08,7.375373217242342e+08,0.000000000000000e+00,-3.063313337226624e-04,8.183597324914061e+10,8.183597324914062e+10,-6.804879401659222e+00,1.567186198400131e-07,1.000000000000000e+00,0.000000000000000e+00,-3.630561422714939e-01,1.860619623137077e-02,-2.547060664754874e-01,4.642197227176509e-09,1.000000000000000e+03,1.000000000000000e+00,
1.923015417149800e-06,0.000000000000000e+00,2.684135881687109e-03,1.572315408782554e+05,1.572296676261308e+05,1.502179956523504e+03,1.923015417149800e-06,0.000000000000000e+00,-1.000000000000000e+03,1.048197784174206e+05,1.873252124530161e+00,2.982596581223360e+05,4.630918323180895e-03,6.511744134241093e+08,0.000000000000000e+00,-4.478718909692248e-06,8.006294129692751e+10,8.006294129692751e+10,-5.716017233933000e+00,1.923015417149800e-06,1.000000000000000e+00,0.000000000000000e+00,1.395795300312987e+03,1.395795300312987e+03,-1.323259916842489e+03,2.684135881687109e-03,1.000000000000000e+03,1.000000000000000e+00,
2.114935338065168e-05,0.000000000000000e+00,4.003889970675014e-02,1.693195605547658e+06,1.693157705724886e+06,1.500187735855558e+03,2.114935338065168e-05,0.000000000000000e+00,-1.000000000000000e+03,1.128771803816591e+06,3.789982277173997e+01,2.980618135854294e+05,6.347550085549720e-03,5.658315259553212e+08,0.000000000000000e+00,-3.461815395334781e-06,7.995676024605171e+10,7.995676024605171e+10,-4.674702906185287e+00,2.114935338065168e-05,1.000000000000000e+00,0.000000000000000e+00,1.893150064028880e+03,1.893150064028880e+03,-1.883571188858533e+03,4.003889970675014e-02,1.000000000000000e+03,1.000000000000000e+00,
2.331168320864428e-04,0.000000000000000e+00,4.923467078224616e-01,1.864017456399748e+07,1.863965464169385e+07,1.500218963301837e+03,2.331168320864428e-04,0.000000000000000e+00,-1.000000000000000e+03,1.242643642779590e+07,5.199223036235522e+02,2.980649157507827e+05,7.085761755108746e-03,4.811229517734464e+08,0.000000000000000e+00,-5.610556663071975e-07,7.995842460136908e+10,7.995842460136906e+10,-3.632426367327367e+00,2.331168320864428e-04,1.000000000000000e+00,0.000000000000000e+00,2.112016980566606e+03,2.112016980566606e+03,-2.029029670958171e+03,4.923467078224616e-01,1.000000000000000e+03,1.000000000000000e+00,
7.506086956390700e-08,0.000000000000000e+00,-7.506421254182044e-08,4.375791866615717e+03,4.375791866578187e+03,1.093788838797090e+03,7.506086956390700e-08,0.000000000000000e+00,-1.000000000000000e+03,2.917194577718792e+03,3.753043489882627e-08,2.545073201093612e+05,3.929160077302650e-06,8.333706103808535e+08,0.000000000000000e+00,-1.244210290352044e-17,5.829657839032397e+10,5.829657839032397e+10,-7.124586408686339e+00,7.506086956390700e-08,1.000000000000000e+00,0.000000000000000e+00,-1.000039732854295e+00,1.000000001556126e+00,-8.933757584924638e-01,7.506086968084837e-08,1.000000000000000e+03,1.000000000000000e+00,
7.506129104247153e-08,0.000000000000000e+00,-7.662383702140355e-08,4.375838584878303e+03,4.375838584840769e+03,1.093794374836700e+03,7.506129104247153e-08,0.000000000000000e+00,-1.000000000000000e+03,2.917225723227179e+03,3.753405831127783e-08,2.545079641828663e+05,3.929328769291845e-06,8.333706806221745e+08,0.000000000000000e+00,-4.840195587690888e-11,5.829687344925644e+10,5.829687344925645e+10,-7.124583970061501e+00,7.506129104247153e-08,1.000000000000000e+00,0.000000000000000e+00,-1.008250894872565e+00,1.000045465677635e+00,-8.304165251975003e-01,7.506470375493295e-08,1.000000000000000e+03,1.000000000000000e+00,
7.609027132959935e-08,0.000000000000000e+00,-7.775888065441236e-08,4.500675750425773e+03,4.500675750387112e+03,1.109785419684565e+03,7.609027132959935e-08,0.000000000000000e+00,-1.000000000000000e+03,3.000450500258075e+03,1.063251763217924e-08,2.563616402631189e+05,1.200201990067280e-06,8.304412252114648e+08,0.000000000000000e+00,-3.053522872730713e-08,5.914916153855711e+10,5.914916153855711e+10,-7.118670867249985e+00,7.609027132959935e-08,1.000000000000000e+00,0.000000000000000e+00,-1.008057287049057e+00,3.751995383985721e-01,-7.100143353525441e-01,5.108203274482899e-08,1.000000000000000e+03,1.000000000000000e+00,
1.567186198400131e-07,0.000000000000000e+00,-5.811864224504427e-08,1.377553468406496e+04,1.377553468405463e+04,1.535446446834078e+03,1.567186198400131e-07,0.000000000000000e+00,-1.000000000000000e+03,9.183689789369755e+03,4.318681627678570e-11,3.015441247408277e+05,5.898761475933672e-08,7.375373217242342e+08,0.000000000000000e+00,-3.063313337226624e-04,8.183597324914061e+10,8.183597324914062e+10,-6.804879401659222e+00,1.567186198400131e-07,1.000000000000000e+00,0.000000000000000e+00,-3.630561422714939e-01,1.860619623137077e-02,-1.608420967207811e-01,4.642197227176509e-09,1.000000000000000e+03,1.000000000000000e+00,
1.923015417149800e-06,0.000000000000000e+00,2.684135881687109e-03,1.572315408782554e+05,1.572296676261308e+05,1.502179956523504e+03,1.923015417149800e-06,0.000000000000000e+00,-1.000000000000000e+03,1.048197784174206e+05,1.873252124530161e+00,2.982596581223360e+05,4.630918323180895e-03,6.511744134241093e+08,0.000000000000000e+00,-4.478718909692248e-06,8.006294129692751e+10,8.006294129692751e+10,-5.716017233933000e+00,1.923015417149800e-06,1.000000000000000e+00,0.000000000000000e+00,1.395795300312987e+03,1.395795300312987e+03,-8.356137821004569e+02,2.684135881687109e-03,1.000000000000000e+03,1.000000000000000e+00,
2.114935338065168e-05,0.000000000000000e+00,4.003889970675014e-02,1.693195605547658e+06,1.693157705724886e+06,1.500187735855558e+03,2.114935338065168e-05,0.000000000000000e+00,-1.000000000000000e+03,1.128771803816591e+06,3.789982277173997e+01,2.980618135854294e+05,6.347550085549720e-03,5.658315259553212e+08,0.000000000000000e+00,-3.461815395334781e-06,7.995676024605171e+10,7.995676024605171e+10,-4.674702906185287e+00,2.114935338065168e-05,1.000000000000000e+00,0.000000000000000e+00,1.893150064028880e+03,1.893150064028880e+03,-1.486772106002572e+03,4.003889970675014e-02,1.000000000000000e+03,1.000000000000000e+00,
2.331168320864428e-04,0.000000000000000e+00,4.923467078224616e-01,1.864017456399748e+07,1.863965464169385e+07,1.500218963301837e+03,2.331168320864428e-04,0.000000000000000e+00,-1.000000000000000e+03,1.242643642779590e+07,5.199223036235522e+02,2.980649157507827e+05,7.085761755108746e-03,4.811229517734464e+08,0.000000000000000e+00,-5.610556663071975e-07,7.995842460136908e+10,7.995842460136906e+10,-3.632426367327367e+00,2.331168320864428e-04,1.000000000000000e+00,0.000000000000000e+00,2.112016980566606e+03,2.112016980566606e+03,-1.777865256354402e+03,4.923467078224616e-01,1.000000000000000e+03,1.000000000000000e+00,

64,28
1.844809328265806e-02,0.000000000000000e+00,3.966681220923087e+01,1.820734416609151e+09,1.820691771118185e+09,1.853496452166733e+03,1.844809328265806e-02,0.000000000000000e+00,-1.000000000000000e+03,1.213794514078790e+09,4.264549096576551e+04,3.313060859745169e+05,7.161674907047269e-03,4.798365301769851e+08,2.500000000000000e-07,5.373362568735854e-04,9.878735034337856e+10,9.878735034337857e+10,-1.734048514036734e+00,1.844809328265806e-02,1.000000000000000e+00,0.000000000000000e+00,2.152591806859836e+03,2.152591806859836e+03,-1.288498902808657e+03,3.966681220923087e+01,1.000000000000000e+03,1.000000000000000e+00,
1.844809328265806e-02,0.000000000000000e+00,3.966681220923087e+01,1.820734416609151e+09,1.820691771118185e+09,1.853496452166733e+03,1.844809328265806e-02,0.000000000000000e+00,-1.000000000000000e+03,1.213794514078790e+09,4.264549096576551e+04,3.313060859745169e+05,7.161674907047269e-03,4.798365301769851e+08,2.500000000000000e-07,5.373362568735854e-04,9.878735034337856e+10,9.878735034337857e+10,-1.734048514036734e+00,1.844809328265806e-02,1.000000000000000e+00,0.000000000000000e+00,2.152591806859836e+03,2.152591806859836e+03,-1.288498902808657e+03,3.966681220923087e+01,1.000000000000000e+03,1.000000000000000e+00,
1.844809328265806e-02,0.000000000000000e+00,3.966681220923087e+01,1.820734416609151e+09,1.820691771118185e+09,1.853496452166733e+03,1.844809328265806e-02,0.000000000000000e+00,-1.000000000000000e+03,1.213794514078790e+09,4.264549096576551e+04,3.313060859745169e+05,7.161674907047269e-03,4.798365301769851e+08,2.500000000000000e-07,5.373362568735854e-04,9.878735034337856e+10,9.878735034337857e+10,-1.734048514036734e+00,1.844809328265806e-02,1.000000000000000e+00,0.000000000000000e+00,2.152591806859836e+03,2.152591806859836e+03,-1.518034471888433e+03,3.966681220923087e+01,1.000000000000000e+03,1.000000000000000e+00,
1.844809328265806e-02,0.000000000000000e+00,3.966681220923087e+01,1.820734416609151e+09,1.820691771118185e+09,1.853496452166733e+03,1.844809328265806e-02,0.000000000000000e+00,-1.000000000000000e+03,1.213794514078790e+09,4.264549096576551e+04,3.313060859745169e+05,7.161674907047269e-03,4.798365301769851e+08,2.500000000000000e-07,5.373362568735854e-04,9.878735034337856e+10,9.878735034337857e+10,-1.734048514036734e+00,1.844809328265806e-02,1.000000000000000e+00,0.000000000000000e+00,2.152591806859836e+03,2.152591806859836e+03,-1.785191493038454e+03,3.966681220923087e+01,1.000000000000000e+03,1.000000000000000e+00,
1.844809328265806e-02,0.000000000000000e+00,3.966681220923087e+01,1.820734416609151e+09,1.820691771118185e+09,1.853496452166733e+03,1.844809328265806e-02,0.000000000000000e+00,-1.000000000000000e+03,1.213794514078790e+09,4.264549096576551e+04,3.313060859745169e+05,7.161674907047269e-03,4.798365301769851e+08,2.500000000000000e-07,5.373362568735854e-04,9.878735034337856e+10,9.878735034337857e+10,-1.734048514036734e+00,1.844809328265806e-02,1.000000000000000e+00,0.000000000000000e+00,2.152591806859836e+03,2.152591806859836e+03,-2.033476647935134e+03,3.966681220923087e+01,1.000000000000000e+03,1.000000000000000e+00,
1.844809328265806e-02,0.000000000000000e+00,3.966681220923087e+01,1.820734416609151e+09,1.820691771118185e+09,1.853496452166733e+03,1.844809328265806e-02,0.000000000000000e+00,-1.000000000000000e+03,1.213794514078790e+09,4.264549096576551e+04,3.313060859745169e+05,7.161674907047269e-03,4.798365301769851e+08,2.500000000000000e-07,5.373362568735854e-04,9.878735034337856e+10,9.878735034337857e+10,-1.734048514036734e+00,1.844809328265806e-02,1.000000000000000e+00,0.000000000000000e+00,2.152591806859836e+03,2.152591806859836e+03,-2.033476647935134e+03,3.966681220923087e+01,1.000000000000000e+03,1.000000000000000e+00,
1.844809328265806e-02,0.000000000000000e+00,3.966681220923087e+01,1.820734416609151e+09,1.820691771118185e+09,1.853496452166733e+03,1.844809328265806e-02,0.000000000000000e+00,-1.000000000000000e+03,1.213794514078790e+09,4.264549096576551e+04,3.313060859745169e+05,7.161674907047269e-03,4.798365301769851e+08,2.500000000000000e-07,5.373362568735854e-04,9.878735034337856e+10,9.878735034337857e+10,-1.734048514036734e+00,1.844809328265806e-02,1.000000000000000e+00,0.000000000000000e+00,2.152591806859836e+03,2.152591806859836e+03,-1.785191493038454e+03,3.966681220923087e+01,1.000000000000000e+03,1.000000000000000e+00,
1.844809328265806e-02,0.000000000000000e+00,3.966681220923087e+01,1.820734416609151e+09,1.820691771118185e+09,1.853496452166733e+03,1.844809328265806e-02,0.000000000000000e+00,-1.000000000000000e+03,1.213794514078790e+09,4.264549096576551e+04,3.313060859745169e+05,7.161674907047269e-03,4.798365301769851e+08,2.500000000000000e-07,5.373362568735854e-04,9.878735034337856e+10,9.878735034337857e+10,-1.734048514036734e+00,1.844809328265806e-02,1.000000000000000e+00,0.000000000000000e+00,2.152591806859836e+03,2.152591806859836e+03,-1.518034471888433e+03,3.966681220923087e+01,1.000000000000000e+03,1.000000000000000e+00,
7.506123014489989e-08,0.000000000000000e+00,-7.506086968084837e-08,4.375831800111268e+03,4.375831800073734e+03,1.093793566300961e+03,7.506123014489989e-08,0.000000000000000e+00,-1.000000000000000e+03,2.917221200049156e+03,3.753359752862007e-08,2.545078701163637e+05,3.929307696445955e-06,8.333706700514549e+08,0.000000000000000e+00,2.697233350557049e-12,5.829683035605105e+10,5.829683035605105e+10,-7.124584322406760e+00,7.506123014489989e-08,1.000000000000000e+00,0.000000000000000e+00,-1.000000001556126e+00,1.000039732854295e+00,-6.017730156252407e-01,7.506421254182044e-08,1.000000000000000e+03,1.000000000000000e+00,
7.600126989302700e-08,0.000000000000000e+00,-7.506470375493295e-08,4.489590849981484e+03,4.489590849942859e+03,1.108348498795248e+03,7.600126989302700e-08,0.000000000000000e+00,-1.000000000000000e+03,2.993060566628573e+03,3.862575196537135e-08,2.561956213615249e+05,3.945879382136234e-06,8.336329931509770e+08,0.000000000000000e+00,1.488622078491542e-10,5.907257676433603e+10,5.907257676433604e+10,-7.119179151101752e+00,7.600126989302700e-08,1.000000000000000e+00,0.000000000000000e+00,-1.000045465677635e+00,1.008250894872565e+00,-4.529908537969572e-01,7.662383702140355e-08,1.000000000000000e+03,1.000000000000000e+00,
1.510572299492323e-07,0.000000000000000e+00,-5.108203274482899e-08,1.328617387186942e+04,1.328617387185878e+04,1.691014046897629e+03,1.510572299492323e-07,0.000000000000000e+00,-1.000000000000000e+03,8.857449247905857e+03,3.878950941933411e-08,3.164514878014701e+05,3.932168970421741e-06,8.454209319161478e+08,0.000000000000000e+00,1.076860596372908e-10,9.012738971858752e+10,9.012738971858752e+10,-6.820858483552484e+00,1.510572299492323e-07,1.000000000000000e+00,0.000000000000000e+00,-3.751995383985721e-01,1.008057287049057e+00,-9.183655635810431e-02,7.775888065441236e-08,1.000000000000000e+03,1.000000000000000e+00,
1.852267810942742e-06,0.000000000000000e+00,2.580579390217429e-03,1.515839366580714e+05,1.515821390265545e+05,1.732160879035173e+03,1.852267810942742e-06,0.000000000000000e+00,-1.000000000000000e+03,1.010547593510364e+05,1.797631516855424e+00,3.202783977154499e+05,4.620219127993120e-03,8.291006908729366e+08,0.000000000000000e+00,6.577204382271134e-06,9.232042683885826e+10,9.232042683885828e+10,-5.732296220458652e+00,1.852267810942742e-06,1.000000000000000e+00,0.000000000000000e+00,1.397665830036643e+03,1.397665830036643e+03,2.552938663144980e+02,2.580579390217429e-03,1.000000000000000e+03,1.000000000000000e+00,
2.037135013045342e-05,0.000000000000000e+00,3.842372543996347e-02,1.631026446374641e+06,1.630990209633649e+06,1.534059315823004e+03,2.037135013045342e-05,0.000000000000000e+00,-1.000000000000000e+03,1.087326806422433e+06,3.623674099240556e+01,3.014078856295267e+05,6.323902149281312e-03,7.361572818221047e+08,0.000000000000000e+00,-1.435051619280614e-06,8.176204216769566e+10,8.176204216769568e+10,-4.690980186769362e+00,2.037135013045342e-05,1.000000000000000e+00,0.000000000000000e+00,1.886164893043750e+03,1.886164893043750e+03,-2.731492421961593e+00,3.842372543996347e-02,1.000000000000000e+03,1.000000000000000e+00,
2.245349779656856e-04,0.000000000000000e+00,4.739652543781903e-01,1.795389266082186e+07,1.795339242013688e+07,1.502071962500398e+03,2.245349779656856e-04,0.000000000000000e+00,-1.000000000000000e+03,1.196892828009125e+07,5.002406849771832e+02,2.982489367572949e+05,7.081944124073316e-03,6.498388526222557e+08,0.000000000000000e+00,-5.811340132361238e-07,8.005718544917114e+10,8.005718544917116e+10,-3.648715995176379e+00,2.245349779656856e-04,1.000000000000000e+00,0.000000000000000e+00,2.110874923240795e+03,2.110874923240795e+03,-4.633811205941471e+02,4.739652543781903e-01,1.000000000000000e+03,1.000000000000000e+00,
2.456945899602880e-03,0.000000000000000e+00,5.260393090186248e+00,1.975915644201004e+08,1.975859330923069e+08,1.508866618839417e+03,2.456945899602880e-03,0.000000000000000e+00,-1.000000000000000e+03,1.317239553948713e+08,5.631327793532583e+03,2.989227435120704e+05,7.165597758897631e-03,5.644989966037458e+08,0.000000000000000e+00,-1.134387023176942e-07,8.041932592990469e+10,8.041932592990469e+10,-2.609604406304866e+00,2.456945899602880e-03,1.000000000000000e+00,0.000000000000000e+00,2.141029271762351e+03,2.141029271762351e+03,-9.489510090326451e+02,5.260393090186248e+00,1.000000000000000e+03,1.000000000000000e+00,
7.506123014489989e-08,0.000000000000000e+00,-7.506086968084837e-08,4.375831800111268e+03,4.375831800073734e+03,1.093793566300961e+03,7.506123014489989e-08,0.000000000000000e+00,-1.000000000000000e+03,2.917221200049156e+03,3.753359752862007e-08,2.545078701163637e+05,3.929307696445955e-06,8.333706700514549e+08,0.000000000000000e+00,2.697233350557049e-12,5.829683035605105e+10,5.829683035605105e+10,-7.124584322406760e+00,7.506123014489989e-08,1.000000000000000e+00,0.000000000000000e+00,-1.000000001556126e+00,1.000039732854295e+00,-6.017730156252407e-01,7.506421254182044e-08,1.000000000000000e+03,1.000000000000000e+00,
7.600126989302700e-08,0.000000000000000e+00,-7.506470375493295e-08,4.489590849981484e+03,4.489590849942859e+03,1.108348498795248e+03,7.600126989302700e-08,0.000000000000000e+00,-1.000000000000000e+03,2.993060566628573e+03,3.862575196537135e-08,2.561956213615249e+05,3.945879382136234e-06,8.336329931509770e+08,0.000000000000000e+00,1.488622078491542e-10,5.907257676433603e+10,5.907257676433604e+10,-7.119179151101752e+00,7.600126989302700e-08,1.000000000000000e+00,0.000000000000000e+00,-1.000045465677635e+00,1.008250894872565e+00,-4.529908537969572e-01,7.662383702140355e-08,1.000000000000000e+03,1.000000000000000e+00,
1.510572299492323e-07,0.000000000000000e+00,-5.108203274482899e-08,1.328617387186942e+04,1.328617387185878e+04,1.691014046897629e+03,1.510572299492323e-07,0.000000000000000e+00,-1.000000000000000e+03,8.857449247905857e+03,3.878950941933411e-08,3.164514878014701e+05,3.932168970421741e-06,8.454209319161478e+08,0.000000000000000e+00,1.076860596372908e-10,9.012738971858752e+10,9.012738971858752e+10,-6.820858483552484e+00,1.510572299492323e-07,1.000000000000000e+00,0.000000000000000e+00,-3.751995383985721e-01,1.008057287049057e+00,-9.183655635810431e-02,7.775888065441236e-08,1.000000000000000e+03,1.000000000000000e+00,
1.852267810942742e-06,0.000000000000000e+00,2.580579390217429e-03,1.515839366580714e+05,1.515821390265545e+05,1.732160879035173e+03,1.852267810942742e-06,0.000000000000000e+00,-1.000000000000000e+03,1.010547593510364e+05,1.797631516855424e+00,3.202783977154499e+05,4.620219127993120e-03,8.291006908729366e+08,0.000000000000000e+00,6.577204382271134e-06,9.232042683885826e+10,9.232042683885828e+10,-5.732296220458652e+00,1.852267810942742e-06,1.000000000000000e+00,0.000000000000000e+00,1.397665830036643e+03,1.397665830036643e+03,2.552938663144980e+02,2.580579390217429e-03,1.000000000000000e+03,1.000000000000000e+00,
2.037135013045342e-05,0.000000000000000e+00,3.842372543996347e-02,1.631026446374641e+06,1.630990209633649e+06,1.534059315823004e+03,2.037135013045342e-05,0.000000000000000e+00,-1.000000000000000e+03,1.087326806422433e+06,3.623674099240556e+01,3.014078856295267e+05,6.323902149281312e-03,7.361572818221047e+08,0.000000000000000e+00,-1.435051619280614e-06,8.176204216769566e+10,8.176204216769568e+10,-4.690980186769362e+00,2.037135013045342e-05,1.000000000000000e+00,0.000000000000000e+00,1.886164893043750e+03,1.886164893043750e+03,-2.731492421961593e+00,3.842372543996347e-02,1.000000000000000e+03,1.000000000000000e+00,
2.245349779656856e-04,0.000000000000000e+00,4.739652543781903e-01,1.795389266082186e+07,1.795339242013688e+07,1.502071962500398e+03,2.245349779656856e-04,0.000000000000000e+00,-1.000000000000000e+03,1.196892828009125e+07,5.002406849771832e+02,2.982489367572949e+05,7.081944124073316e-03,6.498388526222557e+08,0.000000000000000e+00,-5.811340132361238e-07,8.005718544917114e+10,8.005718544917116e+10,-3.648715995176379e+00,2.245349779656856e-04,1.000000000000000e+00,0.000000000000000e+00,2.110874923240795e+03,2.110874923240795e+03,-4.633811205941471e+02,4.739652543781903e-01,1.000000000000000e+03,1.000000000000000e+00,
2.456945899602880e-03,0.000000000000000e+00,5.260393090186248e+00,1.975915644201004e+08,1.975859330923069e+08,1.508866618839417e+03,2.456945899602880e-03,0.000000000000000e+00,-1.000000000000000e+03,1.317239553948713e+08,5.631327793532583e+03,2.989227435120704e+05,7.165597758897631e-03,5.644989966037458e+08,0.000000000000000e+00,-1.134387023176942e-07,8.041932592990469e+10,8.041932592990469e+10,-2.609604406304866e+00,2.456945899602880e-03,1.000000000000000e+00,0.000000000000000e+00,2.141029271762351e+03,2.141029271762351e+03,-9.489510090326451e+02,5.260393090186248e+00,1.000000000000000e+03,1.000000000000000e+00,
7.506123014489989e-08,0.000000000000000e+00,-7.506086968084837e-08,4.375831800111268e+03,4.375831800073734e+03,1.093793566300961e+03,7.506123014489989e-08,0.000000000000000e+00,-1.000000000000000e+03,2.917221200049156e+03,3.753359752862007e-08,2.545078701163637e+05,3.929307696445955e-06,8.333706700514549e+08,0.000000000000000e+00,2.697233350557049e-12,5.829683035605105e+10,5.829683035605105e+10,-7.124584322406760e+00,7.506123014489989e-08,1.000000000000000e+00,0.000000000000000e+00,-1.000000001556126e+00,1.000039732854295e+00,-7.089739696169762e-01,7.506421254182044e-08,1.000000000000000e+03,1.000000000000000e+00,
7.600126989302700e-08,0.000000000000000e+00,-7.506470375493295e-08,4.489590849981484e+03,4.489590849942859e+03,1.108348498795248e+03,7.600126989302700e-08,0.000000000000000e+00,-1.000000000000000e+03,2.993060566628573e+03,3.862575196537135e-08,2.561956213615249e+05,3.945879382136234e-06,8.336329931509770e+08,0.000000000000000e+00,1.488622078491542e-10,5.907257676433603e+10,5.907257676433604e+10,-7.119179151101752e+00,7.600126989302700e-08,1.000000000000000e+00,0.000000000000000e+00,-1.000045465677635e+00,1.008250894872565e+00,-5.617636506041407e-01,7.662383702140355e-08,1.000000000000000e+03,1.000000000000000e+00,
1.510572299492323e-07,0.000000000000000e+00,-5.108203274482899e-08,1.328617387186942e+04,1.328617387185878e+04,1.691014046897629e+03,1.510572299492323e-07,0.000000000000000e+00,-1.000000000000000e+03,8.857449247905857e+03,3.878950941933411e-08,3.164514878014701e+05,3.932168970421741e-06,8.454209319161478e+08,0.000000000000000e+00,1.076860596372908e-10,9.012738971858752e+10,9.012738971858752e+10,-6.820858483552484e+00,1.510572299492323e-07,1.000000000000000e+00,0.000000000000000e+00,-3.751995383985721e-01,1.008057287049057e+00,-1.197619957663742e-01,7.775888065441236e-08,1.000000000000000e+03,1.000000000000000e+00,
1.852267810942742e-06,0.000000000000000e+00,2.580579390217429e-03,1.515839366580714e+05,1.515821390265545e+05,1.732160879035173e+03,1.852267810942742e-06,0.000000000000000e+00,-1.000000000000000e+03,1.010547593510364e+05,1.797631516855424e+00,3.202783977154499e+05,4.620219127993120e-03,8.291006908729366e+08,0.000000000000000e+00,6.577204382271134e-06,9.232042683885826e+10,9.232042683885828e+10,-5.732296220458652e+00,1.852267810942742e-06,1.000000000000000e+00,0.000000000000000e+00,1.397665830036643e+03,1.397665830036643e+03,3.727417165094494e+02,2.580579390217429e-03,1.000000000000000e+03,1.000000000000000e+00,
2.037135013045342e-05,0.000000000000000e+00,3.842372543996347e-02,1.631026446374641e+06,1.630990209633649e+06,1.534059315823004e+03,2.037135013045342e-05,0.000000000000000e+00,-1.000000000000000e+03,1.087326806422433e+06,3.623674099240556e+01,3.014078856295267e+05,6.323902149281312e-03,7.361572818221047e+08,0.000000000000000e+00,-1.435051619280614e-06,8.176204216769566e+10,8.176204216769568e+10,-4.690980186769362e+00,2.037135013045342e-05,1.000000000000000e+00,0.000000000000000e+00,1.886164893043750e+03,1.886164893043750e+03,-3.644361730205499e+00,3.842372543996347e-02,1.000000000000000e+03,1.000000000000000e+00,
2.245349779656856e-04,0.000000000000000e+00,4.739652543781903e-01,1.795389266082186e+07,1.795339242013688e+07,1.502071962500398e+03,2.245349779656856e-04,0.000000000000000e+00,-1.000000000000000e+03,1.196892828009125e+07,5.002406849771832e+02,2.982489367572949e+05,7.081944124073316e-03,6.498388526222557e+08,0.000000000000000e+00,-5.811340132361238e-07,8.005718544917114e+10,8.005718544917116e+10,-3.648715995176379e+00,2.245349779656856e-04,1.000000000000000e+00,0.000000000000000e+00,2.110874923240795e+03,2.110874923240795e+03,-6.042849384118555e+02,4.739652543781903e-01,1.000000000000000e+03,1.000000000000000e+00,
2.456945899602880e-03,0.000000000000000e+00,5.260393090186248e+00,1.975915644201004e+08,1.975859330923069e+08,1.508866618839417e+03,2.456945899602880e-03,0.000000000000000e+00,-1.000000000000000e+03,1.317239553948713e+08,5.631327793532583e+03,2.989227435120704e+05,7.165597758897631e-03,5.644989966037458e+08,0.000000000000000e+00,-1.134387023176942e-07,8.041932592990469e+10,8.041932592990469e+10,-2.609604406304866e+00,2.456945899602880e-03,1.000000000000000e+00,0.000000000000000e+00,2.141029271762351e+03,2.141029271762351e+03,-1.176814451352268e+03,5.260393090186248e+00,1.000000000000000e+03,1.000000000000000e+00,
7.506123014489989e-08,0.000000000000000e+00,-7.506086968084837e-08,4.375831800111268e+03,4.375831800073734e+03,1.093793566300961e+03,7.506123014489989e-08,0.000000000000000e+00,-1.000000000000000e+03,2.917221200049156e+03,3.753359752862007e-08,2.545078701163637e+05,3.929307696445955e-06,8.333706700514549e+08,0.000000000000000e+00,2.697233350557049e-12,5.829683035605105e+10,5.829683035605105e+10,-7.124584322406760e+00,7.506123014489989e-08,1.000000000000000e+00,0.000000000000000e+00,-1.000000001556126e+00,1.000039732854295e+00,-8.337454272507109e-01,7.506421254182044e-08,1.000000000000000e+03,1.000000000000000e+00,
7.600126989302700e-08,0.000000000000000e+00,-7.506470375493295e-08,4.489590849981484e+03,4.489590849942859e+03,1.108348498795248e+03,7.600126989302700e-08,0.000000000000000e+00,-1.000000000000000e+03,2.993060566628573e+03,3.862575196537135e-08,2.561956213615249e+05,3.945879382136234e-06,8.336329931509770e+08,0.000000000000000e+00,1.488622078491542e-10,5.907257676433603e+10,5.907257676433604e+10,-7.119179151101752e+00,7.600126989302700e-08,1.000000000000000e+00,0.000000000000000e+00,-1.000045465677635e+00,1.008250894872565e+00,-7.156783735746348e-01,7.662383702140355e-08,1.000000000000000e+03,1.000000000000000e+00,
1.510572299492323e-07,0.000000000000000e+00,-5.108203274482899e-08,1.328617387186942e+04,1.328617387185878e+04,1.691014046897629e+03,1.510572299492323e-07,0.000000000000000e+00,-1.000000000000000e+03,8.857449247905857e+03,3.878950941933411e-08,3.164514878014701e+05,3.932168970421741e-06,8.454209319161478e+08,0.000000000000000e+00,1.076860596372908e-10,9.012738971858752e+10,9.012738971858752e+10,-6.820858483552484e+00,1.510572299492323e-07,1.000000000000000e+00,0.000000000000000e+00,-3.751995383985721e-01,1.008057287049057e+00,-1.693680017047381e-01,7.775888065441236e-08,1.000000000000000e+03,1.000000000000000e+00,
1.852267810942742e-06,0.000000000000000e+00,2.580579390217429e-03,1.515839366580714e+05,1.515821390265545e+05,1.732160879035173e+03,1.852267810942742e-06,0.000000000000000e+00,-1.000000000000000e+03,1.010547593510364e+05,1.797631516855424e+00,3.202783977154499e+05,4.620219127993120e-03,8.291006908729366e+08,0.000000000000000e+00,6.577204382271134e-06,9.232042683885826e+10,9.232042683885828e+10,-5.732296220458652e+00,1.852267810942742e-06,1.000000000000000e+00,0.000000000000000e+00,1.397665830036643e+03,1.397665830036643e+03,6.593917482447032e+02,2.580579390217429e-03,1.000000000000000e+03,1.000000000000000e+00,
2.037135013045342e-05,0.000000000000000e+00,3.842372543996347e-02,1.631026446374641e+06,1.630990209633649e+06,1.534059315823004e+03,2.037135013045342e-05,0.000000000000000e+00,-1.000000000000000e+03,1.087326806422433e+06,3.623674099240556e+01,3.014078856295267e+05,6.323902149281312e-03,7.361572818221047e+08,0.000000000000000e+00,-1.435051619280614e-06,8.176204216769566e+10,8.176204216769568e+10,-4.690980186769362e+00,2.037135013045342e-05,1.000000000000000e+00,0.000000000000000e+00,1.886164893043750e+03,1.886164893043750e+03,-5.473664971285632e+00,3.842372543996347e-02,1.000000000000000e+03,1.000000000000000e+00,
2.245349779656856e-04,0.000000000000000e+00,4.739652543781903e-01,1.795389266082186e+07,1.795339242013688e+07,1.502071962500398e+03,2.245349779656856e-04,0.000000000000000e+00,-1.000000000000000e+03,1.196892828009125e+07,5.002406849771832e+02,2.982489367572949e+05,7.081944124073316e-03,6.498388526222557e+08,0.000000000000000e+00,-5.811340132361238e-07,8.005718544917114e+10,8.005718544917116e+10,-3.648715995176379e+00,2.245349779656856e-04,1.000000000000000e+00,0.000000000000000e+00,2.110874923240795e+03,2.110874923240795e+03,-8.545827232099516e+02,4.739652543781903e-01,1.000000000000000e+03,1.000000000000000e+00,
2.456945899602880e-03,0.000000000000000e+00,5.260393090186248e+00,1.975915644201004e+08,1.975859330923069e+08,1.508866618839417e+03,2.456945899602880e-03,0.000000000000000e+00,-1.000000000000000e+03,1.317239553948713e+08,5.631327793532583e+03,2.989227435120704e+05,7.165597758897631e-03,5.644989966037458e+08,0.000000000000000e+00,-1.134387023176942e-07,8.041932592990469e+10,8.041932592990469e+10,-2.609604406304866e+00,2.456945899602880e-03,1.000000000000000e+00,0.000000000000000e+00,2.141029271762351e+03,2.141029271762351e+03,-1.499243768508630e+03,5.260393090186248e+00,1.000000000000000e+03,1.000000000000000e+00,
7.506123014489989e-08,0.000000000000000e+00,-7.506086968084837e-08,4.375831800111268e+03,4.375831800073734e+03,1.093793566300961e+03,7.506123014489989e-08,0.000000000000000e+00,-1.000000000000000e+03,2.917221200049156e+03,3.753359752862007e-08,2.545078701163637e+05,3.929307696445955e-06,8.333706700514549e+08,0.000000000000000e+00,2.697233350557049e-12,5.829683035605105e+10,5.829683035605105e+10,-7.124584322406760e+00,7.506123014489989e-08,1.000000000000000e+00,0.000000000000000e+00,-1.000000001556126e+00,1.000039732854295e+00,-9.497030784923765e-01,7.506421254182044e-08,1.000000000000000e+03,1.000000000000000e+00,
7.600126989302700e-08,0.000000000000000e+00,-7.506470375493295e-08,4.489590849981484e+03,4.489590849942859e+03,1.108348498795248e+03,7.600126989302700e-08,0.000000000000000e+00,-1.000000000000000e+03,2.993060566628573e+03,3.862575196537135e-08,2.561956213615249e+05,3.945879382136234e-06,8.336329931509770e+08,0.000000000000000e+00,1.488622078491542e-10,5.907257676433603e+10,5.907257676433604e+10,-7.119179151101752e+00,7.600126989302700e-08,1.000000000000000e+00,0.000000000000000e+00,-1.000045465677635e+00,1.008250894872565e+00,-9.038542129790873e-01,7.662383702140355e-08,1.000000000000000e+03,1.000000000000000e+00,
1.510572299492323e-07,0.000000000000000e+00,-5.108203274482899e-08,1.328617387186942e+04,1.328617387185878e+04,1.691014046897629e+03,1.510572299492323e-07,0.000000000000000e+00,-1.000000000000000e+03,8.857449247905857e+03,3.878950941933411e-08,3.164514878014701e+05,3.932168970421741e-06,8.454209319161478e+08,0.000000000000000e+00,1.076860596372908e-10,9.012738971858752e+10,9.012738971858752e+10,-6.820858483552484e+00,1.510572299492323e-07,1.000000000000000e+00,0.000000000000000e+00,-3.751995383985721e-01,1.008057287049057e+00,-2.673706827208362e-01,7.775888065441236e-08,1.000000000000000e+03,1.000000000000000e+00,
1.852267810942742e-06,0.000000000000000e+00,2.580579390217429e-03,1.515839366580714e+05,1.515821390265545e+05,1.732160879035173e+03,1.852267810942742e-06,0.000000000000000e+00,-1.000000000000000e+03,1.010547593510364e+05,1.797631516855424e+00,3.202783977154499e+05,4.620219127993120e-03,8.291006908729366e+08,0.000000000000000e+00,6.577204382271134e-06,9.232042683885826e+10,9.232042683885828e+10,-5.732296220458652e+00,1.852267810942742e-06,1.000000000000000e+00,0.000000000000000e+00,1.397665830036643e+03,1.397665830036643e+03,1.396708196604558e+03,2.580579390217429e-03,1.000000000000000e+03,1.000000000000000e+00,
2.037135013045342e-05,0.000000000000000e+00,3.842372543996347e-02,1.631026446374641e+06,1.630990209633649e+06,1.534059315823004e+03,2.037135013045342e-05,0.000000000000000e+00,-1.000000000000000e+03,1.087326806422433e+06,3.623674099240556e+01,3.014078856295267e+05,6.323902149281312e-03,7.361572818221047e+08,0.000000000000000e+00,-1.435051619280614e-06,8.176204216769566e+10,8.176204216769568e+10,-4.690980186769362e+00,2.037135013045342e-05,1.000000000000000e+00,0.000000000000000e+00,1.886164893043750e+03,1.886164893043750e+03,-1.099017348491402e+01,3.842372543996347e-02,1.000000000000000e+03,1.000000000000000e+00,
2.245349779656856e-04,0.000000000000000e+00,4.739652543781903e-01,1.795389266082186e+07,1.795339242013688e+07,1.502071962500398e+03,2.245349779656856e-04,0.000000000000000e+00,-1.000000000000000e+03,1.196892828009125e+07,5.002406849771832e+02,2.982489367572949e+05,7.081944124073316e-03,6.498388526222557e+08,0.000000000000000e+00,-5.811340132361238e-07,8.005718544917114e+10,8.005718544917116e+10,-3.648715995176379e+00,2.245349779656856e-04,1.000000000000000e+00,0.000000000000000e+00,2.110874923240795e+03,2.110874923240795e+03,-1.349076353539359e+03,4.739652543781903e-01,1.000000000000000e+03,1.000000000000000e+00,
2.456945899602880e-03,0.000000000000000e+00,5.260393090186248e+00,1.975915644201004e+08,1.975859330923069e+08,1.508866618839417e+03,2.456945899602880e-03,0.000000000000000e+00,-1.000000000000000e+03,1.317239553948713e+08,5.631327793532583e+03,2.989227435120704e+05,7.165597758897631e-03,5.644989966037458e+08,0.000000000000000e+00,-1.134387023176942e-07,8.041932592990469e+10,8.041932592990469e+10,-2.609604406304866e+00,2.456945899602880e-03,1.000000000000000e+00,0.000000000000000e+00,2.141029271762351e+03,2.141029271762351e+03,-1.893445221323084e+03,5.260393090186248e+00,1.000000000000000e+03,1.000000000000000e+00,
7.506123014489989e-08,0.000000000000000e+00,-7.506086968084837e-08,4.375831800111268e+03,4.375831800073734e+03,1.093793566300961e+03,7.506123014489989e-08,0.000000000000000e+00,-1.000000000000000e+03,2.917221200049156e+03,3.753359752862007e-08,2.545078701163637e+05,3.929307696445955e-06,8.333706700514549e+08,0.000000000000000e+00,2.697233350557049e-12,5.829683035605105e+10,5.829683035605105e+10,-7.124584322406760e+00,7.506123014489989e-08,1.000000000000000e+00,0.000000000000000e+00,-1.000000001556126e+00,1.000039732854295e+00,-9.497030784923765e-01,7.506421254182044e-08,1.000000000000000e+03,1.000000000000000e+00,
7.600126989302700e-08,0.000000000000000e+00,-7.506470375493295e-08,4.489590849981484e+03,4.489590849942859e+03,1.108348498795248e+03,7.600126989302700e-08,0.000000000000000e+00,-1.000000000000000e+03,2.993060566628573e+03,3.862575196537135e-08,2.561956213615249e+05,3.945879382136234e-06,8.336329931509770e+08,0.000000000000000e+00,1.488622078491542e-10,5.907257676433603e+10,5.907257676433604e+10,-7.119179151101752e+00,7.600126989302700e-08,1.000000000000000e+00,0.000000000000000e+00,-1.000045465677635e+00,1.008250894872565e+00,-9.038542129790873e-01,7.662383702140355e-08,1.000000000000000e+03,1.000000000000000e+00,
1.510572299492323e-07,0.000000000000000e+00,-5.108203274482899e-08,1.328617387186942e+04,1.328617387185878e+04,1.691014046897629e+03,1.510572299492323e-07,0.000000000000000e+00,-1.000000000000000e+03,8.857449247905857e+03,3.878950941933411e-08,3.164514878014701e+05,3.932168970421741e-06,8.454209319161478e+08,0.000000000000000e+00,1.076860596372908e-10,9.012738971858752e+10,9.012738971858752e+10,-6.820858483552484e+00,1.510572299492323e-07,1.000000000000000e+00,0.000000000000000e+00,-3.751995383985721e-01,1.008057287049057e+00,-2.673706827208362e-01,7.775888065441236e-08,1.000000000000000e+03,1.000000000000000e+00,
1.852267810942742e-06,0.000000000000000e+00,2.580579390217429e-03,1.515839366580714e+05,1.515821390265545e+05,1.732160879035173e+03,1.852267810942742e-06,0.000000000000000e+00,-1.000000000000000e+03,1.010547593510364e+05,1.797631516855424e+00,3.202783977154499e+05,4.620219127993120e-03,8.291006908729366e+08,0.000000000000000e+00,6.577204382271134e-06,9.232042683885826e+10,9.232042683885828e+10,-5.732296220458652e+00,1.852267810942742e-06,1.000000000000000e+00,0.000000000000000e+00,1.397665830036643e+03,1.397665830036643e+03,1.396708196604558e+03,2.580579390217429e-03,1.000000000000000e+03,1.000000000000000e+00,
2.037135013045342e-05,0.000000000000000e+00,3.842372543996347e-02,1.631026446374641e+06,1.630990209633649e+06,1.534059315823004e+03,2.037135013045342e-05,0.000000000000000e+00,-1.000000000000000e+03,1.087326806422433e+06,3.623674099240556e+01,3.014078856295267e+05,6.323902149281312e-03,7.361572818221047e+08,0.000000000000000e+00,-1.435051619280614e-06,8.176204216769566e+10,8.176204216769568e+10,-4.690980186769362e+00,2.037135013045342e-05,1.000000000000000e+00,0.000000000000000e+00,1.886164893043750e+03,1.886164893043750e+03,-1.099017348491402e+01,3.842372543996347e-02,1.000000000000000e+03,1.000000000000000e+00,
2.245349779656856e-04,0.000000000000000e+00,4.739652543781903e-01,1.795389266082186e+07,1.795339242013688e+07,1.502071962500398e+03,2.245349779656856e-04,0.000000000000000e+00,-1.000000000000000e+03,1.196892828009125e+07,5.002406849771832e+02,2.982489367572949e+05,7.081944124073316e-03,6.498388526222557e+08,0.000000000000000e+00,-5.811340132361238e-07,8.005718544917114e+10,8.005718544917116e+10,-3.648715995176379e+00,2.245349779656856e-04,1.000000000000000e+00,0.000000000000000e+00,2.110874923240795e+03,2.110874923240795e+03,-1.349076353539359e+03,4.739652543781903e-01,1.000000000000000e+03,1.000000000000000e+00,
2.456945899602880e-03,0.000000000000000e+00,5.260393090186248e+00,1.975915644201004e+08,1.975859330923069e+08,1.508866618839417e+03,2.456945899602880e-03,0.000000000000000e+00,-1.000000000000000e+03,1.317239553948713e+08,5.631327793532583e+03,2.989227435120704e+05,7.165597758897631e-03,5.644989966037458e+08,0.000000000000000e+00,-1.134387023176942e-07,8.041932592990469e+10,8.041932592990469e+10,-2.609604406304866e+00,2.456945899602880e-03,1.000000000000000e+00,0.000000000000000e+00,2.141029271762351e+03,2.141029271762351e+03,-1.893445221323084e+03,5.260393090186248e+00,1.000000000000000e+03,1.000000000000000e+00,
7.506123014489989e-08,0.000000000000000e+00,-7.506086968084837e-08,4.375831800111268e+03,4.375831800073734e+03,1.093793566300961e+03,7.506123014489989e-08,0.000000000000000e+00,-1.000000000000000e+03,2.917221200049156e+03,3.753359752862007e-08,2.545078701163637e+05,3.929307696445955e-06,8.333706700514549e+08,0.000000000000000e+00,2.697233350557049e-12,5.829683035605105e+10,5.829683035605105e+10,-7.124584322406760e+00,7.506123014489989e-08,1.000000000000000e+00,0.000000000000000e+00,-1.000000001556126e+00,1.000039732854295e+00,-8.337454272507109e-01,7.506421254182044e-08,1.000000000000000e+03,1.000000000000000e+00,
7.600126989302700e-08,0.000000000000000e+00,-7.506470375493295e-08,4.489590849981484e+03,4.489590849942859e+03,1.108348498795248e+03,7.600126989302700e-08,0.000000000000000e+00,-1.000000000000000e+03,2.993060566628573e+03,3.862575196537135e-08,2.561956213615249e+05,3.945879382136234e-06,8.336329931509770e+08,0.000000000000000e+00,1.488622078491542e-10,5.907257676433603e+10,5.907257676433604e+10,-7.119179151101752e+00,7.600126989302700e-08,1.000000000000000e+00,0.000000000000000e+00,-1.000045465677635e+00,1.008250894872565e+00,-7.156783735746348e-01,7.662383702140355e-08,1.000000000000000e+03,1.000000000000000e+00,
1.510572299492323e-07,0.000000000000000e+00,-5.108203274482899e-08,1.328617387186942e+04,1.328617387185878e+04,1.691014046897629e+03,1.510572299492323e-07,0.000000000000000e+00,-1.000000000000000e+03,8.857449247905857e+03,3.878950941933411e-08,3.164514878014701e+05,3.932168970421741e-06,8.454209319161478e+08,0.000000000000000e+00,1.076860596372908e-10,9.012738971858752e+10,9.012738971858752e+10,-6.820858483552484e+00,1.510572299492323e-07,1.000000000000000e+00,0.000000000000000e+00,-3.751995383985721e-01,1.008057287049057e+00,-1.693680017047381e-01,7.775888065441236e-08,1.000000000000000e+03,1.000000000000000e+00,
1.852267810942742e-06,0.000000000000000e+00,2.580579390217429e-03,1.515839366580714e+05,1.515821390265545e+05,1.732160879035173e+03,1.852267810942742e-06,0.000000000000000e+00,-1.000000000000000e+03,1.010547593510364e+05,1.797631516855424e+00,3.202783977154499e+05,4.620219127993120e-03,8.291006908729366e+08,0.000000000000000e+00,6.577204382271134e-06,9.232042683885826e+10,9.232042683885828e+10,-5.732296220458652e+00,1.852267810942742e-06,1.000000000000000e+00,0.000000000000000e+00,1.397665830036643e+03,1.397665830036643e+03,6.593917482447032e+02,2.580579390217429e-03,1.000000000000000e+03,1.000000000000000e+00,
2.037135013045342e-05,0.000000000000000e+00,3.842372543996347e-02,1.631026446374641e+06,1.630990209633649e+06,1.534059315823004e+03,2.037135013045342e-05,0.000000000000000e+00,-1.000000000000000e+03,1.087326806422433e+06,3.623674099240556e+01,3.014078856295267e+05,6.323902149281312e-03,7.361572818221047e+08,0.000000000000000e+00,-1.435051619280614e-06,8.176204216769566e+10,8.176204216769568e+10,-4.690980186769362e+00,2.037135013045342e-05,1.000000000000000e+00,0.000000000000000e+00,1.886164893043750e+03,1.886164893043750e+03,-5.473664971285632e+00,3.842372543996347e-02,1.000000000000000e+03,1.000000000000000e+00,
2.245349779656856e-04,0.000000000000000e+00,4.739652543781903e-01,1.795389266082186e+07,1.795339242013688e+07,1.502071962500398e+03,2.245349779656856e-04,0.000000000000000e+00,-1.000000000000000e+03,1.196892828009125e+07,5.002406849771832e+02,2.982489367572949e+05,7.081944124073316e-03,6.498388526222557e+08,0.000000000000000e+00,-5.811340132361238e-07,8.005718544917114e+10,8.005718544917116e+10,-3.648715995176379e+00,2.245349779656856e-04,1.000000000000000e+00,0.000000000000000e+00,2.110874923240795e+03,2.110874923240795e+03,-8.545827232099516e+02,4.739652543781903e-01,1.000000000000000e+03,1.000000000000000e+00,
2.456945899602880e-03,0.000000000000000e+00,5.260393090186248e+00,1.975915644201004e+08,1.975859330923069e+08,1.508866618839417e+03,2.456945899602880e-03,0.000000000000000e+00,-1.000000000000000e+03,1.317239553948713e+08,5.631327793532583e+03,2.989227435120704e+05,7.165597758897631e-03,5.644989966037458e+08,0.000000000000000e+00,-1.134387023176942e-07,8.041932592990469e+10,8.041932592990469e+10,-2.609604406304866e+00,2.456945899602880e-03,1.000000000000000e+00,0.000000000000000e+00,2.141029271762351e+03,2.141029271762351e+03,-1.499243768508630e+03,5.260393090186248e+00,1.000000000000000e+03,1.000000000000000e+00,
7.506123014489989e-08,0.000000000000000e+00,-7.506086968084837e-08,4.375831800111268e+03,4.375831800073734e+03,1.093793566300961e+03,7.506123014489989e-08,0.000000000000000e+00,-1.000000000000000e+03,2.917221200049156e+03,3.753359752862007e-08,2.545078701163637e+05,3.929307696445955e-06,8.333706700514549e+08,0.000000000000000e+00,2.697233350557049e-12,5.829683035605105e+10,5.829683035605105e+10,-7.124584322406760e+00,7.506123014489989e-08,1.000000000000000e+00,0.000000000000000e+00,-1.000000001556126e+00,1.000039732854295e+00,-7.089739696169762e-01,7.506421254182044e-08,1.000000000000000e+03,1.000000000000000e+00,
7.600126989302700e-08,0.000000000000000e+00,-7.506470375493295e-08,4.489590849981484e+03,4.489590849942859e+03,1.108348498795248e+03,7.600126989302700e-08,0.000000000000000e+00,-1.000000000000000e+03,2.993060566628573e+03,3.862575196537135e-08,2.561956213615249e+05,3.945879382136234e-06,8.336329931509770e+08,0.000000000000000e+00,1.488622078491542e-10,5.907257676433603e+10,5.907257676433604e+10,-7.119179151101752e+00,7.600126989302700e-08,1.000000000000000e+00,0.000000000000000e+00,-1.000045465677635e+00,1.008250894872565e+00,-5.617636506041407e-01,7.662383702140355e-08,1.000000000000000e+03,1.000000000000000e+00,
1.510572299492323e-07,0.000000000000000e+00,-5.108203274482899e-08,1.328617387186942e+04,1.328617387185878e+04,1.691014046897629e+03,1.510572299492323e-07,0.000000000000000e+00,-1.000000000000000e+03,8.857449247905857e+03,3.878950941933411e-08,3.164514878014701e+05,3.932168970421741e-06,8.454209319161478e+08,0.000000000000000e+00,1.076860596372908e-10,9.012738971858752e+10,9.012738971858752e+10,-6.820858483552484e+00,1.510572299492323e-07,1.000000000000000e+00,0.000000000000000e+00,-3.751995383985721e-01,1.008057287049057e+00,-1.197619957663742e-01,7.775888065441236e-08,1.000000000000000e+03,1.000000000000000e+00,
1.852267810942742e-06,0.000000000000000e+00,2.580579390217429e-03,1.515839366580714e+05,1.515821390265545e+05,1.732160879035173e+03,1.852267810942742e-06,0.000000000000000e+00,-1.000000000000000e+03,1.010547593510364e+05,1.797631516855424e+00,3.202783977154499e+05,4.620219127993120e-03,8.291006908729366e+08,0.000000000000000e+00,6.577204382271134e-06,9.232042683885826e+10,9.232042683885828e+10,-5.732296220458652e+00,1.852267810942742e-06,1.000000000000000e+00,0.000000000000000e+00,1.397665830036643e+03,1.397665830036643e+03,3.727417165094494e+02,2.580579390217429e-03,1.000000000000000e+03,1.000000000000000e+00,
2.037135013045342e-05,0.000000000000000e+00,3.842372543996347e-02,1.631026446374641e+06,1.630990209633649e+06,1.534059315823004e+03,2.037135013045342e-05,0.000000000000000e+00,-1.000000000000000e+03,1.087326806422433e+06,3.623674099240556e+01,3.014078856295267e+05,6.323902149281312e-03,7.361572818221047e+08,0.000000000000000e+00,-1.435051619280614e-06,8.176204216769566e+10,8.176204216769568e+10,-4.690980186769362e+00,2.037135013045342e-05,1.000000000000000e+00,0.000000000000000e+00,1.886164893043750e+03,1.886164893043750e+03,-3.644361730205499e+00,3.842372543996347e-02,1.000000000000000e+03,1.000000000000000e+00,
2.245349779656856e-04,0.000000000000000e+00,4.739652543781903e-01,1.795389266082186e+07,1.795339242013688e+07,1.502071962500398e+03,2.245349779656856e-04,0.000000000000000e+00,-1.000000000000000e+03,1.196892828009125e+07,5.002406849771832e+02,2.982489367572949e+05,7.081944124073316e-03,6.498388526222557e+08,0.000000000000000e+00,-5.811340132361238e-07,8.005718544917114e+10,8.005718544917116e+10,-3.648715995176379e+00,2.245349779656856e-04,1.000000000000000e+00,0.000000000000000e+00,2.110874923240795e+03,2.110874923240795e+03,-6.042849384118555e+02,4.739652543781903e-01,1.000000000000000e+03,1.000000000000000e+00,
2.456945899602880e-03,0.000000000000000e+00,5.260393090186248e+00,1.975915644201004e+08,1.975859330923069e+08,1.508866618839417e+03,2.456945899602880e-03,0.000000000000000e+00,-1.000000000000000e+03,1.317239553948713e+08,5.631327793532583e+03,2.989227435120704e+05,7.165597758897631e-03,5.644989966037458e+08,0.000000000000000e+00,-1.134387023176942e-07,8.041932592990469e+10,8.041932592990469e+10,-2.609604406304866e+00,2.456945899602880e-03,1.000000000000000e+00,0.000000000000000e+00,2.141029271762351e+03,2.141029271762351e+03,-1.176814451352268e+03,5.260393090186248e+00,1.000000000000000e+03,1.000000000000000e+00,

