1
0
28
0
(64 0
((0,0) (63,63) (0,0))
((448,0) (511,63) (0,0))
((384,0) (447,63) (0,0))
((320,0) (383,63) (0,0))
((256,0) (319,63) (0,0))
((192,0) (255,63) (0,0))
((128,0) (191,63) (0,0))
((64,0) (127,63) (0,0))
((0,448) (63,511) (0,0))
((0,384) (63,447) (0,0))
((0,320) (63,383) (0,0))
((0,256) (63,319) (0,0))
((0,192) (63,255) (0,0))
((0,128) (63,191) (0,0))
((0,64) (63,127) (0,0))
((448,448) (511,511) (0,0))
((448,384) (511,447) (0,0))
((448,320) (511,383) (0,0))
((448,256) (511,319) (0,0))
((448,192) (511,255) (0,0))
((448,128) (511,191) (0,0))
((448,64) (511,127) (0,0))
((384,448) (447,511) (0,0))
((384,384) (447,447) (0,0))
((384,320) (447,383) (0,0))
((384,256) (447,319) (0,0))
((384,192) (447,255) (0,0))
((384,128) (447,191) (0,0))
((384,64) (447,127) (0,0))
((320,448) (383,511) (0,0))
((320,384) (383,447) (0,0))
((320,320) (383,383) (0,0))
((320,256) (383,319) (0,0))
((320,192) (383,255) (0,0))
((320,128) (383,191) (0,0))
((320,64) (383,127) (0,0))
((256,448) (319,511) (0,0))
((256,384) (319,447) (0,0))
((256,320) (319,383) (0,0))
((256,256) (319,319) (0,0))
((256,192) (319,255) (0,0))
((256,128) (319,191) (0,0))
((256,64) (319,127) (0,0))
((192,448) (255,511) (0,0))
((192,384) (255,447) (0,0))
((192,320) (255,383) (0,0))
((192,256) (255,319) (0,0))
((192,192) (255,255) (0,0))
((192,128) (255,191) (0,0))
((192,64) (255,127) (0,0))
((128,448) (191,511) (0,0))
((128,384) (191,447) (0,0))
((128,320) (191,383) (0,0))
((128,256) (191,319) (0,0))
((128,192) (191,255) (0,0))
((128,128) (191,191) (0,0))
((128,64) (191,127) (0,0))
((64,448) (127,511) (0,0))
((64,384) (127,447) (0,0))
((64,320) (127,383) (0,0))
((64,256) (127,319) (0,0))
((64,192) (127,255) (0,0))
((64,128) (127,191) (0,0))
((64,64) (127,127) (0,0))
)
64
FabOnDisk: Cell_D_0000 0
FabOnDisk: Cell_D_0001 0
FabOnDisk: Cell_D_0001 917590
FabOnDisk: Cell_D_0001 1835180
FabOnDisk: Cell_D_0001 2752770
FabOnDisk: Cell_D_0000 917587
FabOnDisk: Cell_D_0000 1835177
FabOnDisk: Cell_D_0000 2752767
FabOnDisk: Cell_D_0002 0
FabOnDisk: Cell_D_0002 917590
FabOnDisk: Cell_D_0002 1835180
FabOnDisk: Cell_D_0002 2752770
FabOnDisk: Cell_D_0000 3670356
FabOnDisk: Cell_D_0000 4587946
FabOnDisk: Cell_D_0000 5505536
FabOnDisk: Cell_D_0003 0
FabOnDisk: Cell_D_0003 917593
FabOnDisk: Cell_D_0003 1835186
FabOnDisk: Cell_D_0003 2752779
FabOnDisk: Cell_D_0001 3670360
FabOnDisk: Cell_D_0001 4587953
FabOnDisk: Cell_D_0001 5505546
FabOnDisk: Cell_D_0003 3670372
FabOnDisk: Cell_D_0003 4587965
FabOnDisk: Cell_D_0003 5505558
FabOnDisk: Cell_D_0003 6423151
FabOnDisk: Cell_D_0001 6423138
FabOnDisk: Cell_D_0001 7340731
FabOnDisk: Cell_D_0001 8258324
FabOnDisk: Cell_D_0003 7340744
FabOnDisk: Cell_D_0003 8258337
FabOnDisk: Cell_D_0003 9175930
FabOnDisk: Cell_D_0003 10093523
FabOnDisk: Cell_D_0001 9175916
FabOnDisk: Cell_D_0001 10093509
FabOnDisk: Cell_D_0001 11011102
FabOnDisk: Cell_D_0003 11011116
FabOnDisk: Cell_D_0003 11928709
FabOnDisk: Cell_D_0003 12846302
FabOnDisk: Cell_D_0003 13763895
FabOnDisk: Cell_D_0001 11928694
FabOnDisk: Cell_D_0001 12846287
FabOnDisk: Cell_D_0001 13763880
FabOnDisk: Cell_D_0002 3670360
FabOnDisk: Cell_D_0002 4587953
FabOnDisk: Cell_D_0002 5505546
FabOnDisk: Cell_D_0002 6423139
FabOnDisk: Cell_D_0000 6423125
FabOnDisk: Cell_D_0000 7340718
FabOnDisk: Cell_D_0000 8258311
FabOnDisk: Cell_D_0002 7340732
FabOnDisk: Cell_D_0002 8258325
FabOnDisk: Cell_D_0002 9175918
FabOnDisk: Cell_D_0002 10093511
FabOnDisk: Cell_D_0000 9175903
FabOnDisk: Cell_D_0000 10093496
FabOnDisk: Cell_D_0000 11011089
FabOnDisk: Cell_D_0002 11011104
FabOnDisk: Cell_D_0002 11928696
FabOnDisk: Cell_D_0002 12846288
FabOnDisk: Cell_D_0002 13763880
FabOnDisk: Cell_D_0000 11928681
FabOnDisk: Cell_D_0000 12846273
FabOnDisk: Cell_D_0000 13763865

64,28
3.410023307567776e-03,0.000000000000000e+00,8.278399059308144e+00,2.757683963567342e+08,2.757583477610497e+08,1.517266059300938e+03,3.410023307567776e-03,0.000000000000000e+00,-1.000000000000000e+03,1.838388985073665e+08,1.004859568453138e+04,2.997535986846698e+05,7.296401738873136e-03,4.118265735585160e+08,0.000000000000000e+00,-8.832452943715907e-08,8.086699793196906e+10,8.086699793196907e+10,-2.467242652587127e+00,3.410023307567776e-03,1.000000000000000e+00,0.000000000000000e+00,2.416692039228191e+03,2.416692039228191e+03,-1.930176110570596e+03,8.278399059308144e+00,1.000000000000000e+03,1.000000000000000e+00,
3.410023307567776e-03,0.000000000000000e+00,8.278399059308144e+00,2.757683963567342e+08,2.757583477610497e+08,1.517266059300938e+03,3.410023307567776e-03,0.000000000000000e+00,-1.000000000000000e+03,1.838388985073665e+08,1.004859568453138e+04,2.997535986846698e+05,7.296401738873136e-03,4.118265735585160e+08,0.000000000000000e+00,-8.832452943715907e-08,8.086699793196906e+10,8.086699793196907e+10,-2.467242652587127e+00,3.410023307567776e-03,1.000000000000000e+00,0.000000000000000e+00,2.416692039228191e+03,2.416692039228191e+03,-1.930176110570596e+03,8.278399059308144e+00,1.000000000000000e+03,1.000000000000000e+00,
3.410023307567776e-03,0.000000000000000e+00,8.278399059308144e+00,2.757683963567342e+08,2.757583477610497e+08,1.517266059300938e+03,3.410023307567776e-03,0.000000000000000e+00,-1.000000000000000e+03,1.838388985073665e+08,1.004859568453138e+04,2.997535986846698e+05,7.296401738873136e-03,4.118265735585160e+08,0.000000000000000e+00,-8.832452943715907e-08,8.086699793196906e+10,8.086699793196907e+10,-2.467242652587127e+00,3.410023307567776e-03,1.000000000000000e+00,0.000000000000000e+00,2.416692039228191e+03,2.416692039228191e+03,-2.159014080121035e+03,8.278399059308144e+00,1.000000000000000e+03,1.000000000000000e+00,
3.410023307567776e-03,0.000000000000000e+00,8.278399059308144e+00,2.757683963567342e+08,2.757583477610497e+08,1.517266059300938e+03,3.410023307567776e-03,0.000000000000000e+00,-1.000000000000000e+03,1.838388985073665e+08,1.004859568453138e+04,2.997535986846698e+05,7.296401738873136e-03,4.118265735585160e+08,0.000000000000000e+00,-8.832452943715907e-08,8.086699793196906e+10,8.086699793196907e+10,-2.467242652587127e+00,3.410023307567776e-03,1.000000000000000e+00,0.000000000000000e+00,2.416692039228191e+03,2.416692039228191e+03,-2.343180779657793e+03,8.278399059308144e+00,1.000000000000000e+03,1.000000000000000e+00,
3.410023307567776e-03,0.000000000000000e+00,8.278399059308144e+00,2.757683963567342e+08,2.757583477610497e+08,1.517266059300938e+03,3.410023307567776e-03,0.000000000000000e+00,-1.000000000000000e+03,1.838388985073665e+08,1.004859568453138e+04,2.997535986846698e+05,7.296401738873136e-03,4.118265735585160e+08,0.000000000000000e+00,-8.832452943715907e-08,8.086699793196906e+10,8.086699793196907e+10,-2.467242652587127e+00,3.410023307567776e-03,1.000000000000000e+00,0.000000000000000e+00,2.416692039228191e+03,2.416692039228191e+03,-2.427658226255167e+03,8.278399059308144e+00,1.000000000000000e+03,1.000000000000000e+00,
3.410023307567776e-03,0.000000000000000e+00,8.278399059308144e+00,2.757683963567342e+08,2.757583477610497e+08,1.517266059300938e+03,3.410023307567776e-03,0.000000000000000e+00,-1.000000000000000e+03,1.838388985073665e+08,1.004859568453138e+04,2.997535986846698e+05,7.296401738873136e-03,4.118265735585160e+08,0.000000000000000e+00,-8.832452943715907e-08,8.086699793196906e+10,8.086699793196907e+10,-2.467242652587127e+00,3.410023307567776e-03,1.000000000000000e+00,0.000000000000000e+00,2.416692039228191e+03,2.416692039228191e+03,-2.427658226255167e+03,8.278399059308144e+00,1.000000000000000e+03,1.000000000000000e+00,
3.410023307567776e-03,0.000000000000000e+00,8.278399059308144e+00,2.757683963567342e+08,2.757583477610497e+08,1.517266059300938e+03,3.410023307567776e-03,0.000000000000000e+00,-1.000000000000000e+03,1.838388985073665e+08,1.004859568453138e+04,2.997535986846698e+05,7.296401738873136e-03,4.118265735585160e+08,0.000000000000000e+00,-8.832452943715907e-08,8.086699793196906e+10,8.086699793196907e+10,-2.467242652587127e+00,3.410023307567776e-03,1.000000000000000e+00,0.000000000000000e+00,2.416692039228191e+03,2.416692039228191e+03,-2.343180779657793e+03,8.278399059308144e+00,1.000000000000000e+03,1.000000000000000e+00,
3.410023307567776e-03,0.000000000000000e+00,8.278399059308144e+00,2.757683963567342e+08,2.757583477610497e+08,1.517266059300938e+03,3.410023307567776e-03,0.000000000000000e+00,-1.000000000000000e+03,1.838388985073665e+08,1.004859568453138e+04,2.997535986846698e+05,7.296401738873136e-03,4.118265735585160e+08,0.000000000000000e+00,-8.832452943715907e-08,8.086699793196906e+10,8.086699793196907e+10,-2.467242652587127e+00,3.410023307567776e-03,1.000000000000000e+00,0.000000000000000e+00,2.416692039228191e+03,2.416692039228191e+03,-2.159014080121035e+03,8.278399059308144e+00,1.000000000000000e+03,1.000000000000000e+00,
7.506088104929310e-08,0.000000000000000e+00,-7.508431295628070e-08,2.969364547085475e+03,2.969364547047944e+03,7.422330407712012e+02,7.506088104929310e-08,0.000000000000000e+00,-1.000000000000000e+03,1.979576364698630e+03,3.753051697698307e-08,2.096542525330553e+05,4.769762379131188e-06,8.127049188859675e+08,0.000000000000000e+00,-3.096468181862377e-14,3.955941504467471e+10,3.955941504467471e+10,-7.124586342233080e+00,7.506088104929310e-08,1.000000000000000e+00,0.000000000000000e+00,-1.000126609801750e+00,1.000001002103443e+00,-7.986861428847697e-01,7.506095868304479e-08,1.000000000000000e+03,1.000000000000000e+00,
7.507635123797255e-08,0.000000000000000e+00,-7.672880622139900e-08,2.970718658195578e+03,2.970718658158030e+03,7.424185054044866e+02,7.507635123797255e-08,0.000000000000000e+00,-1.000000000000000e+03,1.980479105438687e+03,3.732832885800494e-08,2.096804444554308e+05,4.476747022494872e-06,8.127109125233868e+08,0.000000000000000e+00,-1.130147186649583e-09,3.956929990832430e+10,3.956929990832430e+10,-7.124496842546708e+00,7.507635123797255e-08,1.000000000000000e+00,0.000000000000000e+00,-1.000191887208756e+00,9.729938649193889e-01,-7.053571993553963e-01,7.508638254316641e-08,1.000000000000000e+03,1.000000000000000e+00,
7.913797823347742e-08,0.000000000000000e+00,-7.774130352723205e-08,3.382743690405825e+03,3.382743690368544e+03,8.020003608867008e+02,7.913797823347742e-08,0.000000000000000e+00,-1.000000000000000e+03,2.255162460245696e+03,3.544595684042301e-13,2.179319054800414e+05,5.658682110173208e-09,8.149532110722954e+08,0.000000000000000e+00,-2.970047822542438e-08,4.274488388354551e+10,4.274488388354551e+10,-7.101615049006309e+00,7.913797823347742e-08,1.000000000000000e+00,0.000000000000000e+00,-9.706495090348849e-01,1.913096818956025e-03,-5.359917433969890e-01,3.705610347495725e-10,1.000000000000000e+03,1.000000000000000e+00,
2.013087864426805e-07,0.000000000000000e+00,-2.665407569379595e-09,2.074496972852537e+04,2.074496972852537e+04,1.550470590609914e+03,2.013087864426805e-07,0.000000000000000e+00,-1.000000000000000e+03,1.382997981901691e+04,5.056445256725071e-13,3.030158184419908e+05,6.623728223326754e-09,7.276027219013577e+08,0.000000000000000e+00,-3.829497287912807e-04,8.263672760346260e+10,8.263672760346260e+10,-6.696137269223144e+00,2.013087864426805e-07,1.000000000000000e+00,0.000000000000000e+00,-1.274333513931982e-02,2.241332493488029e-03,-3.935227957728226e-03,4.511999242786222e-10,1.000000000000000e+03,1.000000000000000e+00,
2.580900278551062e-06,0.000000000000000e+00,6.858732619623677e-03,2.130299437309163e+05,2.130208302030635e+05,1.505083358029452e+03,2.580900278551062e-06,0.000000000000000e+00,-1.000000000000000e+03,1.420138868020424e+05,9.113527852749844e+00,2.985477559320837e+05,8.760280717236226e-03,6.407044750246634e+08,0.000000000000000e+00,-3.166280261707470e-06,8.021768631487471e+10,8.021768631487469e+10,-5.588228775507147e+00,2.580900278551062e-06,1.000000000000000e+00,0.000000000000000e+00,2.615362149465980e+03,2.615362149465980e+03,-8.193046429463765e+02,6.858732619623677e-03,1.000000000000000e+03,1.000000000000000e+00,
2.848006801398096e-05,0.000000000000000e+00,7.439763658838866e-02,2.284456422801891e+06,2.284359249432656e+06,1.501207052634056e+03,2.848006801398096e-05,0.000000000000000e+00,-1.000000000000000e+03,1.522906166288438e+06,9.717336923529804e+01,2.981630568530678e+05,8.299509093841794e-03,5.552613168090446e+08,0.000000000000000e+00,6.771621739626425e-07,8.001108762476918e+10,8.001108762476918e+10,-4.545458977884151e+00,2.848006801398096e-05,1.000000000000000e+00,0.000000000000000e+00,2.474607001799704e+03,2.474607001799704e+03,-1.366475652407042e+03,7.439763658838866e-02,1.000000000000000e+03,1.000000000000000e+00,
3.141952184460286e-04,0.000000000000000e+00,7.770880083836930e-01,2.513998177208824e+07,2.513902079983703e+07,1.501195948339786e+03,3.141952184460286e-04,0.000000000000000e+00,-1.000000000000000e+03,1.675934719989136e+07,9.609722512016275e+02,2.981619541082997e+05,8.102378179574304e-03,4.710219473318935e+08,0.000000000000000e+00,7.404681256309687e-08,8.001049578991182e+10,8.001049578991182e+10,-3.502800428520444e+00,3.141952184460286e-04,1.000000000000000e+00,0.000000000000000e+00,2.427783514452766e+03,2.427783514452766e+03,-1.712225801834902e+03,7.770880083836930e-01,1.000000000000000e+03,1.000000000000000e+00,
7.506088104929310e-08,0.000000000000000e+00,-7.508431295628070e-08,2.969364547085475e+03,2.969364547047944e+03,7.422330407712012e+02,7.506088104929310e-08,0.000000000000000e+00,-1.000000000000000e+03,1.979576364698630e+03,3.753051697698307e-08,2.096542525330553e+05,4.769762379131188e-06,8.127049188859675e+08,0.000000000000000e+00,-3.096468181862377e-14,3.955941504467471e+10,3.955941504467471e+10,-7.124586342233080e+00,7.506088104929310e-08,1.000000000000000e+00,0.000000000000000e+00,-1.000126609801750e+00,1.000001002103443e+00,-7.986861428847697e-01,7.506095868304479e-08,1.000000000000000e+03,1.000000000000000e+00,
7.507635123797255e-08,0.000000000000000e+00,-7.672880622139900e-08,2.970718658195578e+03,2.970718658158030e+03,7.424185054044866e+02,7.507635123797255e-08,0.000000000000000e+00,-1.000000000000000e+03,1.980479105438687e+03,3.732832885800494e-08,2.096804444554308e+05,4.476747022494872e-06,8.127109125233868e+08,0.000000000000000e+00,-1.130147186649583e-09,3.956929990832430e+10,3.956929990832430e+10,-7.124496842546708e+00,7.507635123797255e-08,1.000000000000000e+00,0.000000000000000e+00,-1.000191887208756e+00,9.729938649193889e-01,-7.053571993553963e-01,7.508638254316641e-08,1.000000000000000e+03,1.000000000000000e+00,
7.913797823347742e-08,0.000000000000000e+00,-7.774130352723205e-08,3.382743690405825e+03,3.382743690368544e+03,8.020003608867008e+02,7.913797823347742e-08,0.000000000000000e+00,-1.000000000000000e+03,2.255162460245696e+03,3.544595684042301e-13,2.179319054800414e+05,5.658682110173208e-09,8.149532110722954e+08,0.000000000000000e+00,-2.970047822542438e-08,4.274488388354551e+10,4.274488388354551e+10,-7.101615049006309e+00,7.913797823347742e-08,1.000000000000000e+00,0.000000000000000e+00,-9.706495090348849e-01,1.913096818956025e-03,-5.359917433969890e-01,3.705610347495725e-10,1.000000000000000e+03,1.000000000000000e+00,
2.013087864426805e-07,0.000000000000000e+00,-2.665407569379595e-09,2.074496972852537e+04,2.074496972852537e+04,1.550470590609914e+03,2.013087864426805e-07,0.000000000000000e+00,-1.000000000000000e+03,1.382997981901691e+04,5.056445256725071e-13,3.030158184419908e+05,6.623728223326754e-09,7.276027219013577e+08,0.000000000000000e+00,-3.829497287912807e-04,8.263672760346260e+10,8.263672760346260e+10,-6.696137269223144e+00,2.013087864426805e-07,1.000000000000000e+00,0.000000000000000e+00,-1.274333513931982e-02,2.241332493488029e-03,-3.935227957728226e-03,4.511999242786222e-10,1.000000000000000e+03,1.000000000000000e+00,
2.580900278551062e-06,0.000000000000000e+00,6.858732619623677e-03,2.130299437309163e+05,2.130208302030635e+05,1.505083358029452e+03,2.580900278551062e-06,0.000000000000000e+00,-1.000000000000000e+03,1.420138868020424e+05,9.113527852749844e+00,2.985477559320837e+05,8.760280717236226e-03,6.407044750246634e+08,0.000000000000000e+00,-3.166280261707470e-06,8.021768631487471e+10,8.021768631487469e+10,-5.588228775507147e+00,2.580900278551062e-06,1.000000000000000e+00,0.000000000000000e+00,2.615362149465980e+03,2.615362149465980e+03,-8.193046429463765e+02,6.858732619623677e-03,1.000000000000000e+03,1.000000000000000e+00,
2.848006801398096e-05,0.000000000000000e+00,7.439763658838866e-02,2.284456422801891e+06,2.284359249432656e+06,1.501207052634056e+03,2.848006801398096e-05,0.000000000000000e+00,-1.000000000000000e+03,1.522906166288438e+06,9.717336923529804e+01,2.981630568530678e+05,8.299509093841794e-03,5.552613168090446e+08,0.000000000000000e+00,6.771621739626425e-07,8.001108762476918e+10,8.001108762476918e+10,-4.545458977884151e+00,2.848006801398096e-05,1.000000000000000e+00,0.000000000000000e+00,2.474607001799704e+03,2.474607001799704e+03,-1.366475652407042e+03,7.439763658838866e-02,1.000000000000000e+03,1.000000000000000e+00,
3.141952184460286e-04,0.000000000000000e+00,7.770880083836930e-01,2.513998177208824e+07,2.513902079983703e+07,1.501195948339786e+03,3.141952184460286e-04,0.000000000000000e+00,-1.000000000000000e+03,1.675934719989136e+07,9.609722512016275e+02,2.981619541082997e+05,8.102378179574304e-03,4.710219473318935e+08,0.000000000000000e+00,7.404681256309687e-08,8.001049578991182e+10,8.001049578991182e+10,-3.502800428520444e+00,3.141952184460286e-04,1.000000000000000e+00,0.000000000000000e+00,2.427783514452766e+03,2.427783514452766e+03,-1.712225801834902e+03,7.770880083836930e-01,1.000000000000000e+03,1.000000000000000e+00,
7.506088104929310e-08,0.000000000000000e+00,-7.508431295628070e-08,2.969364547085475e+03,2.969364547047944e+03,7.422330407712012e+02,7.506088104929310e-08,0.000000000000000e+00,-1.000000000000000e+03,1.979576364698630e+03,3.753051697698307e-08,2.096542525330553e+05,4.769762379131188e-06,8.127049188859675e+08,0.000000000000000e+00,-3.096468181862377e-14,3.955941504467471e+10,3.955941504467471e+10,-7.124586342233080e+00,7.506088104929310e-08,1.000000000000000e+00,0.000000000000000e+00,-1.000126609801750e+00,1.000001002103443e+00,-8.933768367778739e-01,7.506095868304479e-08,1.000000000000000e+03,1.000000000000000e+00,
7.507635123797255e-08,0.000000000000000e+00,-7.672880622139900e-08,2.970718658195578e+03,2.970718658158030e+03,7.424185054044866e+02,7.507635123797255e-08,0.000000000000000e+00,-1.000000000000000e+03,1.980479105438687e+03,3.732832885800494e-08,2.096804444554308e+05,4.476747022494872e-06,8.127109125233868e+08,0.000000000000000e+00,-1.130147186649583e-09,3.956929990832430e+10,3.956929990832430e+10,-7.124496842546708e+00,7.507635123797255e-08,1.000000000000000e+00,0.000000000000000e+00,-1.000191887208756e+00,9.729938649193889e-01,-8.304897222859677e-01,7.508638254316641e-08,1.000000000000000e+03,1.000000000000000e+00,
7.913797823347742e-08,0.000000000000000e+00,-7.774130352723205e-08,3.382743690405825e+03,3.382743690368544e+03,8.020003608867008e+02,7.913797823347742e-08,0.000000000000000e+00,-1.000000000000000e+03,2.255162460245696e+03,3.544595684042301e-13,2.179319054800414e+05,5.658682110173208e-09,8.149532110722954e+08,0.000000000000000e+00,-2.970047822542438e-08,4.274488388354551e+10,4.274488388354551e+10,-7.101615049006309e+00,7.913797823347742e-08,1.000000000000000e+00,0.000000000000000e+00,-9.706495090348849e-01,1.913096818956025e-03,-6.836665682315914e-01,3.705610347495725e-10,1.000000000000000e+03,1.000000000000000e+00,
2.013087864426805e-07,0.000000000000000e+00,-2.665407569379595e-09,2.074496972852537e+04,2.074496972852537e+04,1.550470590609914e+03,2.013087864426805e-07,0.000000000000000e+00,-1.000000000000000e+03,1.382997981901691e+04,5.056445256725071e-13,3.030158184419908e+05,6.623728223326754e-09,7.276027219013577e+08,0.000000000000000e+00,-3.829497287912807e-04,8.263672760346260e+10,8.263672760346260e+10,-6.696137269223144e+00,2.013087864426805e-07,1.000000000000000e+00,0.000000000000000e+00,-1.274333513931982e-02,2.241332493488029e-03,-5.573797737869381e-03,4.511999242786222e-10,1.000000000000000e+03,1.000000000000000e+00,
2.580900278551062e-06,0.000000000000000e+00,6.858732619623677e-03,2.130299437309163e+05,2.130208302030635e+05,1.505083358029452e+03,2.580900278551062e-06,0.000000000000000e+00,-1.000000000000000e+03,1.420138868020424e+05,9.113527852749844e+00,2.985477559320837e+05,8.760280717236226e-03,6.407044750246634e+08,0.000000000000000e+00,-3.166280261707470e-06,8.021768631487471e+10,8.021768631487469e+10,-5.588228775507147e+00,2.580900278551062e-06,1.000000000000000e+00,0.000000000000000e+00,2.615362149465980e+03,2.615362149465980e+03,-1.158664687980149e+03,6.858732619623677e-03,1.000000000000000e+03,1.000000000000000e+00,
2.848006801398096e-05,0.000000000000000e+00,7.439763658838866e-02,2.284456422801891e+06,2.284359249432656e+06,1.501207052634056e+03,2.848006801398096e-05,0.000000000000000e+00,-1.000000000000000e+03,1.522906166288438e+06,9.717336923529804e+01,2.981630568530678e+05,8.299509093841794e-03,5.552613168090446e+08,0.000000000000000e+00,6.771621739626425e-07,8.001108762476918e+10,8.001108762476918e+10,-4.545458977884151e+00,2.848006801398096e-05,1.000000000000000e+00,0.000000000000000e+00,2.474607001799704e+03,2.474607001799704e+03,-1.742962893294441e+03,7.439763658838866e-02,1.000000000000000e+03,1.000000000000000e+00,
3.141952184460286e-04,0.000000000000000e+00,7.770880083836930e-01,2.513998177208824e+07,2.513902079983703e+07,1.501195948339786e+03,3.141952184460286e-04,0.000000000000000e+00,-1.000000000000000e+03,1.675934719989136e+07,9.609722512016275e+02,2.981619541082997e+05,8.102378179574304e-03,4.710219473318935e+08,0.000000000000000e+00,7.404681256309687e-08,8.001049578991182e+10,8.001049578991182e+10,-3.502800428520444e+00,3.141952184460286e-04,1.000000000000000e+00,0.000000000000000e+00,2.427783514452766e+03,2.427783514452766e+03,-2.015979892111747e+03,7.770880083836930e-01,1.000000000000000e+03,1.000000000000000e+00,
7.506088104929310e-08,0.000000000000000e+00,-7.508431295628070e-08,2.969364547085475e+03,2.969364547047944e+03,7.422330407712012e+02,7.506088104929310e-08,0.000000000000000e+00,-1.000000000000000e+03,1.979576364698630e+03,3.753051697698307e-08,2.096542525330553e+05,4.769762379131188e-06,8.127049188859675e+08,0.000000000000000e+00,-3.096468181862377e-14,3.955941504467471e+10,3.955941504467471e+10,-7.124586342233080e+00,7.506088104929310e-08,1.000000000000000e+00,0.000000000000000e+00,-1.000126609801750e+00,1.000001002103443e+00,-9.695830389452751e-01,7.506095868304479e-08,1.000000000000000e+03,1.000000000000000e+00,
7.507635123797255e-08,0.000000000000000e+00,-7.672880622139900e-08,2.970718658195578e+03,2.970718658158030e+03,7.424185054044866e+02,7.507635123797255e-08,0.000000000000000e+00,-1.000000000000000e+03,1.980479105438687e+03,3.732832885800494e-08,2.096804444554308e+05,4.476747022494872e-06,8.127109125233868e+08,0.000000000000000e+00,-1.130147186649583e-09,3.956929990832430e+10,3.956929990832430e+10,-7.124496842546708e+00,7.507635123797255e-08,1.000000000000000e+00,0.000000000000000e+00,-1.000191887208756e+00,9.729938649193889e-01,-9.478155230950371e-01,7.508638254316641e-08,1.000000000000000e+03,1.000000000000000e+00,
7.913797823347742e-08,0.000000000000000e+00,-7.774130352723205e-08,3.382743690405825e+03,3.382743690368544e+03,8.020003608867008e+02,7.913797823347742e-08,0.000000000000000e+00,-1.000000000000000e+03,2.255162460245696e+03,3.544595684042301e-13,2.179319054800414e+05,5.658682110173208e-09,8.149532110722954e+08,0.000000000000000e+00,-2.970047822542438e-08,4.274488388354551e+10,4.274488388354551e+10,-7.101615049006309e+00,7.913797823347742e-08,1.000000000000000e+00,0.000000000000000e+00,-9.706495090348849e-01,1.913096818956025e-03,-8.661277982737351e-01,3.705610347495725e-10,1.000000000000000e+03,1.000000000000000e+00,
2.013087864426805e-07,0.000000000000000e+00,-2.665407569379595e-09,2.074496972852537e+04,2.074496972852537e+04,1.550470590609914e+03,2.013087864426805e-07,0.000000000000000e+00,-1.000000000000000e+03,1.382997981901691e+04,5.056445256725071e-13,3.030158184419908e+05,6.623728223326754e-09,7.276027219013577e+08,0.000000000000000e+00,-3.829497287912807e-04,8.263672760346260e+10,8.263672760346260e+10,-6.696137269223144e+00,2.013087864426805e-07,1.000000000000000e+00,0.000000000000000e+00,-1.274333513931982e-02,2.241332493488029e-03,-8.867895222498631e-03,4.511999242786222e-10,1.000000000000000e+03,1.000000000000000e+00,
2.580900278551062e-06,0.000000000000000e+00,6.858732619623677e-03,2.130299437309163e+05,2.130208302030635e+05,1.505083358029452e+03,2.580900278551062e-06,0.000000000000000e+00,-1.000000000000000e+03,1.420138868020424e+05,9.113527852749844e+00,2.985477559320837e+05,8.760280717236226e-03,6.407044750246634e+08,0.000000000000000e+00,-3.166280261707470e-06,8.021768631487471e+10,8.021768631487469e+10,-5.588228775507147e+00,2.580900278551062e-06,1.000000000000000e+00,0.000000000000000e+00,2.615362149465980e+03,2.615362149465980e+03,-1.834836346058039e+03,6.858732619623677e-03,1.000000000000000e+03,1.000000000000000e+00,
2.848006801398096e-05,0.000000000000000e+00,7.439763658838866e-02,2.284456422801891e+06,2.284359249432656e+06,1.501207052634056e+03,2.848006801398096e-05,0.000000000000000e+00,-1.000000000000000e+03,1.522906166288438e+06,9.717336923529804e+01,2.981630568530678e+05,8.299509093841794e-03,5.552613168090446e+08,0.000000000000000e+00,6.771621739626425e-07,8.001108762476918e+10,8.001108762476918e+10,-4.545458977884151e+00,2.848006801398096e-05,1.000000000000000e+00,0.000000000000000e+00,2.474607001799704e+03,2.474607001799704e+03,-2.208135783422641e+03,7.439763658838866e-02,1.000000000000000e+03,1.000000000000000e+00,
3.141952184460286e-04,0.000000000000000e+00,7.770880083836930e-01,2.513998177208824e+07,2.513902079983703e+07,1.501195948339786e+03,3.141952184460286e-04,0.000000000000000e+00,-1.000000000000000e+03,1.675934719989136e+07,9.609722512016275e+02,2.981619541082997e+05,8.102378179574304e-03,4.710219473318935e+08,0.000000000000000e+00,7.404681256309687e-08,8.001049578991182e+10,8.001049578991182e+10,-3.502800428520444e+00,3.141952184460286e-04,1.000000000000000e+00,0.000000000000000e+00,2.427783514452766e+03,2.427783514452766e+03,-2.300783483185627e+03,7.770880083836930e-01,1.000000000000000e+03,1.000000000000000e+00,
7.506088104929310e-08,0.000000000000000e+00,-7.508431295628070e-08,2.969364547085475e+03,2.969364547047944e+03,7.422330407712012e+02,7.506088104929310e-08,0.000000000000000e+00,-1.000000000000000e+03,1.979576364698630e+03,3.753051697698307e-08,2.096542525330553e+05,4.769762379131188e-06,8.127049188859675e+08,0.000000000000000e+00,-3.096468181862377e-14,3.955941504467471e+10,3.955941504467471e+10,-7.124586342233080e+00,7.506088104929310e-08,1.000000000000000e+00,0.000000000000000e+00,-1.000126609801750e+00,1.000001002103443e+00,-1.000123236141607e+00,7.506095868304479e-08,1.000000000000000e+03,1.000000000000000e+00,
7.507635123797255e-08,0.000000000000000e+00,-7.672880622139900e-08,2.970718658195578e+03,2.970718658158030e+03,7.424185054044866e+02,7.507635123797255e-08,0.000000000000000e+00,-1.000000000000000e+03,1.980479105438687e+03,3.732832885800494e-08,2.096804444554308e+05,4.476747022494872e-06,8.127109125233868e+08,0.000000000000000e+00,-1.130147186649583e-09,3.956929990832430e+10,3.956929990832430e+10,-7.124496842546708e+00,7.507635123797255e-08,1.000000000000000e+00,0.000000000000000e+00,-1.000191887208756e+00,9.729938649193889e-01,-1.000188006939101e+00,7.508638254316641e-08,1.000000000000000e+03,1.000000000000000e+00,
7.913797823347742e-08,0.000000000000000e+00,-7.774130352723205e-08,3.382743690405825e+03,3.382743690368544e+03,8.020003608867008e+02,7.913797823347742e-08,0.000000000000000e+00,-1.000000000000000e+03,2.255162460245696e+03,3.544595684042301e-13,2.179319054800414e+05,5.658682110173208e-09,8.149532110722954e+08,0.000000000000000e+00,-2.970047822542438e-08,4.274488388354551e+10,4.274488388354551e+10,-7.101615049006309e+00,7.913797823347742e-08,1.000000000000000e+00,0.000000000000000e+00,-9.706495090348849e-01,1.913096818956025e-03,-9.706420454569250e-01,3.705610347495725e-10,1.000000000000000e+03,1.000000000000000e+00,
2.013087864426805e-07,0.000000000000000e+00,-2.665407569379595e-09,2.074496972852537e+04,2.074496972852537e+04,1.550470590609914e+03,2.013087864426805e-07,0.000000000000000e+00,-1.000000000000000e+03,1.382997981901691e+04,5.056445256725071e-13,3.030158184419908e+05,6.623728223326754e-09,7.276027219013577e+08,0.000000000000000e+00,-3.829497287912807e-04,8.263672760346260e+10,8.263672760346260e+10,-6.696137269223144e+00,2.013087864426805e-07,1.000000000000000e+00,0.000000000000000e+00,-1.274333513931982e-02,2.241332493488029e-03,-1.274292737216808e-02,4.511999242786222e-10,1.000000000000000e+03,1.000000000000000e+00,
2.580900278551062e-06,0.000000000000000e+00,6.858732619623677e-03,2.130299437309163e+05,2.130208302030635e+05,1.505083358029452e+03,2.580900278551062e-06,0.000000000000000e+00,-1.000000000000000e+03,1.420138868020424e+05,9.113527852749844e+00,2.985477559320837e+05,8.760280717236226e-03,6.407044750246634e+08,0.000000000000000e+00,-3.166280261707470e-06,8.021768631487471e+10,8.021768631487469e+10,-5.588228775507147e+00,2.580900278551062e-06,1.000000000000000e+00,0.000000000000000e+00,2.615362149465980e+03,2.615362149465980e+03,-2.736982060543934e+03,6.858732619623677e-03,1.000000000000000e+03,1.000000000000000e+00,
2.848006801398096e-05,0.000000000000000e+00,7.439763658838866e-02,2.284456422801891e+06,2.284359249432656e+06,1.501207052634056e+03,2.848006801398096e-05,0.000000000000000e+00,-1.000000000000000e+03,1.522906166288438e+06,9.717336923529804e+01,2.981630568530678e+05,8.299509093841794e-03,5.552613168090446e+08,0.000000000000000e+00,6.771621739626425e-07,8.001108762476918e+10,8.001108762476918e+10,-4.545458977884151e+00,2.848006801398096e-05,1.000000000000000e+00,0.000000000000000e+00,2.474607001799704e+03,2.474607001799704e+03,-2.612191841713287e+03,7.439763658838866e-02,1.000000000000000e+03,1.000000000000000e+00,
3.141952184460286e-04,0.000000000000000e+00,7.770880083836930e-01,2.513998177208824e+07,2.513902079983703e+07,1.501195948339786e+03,3.141952184460286e-04,0.000000000000000e+00,-1.000000000000000e+03,1.675934719989136e+07,9.609722512016275e+02,2.981619541082997e+05,8.102378179574304e-03,4.710219473318935e+08,0.000000000000000e+00,7.404681256309687e-08,8.001049578991182e+10,8.001049578991182e+10,-3.502800428520444e+00,3.141952184460286e-04,1.000000000000000e+00,0.000000000000000e+00,2.427783514452766e+03,2.427783514452766e+03,-2.473246186338894e+03,7.770880083836930e-01,1.000000000000000e+03,1.000000000000000e+00,
7.506088104929310e-08,0.000000000000000e+00,-7.508431295628070e-08,2.969364547085475e+03,2.969364547047944e+03,7.422330407712012e+02,7.506088104929310e-08,0.000000000000000e+00,-1.000000000000000e+03,1.979576364698630e+03,3.753051697698307e-08,2.096542525330553e+05,4.769762379131188e-06,8.127049188859675e+08,0.000000000000000e+00,-3.096468181862377e-14,3.955941504467471e+10,3.955941504467471e+10,-7.124586342233080e+00,7.506088104929310e-08,1.000000000000000e+00,0.000000000000000e+00,-1.000126609801750e+00,1.000001002103443e+00,-1.000123236141607e+00,7.506095868304479e-08,1.000000000000000e+03,1.000000000000000e+00,
7.507635123797255e-08,0.000000000000000e+00,-7.672880622139900e-08,2.970718658195578e+03,2.970718658158030e+03,7.424185054044866e+02,7.507635123797255e-08,0.000000000000000e+00,-1.000000000000000e+03,1.980479105438687e+03,3.732832885800494e-08,2.096804444554308e+05,4.476747022494872e-06,8.127109125233868e+08,0.000000000000000e+00,-1.130147186649583e-09,3.956929990832430e+10,3.956929990832430e+10,-7.124496842546708e+00,7.507635123797255e-08,1.000000000000000e+00,0.000000000000000e+00,-1.000191887208756e+00,9.729938649193889e-01,-1.000188006939101e+00,7.508638254316641e-08,1.000000000000000e+03,1.000000000000000e+00,
7.913797823347742e-08,0.000000000000000e+00,-7.774130352723205e-08,3.382743690405825e+03,3.382743690368544e+03,8.020003608867008e+02,7.913797823347742e-08,0.000000000000000e+00,-1.000000000000000e+03,2.255162460245696e+03,3.544595684042301e-13,2.179319054800414e+05,5.658682110173208e-09,8.149532110722954e+08,0.000000000000000e+00,-2.970047822542438e-08,4.274488388354551e+10,4.274488388354551e+10,-7.101615049006309e+00,7.913797823347742e-08,1.000000000000000e+00,0.000000000000000e+00,-9.706495090348849e-01,1.913096818956025e-03,-9.706420454569250e-01,3.705610347495725e-10,1.000000000000000e+03,1.000000000000000e+00,
2.013087864426805e-07,0.000000000000000e+00,-2.665407569379595e-09,2.074496972852537e+04,2.074496972852537e+04,1.550470590609914e+03,2.013087864426805e-07,0.000000000000000e+00,-1.000000000000000e+03,1.382997981901691e+04,5.056445256725071e-13,3.030158184419908e+05,6.623728223326754e-09,7.276027219013577e+08,0.000000000000000e+00,-3.829497287912807e-04,8.263672760346260e+10,8.263672760346260e+10,-6.696137269223144e+00,2.013087864426805e-07,1.000000000000000e+00,0.000000000000000e+00,-1.274333513931982e-02,2.241332493488029e-03,-1.274292737216808e-02,4.511999242786222e-10,1.000000000000000e+03,1.000000000000000e+00,
2.580900278551062e-06,0.000000000000000e+00,6.858732619623677e-03,2.130299437309163e+05,2.130208302030635e+05,1.505083358029452e+03,2.580900278551062e-06,0.000000000000000e+00,-1.000000000000000e+03,1.420138868020424e+05,9.113527852749844e+00,2.985477559320837e+05,8.760280717236226e-03,6.407044750246634e+08,0.000000000000000e+00,-3.166280261707470e-06,8.021768631487471e+10,8.021768631487469e+10,-5.588228775507147e+00,2.580900278551062e-06,1.000000000000000e+00,0.000000000000000e+00,2.615362149465980e+03,2.615362149465980e+03,-2.736982060543934e+03,6.858732619623677e-03,1.000000000000000e+03,1.000000000000000e+00,
2.848006801398096e-05,0.000000000000000e+00,7.439763658838866e-02,2.284456422801891e+06,2.284359249432656e+06,1.501207052634056e+03,2.848006801398096e-05,0.000000000000000e+00,-1.000000000000000e+03,1.522906166288438e+06,9.717336923529804e+01,2.981630568530678e+05,8.299509093841794e-03,5.552613168090446e+08,0.000000000000000e+00,6.771621739626425e-07,8.001108762476918e+10,8.001108762476918e+10,-4.545458977884151e+00,2.848006801398096e-05,1.000000000000000e+00,0.000000000000000e+00,2.474607001799704e+03,2.474607001799704e+03,-2.612191841713287e+03,7.439763658838866e-02,1.000000000000000e+03,1.000000000000000e+00,
3.141952184460286e-04,0.000000000000000e+00,7.770880083836930e-01,2.513998177208824e+07,2.513902079983703e+07,1.501195948339786e+03,3.141952184460286e-04,0.000000000000000e+00,-1.000000000000000e+03,1.675934719989136e+07,9.609722512016275e+02,2.981619541082997e+05,8.102378179574304e-03,4.710219473318935e+08,0.000000000000000e+00,7.404681256309687e-08,8.001049578991182e+10,8.001049578991182e+10,-3.502800428520444e+00,3.141952184460286e-04,1.000000000000000e+00,0.000000000000000e+00,2.427783514452766e+03,2.427783514452766e+03,-2.473246186338894e+03,7.770880083836930e-01,1.000000000000000e+03,1.000000000000000e+00,
7.506088104929310e-08,0.000000000000000e+00,-7.508431295628070e-08,2.969364547085475e+03,2.969364547047944e+03,7.422330407712012e+02,7.506088104929310e-08,0.000000000000000e+00,-1.000000000000000e+03,1.979576364698630e+03,3.753051697698307e-08,2.096542525330553e+05,4.769762379131188e-06,8.127049188859675e+08,0.000000000000000e+00,-3.096468181862377e-14,3.955941504467471e+10,3.955941504467471e+10,-7.124586342233080e+00,7.506088104929310e-08,1.000000000000000e+00,0.000000000000000e+00,-1.000126609801750e+00,1.000001002103443e+00,-9.695830389452751e-01,7.506095868304479e-08,1.000000000000000e+03,1.000000000000000e+00,
7.507635123797255e-08,0.000000000000000e+00,-7.672880622139900e-08,2.970718658195578e+03,2.970718658158030e+03,7.424185054044866e+02,7.507635123797255e-08,0.000000000000000e+00,-1.000000000000000e+03,1.980479105438687e+03,3.732832885800494e-08,2.096804444554308e+05,4.476747022494872e-06,8.127109125233868e+08,0.000000000000000e+00,-1.130147186649583e-09,3.956929990832430e+10,3.956929990832430e+10,-7.124496842546708e+00,7.507635123797255e-08,1.000000000000000e+00,0.000000000000000e+00,-1.000191887208756e+00,9.729938649193889e-01,-9.478155230950371e-01,7.508638254316641e-08,1.000000000000000e+03,1.000000000000000e+00,
7.913797823347742e-08,0.000000000000000e+00,-7.774130352723205e-08,3.382743690405825e+03,3.382743690368544e+03,8.020003608867008e+02,7.913797823347742e-08,0.000000000000000e+00,-1.000000000000000e+03,2.255162460245696e+03,3.544595684042301e-13,2.179319054800414e+05,5.658682110173208e-09,8.149532110722954e+08,0.000000000000000e+00,-2.970047822542438e-08,4.274488388354551e+10,4.274488388354551e+10,-7.101615049006309e+00,7.913797823347742e-08,1.000000000000000e+00,0.000000000000000e+00,-9.706495090348849e-01,1.913096818956025e-03,-8.661277982737351e-01,3.705610347495725e-10,1.000000000000000e+03,1.000000000000000e+00,
2.013087864426805e-07,0.000000000000000e+00,-2.665407569379595e-09,2.074496972852537e+04,2.074496972852537e+04,1.550470590609914e+03,2.013087864426805e-07,0.000000000000000e+00,-1.000000000000000e+03,1.382997981901691e+04,5.056445256725071e-13,3.030158184419908e+05,6.623728223326754e-09,7.276027219013577e+08,0.000000000000000e+00,-3.829497287912807e-04,8.263672760346260e+10,8.263672760346260e+10,-6.696137269223144e+00,2.013087864426805e-07,1.000000000000000e+00,0.000000000000000e+00,-1.274333513931982e-02,2.241332493488029e-03,-8.867895222498631e-03,4.511999242786222e-10,1.000000000000000e+03,1.000000000000000e+00,
2.580900278551062e-06,0.000000000000000e+00,6.858732619623677e-03,2.130299437309163e+05,2.130208302030635e+05,1.505083358029452e+03,2.580900278551062e-06,0.000000000000000e+00,-1.000000000000000e+03,1.420138868020424e+05,9.113527852749844e+00,2.985477559320837e+05,8.760280717236226e-03,6.407044750246634e+08,0.000000000000000e+00,-3.166280261707470e-06,8.021768631487471e+10,8.021768631487469e+10,-5.588228775507147e+00,2.580900278551062e-06,1.000000000000000e+00,0.000000000000000e+00,2.615362149465980e+03,2.615362149465980e+03,-1.834836346058039e+03,6.858732619623677e-03,1.000000000000000e+03,1.000000000000000e+00,
2.848006801398096e-05,0.000000000000000e+00,7.439763658838866e-02,2.284456422801891e+06,2.284359249432656e+06,1.501207052634056e+03,2.848006801398096e-05,0.000000000000000e+00,-1.000000000000000e+03,1.522906166288438e+06,9.717336923529804e+01,2.981630568530678e+05,8.299509093841794e-03,5.552613168090446e+08,0.000000000000000e+00,6.771621739626425e-07,8.001108762476918e+10,8.001108762476918e+10,-4.545458977884151e+00,2.848006801398096e-05,1.000000000000000e+00,0.000000000000000e+00,2.474607001799704e+03,2.474607001799704e+03,-2.208135783422641e+03,7.439763658838866e-02,1.000000000000000e+03,1.000000000000000e+00,
3.141952184460286e-04,0.000000000000000e+00,7.770880083836930e-01,2.513998177208824e+07,2.513902079983703e+07,1.501195948339786e+03,3.141952184460286e-04,0.000000000000000e+00,-1.000000000000000e+03,1.675934719989136e+07,9.609722512016275e+02,2.981619541082997e+05,8.102378179574304e-03,4.710219473318935e+08,0.000000000000000e+00,7.404681256309687e-08,8.001049578991182e+10,8.001049578991182e+10,-3.502800428520444e+00,3.141952184460286e-04,1.000000000000000e+00,0.000000000000000e+00,2.427783514452766e+03,2.427783514452766e+03,-2.300783483185627e+03,7.770880083836930e-01,1.000000000000000e+03,1.000000000000000e+00,
7.506088104929310e-08,0.000000000000000e+00,-7.508431295628070e-08,2.969364547085475e+03,2.969364547047944e+03,7.422330407712012e+02,7.506088104929310e-08,0.000000000000000e+00,-1.000000000000000e+03,1.979576364698630e+03,3.753051697698307e-08,2.096542525330553e+05,4.769762379131188e-06,8.127049188859675e+08,0.000000000000000e+00,-3.096468181862377e-14,3.955941504467471e+10,3.955941504467471e+10,-7.124586342233080e+00,7.506088104929310e-08,1.000000000000000e+00,0.000000000000000e+00,-1.000126609801750e+00,1.000001002103443e+00,-8.933768367778739e-01,7.506095868304479e-08,1.000000000000000e+03,1.000000000000000e+00,
7.507635123797255e-08,0.000000000000000e+00,-7.672880622139900e-08,2.970718658195578e+03,2.970718658158030e+03,7.424185054044866e+02,7.507635123797255e-08,0.000000000000000e+00,-1.000000000000000e+03,1.980479105438687e+03,3.732832885800494e-08,2.096804444554308e+05,4.476747022494872e-06,8.127109125233868e+08,0.000000000000000e+00,-1.130147186649583e-09,3.956929990832430e+10,3.956929990832430e+10,-7.124496842546708e+00,7.507635123797255e-08,1.000000000000000e+00,0.000000000000000e+00,-1.000191887208756e+00,9.729938649193889e-01,-8.304897222859677e-01,7.508638254316641e-08,1.000000000000000e+03,1.000000000000000e+00,
7.913797823347742e-08,0.000000000000000e+00,-7.774130352723205e-08,3.382743690405825e+03,3.382743690368544e+03,8.020003608867008e+02,7.913797823347742e-08,0.000000000000000e+00,-1.000000000000000e+03,2.255162460245696e+03,3.544595684042301e-13,2.179319054800414e+05,5.658682110173208e-09,8.149532110722954e+08,0.000000000000000e+00,-2.970047822542438e-08,4.274488388354551e+10,4.274488388354551e+10,-7.101615049006309e+00,7.913797823347742e-08,1.000000000000000e+00,0.000000000000000e+00,-9.706495090348849e-01,1.913096818956025e-03,-6.836665682315914e-01,3.705610347495725e-10,1.000000000000000e+03,1.000000000000000e+00,
2.013087864426805e-07,0.000000000000000e+00,-2.665407569379595e-09,2.074496972852537e+04,2.074496972852537e+04,1.550470590609914e+03,2.013087864426805e-07,0.000000000000000e+00,-1.000000000000000e+03,1.382997981901691e+04,5.056445256725071e-13,3.030158184419908e+05,6.623728223326754e-09,7.276027219013577e+08,0.000000000000000e+00,-3.829497287912807e-04,8.263672760346260e+10,8.263672760346260e+10,-6.696137269223144e+00,2.013087864426805e-07,1.000000000000000e+00,0.000000000000000e+00,-1.274333513931982e-02,2.241332493488029e-03,-5.573797737869381e-03,4.511999242786222e-10,1.000000000000000e+03,1.000000000000000e+00,
2.580900278551062e-06,0.000000000000000e+00,6.858732619623677e-03,2.130299437309163e+05,2.130208302030635e+05,1.505083358029452e+03,2.580900278551062e-06,0.000000000000000e+00,-1.000000000000000e+03,1.420138868020424e+05,9.113527852749844e+00,2.985477559320837e+05,8.760280717236226e-03,6.407044750246634e+08,0.000000000000000e+00,-3.166280261707470e-06,8.021768631487471e+10,8.021768631487469e+10,-5.588228775507147e+00,2.580900278551062e-06,1.000000000000000e+00,0.000000000000000e+00,2.615362149465980e+03,2.615362149465980e+03,-1.158664687980149e+03,6.858732619623677e-03,1.000000000000000e+03,1.000000000000000e+00,
2.848006801398096e-05,0.000000000000000e+00,7.439763658838866e-02,2.284456422801891e+06,2.284359249432656e+06,1.501207052634056e+03,2.848006801398096e-05,0.000000000000000e+00,-1.000000000000000e+03,1.522906166288438e+06,9.717336923529804e+01,2.981630568530678e+05,8.299509093841794e-03,5.552613168090446e+08,0.000000000000000e+00,6.771621739626425e-07,8.001108762476918e+10,8.001108762476918e+10,-4.545458977884151e+00,2.848006801398096e-05,1.000000000000000e+00,0.000000000000000e+00,2.474607001799704e+03,2.474607001799704e+03,-1.742962893294441e+03,7.439763658838866e-02,1.000000000000000e+03,1.000000000000000e+00,
3.141952184460286e-04,0.000000000000000e+00,7.770880083836930e-01,2.513998177208824e+07,2.513902079983703e+07,1.501195948339786e+03,3.141952184460286e-04,0.000000000000000e+00,-1.000000000000000e+03,1.675934719989136e+07,9.609722512016275e+02,2.981619541082997e+05,8.102378179574304e-03,4.710219473318935e+08,0.000000000000000e+00,7.404681256309687e-08,8.001049578991182e+10,8.001049578991182e+10,-3.502800428520444e+00,3.141952184460286e-04,1.000000000000000e+00,0.000000000000000e+00,2.427783514452766e+03,2.427783514452766e+03,-2.015979892111747e+03,7.770880083836930e-01,1.000000000000000e+03,1.000000000000000e+00,

64,28
2.348817209590923e-02,0.000000000000000e+00,5.676367852020559e+01,2.318464916873157e+09,2.318396326708158e+09,1.853993093304945e+03,2.348817209590923e-02,0.000000000000000e+00,-1.000000000000000e+03,1.545597551138772e+09,6.859016499854457e+04,3.313504694452411e+05,8.098873294574165e-03,4.697714675829807e+08,2.500000000000000e-07,6.039417533198719e-04,9.881382024142352e+10,9.881382024142352e+10,-1.629150779712341e+00,2.348817209590923e-02,1.000000000000000e+00,0.000000000000000e+00,2.427666415339775e+03,2.427666415339775e+03,-1.460846096106050e+03,5.676367852020559e+01,1.000000000000000e+03,1.000000000000000e+00,
2.348817209590923e-02,0.000000000000000e+00,5.676367852020559e+01,2.318464916873157e+09,2.318396326708158e+09,1.853993093304945e+03,2.348817209590923e-02,0.000000000000000e+00,-1.000000000000000e+03,1.545597551138772e+09,6.859016499854457e+04,3.313504694452411e+05,8.098873294574165e-03,4.697714675829807e+08,2.500000000000000e-07,6.039417533198719e-04,9.881382024142352e+10,9.881382024142352e+10,-1.629150779712341e+00,2.348817209590923e-02,1.000000000000000e+00,0.000000000000000e+00,2.427666415339775e+03,2.427666415339775e+03,-1.460846096106050e+03,5.676367852020559e+01,1.000000000000000e+03,1.000000000000000e+00,
2.348817209590923e-02,0.000000000000000e+00,5.676367852020559e+01,2.318464916873157e+09,2.318396326708158e+09,1.853993093304945e+03,2.348817209590923e-02,0.000000000000000e+00,-1.000000000000000e+03,1.545597551138772e+09,6.859016499854457e+04,3.313504694452411e+05,8.098873294574165e-03,4.697714675829807e+08,2.500000000000000e-07,6.039417533198719e-04,9.881382024142352e+10,9.881382024142352e+10,-1.629150779712341e+00,2.348817209590923e-02,1.000000000000000e+00,0.000000000000000e+00,2.427666415339775e+03,2.427666415339775e+03,-1.721083911812957e+03,5.676367852020559e+01,1.000000000000000e+03,1.000000000000000e+00,
2.348817209590923e-02,0.000000000000000e+00,5.676367852020559e+01,2.318464916873157e+09,2.318396326708158e+09,1.853993093304945e+03,2.348817209590923e-02,0.000000000000000e+00,-1.000000000000000e+03,1.545597551138772e+09,6.859016499854457e+04,3.313504694452411e+05,8.098873294574165e-03,4.697714675829807e+08,2.500000000000000e-07,6.039417533198719e-04,9.881382024142352e+10,9.881382024142352e+10,-1.629150779712341e+00,2.348817209590923e-02,1.000000000000000e+00,0.000000000000000e+00,2.427666415339775e+03,2.427666415339775e+03,-2.023975354361810e+03,5.676367852020559e+01,1.000000000000000e+03,1.000000000000000e+00,
2.348817209590923e-02,0.000000000000000e+00,5.676367852020559e+01,2.318464916873157e+09,2.318396326708158e+09,1.853993093304945e+03,2.348817209590923e-02,0.000000000000000e+00,-1.000000000000000e+03,1.545597551138772e+09,6.859016499854457e+04,3.313504694452411e+05,8.098873294574165e-03,4.697714675829807e+08,2.500000000000000e-07,6.039417533198719e-04,9.881382024142352e+10,9.881382024142352e+10,-1.629150779712341e+00,2.348817209590923e-02,1.000000000000000e+00,0.000000000000000e+00,2.427666415339775e+03,2.427666415339775e+03,-2.305470665270711e+03,5.676367852020559e+01,1.000000000000000e+03,1.000000000000000e+00,
2.348817209590923e-02,0.000000000000000e+00,5.676367852020559e+01,2.318464916873157e+09,2.318396326708158e+09,1.853993093304945e+03,2.348817209590923e-02,0.000000000000000e+00,-1.000000000000000e+03,1.545597551138772e+09,6.859016499854457e+04,3.313504694452411e+05,8.098873294574165e-03,4.697714675829807e+08,2.500000000000000e-07,6.039417533198719e-04,9.881382024142352e+10,9.881382024142352e+10,-1.629150779712341e+00,2.348817209590923e-02,1.000000000000000e+00,0.000000000000000e+00,2.427666415339775e+03,2.427666415339775e+03,-2.305470665270711e+03,5.676367852020559e+01,1.000000000000000e+03,1.000000000000000e+00,
2.348817209590923e-02,0.000000000000000e+00,5.676367852020559e+01,2.318464916873157e+09,2.318396326708158e+09,1.853993093304945e+03,2.348817209590923e-02,0.000000000000000e+00,-1.000000000000000e+03,1.545597551138772e+09,6.859016499854457e+04,3.313504694452411e+05,8.098873294574165e-03,4.697714675829807e+08,2.500000000000000e-07,6.039417533198719e-04,9.881382024142352e+10,9.881382024142352e+10,-1.629150779712341e+00,2.348817209590923e-02,1.000000000000000e+00,0.000000000000000e+00,2.427666415339775e+03,2.427666415339775e+03,-2.023975354361810e+03,5.676367852020559e+01,1.000000000000000e+03,1.000000000000000e+00,
2.348817209590923e-02,0.000000000000000e+00,5.676367852020559e+01,2.318464916873157e+09,2.318396326708158e+09,1.853993093304945e+03,2.348817209590923e-02,0.000000000000000e+00,-1.000000000000000e+03,1.545597551138772e+09,6.859016499854457e+04,3.313504694452411e+05,8.098873294574165e-03,4.697714675829807e+08,2.500000000000000e-07,6.039417533198719e-04,9.881382024142352e+10,9.881382024142352e+10,-1.629150779712341e+00,2.348817209590923e-02,1.000000000000000e+00,0.000000000000000e+00,2.427666415339775e+03,2.427666415339775e+03,-1.721083911812957e+03,5.676367852020559e+01,1.000000000000000e+03,1.000000000000000e+00,
7.507480774975511e-08,0.000000000000000e+00,-7.506095868304479e-08,2.970581767982226e+03,2.970581767944679e+03,7.423995578136727e+02,7.507480774975511e-08,0.000000000000000e+00,-1.000000000000000e+03,1.980387845296452e+03,3.754690968312930e-08,2.096777687647096e+05,4.769899756270351e-06,8.127102827729759e+08,0.000000000000000e+00,3.484198143999251e-12,3.956829004273232e+10,3.956829004273232e+10,-7.124505771261214e+00,7.507480774975511e-08,1.000000000000000e+00,0.000000000000000e+00,-1.000001002103443e+00,1.000126609801750e+00,-6.018252937507396e-01,7.508431295628070e-08,1.000000000000000e+03,1.000000000000000e+00,
7.885846867878851e-08,0.000000000000000e+00,-7.508638254316641e-08,3.352632462152351e+03,3.352632462115023e+03,7.976787605097529e+02,7.885846867878851e-08,0.000000000000000e+00,-1.000000000000000e+03,2.235088308076682e+03,3.764844749113524e-08,2.173439464035525e+05,4.769799192821342e-06,8.147909558685346e+08,0.000000000000000e+00,3.507407394576223e-12,4.251455193444328e+10,4.251455193444328e+10,-7.103151660572576e+00,7.885846867878851e-08,1.000000000000000e+00,0.000000000000000e+00,-9.729938649193889e-01,1.000191887208756e+00,-4.371761772720787e-01,7.672880622139900e-08,1.000000000000000e+03,1.000000000000000e+00,
1.936969582918377e-07,0.000000000000000e+00,3.705610347495725e-10,1.992547187904836e+04,1.992547187904836e+04,1.931720775487794e+03,1.936969582918377e-07,0.000000000000000e+00,-1.000000000000000e+03,1.328364791936557e+04,3.728033735950101e-08,3.382250032091159e+05,4.453911908386351e-06,8.448469071652046e+08,0.000000000000000e+00,9.112680302398813e-09,1.029565375162258e+11,1.029565375162258e+11,-6.712877199143783e+00,1.936969582918377e-07,1.000000000000000e+00,0.000000000000000e+00,1.913096818956025e-03,9.706495090348849e-01,6.078005787698398e-04,7.774130352723205e-08,1.000000000000000e+03,1.000000000000000e+00,
2.485846898479787e-06,0.000000000000000e+00,6.589771808827897e-03,2.054309874800009e+05,2.054222530135865e+05,1.982135439810876e+03,2.485846898479787e-06,0.000000000000000e+00,-1.000000000000000e+03,1.369481686757243e+05,8.734466414439964e+00,3.426101283422813e+05,8.748441621265292e-03,8.286794391407090e+08,0.000000000000000e+00,3.664107989568961e-09,1.056435300384430e+11,1.056435300384430e+11,-5.604525622755085e+00,2.485846898479787e-06,1.000000000000000e+00,0.000000000000000e+00,2.650916197959679e+03,2.650916197959679e+03,3.717977343498547e+02,6.589771808827897e-03,1.000000000000000e+03,1.000000000000000e+00,
2.743141899211982e-05,0.000000000000000e+00,7.174309493813238e-02,2.200578780969257e+06,2.200484963881764e+06,1.548607187041544e+03,2.743141899211982e-05,0.000000000000000e+00,-1.000000000000000e+03,1.466989975921176e+06,9.381708749336788e+01,3.028336768027082e+05,9.136398331197932e-03,7.262052985374303e+08,0.000000000000000e+00,2.398229909454699e-06,8.253741222526239e+10,8.253741222526239e+10,-4.561751726317889e+00,2.743141899211982e-05,1.000000000000000e+00,0.000000000000000e+00,2.737349810906434e+03,2.737349810906434e+03,-5.200569641674101e+00,7.174309493813238e-02,1.000000000000000e+03,1.000000000000000e+00,
3.026297630532282e-04,0.000000000000000e+00,7.488897306045039e-01,2.421466309340044e+07,2.421373648951498e+07,1.504921352280111e+03,3.026297630532282e-04,0.000000000000000e+00,-1.000000000000000e+03,1.614249099300999e+07,9.266038854648998e+02,2.985316878006225e+05,8.750395465232798e-03,6.393657432810972e+08,0.000000000000000e+00,1.537074006232388e-06,8.020905175897952e+10,8.020905175897951e+10,-3.519088362188111e+00,3.026297630532282e-04,1.000000000000000e+00,0.000000000000000e+00,2.612270327158861e+03,2.612270327158861e+03,-6.393982043439564e+02,7.488897306045039e-01,1.000000000000000e+03,1.000000000000000e+00,
3.288306388915233e-03,0.000000000000000e+00,7.983296041478109e+00,2.657207813146466e+08,2.657110904573864e+08,1.516099929304119e+03,3.288306388915233e-03,0.000000000000000e+00,-1.000000000000000e+03,1.771407269715909e+08,9.690857260248291e+03,2.996383852549723e+05,8.295021147026471e-03,5.539285458627247e+08,0.000000000000000e+00,6.649880798945560e-07,8.080484572638646e+10,8.080484572638646e+10,-2.483027723730553e+00,3.288306388915233e-03,1.000000000000000e+00,0.000000000000000e+00,2.473264909081290e+03,2.473264909081290e+03,-1.111263428596144e+03,7.983296041478109e+00,1.000000000000000e+03,1.000000000000000e+00,
7.507480774975511e-08,0.000000000000000e+00,-7.506095868304479e-08,2.970581767982226e+03,2.970581767944679e+03,7.423995578136727e+02,7.507480774975511e-08,0.000000000000000e+00,-1.000000000000000e+03,1.980387845296452e+03,3.754690968312930e-08,2.096777687647096e+05,4.769899756270351e-06,8.127102827729759e+08,0.000000000000000e+00,3.484198143999251e-12,3.956829004273232e+10,3.956829004273232e+10,-7.124505771261214e+00,7.507480774975511e-08,1.000000000000000e+00,0.000000000000000e+00,-1.000001002103443e+00,1.000126609801750e+00,-6.018252937507396e-01,7.508431295628070e-08,1.000000000000000e+03,1.000000000000000e+00,
7.885846867878851e-08,0.000000000000000e+00,-7.508638254316641e-08,3.352632462152351e+03,3.352632462115023e+03,7.976787605097529e+02,7.885846867878851e-08,0.000000000000000e+00,-1.000000000000000e+03,2.235088308076682e+03,3.764844749113524e-08,2.173439464035525e+05,4.769799192821342e-06,8.147909558685346e+08,0.000000000000000e+00,3.507407394576223e-12,4.251455193444328e+10,4.251455193444328e+10,-7.103151660572576e+00,7.885846867878851e-08,1.000000000000000e+00,0.000000000000000e+00,-9.729938649193889e-01,1.000191887208756e+00,-4.371761772720787e-01,7.672880622139900e-08,1.000000000000000e+03,1.000000000000000e+00,
1.936969582918377e-07,0.000000000000000e+00,3.705610347495725e-10,1.992547187904836e+04,1.992547187904836e+04,1.931720775487794e+03,1.936969582918377e-07,0.000000000000000e+00,-1.000000000000000e+03,1.328364791936557e+04,3.728033735950101e-08,3.382250032091159e+05,4.453911908386351e-06,8.448469071652046e+08,0.000000000000000e+00,9.112680302398813e-09,1.029565375162258e+11,1.029565375162258e+11,-6.712877199143783e+00,1.936969582918377e-07,1.000000000000000e+00,0.000000000000000e+00,1.913096818956025e-03,9.706495090348849e-01,6.078005787698398e-04,7.774130352723205e-08,1.000000000000000e+03,1.000000000000000e+00,
2.485846898479787e-06,0.000000000000000e+00,6.589771808827897e-03,2.054309874800009e+05,2.054222530135865e+05,1.982135439810876e+03,2.485846898479787e-06,0.000000000000000e+00,-1.000000000000000e+03,1.369481686757243e+05,8.734466414439964e+00,3.426101283422813e+05,8.748441621265292e-03,8.286794391407090e+08,0.000000000000000e+00,3.664107989568961e-09,1.056435300384430e+11,1.056435300384430e+11,-5.604525622755085e+00,2.485846898479787e-06,1.000000000000000e+00,0.000000000000000e+00,2.650916197959679e+03,2.650916197959679e+03,3.717977343498547e+02,6.589771808827897e-03,1.000000000000000e+03,1.000000000000000e+00,
2.743141899211982e-05,0.000000000000000e+00,7.174309493813238e-02,2.200578780969257e+06,2.200484963881764e+06,1.548607187041544e+03,2.743141899211982e-05,0.000000000000000e+00,-1.000000000000000e+03,1.466989975921176e+06,9.381708749336788e+01,3.028336768027082e+05,9.136398331197932e-03,7.262052985374303e+08,0.000000000000000e+00,2.398229909454699e-06,8.253741222526239e+10,8.253741222526239e+10,-4.561751726317889e+00,2.743141899211982e-05,1.000000000000000e+00,0.000000000000000e+00,2.737349810906434e+03,2.737349810906434e+03,-5.200569641674101e+00,7.174309493813238e-02,1.000000000000000e+03,1.000000000000000e+00,
3.026297630532282e-04,0.000000000000000e+00,7.488897306045039e-01,2.421466309340044e+07,2.421373648951498e+07,1.504921352280111e+03,3.026297630532282e-04,0.000000000000000e+00,-1.000000000000000e+03,1.614249099300999e+07,9.266038854648998e+02,2.985316878006225e+05,8.750395465232798e-03,6.393657432810972e+08,0.000000000000000e+00,1.537074006232388e-06,8.020905175897952e+10,8.020905175897951e+10,-3.519088362188111e+00,3.026297630532282e-04,1.000000000000000e+00,0.000000000000000e+00,2.612270327158861e+03,2.612270327158861e+03,-6.393982043439564e+02,7.488897306045039e-01,1.000000000000000e+03,1.000000000000000e+00,
3.288306388915233e-03,0.000000000000000e+00,7.983296041478109e+00,2.657207813146466e+08,2.657110904573864e+08,1.516099929304119e+03,3.288306388915233e-03,0.000000000000000e+00,-1.000000000000000e+03,1.771407269715909e+08,9.690857260248291e+03,2.996383852549723e+05,8.295021147026471e-03,5.539285458627247e+08,0.000000000000000e+00,6.649880798945560e-07,8.080484572638646e+10,8.080484572638646e+10,-2.483027723730553e+00,3.288306388915233e-03,1.000000000000000e+00,0.000000000000000e+00,2.473264909081290e+03,2.473264909081290e+03,-1.111263428596144e+03,7.983296041478109e+00,1.000000000000000e+03,1.000000000000000e+00,
7.507480774975511e-08,0.000000000000000e+00,-7.506095868304479e-08,2.970581767982226e+03,2.970581767944679e+03,7.423995578136727e+02,7.507480774975511e-08,0.000000000000000e+00,-1.000000000000000e+03,1.980387845296452e+03,3.754690968312930e-08,2.096777687647096e+05,4.769899756270351e-06,8.127102827729759e+08,0.000000000000000e+00,3.484198143999251e-12,3.956829004273232e+10,3.956829004273232e+10,-7.124505771261214e+00,7.507480774975511e-08,1.000000000000000e+00,0.000000000000000e+00,-1.000001002103443e+00,1.000126609801750e+00,-7.090355606640931e-01,7.508431295628070e-08,1.000000000000000e+03,1.000000000000000e+00,
7.885846867878851e-08,0.000000000000000e+00,-7.508638254316641e-08,3.352632462152351e+03,3.352632462115023e+03,7.976787605097529e+02,7.885846867878851e-08,0.000000000000000e+00,-1.000000000000000e+03,2.235088308076682e+03,3.764844749113524e-08,2.173439464035525e+05,4.769799192821342e-06,8.147909558685346e+08,0.000000000000000e+00,3.507407394576223e-12,4.251455193444328e+10,4.251455193444328e+10,-7.103151660572576e+00,7.885846867878851e-08,1.000000000000000e+00,0.000000000000000e+00,-9.729938649193889e-01,1.000191887208756e+00,-5.421515318532367e-01,7.672880622139900e-08,1.000000000000000e+03,1.000000000000000e+00,
1.936969582918377e-07,0.000000000000000e+00,3.705610347495725e-10,1.992547187904836e+04,1.992547187904836e+04,1.931720775487794e+03,1.936969582918377e-07,0.000000000000000e+00,-1.000000000000000e+03,1.328364791936557e+04,3.728033735950101e-08,3.382250032091159e+05,4.453911908386351e-06,8.448469071652046e+08,0.000000000000000e+00,9.112680302398813e-09,1.029565375162258e+11,1.029565375162258e+11,-6.712877199143783e+00,1.936969582918377e-07,1.000000000000000e+00,0.000000000000000e+00,1.913096818956025e-03,9.706495090348849e-01,8.582230289600887e-04,7.774130352723205e-08,1.000000000000000e+03,1.000000000000000e+00,
2.485846898479787e-06,0.000000000000000e+00,6.589771808827897e-03,2.054309874800009e+05,2.054222530135865e+05,1.982135439810876e+03,2.485846898479787e-06,0.000000000000000e+00,-1.000000000000000e+03,1.369481686757243e+05,8.734466414439964e+00,3.426101283422813e+05,8.748441621265292e-03,8.286794391407090e+08,0.000000000000000e+00,3.664107989568961e-09,1.056435300384430e+11,1.056435300384430e+11,-5.604525622755085e+00,2.485846898479787e-06,1.000000000000000e+00,0.000000000000000e+00,2.650916197959679e+03,2.650916197959679e+03,5.428431465923512e+02,6.589771808827897e-03,1.000000000000000e+03,1.000000000000000e+00,
2.743141899211982e-05,0.000000000000000e+00,7.174309493813238e-02,2.200578780969257e+06,2.200484963881764e+06,1.548607187041544e+03,2.743141899211982e-05,0.000000000000000e+00,-1.000000000000000e+03,1.466989975921176e+06,9.381708749336788e+01,3.028336768027082e+05,9.136398331197932e-03,7.262052985374303e+08,0.000000000000000e+00,2.398229909454699e-06,8.253741222526239e+10,8.253741222526239e+10,-4.561751726317889e+00,2.743141899211982e-05,1.000000000000000e+00,0.000000000000000e+00,2.737349810906434e+03,2.737349810906434e+03,-6.938608661332069e+00,7.174309493813238e-02,1.000000000000000e+03,1.000000000000000e+00,
3.026297630532282e-04,0.000000000000000e+00,7.488897306045039e-01,2.421466309340044e+07,2.421373648951498e+07,1.504921352280111e+03,3.026297630532282e-04,0.000000000000000e+00,-1.000000000000000e+03,1.614249099300999e+07,9.266038854648998e+02,2.985316878006225e+05,8.750395465232798e-03,6.393657432810972e+08,0.000000000000000e+00,1.537074006232388e-06,8.020905175897952e+10,8.020905175897951e+10,-3.519088362188111e+00,3.026297630532282e-04,1.000000000000000e+00,0.000000000000000e+00,2.612270327158861e+03,2.612270327158861e+03,-8.338248740846931e+02,7.488897306045039e-01,1.000000000000000e+03,1.000000000000000e+00,
3.288306388915233e-03,0.000000000000000e+00,7.983296041478109e+00,2.657207813146466e+08,2.657110904573864e+08,1.516099929304119e+03,3.288306388915233e-03,0.000000000000000e+00,-1.000000000000000e+03,1.771407269715909e+08,9.690857260248291e+03,2.996383852549723e+05,8.295021147026471e-03,5.539285458627247e+08,0.000000000000000e+00,6.649880798945560e-07,8.080484572638646e+10,8.080484572638646e+10,-2.483027723730553e+00,3.288306388915233e-03,1.000000000000000e+00,0.000000000000000e+00,2.473264909081290e+03,2.473264909081290e+03,-1.378101555911011e+03,7.983296041478109e+00,1.000000000000000e+03,1.000000000000000e+00,
7.507480774975511e-08,0.000000000000000e+00,-7.506095868304479e-08,2.970581767982226e+03,2.970581767944679e+03,7.423995578136727e+02,7.507480774975511e-08,0.000000000000000e+00,-1.000000000000000e+03,1.980387845296452e+03,3.754690968312930e-08,2.096777687647096e+05,4.769899756270351e-06,8.127102827729759e+08,0.000000000000000e+00,3.484198143999251e-12,3.956829004273232e+10,3.956829004273232e+10,-7.124505771261214e+00,7.507480774975511e-08,1.000000000000000e+00,0.000000000000000e+00,-1.000001002103443e+00,1.000126609801750e+00,-8.338178576305187e-01,7.508431295628070e-08,1.000000000000000e+03,1.000000000000000e+00,
7.885846867878851e-08,0.000000000000000e+00,-7.508638254316641e-08,3.352632462152351e+03,3.352632462115023e+03,7.976787605097529e+02,7.885846867878851e-08,0.000000000000000e+00,-1.000000000000000e+03,2.235088308076682e+03,3.764844749113524e-08,2.173439464035525e+05,4.769799192821342e-06,8.147909558685346e+08,0.000000000000000e+00,3.507407394576223e-12,4.251455193444328e+10,4.251455193444328e+10,-7.103151660572576e+00,7.885846867878851e-08,1.000000000000000e+00,0.000000000000000e+00,-9.729938649193889e-01,1.000191887208756e+00,-6.906928316391522e-01,7.672880622139900e-08,1.000000000000000e+03,1.000000000000000e+00,
1.936969582918377e-07,0.000000000000000e+00,3.705610347495725e-10,1.992547187904836e+04,1.992547187904836e+04,1.931720775487794e+03,1.936969582918377e-07,0.000000000000000e+00,-1.000000000000000e+03,1.328364791936557e+04,3.728033735950101e-08,3.382250032091159e+05,4.453911908386351e-06,8.448469071652046e+08,0.000000000000000e+00,9.112680302398813e-09,1.029565375162258e+11,1.029565375162258e+11,-6.712877199143783e+00,1.936969582918377e-07,1.000000000000000e+00,0.000000000000000e+00,1.913096818956025e-03,9.706495090348849e-01,1.352763733750218e-03,7.774130352723205e-08,1.000000000000000e+03,1.000000000000000e+00,
2.485846898479787e-06,0.000000000000000e+00,6.589771808827897e-03,2.054309874800009e+05,2.054222530135865e+05,1.982135439810876e+03,2.485846898479787e-06,0.000000000000000e+00,-1.000000000000000e+03,1.369481686757243e+05,8.734466414439964e+00,3.426101283422813e+05,8.748441621265292e-03,8.286794391407090e+08,0.000000000000000e+00,3.664107989568961e-09,1.056435300384430e+11,1.056435300384430e+11,-5.604525622755085e+00,2.485846898479787e-06,1.000000000000000e+00,0.000000000000000e+00,2.650916197959679e+03,2.650916197959679e+03,9.666438282306390e+02,6.589771808827897e-03,1.000000000000000e+03,1.000000000000000e+00,
2.743141899211982e-05,0.000000000000000e+00,7.174309493813238e-02,2.200578780969257e+06,2.200484963881764e+06,1.548607187041544e+03,2.743141899211982e-05,0.000000000000000e+00,-1.000000000000000e+03,1.466989975921176e+06,9.381708749336788e+01,3.028336768027082e+05,9.136398331197932e-03,7.262052985374303e+08,0.000000000000000e+00,2.398229909454699e-06,8.253741222526239e+10,8.253741222526239e+10,-4.561751726317889e+00,2.743141899211982e-05,1.000000000000000e+00,0.000000000000000e+00,2.737349810906434e+03,2.737349810906434e+03,-1.042147349540158e+01,7.174309493813238e-02,1.000000000000000e+03,1.000000000000000e+00,
3.026297630532282e-04,0.000000000000000e+00,7.488897306045039e-01,2.421466309340044e+07,2.421373648951498e+07,1.504921352280111e+03,3.026297630532282e-04,0.000000000000000e+00,-1.000000000000000e+03,1.614249099300999e+07,9.266038854648998e+02,2.985316878006225e+05,8.750395465232798e-03,6.393657432810972e+08,0.000000000000000e+00,1.537074006232388e-06,8.020905175897952e+10,8.020905175897951e+10,-3.519088362188111e+00,3.026297630532282e-04,1.000000000000000e+00,0.000000000000000e+00,2.612270327158861e+03,2.612270327158861e+03,-1.179199225862274e+03,7.488897306045039e-01,1.000000000000000e+03,1.000000000000000e+00,
3.288306388915233e-03,0.000000000000000e+00,7.983296041478109e+00,2.657207813146466e+08,2.657110904573864e+08,1.516099929304119e+03,3.288306388915233e-03,0.000000000000000e+00,-1.000000000000000e+03,1.771407269715909e+08,9.690857260248291e+03,2.996383852549723e+05,8.295021147026471e-03,5.539285458627247e+08,0.000000000000000e+00,6.649880798945560e-07,8.080484572638646e+10,8.080484572638646e+10,-2.483027723730553e+00,3.288306388915233e-03,1.000000000000000e+00,0.000000000000000e+00,2.473264909081290e+03,2.473264909081290e+03,-1.755680487860665e+03,7.983296041478109e+00,1.000000000000000e+03,1.000000000000000e+00,
7.507480774975511e-08,0.000000000000000e+00,-7.506095868304479e-08,2.970581767982226e+03,2.970581767944679e+03,7.423995578136727e+02,7.507480774975511e-08,0.000000000000000e+00,-1.000000000000000e+03,1.980387845296452e+03,3.754690968312930e-08,2.096777687647096e+05,4.769899756270351e-06,8.127102827729759e+08,0.000000000000000e+00,3.484198143999251e-12,3.956829004273232e+10,3.956829004273232e+10,-7.124505771261214e+00,7.507480774975511e-08,1.000000000000000e+00,0.000000000000000e+00,-1.000001002103443e+00,1.000126609801750e+00,-9.497855825187035e-01,7.508431295628070e-08,1.000000000000000e+03,1.000000000000000e+00,
7.885846867878851e-08,0.000000000000000e+00,-7.508638254316641e-08,3.352632462152351e+03,3.352632462115023e+03,7.976787605097529e+02,7.885846867878851e-08,0.000000000000000e+00,-1.000000000000000e+03,2.235088308076682e+03,3.764844749113524e-08,2.173439464035525e+05,4.769799192821342e-06,8.147909558685346e+08,0.000000000000000e+00,3.507407394576223e-12,4.251455193444328e+10,4.251455193444328e+10,-7.103151660572576e+00,7.885846867878851e-08,1.000000000000000e+00,0.000000000000000e+00,-9.729938649193889e-01,1.000191887208756e+00,-8.722991343630412e-01,7.672880622139900e-08,1.000000000000000e+03,1.000000000000000e+00,
1.936969582918377e-07,0.000000000000000e+00,3.705610347495725e-10,1.992547187904836e+04,1.992547187904836e+04,1.931720775487794e+03,1.936969582918377e-07,0.000000000000000e+00,-1.000000000000000e+03,1.328364791936557e+04,3.728033735950101e-08,3.382250032091159e+05,4.453911908386351e-06,8.448469071652046e+08,0.000000000000000e+00,9.112680302398813e-09,1.029565375162258e+11,1.029565375162258e+11,-6.712877199143783e+00,1.936969582918377e-07,1.000000000000000e+00,0.000000000000000e+00,1.913096818956025e-03,9.706495090348849e-01,1.913039340120584e-03,7.774130352723205e-08,1.000000000000000e+03,1.000000000000000e+00,
2.485846898479787e-06,0.000000000000000e+00,6.589771808827897e-03,2.054309874800009e+05,2.054222530135865e+05,1.982135439810876e+03,2.485846898479787e-06,0.000000000000000e+00,-1.000000000000000e+03,1.369481686757243e+05,8.734466414439964e+00,3.426101283422813e+05,8.748441621265292e-03,8.286794391407090e+08,0.000000000000000e+00,3.664107989568961e-09,1.056435300384430e+11,1.056435300384430e+11,-5.604525622755085e+00,2.485846898479787e-06,1.000000000000000e+00,0.000000000000000e+00,2.650916197959679e+03,2.650916197959679e+03,2.603307473517716e+03,6.589771808827897e-03,1.000000000000000e+03,1.000000000000000e+00,
2.743141899211982e-05,0.000000000000000e+00,7.174309493813238e-02,2.200578780969257e+06,2.200484963881764e+06,1.548607187041544e+03,2.743141899211982e-05,0.000000000000000e+00,-1.000000000000000e+03,1.466989975921176e+06,9.381708749336788e+01,3.028336768027082e+05,9.136398331197932e-03,7.262052985374303e+08,0.000000000000000e+00,2.398229909454699e-06,8.253741222526239e+10,8.253741222526239e+10,-4.561751726317889e+00,2.743141899211982e-05,1.000000000000000e+00,0.000000000000000e+00,2.737349810906434e+03,2.737349810906434e+03,-2.092451808499990e+01,7.174309493813238e-02,1.000000000000000e+03,1.000000000000000e+00,
3.026297630532282e-04,0.000000000000000e+00,7.488897306045039e-01,2.421466309340044e+07,2.421373648951498e+07,1.504921352280111e+03,3.026297630532282e-04,0.000000000000000e+00,-1.000000000000000e+03,1.614249099300999e+07,9.266038854648998e+02,2.985316878006225e+05,8.750395465232798e-03,6.393657432810972e+08,0.000000000000000e+00,1.537074006232388e-06,8.020905175897952e+10,8.020905175897951e+10,-3.519088362188111e+00,3.026297630532282e-04,1.000000000000000e+00,0.000000000000000e+00,2.612270327158861e+03,2.612270327158861e+03,-1.861528145276910e+03,7.488897306045039e-01,1.000000000000000e+03,1.000000000000000e+00,
3.288306388915233e-03,0.000000000000000e+00,7.983296041478109e+00,2.657207813146466e+08,2.657110904573864e+08,1.516099929304119e+03,3.288306388915233e-03,0.000000000000000e+00,-1.000000000000000e+03,1.771407269715909e+08,9.690857260248291e+03,2.996383852549723e+05,8.295021147026471e-03,5.539285458627247e+08,0.000000000000000e+00,6.649880798945560e-07,8.080484572638646e+10,8.080484572638646e+10,-2.483027723730553e+00,3.288306388915233e-03,1.000000000000000e+00,0.000000000000000e+00,2.473264909081290e+03,2.473264909081290e+03,-2.217307751905337e+03,7.983296041478109e+00,1.000000000000000e+03,1.000000000000000e+00,
7.507480774975511e-08,0.000000000000000e+00,-7.506095868304479e-08,2.970581767982226e+03,2.970581767944679e+03,7.423995578136727e+02,7.507480774975511e-08,0.000000000000000e+00,-1.000000000000000e+03,1.980387845296452e+03,3.754690968312930e-08,2.096777687647096e+05,4.769899756270351e-06,8.127102827729759e+08,0.000000000000000e+00,3.484198143999251e-12,3.956829004273232e+10,3.956829004273232e+10,-7.124505771261214e+00,7.507480774975511e-08,1.000000000000000e+00,0.000000000000000e+00,-1.000001002103443e+00,1.000126609801750e+00,-9.497855825187035e-01,7.508431295628070e-08,1.000000000000000e+03,1.000000000000000e+00,
7.885846867878851e-08,0.000000000000000e+00,-7.508638254316641e-08,3.352632462152351e+03,3.352632462115023e+03,7.976787605097529e+02,7.885846867878851e-08,0.000000000000000e+00,-1.000000000000000e+03,2.235088308076682e+03,3.764844749113524e-08,2.173439464035525e+05,4.769799192821342e-06,8.147909558685346e+08,0.000000000000000e+00,3.507407394576223e-12,4.251455193444328e+10,4.251455193444328e+10,-7.103151660572576e+00,7.885846867878851e-08,1.000000000000000e+00,0.000000000000000e+00,-9.729938649193889e-01,1.000191887208756e+00,-8.722991343630412e-01,7.672880622139900e-08,1.000000000000000e+03,1.000000000000000e+00,
1.936969582918377e-07,0.000000000000000e+00,3.705610347495725e-10,1.992547187904836e+04,1.992547187904836e+04,1.931720775487794e+03,1.936969582918377e-07,0.000000000000000e+00,-1.000000000000000e+03,1.328364791936557e+04,3.728033735950101e-08,3.382250032091159e+05,4.453911908386351e-06,8.448469071652046e+08,0.000000000000000e+00,9.112680302398813e-09,1.029565375162258e+11,1.029565375162258e+11,-6.712877199143783e+00,1.936969582918377e-07,1.000000000000000e+00,0.000000000000000e+00,1.913096818956025e-03,9.706495090348849e-01,1.913039340120584e-03,7.774130352723205e-08,1.000000000000000e+03,1.000000000000000e+00,
2.485846898479787e-06,0.000000000000000e+00,6.589771808827897e-03,2.054309874800009e+05,2.054222530135865e+05,1.982135439810876e+03,2.485846898479787e-06,0.000000000000000e+00,-1.000000000000000e+03,1.369481686757243e+05,8.734466414439964e+00,3.426101283422813e+05,8.748441621265292e-03,8.286794391407090e+08,0.000000000000000e+00,3.664107989568961e-09,1.056435300384430e+11,1.056435300384430e+11,-5.604525622755085e+00,2.485846898479787e-06,1.000000000000000e+00,0.000000000000000e+00,2.650916197959679e+03,2.650916197959679e+03,2.603307473517716e+03,6.589771808827897e-03,1.000000000000000e+03,1.000000000000000e+00,
2.743141899211982e-05,0.000000000000000e+00,7.174309493813238e-02,2.200578780969257e+06,2.200484963881764e+06,1.548607187041544e+03,2.743141899211982e-05,0.000000000000000e+00,-1.000000000000000e+03,1.466989975921176e+06,9.381708749336788e+01,3.028336768027082e+05,9.136398331197932e-03,7.262052985374303e+08,0.000000000000000e+00,2.398229909454699e-06,8.253741222526239e+10,8.253741222526239e+10,-4.561751726317889e+00,2.743141899211982e-05,1.000000000000000e+00,0.000000000000000e+00,2.737349810906434e+03,2.737349810906434e+03,-2.092451808499990e+01,7.174309493813238e-02,1.000000000000000e+03,1.000000000000000e+00,
3.026297630532282e-04,0.000000000000000e+00,7.488897306045039e-01,2.421466309340044e+07,2.421373648951498e+07,1.504921352280111e+03,3.026297630532282e-04,0.000000000000000e+00,-1.000000000000000e+03,1.614249099300999e+07,9.266038854648998e+02,2.985316878006225e+05,8.750395465232798e-03,6.393657432810972e+08,0.000000000000000e+00,1.537074006232388e-06,8.020905175897952e+10,8.020905175897951e+10,-3.519088362188111e+00,3.026297630532282e-04,1.000000000000000e+00,0.000000000000000e+00,2.612270327158861e+03,2.612270327158861e+03,-1.861528145276910e+03,7.488897306045039e-01,1.000000000000000e+03,1.000000000000000e+00,
3.288306388915233e-03,0.000000000000000e+00,7.983296041478109e+00,2.657207813146466e+08,2.657110904573864e+08,1.516099929304119e+03,3.288306388915233e-03,0.000000000000000e+00,-1.000000000000000e+03,1.771407269715909e+08,9.690857260248291e+03,2.996383852549723e+05,8.295021147026471e-03,5.539285458627247e+08,0.000000000000000e+00,6.649880798945560e-07,8.080484572638646e+10,8.080484572638646e+10,-2.483027723730553e+00,3.288306388915233e-03,1.000000000000000e+00,0.000000000000000e+00,2.473264909081290e+03,2.473264909081290e+03,-2.217307751905337e+03,7.983296041478109e+00,1.000000000000000e+03,1.000000000000000e+00,
7.507480774975511e-08,0.000000000000000e+00,-7.506095868304479e-08,2.970581767982226e+03,2.970581767944679e+03,7.423995578136727e+02,7.507480774975511e-08,0.000000000000000e+00,-1.000000000000000e+03,1.980387845296452e+03,3.754690968312930e-08,2.096777687647096e+05,4.769899756270351e-06,8.127102827729759e+08,0.000000000000000e+00,3.484198143999251e-12,3.956829004273232e+10,3.956829004273232e+10,-7.124505771261214e+00,7.507480774975511e-08,1.000000000000000e+00,0.000000000000000e+00,-1.000001002103443e+00,1.000126609801750e+00,-8.338178576305187e-01,7.508431295628070e-08,1.000000000000000e+03,1.000000000000000e+00,
7.885846867878851e-08,0.000000000000000e+00,-7.508638254316641e-08,3.352632462152351e+03,3.352632462115023e+03,7.976787605097529e+02,7.885846867878851e-08,0.000000000000000e+00,-1.000000000000000e+03,2.235088308076682e+03,3.764844749113524e-08,2.173439464035525e+05,4.769799192821342e-06,8.147909558685346e+08,0.000000000000000e+00,3.507407394576223e-12,4.251455193444328e+10,4.251455193444328e+10,-7.103151660572576e+00,7.885846867878851e-08,1.000000000000000e+00,0.000000000000000e+00,-9.729938649193889e-01,1.000191887208756e+00,-6.906928316391522e-01,7.672880622139900e-08,1.000000000000000e+03,1.000000000000000e+00,
1.936969582918377e-07,0.000000000000000e+00,3.705610347495725e-10,1.992547187904836e+04,1.992547187904836e+04,1.931720775487794e+03,1.936969582918377e-07,0.000000000000000e+00,-1.000000000000000e+03,1.328364791936557e+04,3.728033735950101e-08,3.382250032091159e+05,4.453911908386351e-06,8.448469071652046e+08,0.000000000000000e+00,9.112680302398813e-09,1.029565375162258e+11,1.029565375162258e+11,-6.712877199143783e+00,1.936969582918377e-07,1.000000000000000e+00,0.000000000000000e+00,1.913096818956025e-03,9.706495090348849e-01,1.352763733750218e-03,7.774130352723205e-08,1.000000000000000e+03,1.000000000000000e+00,
2.485846898479787e-06,0.000000000000000e+00,6.589771808827897e-03,2.054309874800009e+05,2.054222530135865e+05,1.982135439810876e+03,2.485846898479787e-06,0.000000000000000e+00,-1.000000000000000e+03,1.369481686757243e+05,8.734466414439964e+00,3.426101283422813e+05,8.748441621265292e-03,8.286794391407090e+08,0.000000000000000e+00,3.664107989568961e-09,1.056435300384430e+11,1.056435300384430e+11,-5.604525622755085e+00,2.485846898479787e-06,1.000000000000000e+00,0.000000000000000e+00,2.650916197959679e+03,2.650916197959679e+03,9.666438282306390e+02,6.589771808827897e-03,1.000000000000000e+03,1.000000000000000e+00,
2.743141899211982e-05,0.000000000000000e+00,7.174309493813238e-02,2.200578780969257e+06,2.200484963881764e+06,1.548607187041544e+03,2.743141899211982e-05,0.000000000000000e+00,-1.000000000000000e+03,1.466989975921176e+06,9.381708749336788e+01,3.028336768027082e+05,9.136398331197932e-03,7.262052985374303e+08,0.000000000000000e+00,2.398229909454699e-06,8.253741222526239e+10,8.253741222526239e+10,-4.561751726317889e+00,2.743141899211982e-05,1.000000000000000e+00,0.000000000000000e+00,2.737349810906434e+03,2.737349810906434e+03,-1.042147349540158e+01,7.174309493813238e-02,1.000000000000000e+03,1.000000000000000e+00,
3.026297630532282e-04,0.000000000000000e+00,7.488897306045039e-01,2.421466309340044e+07,2.421373648951498e+07,1.504921352280111e+03,3.026297630532282e-04,0.000000000000000e+00,-1.000000000000000e+03,1.614249099300999e+07,9.266038854648998e+02,2.985316878006225e+05,8.750395465232798e-03,6.393657432810972e+08,0.000000000000000e+00,1.537074006232388e-06,8.020905175897952e+10,8.020905175897951e+10,-3.519088362188111e+00,3.026297630532282e-04,1.000000000000000e+00,0.000000000000000e+00,2.612270327158861e+03,2.612270327158861e+03,-1.179199225862274e+03,7.488897306045039e-01,1.000000000000000e+03,1.000000000000000e+00,
3.288306388915233e-03,0.000000000000000e+00,7.983296041478109e+00,2.657207813146466e+08,2.657110904573864e+08,1.516099929304119e+03,3.288306388915233e-03,0.000000000000000e+00,-1.000000000000000e+03,1.771407269715909e+08,9.690857260248291e+03,2.996383852549723e+05,8.295021147026471e-03,5.539285458627247e+08,0.000000000000000e+00,6.649880798945560e-07,8.080484572638646e+10,8.080484572638646e+10,-2.483027723730553e+00,3.288306388915233e-03,1.000000000000000e+00,0.000000000000000e+00,2.473264909081290e+03,2.473264909081290e+03,-1.755680487860665e+03,7.983296041478109e+00,1.000000000000000e+03,1.000000000000000e+00,
7.507480774975511e-08,0.000000000000000e+00,-7.506095868304479e-08,2.970581767982226e+03,2.970581767944679e+03,7.423995578136727e+02,7.507480774975511e-08,0.000000000000000e+00,-1.000000000000000e+03,1.980387845296452e+03,3.754690968312930e-08,2.096777687647096e+05,4.769899756270351e-06,8.127102827729759e+08,0.000000000000000e+00,3.484198143999251e-12,3.956829004273232e+10,3.956829004273232e+10,-7.124505771261214e+00,7.507480774975511e-08,1.000000000000000e+00,0.000000000000000e+00,-1.000001002103443e+00,1.000126609801750e+00,-7.090355606640931e-01,7.508431295628070e-08,1.000000000000000e+03,1.000000000000000e+00,
7.885846867878851e-08,0.000000000000000e+00,-7.508638254316641e-08,3.352632462152351e+03,3.352632462115023e+03,7.976787605097529e+02,7.885846867878851e-08,0.000000000000000e+00,-1.000000000000000e+03,2.235088308076682e+03,3.764844749113524e-08,2.173439464035525e+05,4.769799192821342e-06,8.147909558685346e+08,0.000000000000000e+00,3.507407394576223e-12,4.251455193444328e+10,4.251455193444328e+10,-7.103151660572576e+00,7.885846867878851e-08,1.000000000000000e+00,0.000000000000000e+00,-9.729938649193889e-01,1.000191887208756e+00,-5.421515318532367e-01,7.672880622139900e-08,1.000000000000000e+03,1.000000000000000e+00,
1.936969582918377e-07,0.000000000000000e+00,3.705610347495725e-10,1.992547187904836e+04,1.992547187904836e+04,1.931720775487794e+03,1.936969582918377e-07,0.000000000000000e+00,-1.000000000000000e+03,1.328364791936557e+04,3.728033735950101e-08,3.382250032091159e+05,4.453911908386351e-06,8.448469071652046e+08,0.000000000000000e+00,9.112680302398813e-09,1.029565375162258e+11,1.029565375162258e+11,-6.712877199143783e+00,1.936969582918377e-07,1.000000000000000e+00,0.000000000000000e+00,1.913096818956025e-03,9.706495090348849e-01,8.582230289600887e-04,7.774130352723205e-08,1.000000000000000e+03,1.000000000000000e+00,
2.485846898479787e-06,0.000000000000000e+00,6.589771808827897e-03,2.054309874800009e+05,2.054222530135865e+05,1.982135439810876e+03,2.485846898479787e-06,0.000000000000000e+00,-1.000000000000000e+03,1.369481686757243e+05,8.734466414439964e+00,3.426101283422813e+05,8.748441621265292e-03,8.286794391407090e+08,0.000000000000000e+00,3.664107989568961e-09,1.056435300384430e+11,1.056435300384430e+11,-5.604525622755085e+00,2.485846898479787e-06,1.000000000000000e+00,0.000000000000000e+00,2.650916197959679e+03,2.650916197959679e+03,5.428431465923512e+02,6.589771808827897e-03,1.000000000000000e+03,1.000000000000000e+00,
2.743141899211982e-05,0.000000000000000e+00,7.174309493813238e-02,2.200578780969257e+06,2.200484963881764e+06,1.548607187041544e+03,2.743141899211982e-05,0.000000000000000e+00,-1.000000000000000e+03,1.466989975921176e+06,9.381708749336788e+01,3.028336768027082e+05,9.136398331197932e-03,7.262052985374303e+08,0.000000000000000e+00,2.398229909454699e-06,8.253741222526239e+10,8.253741222526239e+10,-4.561751726317889e+00,2.743141899211982e-05,1.000000000000000e+00,0.000000000000000e+00,2.737349810906434e+03,2.737349810906434e+03,-6.938608661332069e+00,7.174309493813238e-02,1.000000000000000e+03,1.000000000000000e+00,
3.026297630532282e-04,0.000000000000000e+00,7.488897306045039e-01,2.421466309340044e+07,2.421373648951498e+07,1.504921352280111e+03,3.026297630532282e-04,0.000000000000000e+00,-1.000000000000000e+03,1.614249099300999e+07,9.266038854648998e+02,2.985316878006225e+05,8.750395465232798e-03,6.393657432810972e+08,0.000000000000000e+00,1.537074006232388e-06,8.020905175897952e+10,8.020905175897951e+10,-3.519088362188111e+00,3.026297630532282e-04,1.000000000000000e+00,0.000000000000000e+00,2.612270327158861e+03,2.612270327158861e+03,-8.338248740846931e+02,7.488897306045039e-01,1.000000000000000e+03,1.000000000000000e+00,
3.288306388915233e-03,0.000000000000000e+00,7.983296041478109e+00,2.657207813146466e+08,2.657110904573864e+08,1.516099929304119e+03,3.288306388915233e-03,0.000000000000000e+00,-1.000000000000000e+03,1.771407269715909e+08,9.690857260248291e+03,2.996383852549723e+05,8.295021147026471e-03,5.539285458627247e+08,0.000000000000000e+00,6.649880798945560e-07,8.080484572638646e+10,8.080484572638646e+10,-2.483027723730553e+00,3.288306388915233e-03,1.000000000000000e+00,0.000000000000000e+00,2.473264909081290e+03,2.473264909081290e+03,-1.378101555911011e+03,7.983296041478109e+00,1.000000000000000e+03,1.000000000000000e+00,

