1
0
28
0
(64 0
((0,0) (63,63) (0,0))
((448,0) (511,63) (0,0))
((384,0) (447,63) (0,0))
((320,0) (383,63) (0,0))
((256,0) (319,63) (0,0))
((192,0) (255,63) (0,0))
((128,0) (191,63) (0,0))
((64,0) (127,63) (0,0))
((0,448) (63,511) (0,0))
((0,384) (63,447) (0,0))
((0,320) (63,383) (0,0))
((0,256) (63,319) (0,0))
((0,192) (63,255) (0,0))
((0,128) (63,191) (0,0))
((0,64) (63,127) (0,0))
((448,448) (511,511) (0,0))
((448,384) (511,447) (0,0))
((448,320) (511,383) (0,0))
((448,256) (511,319) (0,0))
((448,192) (511,255) (0,0))
((448,128) (511,191) (0,0))
((448,64) (511,127) (0,0))
((384,448) (447,511) (0,0))
((384,384) (447,447) (0,0))
((384,320) (447,383) (0,0))
((384,256) (447,319) (0,0))
((384,192) (447,255) (0,0))
((384,128) (447,191) (0,0))
((384,64) (447,127) (0,0))
((320,448) (383,511) (0,0))
((320,384) (383,447) (0,0))
((320,320) (383,383) (0,0))
((320,256) (383,319) (0,0))
((320,192) (383,255) (0,0))
((320,128) (383,191) (0,0))
((320,64) (383,127) (0,0))
((256,448) (319,511) (0,0))
((256,384) (319,447) (0,0))
((256,320) (319,383) (0,0))
((256,256) (319,319) (0,0))
((256,192) (319,255) (0,0))
((256,128) (319,191) (0,0))
((256,64) (319,127) (0,0))
((192,448) (255,511) (0,0))
((192,384) (255,447) (0,0))
((192,320) (255,383) (0,0))
((192,256) (255,319) (0,0))
((192,192) (255,255) (0,0))
((192,128) (255,191) (0,0))
((192,64) (255,127) (0,0))
((128,448) (191,511) (0,0))
((128,384) (191,447) (0,0))
((128,320) (191,383) (0,0))
((128,256) (191,319) (0,0))
((128,192) (191,255) (0,0))
((128,128) (191,191) (0,0))
((128,64) (191,127) (0,0))
((64,448) (127,511) (0,0))
((64,384) (127,447) (0,0))
((64,320) (127,383) (0,0))
((64,256) (127,319) (0,0))
((64,192) (127,255) (0,0))
((64,128) (127,191) (0,0))
((64,64) (127,127) (0,0))
)
64
FabOnDisk: Cell_D_0000 0
FabOnDisk: Cell_D_0001 0
FabOnDisk: Cell_D_0001 917590
FabOnDisk: Cell_D_0001 1835180
FabOnDisk: Cell_D_0001 2752770
FabOnDisk: Cell_D_0000 917587
FabOnDisk: Cell_D_0000 1835177
FabOnDisk: Cell_D_0000 2752767
FabOnDisk: Cell_D_0002 0
FabOnDisk: Cell_D_0002 917590
FabOnDisk: Cell_D_0002 1835180
FabOnDisk: Cell_D_0002 2752770
FabOnDisk: Cell_D_0000 3670356
FabOnDisk: Cell_D_0000 4587946
FabOnDisk: Cell_D_0000 5505536
FabOnDisk: Cell_D_0003 0
FabOnDisk: Cell_D_0003 917593
FabOnDisk: Cell_D_0003 1835186
FabOnDisk: Cell_D_0003 2752779
FabOnDisk: Cell_D_0001 3670360
FabOnDisk: Cell_D_0001 4587953
FabOnDisk: Cell_D_0001 5505546
FabOnDisk: Cell_D_0003 3670372
FabOnDisk: Cell_D_0003 4587965
FabOnDisk: Cell_D_0003 5505558
FabOnDisk: Cell_D_0003 6423151
FabOnDisk: Cell_D_0001 6423138
FabOnDisk: Cell_D_0001 7340731
FabOnDisk: Cell_D_0001 8258324
FabOnDisk: Cell_D_0003 7340744
FabOnDisk: Cell_D_0003 8258337
FabOnDisk: Cell_D_0003 9175930
FabOnDisk: Cell_D_0003 10093523
FabOnDisk: Cell_D_0001 9175916
FabOnDisk: Cell_D_0001 10093509
FabOnDisk: Cell_D_0001 11011102
FabOnDisk: Cell_D_0003 11011116
FabOnDisk: Cell_D_0003 11928709
FabOnDisk: Cell_D_0003 12846302
FabOnDisk: Cell_D_0003 13763895
FabOnDisk: Cell_D_0001 11928694
FabOnDisk: Cell_D_0001 12846287
FabOnDisk: Cell_D_0001 13763880
FabOnDisk: Cell_D_0002 3670360
FabOnDisk: Cell_D_0002 4587953
FabOnDisk: Cell_D_0002 5505546
FabOnDisk: Cell_D_0002 6423139
FabOnDisk: Cell_D_0000 6423125
FabOnDisk: Cell_D_0000 7340718
FabOnDisk: Cell_D_0000 8258311
FabOnDisk: Cell_D_0002 7340732
FabOnDisk: Cell_D_0002 8258325
FabOnDisk: Cell_D_0002 9175918
FabOnDisk: Cell_D_0002 10093511
FabOnDisk: Cell_D_0000 9175903
FabOnDisk: Cell_D_0000 10093496
FabOnDisk: Cell_D_0000 11011089
FabOnDisk: Cell_D_0002 11011104
FabOnDisk: Cell_D_0002 11928696
FabOnDisk: Cell_D_0002 12846288
FabOnDisk: Cell_D_0002 13763880
FabOnDisk: Cell_D_0000 11928681
FabOnDisk: Cell_D_0000 12846273
FabOnDisk: Cell_D_0000 13763865

64,28
2.345487116026522e-03,0.000000000000000e+00,4.768892662541115e+00,1.885033857495069e+08,1.884985376441664e+08,1.507875051679707e+03,2.345487116026522e-03,0.000000000000000e+00,-1.000000000000000e+03,1.256656917627776e+08,4.848105340558458e+03,2.988245072982257e+05,6.107154632335980e-03,4.228209457991524e+08,0.000000000000000e+00,3.919850796989977e-09,8.036647754582458e+10,8.036647754582457e+10,-2.629766948329253e+00,2.345487116026522e-03,1.000000000000000e+00,0.000000000000000e+00,2.022584484801766e+03,2.022584484801766e+03,-1.615470029407555e+03,4.768892662541115e+00,1.000000000000000e+03,1.000000000000000e+00,
2.345487116026522e-03,0.000000000000000e+00,4.768892662541115e+00,1.885033857495069e+08,1.884985376441664e+08,1.507875051679707e+03,2.345487116026522e-03,0.000000000000000e+00,-1.000000000000000e+03,1.256656917627776e+08,4.848105340558458e+03,2.988245072982257e+05,6.107154632335980e-03,4.228209457991524e+08,0.000000000000000e+00,3.919850796989977e-09,8.036647754582458e+10,8.036647754582457e+10,-2.629766948329253e+00,2.345487116026522e-03,1.000000000000000e+00,0.000000000000000e+00,2.022584484801766e+03,2.022584484801766e+03,-1.615470029407555e+03,4.768892662541115e+00,1.000000000000000e+03,1.000000000000000e+00,
2.345487116026522e-03,0.000000000000000e+00,4.768892662541115e+00,1.885033857495069e+08,1.884985376441664e+08,1.507875051679707e+03,2.345487116026522e-03,0.000000000000000e+00,-1.000000000000000e+03,1.256656917627776e+08,4.848105340558458e+03,2.988245072982257e+05,6.107154632335980e-03,4.228209457991524e+08,0.000000000000000e+00,3.919850796989977e-09,8.036647754582458e+10,8.036647754582457e+10,-2.629766948329253e+00,2.345487116026522e-03,1.000000000000000e+00,0.000000000000000e+00,2.022584484801766e+03,2.022584484801766e+03,-1.806997050892620e+03,4.768892662541115e+00,1.000000000000000e+03,1.000000000000000e+00,
2.345487116026522e-03,0.000000000000000e+00,4.768892662541115e+00,1.885033857495069e+08,1.884985376441664e+08,1.507875051679707e+03,2.345487116026522e-03,0.000000000000000e+00,-1.000000000000000e+03,1.256656917627776e+08,4.848105340558458e+03,2.988245072982257e+05,6.107154632335980e-03,4.228209457991524e+08,0.000000000000000e+00,3.919850796989977e-09,8.036647754582458e+10,8.036647754582457e+10,-2.629766948329253e+00,2.345487116026522e-03,1.000000000000000e+00,0.000000000000000e+00,2.022584484801766e+03,2.022584484801766e+03,-1.961672491153545e+03,4.768892662541115e+00,1.000000000000000e+03,1.000000000000000e+00,
2.345487116026522e-03,0.000000000000000e+00,4.768892662541115e+00,1.885033857495069e+08,1.884985376441664e+08,1.507875051679707e+03,2.345487116026522e-03,0.000000000000000e+00,-1.000000000000000e+03,1.256656917627776e+08,4.848105340558458e+03,2.988245072982257e+05,6.107154632335980e-03,4.228209457991524e+08,0.000000000000000e+00,3.919850796989977e-09,8.036647754582458e+10,8.036647754582457e+10,-2.629766948329253e+00,2.345487116026522e-03,1.000000000000000e+00,0.000000000000000e+00,2.022584484801766e+03,2.022584484801766e+03,-2.033213716404319e+03,4.768892662541115e+00,1.000000000000000e+03,1.000000000000000e+00,
2.345487116026522e-03,0.000000000000000e+00,4.768892662541115e+00,1.885033857495069e+08,1.884985376441664e+08,1.507875051679707e+03,2.345487116026522e-03,0.000000000000000e+00,-1.000000000000000e+03,1.256656917627776e+08,4.848105340558458e+03,2.988245072982257e+05,6.107154632335980e-03,4.228209457991524e+08,0.000000000000000e+00,3.919850796989977e-09,8.036647754582458e+10,8.036647754582457e+10,-2.629766948329253e+00,2.345487116026522e-03,1.000000000000000e+00,0.000000000000000e+00,2.022584484801766e+03,2.022584484801766e+03,-2.033213716404319e+03,4.768892662541115e+00,1.000000000000000e+03,1.000000000000000e+00,
2.345487116026522e-03,0.000000000000000e+00,4.768892662541115e+00,1.885033857495069e+08,1.884985376441664e+08,1.507875051679707e+03,2.345487116026522e-03,0.000000000000000e+00,-1.000000000000000e+03,1.256656917627776e+08,4.848105340558458e+03,2.988245072982257e+05,6.107154632335980e-03,4.228209457991524e+08,0.000000000000000e+00,3.919850796989977e-09,8.036647754582458e+10,8.036647754582457e+10,-2.629766948329253e+00,2.345487116026522e-03,1.000000000000000e+00,0.000000000000000e+00,2.022584484801766e+03,2.022584484801766e+03,-1.961672491153545e+03,4.768892662541115e+00,1.000000000000000e+03,1.000000000000000e+00,
2.345487116026522e-03,0.000000000000000e+00,4.768892662541115e+00,1.885033857495069e+08,1.884985376441664e+08,1.507875051679707e+03,2.345487116026522e-03,0.000000000000000e+00,-1.000000000000000e+03,1.256656917627776e+08,4.848105340558458e+03,2.988245072982257e+05,6.107154632335980e-03,4.228209457991524e+08,0.000000000000000e+00,3.919850796989977e-09,8.036647754582458e+10,8.036647754582457e+10,-2.629766948329253e+00,2.345487116026522e-03,1.000000000000000e+00,0.000000000000000e+00,2.022584484801766e+03,2.022584484801766e+03,-1.806997050892620e+03,4.768892662541115e+00,1.000000000000000e+03,1.000000000000000e+00,
7.506086956000649e-08,0.000000000000000e+00,-7.506127455609345e-08,4.813460294840642e+03,4.813460294803112e+03,1.203190029885784e+03,7.506086956000649e-08,0.000000000000000e+00,-1.000000000000000e+03,3.208973529868741e+03,3.753043478036247e-08,2.669320037332176e+05,3.746272406527264e-06,8.384514248900437e+08,0.000000000000000e+00,8.110179194886769e-20,6.412742515532743e+10,6.412742515532744e+10,-7.124586408708907e+00,7.506086956000649e-08,1.000000000000000e+00,0.000000000000000e+00,-1.000005110486953e+00,1.000000000004786e+00,-7.986851776100795e-01,7.506086956036571e-08,1.000000000000000e+03,1.000000000000000e+00,
7.506089567640879e-08,0.000000000000000e+00,-7.649556897469184e-08,4.813463361726615e+03,4.813463361689084e+03,1.203190377862123e+03,7.506089567640879e-08,0.000000000000000e+00,-1.000000000000000e+03,3.208975574459390e+03,3.753090691107246e-08,2.669320423331114e+05,3.746294776927133e-06,8.384514279415534e+08,0.000000000000000e+00,5.491347647157418e-13,6.412744370171336e+10,6.412744370171336e+10,-7.124586257602112e+00,7.506089567640879e-08,1.000000000000000e+00,0.000000000000000e+00,-1.013585522521851e+00,1.000006115987027e+00,-7.052672792251167e-01,7.506135474787302e-08,1.000000000000000e+03,1.000000000000000e+00,
7.551774085046125e-08,0.000000000000000e+00,-7.868717330839652e-08,4.871070769274053e+03,4.871070769235205e+03,1.210224308640374e+03,7.551774085046125e-08,0.000000000000000e+00,-1.000000000000000e+03,3.247380512823471e+03,1.133586132386121e-08,2.677111565191129e+05,1.300779551635337e-06,8.304583544658597e+08,0.000000000000000e+00,-3.942541400648777e-08,6.450233699232085e+10,6.450233699232085e+10,-7.121951010643964e+00,7.551774085046125e-08,1.000000000000000e+00,0.000000000000000e+00,-1.019003241671520e+00,3.988755960380693e-01,-5.601060617339321e-01,5.114694180315675e-08,1.000000000000000e+03,1.000000000000000e+00,
1.476318191117525e-07,0.000000000000000e+00,-5.981801725206371e-08,1.247612592474332e+04,1.247612592473214e+04,1.527763314826920e+03,1.476318191117525e-07,0.000000000000000e+00,-1.000000000000000e+03,8.317417283154760e+03,2.200813586778899e-12,3.007887389620838e+05,1.328054327524604e-08,7.403681300154513e+08,0.000000000000000e+00,-2.658654183264645e-04,8.142647893776050e+10,8.142647893776050e+10,-6.830820028858811e+00,1.476318191117525e-07,1.000000000000000e+00,0.000000000000000e+00,-3.891585996010460e-01,4.102444155269952e-03,-1.219102477111055e-01,1.072927992914546e-09,1.000000000000000e+03,1.000000000000000e+00,
1.762516461301176e-06,0.000000000000000e+00,2.903131688928914e-03,1.434229530160234e+05,1.434205620671192e+05,1.502213840227528e+03,1.762516461301176e-06,0.000000000000000e+00,-1.000000000000000e+03,9.561370804474616e+04,2.390948904114393e+00,2.982630219286981e+05,5.477920057074090e-03,6.541685562286962e+08,0.000000000000000e+00,-7.182978275304947e-06,8.006474722503514e+10,8.006474722503514e+10,-5.753866818155639e+00,1.762516461301176e-06,1.000000000000000e+00,0.000000000000000e+00,1.647151531728493e+03,1.647151531728493e+03,-6.699843887370736e+02,2.903131688928914e-03,1.000000000000000e+03,1.000000000000000e+00,
1.944111547624440e-05,0.000000000000000e+00,4.157805458096031e-02,1.556486346437115e+06,1.556441885649234e+06,1.499896813409090e+03,1.944111547624440e-05,0.000000000000000e+00,-1.000000000000000e+03,1.037627923766156e+06,4.446078788147984e+01,2.980329115106192e+05,6.921891075552608e-03,5.688201639521776e+08,0.000000000000000e+00,4.758282073464670e-08,7.994125470914690e+10,7.994125470914691e+10,-4.711278820105252e+00,1.944111547624440e-05,1.000000000000000e+00,0.000000000000000e+00,2.062953795237202e+03,2.062953795237202e+03,-1.139161140004124e+03,4.157805458096031e-02,1.000000000000000e+03,1.000000000000000e+00,
2.142425374420161e-04,0.000000000000000e+00,4.417332745106102e-01,1.712734376108755e+07,1.712688836999636e+07,1.499903041354168e+03,2.142425374420161e-04,0.000000000000000e+00,-1.000000000000000e+03,1.141792557999757e+07,4.553910911895283e+02,2.980335302634097e+05,6.805933892656700e-03,4.840308977639105e+08,0.000000000000000e+00,8.214860156135728e-08,7.994158664514365e+10,7.994158664514365e+10,-3.669094296612220e+00,2.142425374420161e-04,1.000000000000000e+00,0.000000000000000e+00,2.033399802602165e+03,2.033399802602165e+03,-1.434081575533806e+03,4.417332745106102e-01,1.000000000000000e+03,1.000000000000000e+00,
7.506086956000649e-08,0.000000000000000e+00,-7.506127455609345e-08,4.813460294840642e+03,4.813460294803112e+03,1.203190029885784e+03,7.506086956000649e-08,0.000000000000000e+00,-1.000000000000000e+03,3.208973529868741e+03,3.753043478036247e-08,2.669320037332176e+05,3.746272406527264e-06,8.384514248900437e+08,0.000000000000000e+00,8.110179194886769e-20,6.412742515532743e+10,6.412742515532744e+10,-7.124586408708907e+00,7.506086956000649e-08,1.000000000000000e+00,0.000000000000000e+00,-1.000005110486953e+00,1.000000000004786e+00,-7.986851776100795e-01,7.506086956036571e-08,1.000000000000000e+03,1.000000000000000e+00,
7.506089567640879e-08,0.000000000000000e+00,-7.649556897469184e-08,4.813463361726615e+03,4.813463361689084e+03,1.203190377862123e+03,7.506089567640879e-08,0.000000000000000e+00,-1.000000000000000e+03,3.208975574459390e+03,3.753090691107246e-08,2.669320423331114e+05,3.746294776927133e-06,8.384514279415534e+08,0.000000000000000e+00,5.491347647157418e-13,6.412744370171336e+10,6.412744370171336e+10,-7.124586257602112e+00,7.506089567640879e-08,1.000000000000000e+00,0.000000000000000e+00,-1.013585522521851e+00,1.000006115987027e+00,-7.052672792251167e-01,7.506135474787302e-08,1.000000000000000e+03,1.000000000000000e+00,
7.551774085046125e-08,0.000000000000000e+00,-7.868717330839652e-08,4.871070769274053e+03,4.871070769235205e+03,1.210224308640374e+03,7.551774085046125e-08,0.000000000000000e+00,-1.000000000000000e+03,3.247380512823471e+03,1.133586132386121e-08,2.677111565191129e+05,1.300779551635337e-06,8.304583544658597e+08,0.000000000000000e+00,-3.942541400648777e-08,6.450233699232085e+10,6.450233699232085e+10,-7.121951010643964e+00,7.551774085046125e-08,1.000000000000000e+00,0.000000000000000e+00,-1.019003241671520e+00,3.988755960380693e-01,-5.601060617339321e-01,5.114694180315675e-08,1.000000000000000e+03,1.000000000000000e+00,
1.476318191117525e-07,0.000000000000000e+00,-5.981801725206371e-08,1.247612592474332e+04,1.247612592473214e+04,1.527763314826920e+03,1.476318191117525e-07,0.000000000000000e+00,-1.000000000000000e+03,8.317417283154760e+03,2.200813586778899e-12,3.007887389620838e+05,1.328054327524604e-08,7.403681300154513e+08,0.000000000000000e+00,-2.658654183264645e-04,8.142647893776050e+10,8.142647893776050e+10,-6.830820028858811e+00,1.476318191117525e-07,1.000000000000000e+00,0.000000000000000e+00,-3.891585996010460e-01,4.102444155269952e-03,-1.219102477111055e-01,1.072927992914546e-09,1.000000000000000e+03,1.000000000000000e+00,
1.762516461301176e-06,0.000000000000000e+00,2.903131688928914e-03,1.434229530160234e+05,1.434205620671192e+05,1.502213840227528e+03,1.762516461301176e-06,0.000000000000000e+00,-1.000000000000000e+03,9.561370804474616e+04,2.390948904114393e+00,2.982630219286981e+05,5.477920057074090e-03,6.541685562286962e+08,0.000000000000000e+00,-7.182978275304947e-06,8.006474722503514e+10,8.006474722503514e+10,-5.753866818155639e+00,1.762516461301176e-06,1.000000000000000e+00,0.000000000000000e+00,1.647151531728493e+03,1.647151531728493e+03,-6.699843887370736e+02,2.903131688928914e-03,1.000000000000000e+03,1.000000000000000e+00,
1.944111547624440e-05,0.000000000000000e+00,4.157805458096031e-02,1.556486346437115e+06,1.556441885649234e+06,1.499896813409090e+03,1.944111547624440e-05,0.000000000000000e+00,-1.000000000000000e+03,1.037627923766156e+06,4.446078788147984e+01,2.980329115106192e+05,6.921891075552608e-03,5.688201639521776e+08,0.000000000000000e+00,4.758282073464670e-08,7.994125470914690e+10,7.994125470914691e+10,-4.711278820105252e+00,1.944111547624440e-05,1.000000000000000e+00,0.000000000000000e+00,2.062953795237202e+03,2.062953795237202e+03,-1.139161140004124e+03,4.157805458096031e-02,1.000000000000000e+03,1.000000000000000e+00,
2.142425374420161e-04,0.000000000000000e+00,4.417332745106102e-01,1.712734376108755e+07,1.712688836999636e+07,1.499903041354168e+03,2.142425374420161e-04,0.000000000000000e+00,-1.000000000000000e+03,1.141792557999757e+07,4.553910911895283e+02,2.980335302634097e+05,6.805933892656700e-03,4.840308977639105e+08,0.000000000000000e+00,8.214860156135728e-08,7.994158664514365e+10,7.994158664514365e+10,-3.669094296612220e+00,2.142425374420161e-04,1.000000000000000e+00,0.000000000000000e+00,2.033399802602165e+03,2.033399802602165e+03,-1.434081575533806e+03,4.417332745106102e-01,1.000000000000000e+03,1.000000000000000e+00,
7.506086956000649e-08,0.000000000000000e+00,-7.506127455609345e-08,4.813460294840642e+03,4.813460294803112e+03,1.203190029885784e+03,7.506086956000649e-08,0.000000000000000e+00,-1.000000000000000e+03,3.208973529868741e+03,3.753043478036247e-08,2.669320037332176e+05,3.746272406527264e-06,8.384514248900437e+08,0.000000000000000e+00,8.110179194886769e-20,6.412742515532743e+10,6.412742515532744e+10,-7.124586408708907e+00,7.506086956000649e-08,1.000000000000000e+00,0.000000000000000e+00,-1.000005110486953e+00,1.000000000004786e+00,-8.933757570620720e-01,7.506086956036571e-08,1.000000000000000e+03,1.000000000000000e+00,
7.506089567640879e-08,0.000000000000000e+00,-7.649556897469184e-08,4.813463361726615e+03,4.813463361689084e+03,1.203190377862123e+03,7.506089567640879e-08,0.000000000000000e+00,-1.000000000000000e+03,3.208975574459390e+03,3.753090691107246e-08,2.669320423331114e+05,3.746294776927133e-06,8.384514279415534e+08,0.000000000000000e+00,5.491347647157418e-13,6.412744370171336e+10,6.412744370171336e+10,-7.124586257602112e+00,7.506089567640879e-08,1.000000000000000e+00,0.000000000000000e+00,-1.013585522521851e+00,1.000006115987027e+00,-8.303838500497559e-01,7.506135474787302e-08,1.000000000000000e+03,1.000000000000000e+00,
7.551774085046125e-08,0.000000000000000e+00,-7.868717330839652e-08,4.871070769274053e+03,4.871070769235205e+03,1.210224308640374e+03,7.551774085046125e-08,0.000000000000000e+00,-1.000000000000000e+03,3.247380512823471e+03,1.133586132386121e-08,2.677111565191129e+05,1.300779551635337e-06,8.304583544658597e+08,0.000000000000000e+00,-3.942541400648777e-08,6.450233699232085e+10,6.450233699232085e+10,-7.121951010643964e+00,7.551774085046125e-08,1.000000000000000e+00,0.000000000000000e+00,-1.019003241671520e+00,3.988755960380693e-01,-7.144247906590055e-01,5.114694180315675e-08,1.000000000000000e+03,1.000000000000000e+00,
1.476318191117525e-07,0.000000000000000e+00,-5.981801725206371e-08,1.247612592474332e+04,1.247612592473214e+04,1.527763314826920e+03,1.476318191117525e-07,0.000000000000000e+00,-1.000000000000000e+03,8.317417283154760e+03,2.200813586778899e-12,3.007887389620838e+05,1.328054327524604e-08,7.403681300154513e+08,0.000000000000000e+00,-2.658654183264645e-04,8.142647893776050e+10,8.142647893776050e+10,-6.830820028858811e+00,1.476318191117525e-07,1.000000000000000e+00,0.000000000000000e+00,-3.891585996010460e-01,4.102444155269952e-03,-1.724060767162231e-01,1.072927992914546e-09,1.000000000000000e+03,1.000000000000000e+00,
1.762516461301176e-06,0.000000000000000e+00,2.903131688928914e-03,1.434229530160234e+05,1.434205620671192e+05,1.502213840227528e+03,1.762516461301176e-06,0.000000000000000e+00,-1.000000000000000e+03,9.561370804474616e+04,2.390948904114393e+00,2.982630219286981e+05,5.477920057074090e-03,6.541685562286962e+08,0.000000000000000e+00,-7.182978275304947e-06,8.006474722503514e+10,8.006474722503514e+10,-5.753866818155639e+00,1.762516461301176e-06,1.000000000000000e+00,0.000000000000000e+00,1.647151531728493e+03,1.647151531728493e+03,-9.474952441816204e+02,2.903131688928914e-03,1.000000000000000e+03,1.000000000000000e+00,
1.944111547624440e-05,0.000000000000000e+00,4.157805458096031e-02,1.556486346437115e+06,1.556441885649234e+06,1.499896813409090e+03,1.944111547624440e-05,0.000000000000000e+00,-1.000000000000000e+03,1.037627923766156e+06,4.446078788147984e+01,2.980329115106192e+05,6.921891075552608e-03,5.688201639521776e+08,0.000000000000000e+00,4.758282073464670e-08,7.994125470914690e+10,7.994125470914691e+10,-4.711278820105252e+00,1.944111547624440e-05,1.000000000000000e+00,0.000000000000000e+00,2.062953795237202e+03,2.062953795237202e+03,-1.453019373607355e+03,4.157805458096031e-02,1.000000000000000e+03,1.000000000000000e+00,
2.142425374420161e-04,0.000000000000000e+00,4.417332745106102e-01,1.712734376108755e+07,1.712688836999636e+07,1.499903041354168e+03,2.142425374420161e-04,0.000000000000000e+00,-1.000000000000000e+03,1.141792557999757e+07,4.553910911895283e+02,2.980335302634097e+05,6.805933892656700e-03,4.840308977639105e+08,0.000000000000000e+00,8.214860156135728e-08,7.994158664514365e+10,7.994158664514365e+10,-3.669094296612220e+00,2.142425374420161e-04,1.000000000000000e+00,0.000000000000000e+00,2.033399802602165e+03,2.033399802602165e+03,-1.688492029979848e+03,4.417332745106102e-01,1.000000000000000e+03,1.000000000000000e+00,
7.506086956000649e-08,0.000000000000000e+00,-7.506127455609345e-08,4.813460294840642e+03,4.813460294803112e+03,1.203190029885784e+03,7.506086956000649e-08,0.000000000000000e+00,-1.000000000000000e+03,3.208973529868741e+03,3.753043478036247e-08,2.669320037332176e+05,3.746272406527264e-06,8.384514248900437e+08,0.000000000000000e+00,8.110179194886769e-20,6.412742515532743e+10,6.412742515532744e+10,-7.124586408708907e+00,7.506086956000649e-08,1.000000000000000e+00,0.000000000000000e+00,-1.000005110486953e+00,1.000000000004786e+00,-9.695818671283157e-01,7.506086956036571e-08,1.000000000000000e+03,1.000000000000000e+00,
7.506089567640879e-08,0.000000000000000e+00,-7.649556897469184e-08,4.813463361726615e+03,4.813463361689084e+03,1.203190377862123e+03,7.506089567640879e-08,0.000000000000000e+00,-1.000000000000000e+03,3.208975574459390e+03,3.753090691107246e-08,2.669320423331114e+05,3.746294776927133e-06,8.384514279415534e+08,0.000000000000000e+00,5.491347647157418e-13,6.412744370171336e+10,6.412744370171336e+10,-7.124586257602112e+00,7.506089567640879e-08,1.000000000000000e+00,0.000000000000000e+00,-1.013585522521851e+00,1.000006115987027e+00,-9.476946939670498e-01,7.506135474787302e-08,1.000000000000000e+03,1.000000000000000e+00,
7.551774085046125e-08,0.000000000000000e+00,-7.868717330839652e-08,4.871070769274053e+03,4.871070769235205e+03,1.210224308640374e+03,7.551774085046125e-08,0.000000000000000e+00,-1.000000000000000e+03,3.247380512823471e+03,1.133586132386121e-08,2.677111565191129e+05,1.300779551635337e-06,8.304583544658597e+08,0.000000000000000e+00,-3.942541400648777e-08,6.450233699232085e+10,6.450233699232085e+10,-7.121951010643964e+00,7.551774085046125e-08,1.000000000000000e+00,0.000000000000000e+00,-1.019003241671520e+00,3.988755960380693e-01,-9.050949683940758e-01,5.114694180315675e-08,1.000000000000000e+03,1.000000000000000e+00,
1.476318191117525e-07,0.000000000000000e+00,-5.981801725206371e-08,1.247612592474332e+04,1.247612592473214e+04,1.527763314826920e+03,1.476318191117525e-07,0.000000000000000e+00,-1.000000000000000e+03,8.317417283154760e+03,2.200813586778899e-12,3.007887389620838e+05,1.328054327524604e-08,7.403681300154513e+08,0.000000000000000e+00,-2.658654183264645e-04,8.142647893776050e+10,8.142647893776050e+10,-6.830820028858811e+00,1.476318191117525e-07,1.000000000000000e+00,0.000000000000000e+00,-3.891585996010460e-01,4.102444155269952e-03,-2.730185351481226e-01,1.072927992914546e-09,1.000000000000000e+03,1.000000000000000e+00,
1.762516461301176e-06,0.000000000000000e+00,2.903131688928914e-03,1.434229530160234e+05,1.434205620671192e+05,1.502213840227528e+03,1.762516461301176e-06,0.000000000000000e+00,-1.000000000000000e+03,9.561370804474616e+04,2.390948904114393e+00,2.982630219286981e+05,5.477920057074090e-03,6.541685562286962e+08,0.000000000000000e+00,-7.182978275304947e-06,8.006474722503514e+10,8.006474722503514e+10,-5.753866818155639e+00,1.762516461301176e-06,1.000000000000000e+00,0.000000000000000e+00,1.647151531728493e+03,1.647151531728493e+03,-1.500432980979359e+03,2.903131688928914e-03,1.000000000000000e+03,1.000000000000000e+00,
1.944111547624440e-05,0.000000000000000e+00,4.157805458096031e-02,1.556486346437115e+06,1.556441885649234e+06,1.499896813409090e+03,1.944111547624440e-05,0.000000000000000e+00,-1.000000000000000e+03,1.037627923766156e+06,4.446078788147984e+01,2.980329115106192e+05,6.921891075552608e-03,5.688201639521776e+08,0.000000000000000e+00,4.758282073464670e-08,7.994125470914690e+10,7.994125470914691e+10,-4.711278820105252e+00,1.944111547624440e-05,1.000000000000000e+00,0.000000000000000e+00,2.062953795237202e+03,2.062953795237202e+03,-1.840810315132016e+03,4.157805458096031e-02,1.000000000000000e+03,1.000000000000000e+00,
2.142425374420161e-04,0.000000000000000e+00,4.417332745106102e-01,1.712734376108755e+07,1.712688836999636e+07,1.499903041354168e+03,2.142425374420161e-04,0.000000000000000e+00,-1.000000000000000e+03,1.141792557999757e+07,4.553910911895283e+02,2.980335302634097e+05,6.805933892656700e-03,4.840308977639105e+08,0.000000000000000e+00,8.214860156135728e-08,7.994158664514365e+10,7.994158664514365e+10,-3.669094296612220e+00,2.142425374420161e-04,1.000000000000000e+00,0.000000000000000e+00,2.033399802602165e+03,2.033399802602165e+03,-1.927030417946680e+03,4.417332745106102e-01,1.000000000000000e+03,1.000000000000000e+00,
7.506086956000649e-08,0.000000000000000e+00,-7.506127455609345e-08,4.813460294840642e+03,4.813460294803112e+03,1.203190029885784e+03,7.506086956000649e-08,0.000000000000000e+00,-1.000000000000000e+03,3.208973529868741e+03,3.753043478036247e-08,2.669320037332176e+05,3.746272406527264e-06,8.384514248900437e+08,0.000000000000000e+00,8.110179194886769e-20,6.412742515532743e+10,6.412742515532744e+10,-7.124586408708907e+00,7.506086956000649e-08,1.000000000000000e+00,0.000000000000000e+00,-1.000005110486953e+00,1.000000000004786e+00,-1.000001737236655e+00,7.506086956036571e-08,1.000000000000000e+03,1.000000000000000e+00,
7.506089567640879e-08,0.000000000000000e+00,-7.649556897469184e-08,4.813463361726615e+03,4.813463361689084e+03,1.203190377862123e+03,7.506089567640879e-08,0.000000000000000e+00,-1.000000000000000e+03,3.208975574459390e+03,3.753090691107246e-08,2.669320423331114e+05,3.746294776927133e-06,8.384514279415534e+08,0.000000000000000e+00,5.491347647157418e-13,6.412744370171336e+10,6.412744370171336e+10,-7.124586257602112e+00,7.506089567640879e-08,1.000000000000000e+00,0.000000000000000e+00,-1.013585522521851e+00,1.000006115987027e+00,-1.013577849627384e+00,7.506135474787302e-08,1.000000000000000e+03,1.000000000000000e+00,
7.551774085046125e-08,0.000000000000000e+00,-7.868717330839652e-08,4.871070769274053e+03,4.871070769235205e+03,1.210224308640374e+03,7.551774085046125e-08,0.000000000000000e+00,-1.000000000000000e+03,3.247380512823471e+03,1.133586132386121e-08,2.677111565191129e+05,1.300779551635337e-06,8.304583544658597e+08,0.000000000000000e+00,-3.942541400648777e-08,6.450233699232085e+10,6.450233699232085e+10,-7.121951010643964e+00,7.551774085046125e-08,1.000000000000000e+00,0.000000000000000e+00,-1.019003241671520e+00,3.988755960380693e-01,-1.018994015873395e+00,5.114694180315675e-08,1.000000000000000e+03,1.000000000000000e+00,
1.476318191117525e-07,0.000000000000000e+00,-5.981801725206371e-08,1.247612592474332e+04,1.247612592473214e+04,1.527763314826920e+03,1.476318191117525e-07,0.000000000000000e+00,-1.000000000000000e+03,8.317417283154760e+03,2.200813586778899e-12,3.007887389620838e+05,1.328054327524604e-08,7.403681300154513e+08,0.000000000000000e+00,-2.658654183264645e-04,8.142647893776050e+10,8.142647893776050e+10,-6.830820028858811e+00,1.476318191117525e-07,1.000000000000000e+00,0.000000000000000e+00,-3.891585996010460e-01,4.102444155269952e-03,-3.891465362212759e-01,1.072927992914546e-09,1.000000000000000e+03,1.000000000000000e+00,
1.762516461301176e-06,0.000000000000000e+00,2.903131688928914e-03,1.434229530160234e+05,1.434205620671192e+05,1.502213840227528e+03,1.762516461301176e-06,0.000000000000000e+00,-1.000000000000000e+03,9.561370804474616e+04,2.390948904114393e+00,2.982630219286981e+05,5.477920057074090e-03,6.541685562286962e+08,0.000000000000000e+00,-7.182978275304947e-06,8.006474722503514e+10,8.006474722503514e+10,-5.753866818155639e+00,1.762516461301176e-06,1.000000000000000e+00,0.000000000000000e+00,1.647151531728493e+03,1.647151531728493e+03,-2.138639770605685e+03,2.903131688928914e-03,1.000000000000000e+03,1.000000000000000e+00,
1.944111547624440e-05,0.000000000000000e+00,4.157805458096031e-02,1.556486346437115e+06,1.556441885649234e+06,1.499896813409090e+03,1.944111547624440e-05,0.000000000000000e+00,-1.000000000000000e+03,1.037627923766156e+06,4.446078788147984e+01,2.980329115106192e+05,6.921891075552608e-03,5.688201639521776e+08,0.000000000000000e+00,4.758282073464670e-08,7.994125470914690e+10,7.994125470914691e+10,-4.711278820105252e+00,1.944111547624440e-05,1.000000000000000e+00,0.000000000000000e+00,2.062953795237202e+03,2.062953795237202e+03,-2.138601842191545e+03,4.157805458096031e-02,1.000000000000000e+03,1.000000000000000e+00,
2.142425374420161e-04,0.000000000000000e+00,4.417332745106102e-01,1.712734376108755e+07,1.712688836999636e+07,1.499903041354168e+03,2.142425374420161e-04,0.000000000000000e+00,-1.000000000000000e+03,1.141792557999757e+07,4.553910911895283e+02,2.980335302634097e+05,6.805933892656700e-03,4.840308977639105e+08,0.000000000000000e+00,8.214860156135728e-08,7.994158664514365e+10,7.994158664514365e+10,-3.669094296612220e+00,2.142425374420161e-04,1.000000000000000e+00,0.000000000000000e+00,2.033399802602165e+03,2.033399802602165e+03,-2.061821783111517e+03,4.417332745106102e-01,1.000000000000000e+03,1.000000000000000e+00,
7.506086956000649e-08,0.000000000000000e+00,-7.506127455609345e-08,4.813460294840642e+03,4.813460294803112e+03,1.203190029885784e+03,7.506086956000649e-08,0.000000000000000e+00,-1.000000000000000e+03,3.208973529868741e+03,3.753043478036247e-08,2.669320037332176e+05,3.746272406527264e-06,8.384514248900437e+08,0.000000000000000e+00,8.110179194886769e-20,6.412742515532743e+10,6.412742515532744e+10,-7.124586408708907e+00,7.506086956000649e-08,1.000000000000000e+00,0.000000000000000e+00,-1.000005110486953e+00,1.000000000004786e+00,-1.000001737236655e+00,7.506086956036571e-08,1.000000000000000e+03,1.000000000000000e+00,
7.506089567640879e-08,0.000000000000000e+00,-7.649556897469184e-08,4.813463361726615e+03,4.813463361689084e+03,1.203190377862123e+03,7.506089567640879e-08,0.000000000000000e+00,-1.000000000000000e+03,3.208975574459390e+03,3.753090691107246e-08,2.669320423331114e+05,3.746294776927133e-06,8.384514279415534e+08,0.000000000000000e+00,5.491347647157418e-13,6.412744370171336e+10,6.412744370171336e+10,-7.124586257602112e+00,7.506089567640879e-08,1.000000000000000e+00,0.000000000000000e+00,-1.013585522521851e+00,1.000006115987027e+00,-1.013577849627384e+00,7.506135474787302e-08,1.000000000000000e+03,1.000000000000000e+00,
7.551774085046125e-08,0.000000000000000e+00,-7.868717330839652e-08,4.871070769274053e+03,4.871070769235205e+03,1.210224308640374e+03,7.551774085046125e-08,0.000000000000000e+00,-1.000000000000000e+03,3.247380512823471e+03,1.133586132386121e-08,2.677111565191129e+05,1.300779551635337e-06,8.304583544658597e+08,0.000000000000000e+00,-3.942541400648777e-08,6.450233699232085e+10,6.450233699232085e+10,-7.121951010643964e+00,7.551774085046125e-08,1.000000000000000e+00,0.000000000000000e+00,-1.019003241671520e+00,3.988755960380693e-01,-1.018994015873395e+00,5.114694180315675e-08,1.000000000000000e+03,1.000000000000000e+00,
1.476318191117525e-07,0.000000000000000e+00,-5.981801725206371e-08,1.247612592474332e+04,1.247612592473214e+04,1.527763314826920e+03,1.476318191117525e-07,0.000000000000000e+00,-1.000000000000000e+03,8.317417283154760e+03,2.200813586778899e-12,3.007887389620838e+05,1.328054327524604e-08,7.403681300154513e+08,0.000000000000000e+00,-2.658654183264645e-04,8.142647893776050e+10,8.142647893776050e+10,-6.830820028858811e+00,1.476318191117525e-07,1.000000000000000e+00,0.000000000000000e+00,-3.891585996010460e-01,4.102444155269952e-03,-3.891465362212759e-01,1.072927992914546e-09,1.000000000000000e+03,1.000000000000000e+00,
1.762516461301176e-06,0.000000000000000e+00,2.903131688928914e-03,1.434229530160234e+05,1.434205620671192e+05,1.502213840227528e+03,1.762516461301176e-06,0.000000000000000e+00,-1.000000000000000e+03,9.561370804474616e+04,2.390948904114393e+00,2.982630219286981e+05,5.477920057074090e-03,6.541685562286962e+08,0.000000000000000e+00,-7.182978275304947e-06,8.006474722503514e+10,8.006474722503514e+10,-5.753866818155639e+00,1.762516461301176e-06,1.000000000000000e+00,0.000000000000000e+00,1.647151531728493e+03,1.647151531728493e+03,-2.138639770605685e+03,2.903131688928914e-03,1.000000000000000e+03,1.000000000000000e+00,
1.944111547624440e-05,0.000000000000000e+00,4.157805458096031e-02,1.556486346437115e+06,1.556441885649234e+06,1.499896813409090e+03,1.944111547624440e-05,0.000000000000000e+00,-1.000000000000000e+03,1.037627923766156e+06,4.446078788147984e+01,2.980329115106192e+05,6.921891075552608e-03,5.688201639521776e+08,0.000000000000000e+00,4.758282073464670e-08,7.994125470914690e+10,7.994125470914691e+10,-4.711278820105252e+00,1.944111547624440e-05,1.000000000000000e+00,0.000000000000000e+00,2.062953795237202e+03,2.062953795237202e+03,-2.138601842191545e+03,4.157805458096031e-02,1.000000000000000e+03,1.000000000000000e+00,
2.142425374420161e-04,0.000000000000000e+00,4.417332745106102e-01,1.712734376108755e+07,1.712688836999636e+07,1.499903041354168e+03,2.142425374420161e-04,0.000000000000000e+00,-1.000000000000000e+03,1.141792557999757e+07,4.553910911895283e+02,2.980335302634097e+05,6.805933892656700e-03,4.840308977639105e+08,0.000000000000000e+00,8.214860156135728e-08,7.994158664514365e+10,7.994158664514365e+10,-3.669094296612220e+00,2.142425374420161e-04,1.000000000000000e+00,0.000000000000000e+00,2.033399802602165e+03,2.033399802602165e+03,-2.061821783111517e+03,4.417332745106102e-01,1.000000000000000e+03,1.000000000000000e+00,
7.506086956000649e-08,0.000000000000000e+00,-7.506127455609345e-08,4.813460294840642e+03,4.813460294803112e+03,1.203190029885784e+03,7.506086956000649e-08,0.000000000000000e+00,-1.000000000000000e+03,3.208973529868741e+03,3.753043478036247e-08,2.669320037332176e+05,3.746272406527264e-06,8.384514248900437e+08,0.000000000000000e+00,8.110179194886769e-20,6.412742515532743e+10,6.412742515532744e+10,-7.124586408708907e+00,7.506086956000649e-08,1.000000000000000e+00,0.000000000000000e+00,-1.000005110486953e+00,1.000000000004786e+00,-9.695818671283157e-01,7.506086956036571e-08,1.000000000000000e+03,1.000000000000000e+00,
7.506089567640879e-08,0.000000000000000e+00,-7.649556897469184e-08,4.813463361726615e+03,4.813463361689084e+03,1.203190377862123e+03,7.506089567640879e-08,0.000000000000000e+00,-1.000000000000000e+03,3.208975574459390e+03,3.753090691107246e-08,2.669320423331114e+05,3.746294776927133e-06,8.384514279415534e+08,0.000000000000000e+00,5.491347647157418e-13,6.412744370171336e+10,6.412744370171336e+10,-7.124586257602112e+00,7.506089567640879e-08,1.000000000000000e+00,0.000000000000000e+00,-1.013585522521851e+00,1.000006115987027e+00,-9.476946939670498e-01,7.506135474787302e-08,1.000000000000000e+03,1.000000000000000e+00,
7.551774085046125e-08,0.000000000000000e+00,-7.868717330839652e-08,4.871070769274053e+03,4.871070769235205e+03,1.210224308640374e+03,7.551774085046125e-08,0.000000000000000e+00,-1.000000000000000e+03,3.247380512823471e+03,1.133586132386121e-08,2.677111565191129e+05,1.300779551635337e-06,8.304583544658597e+08,0.000000000000000e+00,-3.942541400648777e-08,6.450233699232085e+10,6.450233699232085e+10,-7.121951010643964e+00,7.551774085046125e-08,1.000000000000000e+00,0.000000000000000e+00,-1.019003241671520e+00,3.988755960380693e-01,-9.050949683940758e-01,5.114694180315675e-08,1.000000000000000e+03,1.000000000000000e+00,
1.476318191117525e-07,0.000000000000000e+00,-5.981801725206371e-08,1.247612592474332e+04,1.247612592473214e+04,1.527763314826920e+03,1.476318191117525e-07,0.000000000000000e+00,-1.000000000000000e+03,8.317417283154760e+03,2.200813586778899e-12,3.007887389620838e+05,1.328054327524604e-08,7.403681300154513e+08,0.000000000000000e+00,-2.658654183264645e-04,8.142647893776050e+10,8.142647893776050e+10,-6.830820028858811e+00,1.476318191117525e-07,1.000000000000000e+00,0.000000000000000e+00,-3.891585996010460e-01,4.102444155269952e-03,-2.730185351481226e-01,1.072927992914546e-09,1.000000000000000e+03,1.000000000000000e+00,
1.762516461301176e-06,0.000000000000000e+00,2.903131688928914e-03,1.434229530160234e+05,1.434205620671192e+05,1.502213840227528e+03,1.762516461301176e-06,0.000000000000000e+00,-1.000000000000000e+03,9.561370804474616e+04,2.390948904114393e+00,2.982630219286981e+05,5.477920057074090e-03,6.541685562286962e+08,0.000000000000000e+00,-7.182978275304947e-06,8.006474722503514e+10,8.006474722503514e+10,-5.753866818155639e+00,1.762516461301176e-06,1.000000000000000e+00,0.000000000000000e+00,1.647151531728493e+03,1.647151531728493e+03,-1.500432980979359e+03,2.903131688928914e-03,1.000000000000000e+03,1.000000000000000e+00,
1.944111547624440e-05,0.000000000000000e+00,4.157805458096031e-02,1.556486346437115e+06,1.556441885649234e+06,1.499896813409090e+03,1.944111547624440e-05,0.000000000000000e+00,-1.000000000000000e+03,1.037627923766156e+06,4.446078788147984e+01,2.980329115106192e+05,6.921891075552608e-03,5.688201639521776e+08,0.000000000000000e+00,4.758282073464670e-08,7.994125470914690e+10,7.994125470914691e+10,-4.711278820105252e+00,1.944111547624440e-05,1.000000000000000e+00,0.000000000000000e+00,2.062953795237202e+03,2.062953795237202e+03,-1.840810315132016e+03,4.157805458096031e-02,1.000000000000000e+03,1.000000000000000e+00,
2.142425374420161e-04,0.000000000000000e+00,4.417332745106102e-01,1.712734376108755e+07,1.712688836999636e+07,1.499903041354168e+03,2.142425374420161e-04,0.000000000000000e+00,-1.000000000000000e+03,1.141792557999757e+07,4.553910911895283e+02,2.980335302634097e+05,6.805933892656700e-03,4.840308977639105e+08,0.000000000000000e+00,8.214860156135728e-08,7.994158664514365e+10,7.994158664514365e+10,-3.669094296612220e+00,2.142425374420161e-04,1.000000000000000e+00,0.000000000000000e+00,2.033399802602165e+03,2.033399802602165e+03,-1.927030417946680e+03,4.417332745106102e-01,1.000000000000000e+03,1.000000000000000e+00,
7.506086956000649e-08,0.000000000000000e+00,-7.506127455609345e-08,4.813460294840642e+03,4.813460294803112e+03,1.203190029885784e+03,7.506086956000649e-08,0.000000000000000e+00,-1.000000000000000e+03,3.208973529868741e+03,3.753043478036247e-08,2.669320037332176e+05,3.746272406527264e-06,8.384514248900437e+08,0.000000000000000e+00,8.110179194886769e-20,6.412742515532743e+10,6.412742515532744e+10,-7.124586408708907e+00,7.506086956000649e-08,1.000000000000000e+00,0.000000000000000e+00,-1.000005110486953e+00,1.000000000004786e+00,-8.933757570620720e-01,7.506086956036571e-08,1.000000000000000e+03,1.000000000000000e+00,
7.506089567640879e-08,0.000000000000000e+00,-7.649556897469184e-08,4.813463361726615e+03,4.813463361689084e+03,1.203190377862123e+03,7.506089567640879e-08,0.000000000000000e+00,-1.000000000000000e+03,3.208975574459390e+03,3.753090691107246e-08,2.669320423331114e+05,3.746294776927133e-06,8.384514279415534e+08,0.000000000000000e+00,5.491347647157418e-13,6.412744370171336e+10,6.412744370171336e+10,-7.124586257602112e+00,7.506089567640879e-08,1.000000000000000e+00,0.000000000000000e+00,-1.013585522521851e+00,1.000006115987027e+00,-8.303838500497559e-01,7.506135474787302e-08,1.000000000000000e+03,1.000000000000000e+00,
7.551774085046125e-08,0.000000000000000e+00,-7.868717330839652e-08,4.871070769274053e+03,4.871070769235205e+03,1.210224308640374e+03,7.551774085046125e-08,0.000000000000000e+00,-1.000000000000000e+03,3.247380512823471e+03,1.133586132386121e-08,2.677111565191129e+05,1.300779551635337e-06,8.304583544658597e+08,0.000000000000000e+00,-3.942541400648777e-08,6.450233699232085e+10,6.450233699232085e+10,-7.121951010643964e+00,7.551774085046125e-08,1.000000000000000e+00,0.000000000000000e+00,-1.019003241671520e+00,3.988755960380693e-01,-7.144247906590055e-01,5.114694180315675e-08,1.000000000000000e+03,1.000000000000000e+00,
1.476318191117525e-07,0.000000000000000e+00,-5.981801725206371e-08,1.247612592474332e+04,1.247612592473214e+04,1.527763314826920e+03,1.476318191117525e-07,0.000000000000000e+00,-1.000000000000000e+03,8.317417283154760e+03,2.200813586778899e-12,3.007887389620838e+05,1.328054327524604e-08,7.403681300154513e+08,0.000000000000000e+00,-2.658654183264645e-04,8.142647893776050e+10,8.142647893776050e+10,-6.830820028858811e+00,1.476318191117525e-07,1.000000000000000e+00,0.000000000000000e+00,-3.891585996010460e-01,4.102444155269952e-03,-1.724060767162231e-01,1.072927992914546e-09,1.000000000000000e+03,1.000000000000000e+00,
1.762516461301176e-06,0.000000000000000e+00,2.903131688928914e-03,1.434229530160234e+05,1.434205620671192e+05,1.502213840227528e+03,1.762516461301176e-06,0.000000000000000e+00,-1.000000000000000e+03,9.561370804474616e+04,2.390948904114393e+00,2.982630219286981e+05,5.477920057074090e-03,6.541685562286962e+08,0.000000000000000e+00,-7.182978275304947e-06,8.006474722503514e+10,8.006474722503514e+10,-5.753866818155639e+00,1.762516461301176e-06,1.000000000000000e+00,0.000000000000000e+00,1.647151531728493e+03,1.647151531728493e+03,-9.474952441816204e+02,2.903131688928914e-03,1.000000000000000e+03,1.000000000000000e+00,
1.944111547624440e-05,0.000000000000000e+00,4.157805458096031e-02,1.556486346437115e+06,1.556441885649234e+06,1.499896813409090e+03,1.944111547624440e-05,0.000000000000000e+00,-1.000000000000000e+03,1.037627923766156e+06,4.446078788147984e+01,2.980329115106192e+05,6.921891075552608e-03,5.688201639521776e+08,0.000000000000000e+00,4.758282073464670e-08,7.994125470914690e+10,7.994125470914691e+10,-4.711278820105252e+00,1.944111547624440e-05,1.000000000000000e+00,0.000000000000000e+00,2.062953795237202e+03,2.062953795237202e+03,-1.453019373607355e+03,4.157805458096031e-02,1.000000000000000e+03,1.000000000000000e+00,
2.142425374420161e-04,0.000000000000000e+00,4.417332745106102e-01,1.712734376108755e+07,1.712688836999636e+07,1.499903041354168e+03,2.142425374420161e-04,0.000000000000000e+00,-1.000000000000000e+03,1.141792557999757e+07,4.553910911895283e+02,2.980335302634097e+05,6.805933892656700e-03,4.840308977639105e+08,0.000000000000000e+00,8.214860156135728e-08,7.994158664514365e+10,7.994158664514365e+10,-3.669094296612220e+00,2.142425374420161e-04,1.000000000000000e+00,0.000000000000000e+00,2.033399802602165e+03,2.033399802602165e+03,-1.688492029979848e+03,4.417332745106102e-01,1.000000000000000e+03,1.000000000000000e+00,

64,28
1.722877179704621e-02,0.000000000000000e+00,3.484797923137548e+01,1.700038996618587e+09,1.700003753779723e+09,1.853023660070271e+03,1.722877179704621e-02,0.000000000000000e+00,-1.000000000000000e+03,1.133335835853149e+09,3.524283886326061e+04,3.312638283028178e+05,6.804062335161926e-03,4.827375174914580e+08,2.500000000000000e-07,5.053961212004415e-04,9.876215154765486e+10,9.876215154765486e+10,-1.763745681389904e+00,1.722877179704621e-02,1.000000000000000e+00,0.000000000000000e+00,2.033220574931177e+03,2.033220574931177e+03,-1.223488664110797e+03,3.484797923137548e+01,1.000000000000000e+03,1.000000000000000e+00,
1.722877179704621e-02,0.000000000000000e+00,3.484797923137548e+01,1.700038996618587e+09,1.700003753779723e+09,1.853023660070271e+03,1.722877179704621e-02,0.000000000000000e+00,-1.000000000000000e+03,1.133335835853149e+09,3.524283886326061e+04,3.312638283028178e+05,6.804062335161926e-03,4.827375174914580e+08,2.500000000000000e-07,5.053961212004415e-04,9.876215154765486e+10,9.876215154765486e+10,-1.763745681389904e+00,1.722877179704621e-02,1.000000000000000e+00,0.000000000000000e+00,2.033220574931177e+03,2.033220574931177e+03,-1.223488664110797e+03,3.484797923137548e+01,1.000000000000000e+03,1.000000000000000e+00,
1.722877179704621e-02,0.000000000000000e+00,3.484797923137548e+01,1.700038996618587e+09,1.700003753779723e+09,1.853023660070271e+03,1.722877179704621e-02,0.000000000000000e+00,-1.000000000000000e+03,1.133335835853149e+09,3.524283886326061e+04,3.312638283028178e+05,6.804062335161926e-03,4.827375174914580e+08,2.500000000000000e-07,5.053961212004415e-04,9.876215154765486e+10,9.876215154765486e+10,-1.763745681389904e+00,1.722877179704621e-02,1.000000000000000e+00,0.000000000000000e+00,2.033220574931177e+03,2.033220574931177e+03,-1.441443189463646e+03,3.484797923137548e+01,1.000000000000000e+03,1.000000000000000e+00,
1.722877179704621e-02,0.000000000000000e+00,3.484797923137548e+01,1.700038996618587e+09,1.700003753779723e+09,1.853023660070271e+03,1.722877179704621e-02,0.000000000000000e+00,-1.000000000000000e+03,1.133335835853149e+09,3.524283886326061e+04,3.312638283028178e+05,6.804062335161926e-03,4.827375174914580e+08,2.500000000000000e-07,5.053961212004415e-04,9.876215154765486e+10,9.876215154765486e+10,-1.763745681389904e+00,1.722877179704621e-02,1.000000000000000e+00,0.000000000000000e+00,2.033220574931177e+03,2.033220574931177e+03,-1.695121004945028e+03,3.484797923137548e+01,1.000000000000000e+03,1.000000000000000e+00,
1.722877179704621e-02,0.000000000000000e+00,3.484797923137548e+01,1.700038996618587e+09,1.700003753779723e+09,1.853023660070271e+03,1.722877179704621e-02,0.000000000000000e+00,-1.000000000000000e+03,1.133335835853149e+09,3.524283886326061e+04,3.312638283028178e+05,6.804062335161926e-03,4.827375174914580e+08,2.500000000000000e-07,5.053961212004415e-04,9.876215154765486e+10,9.876215154765486e+10,-1.763745681389904e+00,1.722877179704621e-02,1.000000000000000e+00,0.000000000000000e+00,2.033220574931177e+03,2.033220574931177e+03,-1.930879119927445e+03,3.484797923137548e+01,1.000000000000000e+03,1.000000000000000e+00,
1.722877179704621e-02,0.000000000000000e+00,3.484797923137548e+01,1.700038996618587e+09,1.700003753779723e+09,1.853023660070271e+03,1.722877179704621e-02,0.000000000000000e+00,-1.000000000000000e+03,1.133335835853149e+09,3.524283886326061e+04,3.312638283028178e+05,6.804062335161926e-03,4.827375174914580e+08,2.500000000000000e-07,5.053961212004415e-04,9.876215154765486e+10,9.876215154765486e+10,-1.763745681389904e+00,1.722877179704621e-02,1.000000000000000e+00,0.000000000000000e+00,2.033220574931177e+03,2.033220574931177e+03,-1.930879119927445e+03,3.484797923137548e+01,1.000000000000000e+03,1.000000000000000e+00,
1.722877179704621e-02,0.000000000000000e+00,3.484797923137548e+01,1.700038996618587e+09,1.700003753779723e+09,1.853023660070271e+03,1.722877179704621e-02,0.000000000000000e+00,-1.000000000000000e+03,1.133335835853149e+09,3.524283886326061e+04,3.312638283028178e+05,6.804062335161926e-03,4.827375174914580e+08,2.500000000000000e-07,5.053961212004415e-04,9.876215154765486e+10,9.876215154765486e+10,-1.763745681389904e+00,1.722877179704621e-02,1.000000000000000e+00,0.000000000000000e+00,2.033220574931177e+03,2.033220574931177e+03,-1.695121004945028e+03,3.484797923137548e+01,1.000000000000000e+03,1.000000000000000e+00,
1.722877179704621e-02,0.000000000000000e+00,3.484797923137548e+01,1.700038996618587e+09,1.700003753779723e+09,1.853023660070271e+03,1.722877179704621e-02,0.000000000000000e+00,-1.000000000000000e+03,1.133335835853149e+09,3.524283886326061e+04,3.312638283028178e+05,6.804062335161926e-03,4.827375174914580e+08,2.500000000000000e-07,5.053961212004415e-04,9.876215154765486e+10,9.876215154765486e+10,-1.763745681389904e+00,1.722877179704621e-02,1.000000000000000e+00,0.000000000000000e+00,2.033220574931177e+03,2.033220574931177e+03,-1.441443189463646e+03,3.484797923137548e+01,1.000000000000000e+03,1.000000000000000e+00,
7.506089095838955e-08,0.000000000000000e+00,-7.506086956036571e-08,4.813462806006411e+03,4.813462805968879e+03,1.203190314579925e+03,7.506089095838955e-08,0.000000000000000e+00,-1.000000000000000e+03,3.208975203979253e+03,3.753082907787886e-08,2.669320353134215e+05,3.746291108569207e-06,8.384514273717244e+08,0.000000000000000e+00,4.632156265227394e-13,6.412744032890912e+10,6.412744032890911e+10,-7.124586284900079e+00,7.506089095838955e-08,1.000000000000000e+00,0.000000000000000e+00,-1.000000000004786e+00,1.000005110486953e+00,-6.017521816466304e-01,7.506127455609345e-08,1.000000000000000e+03,1.000000000000000e+00,
7.547026597653753e-08,0.000000000000000e+00,-7.506135474787302e-08,4.864983827197741e+03,4.864983827158973e+03,1.209472344551922e+03,7.547026597653753e-08,0.000000000000000e+00,-1.000000000000000e+03,3.243322551439316e+03,3.876740062490966e-08,2.676279734039829e+05,3.787292896291708e-06,8.385357180686682e+08,0.000000000000000e+00,3.689208772916231e-10,6.446225893349066e+10,6.446225893349067e+10,-7.122224119440972e+00,7.547026597653753e-08,1.000000000000000e+00,0.000000000000000e+00,-1.000006115987027e+00,1.013585522521851e+00,-4.554144276245119e-01,7.649556897469184e-08,1.000000000000000e+03,1.000000000000000e+00,
1.424982686479484e-07,0.000000000000000e+00,-5.114694180315675e-08,1.205923135585920e+04,1.205923135584786e+04,1.648597793207796e+03,1.424982686479484e-07,0.000000000000000e+00,-1.000000000000000e+03,8.039487570565243e+03,3.980729656455749e-08,3.124574551951527e+05,3.793056538415500e-06,8.462400646890870e+08,0.000000000000000e+00,3.635010177981956e-10,8.786669517632773e+10,8.786669517632774e+10,-6.846190412295542e+00,1.424982686479484e-07,1.000000000000000e+00,0.000000000000000e+00,-3.988755960380693e-01,1.019003241671520e+00,-9.763167969708252e-02,7.868717330839652e-08,1.000000000000000e+03,1.000000000000000e+00,
1.697601916684973e-06,0.000000000000000e+00,2.773564877024550e-03,1.382320124574779e+05,1.382297467136508e+05,1.655635991639293e+03,1.697601916684973e-06,0.000000000000000e+00,-1.000000000000000e+03,9.215316447576723e+04,2.265743827058764e+00,3.131237169831670e+05,5.431764084514662e-03,8.291259304922495e+08,0.000000000000000e+00,3.730819010494542e-06,8.824181592361902e+10,8.824181592361902e+10,-5.770164143100347e+00,1.697601916684973e-06,1.000000000000000e+00,0.000000000000000e+00,1.633813469320702e+03,1.633813469320702e+03,2.111118646956620e+02,2.773564877024550e-03,1.000000000000000e+03,1.000000000000000e+00,
1.872570148007964e-05,0.000000000000000e+00,4.004877137445614e-02,1.499311381889211e+06,1.499268555614042e+06,1.526752572322114e+03,1.872570148007964e-05,0.000000000000000e+00,-1.000000000000000e+03,9.995123704093614e+05,4.282627516810753e+01,3.006892241155272e+05,7.170537110882136e-03,7.389994884602921e+08,0.000000000000000e+00,-1.166231511217575e-08,8.137260854927798e+10,8.137260854927798e+10,-4.727561904297576e+00,1.872570148007964e-05,1.000000000000000e+00,0.000000000000000e+00,2.138706067543582e+03,2.138706067543582e+03,-3.223382343908115e+00,4.004877137445614e-02,1.000000000000000e+03,1.000000000000000e+00,
2.063569418495564e-04,0.000000000000000e+00,4.257048363620848e-01,1.649691105440388e+07,1.649647194969997e+07,1.502111433487703e+03,2.063569418495564e-04,0.000000000000000e+00,-1.000000000000000e+03,1.099764796646665e+07,4.391047039119973e+02,2.982528553786909e+05,7.170647521619990e-03,6.528327189379438e+08,0.000000000000000e+00,7.545698482548460e-07,8.005928916738806e+10,8.005928916738806e+10,-3.685380916870176e+00,2.063569418495564e-04,1.000000000000000e+00,0.000000000000000e+00,2.138666098237295e+03,2.138666098237295e+03,-5.234754032487474e+02,4.257048363620848e-01,1.000000000000000e+03,1.000000000000000e+00,
2.260377681423703e-03,0.000000000000000e+00,4.596251531213296e+00,1.815953807466324e+08,1.815907077381543e+08,1.507311570184811e+03,2.260377681423703e-03,0.000000000000000e+00,-1.000000000000000e+03,1.210604718254362e+08,4.673008478139507e+03,2.987686678526385e+05,6.918139007728985e-03,5.674877658015859e+08,0.000000000000000e+00,5.471525561864609e-07,8.033644520139616e+10,8.033644520139618e+10,-2.645818989501189e+00,2.260377681423703e-03,1.000000000000000e+00,0.000000000000000e+00,2.061837391326471e+03,2.061837391326471e+03,-9.264048021221803e+02,4.596251531213296e+00,1.000000000000000e+03,1.000000000000000e+00,
7.506089095838955e-08,0.000000000000000e+00,-7.506086956036571e-08,4.813462806006411e+03,4.813462805968879e+03,1.203190314579925e+03,7.506089095838955e-08,0.000000000000000e+00,-1.000000000000000e+03,3.208975203979253e+03,3.753082907787886e-08,2.669320353134215e+05,3.746291108569207e-06,8.384514273717244e+08,0.000000000000000e+00,4.632156265227394e-13,6.412744032890912e+10,6.412744032890911e+10,-7.124586284900079e+00,7.506089095838955e-08,1.000000000000000e+00,0.000000000000000e+00,-1.000000000004786e+00,1.000005110486953e+00,-6.017521816466304e-01,7.506127455609345e-08,1.000000000000000e+03,1.000000000000000e+00,
7.547026597653753e-08,0.000000000000000e+00,-7.506135474787302e-08,4.864983827197741e+03,4.864983827158973e+03,1.209472344551922e+03,7.547026597653753e-08,0.000000000000000e+00,-1.000000000000000e+03,3.243322551439316e+03,3.876740062490966e-08,2.676279734039829e+05,3.787292896291708e-06,8.385357180686682e+08,0.000000000000000e+00,3.689208772916231e-10,6.446225893349066e+10,6.446225893349067e+10,-7.122224119440972e+00,7.547026597653753e-08,1.000000000000000e+00,0.000000000000000e+00,-1.000006115987027e+00,1.013585522521851e+00,-4.554144276245119e-01,7.649556897469184e-08,1.000000000000000e+03,1.000000000000000e+00,
1.424982686479484e-07,0.000000000000000e+00,-5.114694180315675e-08,1.205923135585920e+04,1.205923135584786e+04,1.648597793207796e+03,1.424982686479484e-07,0.000000000000000e+00,-1.000000000000000e+03,8.039487570565243e+03,3.980729656455749e-08,3.124574551951527e+05,3.793056538415500e-06,8.462400646890870e+08,0.000000000000000e+00,3.635010177981956e-10,8.786669517632773e+10,8.786669517632774e+10,-6.846190412295542e+00,1.424982686479484e-07,1.000000000000000e+00,0.000000000000000e+00,-3.988755960380693e-01,1.019003241671520e+00,-9.763167969708252e-02,7.868717330839652e-08,1.000000000000000e+03,1.000000000000000e+00,
1.697601916684973e-06,0.000000000000000e+00,2.773564877024550e-03,1.382320124574779e+05,1.382297467136508e+05,1.655635991639293e+03,1.697601916684973e-06,0.000000000000000e+00,-1.000000000000000e+03,9.215316447576723e+04,2.265743827058764e+00,3.131237169831670e+05,5.431764084514662e-03,8.291259304922495e+08,0.000000000000000e+00,3.730819010494542e-06,8.824181592361902e+10,8.824181592361902e+10,-5.770164143100347e+00,1.697601916684973e-06,1.000000000000000e+00,0.000000000000000e+00,1.633813469320702e+03,1.633813469320702e+03,2.111118646956620e+02,2.773564877024550e-03,1.000000000000000e+03,1.000000000000000e+00,
1.872570148007964e-05,0.000000000000000e+00,4.004877137445614e-02,1.499311381889211e+06,1.499268555614042e+06,1.526752572322114e+03,1.872570148007964e-05,0.000000000000000e+00,-1.000000000000000e+03,9.995123704093614e+05,4.282627516810753e+01,3.006892241155272e+05,7.170537110882136e-03,7.389994884602921e+08,0.000000000000000e+00,-1.166231511217575e-08,8.137260854927798e+10,8.137260854927798e+10,-4.727561904297576e+00,1.872570148007964e-05,1.000000000000000e+00,0.000000000000000e+00,2.138706067543582e+03,2.138706067543582e+03,-3.223382343908115e+00,4.004877137445614e-02,1.000000000000000e+03,1.000000000000000e+00,
2.063569418495564e-04,0.000000000000000e+00,4.257048363620848e-01,1.649691105440388e+07,1.649647194969997e+07,1.502111433487703e+03,2.063569418495564e-04,0.000000000000000e+00,-1.000000000000000e+03,1.099764796646665e+07,4.391047039119973e+02,2.982528553786909e+05,7.170647521619990e-03,6.528327189379438e+08,0.000000000000000e+00,7.545698482548460e-07,8.005928916738806e+10,8.005928916738806e+10,-3.685380916870176e+00,2.063569418495564e-04,1.000000000000000e+00,0.000000000000000e+00,2.138666098237295e+03,2.138666098237295e+03,-5.234754032487474e+02,4.257048363620848e-01,1.000000000000000e+03,1.000000000000000e+00,
2.260377681423703e-03,0.000000000000000e+00,4.596251531213296e+00,1.815953807466324e+08,1.815907077381543e+08,1.507311570184811e+03,2.260377681423703e-03,0.000000000000000e+00,-1.000000000000000e+03,1.210604718254362e+08,4.673008478139507e+03,2.987686678526385e+05,6.918139007728985e-03,5.674877658015859e+08,0.000000000000000e+00,5.471525561864609e-07,8.033644520139616e+10,8.033644520139618e+10,-2.645818989501189e+00,2.260377681423703e-03,1.000000000000000e+00,0.000000000000000e+00,2.061837391326471e+03,2.061837391326471e+03,-9.264048021221803e+02,4.596251531213296e+00,1.000000000000000e+03,1.000000000000000e+00,
7.506089095838955e-08,0.000000000000000e+00,-7.506086956036571e-08,4.813462806006411e+03,4.813462805968879e+03,1.203190314579925e+03,7.506089095838955e-08,0.000000000000000e+00,-1.000000000000000e+03,3.208975203979253e+03,3.753082907787886e-08,2.669320353134215e+05,3.746291108569207e-06,8.384514273717244e+08,0.000000000000000e+00,4.632156265227394e-13,6.412744032890912e+10,6.412744032890911e+10,-7.124586284900079e+00,7.506089095838955e-08,1.000000000000000e+00,0.000000000000000e+00,-1.000000000004786e+00,1.000005110486953e+00,-7.089494242350219e-01,7.506127455609345e-08,1.000000000000000e+03,1.000000000000000e+00,
7.547026597653753e-08,0.000000000000000e+00,-7.506135474787302e-08,4.864983827197741e+03,4.864983827158973e+03,1.209472344551922e+03,7.547026597653753e-08,0.000000000000000e+00,-1.000000000000000e+03,3.243322551439316e+03,3.876740062490966e-08,2.676279734039829e+05,3.787292896291708e-06,8.385357180686682e+08,0.000000000000000e+00,3.689208772916231e-10,6.446225893349066e+10,6.446225893349067e+10,-7.122224119440972e+00,7.547026597653753e-08,1.000000000000000e+00,0.000000000000000e+00,-1.000006115987027e+00,1.013585522521851e+00,-5.647691763657846e-01,7.649556897469184e-08,1.000000000000000e+03,1.000000000000000e+00,
1.424982686479484e-07,0.000000000000000e+00,-5.114694180315675e-08,1.205923135585920e+04,1.205923135584786e+04,1.648597793207796e+03,1.424982686479484e-07,0.000000000000000e+00,-1.000000000000000e+03,8.039487570565243e+03,3.980729656455749e-08,3.124574551951527e+05,3.793056538415500e-06,8.462400646890870e+08,0.000000000000000e+00,3.635010177981956e-10,8.786669517632773e+10,8.786669517632774e+10,-6.846190412295542e+00,1.424982686479484e-07,1.000000000000000e+00,0.000000000000000e+00,-3.988755960380693e-01,1.019003241671520e+00,-1.273192862867419e-01,7.868717330839652e-08,1.000000000000000e+03,1.000000000000000e+00,
1.697601916684973e-06,0.000000000000000e+00,2.773564877024550e-03,1.382320124574779e+05,1.382297467136508e+05,1.655635991639293e+03,1.697601916684973e-06,0.000000000000000e+00,-1.000000000000000e+03,9.215316447576723e+04,2.265743827058764e+00,3.131237169831670e+05,5.431764084514662e-03,8.291259304922495e+08,0.000000000000000e+00,3.730819010494542e-06,8.824181592361902e+10,8.824181592361902e+10,-5.770164143100347e+00,1.697601916684973e-06,1.000000000000000e+00,0.000000000000000e+00,1.633813469320702e+03,1.633813469320702e+03,3.089513899397939e+02,2.773564877024550e-03,1.000000000000000e+03,1.000000000000000e+00,
1.872570148007964e-05,0.000000000000000e+00,4.004877137445614e-02,1.499311381889211e+06,1.499268555614042e+06,1.526752572322114e+03,1.872570148007964e-05,0.000000000000000e+00,-1.000000000000000e+03,9.995123704093614e+05,4.282627516810753e+01,3.006892241155272e+05,7.170537110882136e-03,7.389994884602921e+08,0.000000000000000e+00,-1.166231511217575e-08,8.137260854927798e+10,8.137260854927798e+10,-4.727561904297576e+00,1.872570148007964e-05,1.000000000000000e+00,0.000000000000000e+00,2.138706067543582e+03,2.138706067543582e+03,-4.300642081782796e+00,4.004877137445614e-02,1.000000000000000e+03,1.000000000000000e+00,
2.063569418495564e-04,0.000000000000000e+00,4.257048363620848e-01,1.649691105440388e+07,1.649647194969997e+07,1.502111433487703e+03,2.063569418495564e-04,0.000000000000000e+00,-1.000000000000000e+03,1.099764796646665e+07,4.391047039119973e+02,2.982528553786909e+05,7.170647521619990e-03,6.528327189379438e+08,0.000000000000000e+00,7.545698482548460e-07,8.005928916738806e+10,8.005928916738806e+10,-3.685380916870176e+00,2.063569418495564e-04,1.000000000000000e+00,0.000000000000000e+00,2.138666098237295e+03,2.138666098237295e+03,-6.826525461518469e+02,4.257048363620848e-01,1.000000000000000e+03,1.000000000000000e+00,
2.260377681423703e-03,0.000000000000000e+00,4.596251531213296e+00,1.815953807466324e+08,1.815907077381543e+08,1.507311570184811e+03,2.260377681423703e-03,0.000000000000000e+00,-1.000000000000000e+03,1.210604718254362e+08,4.673008478139507e+03,2.987686678526385e+05,6.918139007728985e-03,5.674877658015859e+08,0.000000000000000e+00,5.471525561864609e-07,8.033644520139616e+10,8.033644520139618e+10,-2.645818989501189e+00,2.260377681423703e-03,1.000000000000000e+00,0.000000000000000e+00,2.061837391326471e+03,2.061837391326471e+03,-1.148854417733187e+03,4.596251531213296e+00,1.000000000000000e+03,1.000000000000000e+00,
7.506089095838955e-08,0.000000000000000e+00,-7.506086956036571e-08,4.813462806006411e+03,4.813462805968879e+03,1.203190314579925e+03,7.506089095838955e-08,0.000000000000000e+00,-1.000000000000000e+03,3.208975203979253e+03,3.753082907787886e-08,2.669320353134215e+05,3.746291108569207e-06,8.384514273717244e+08,0.000000000000000e+00,4.632156265227394e-13,6.412744032890912e+10,6.412744032890911e+10,-7.124586284900079e+00,7.506089095838955e-08,1.000000000000000e+00,0.000000000000000e+00,-1.000000000004786e+00,1.000005110486953e+00,-8.337165621571511e-01,7.506127455609345e-08,1.000000000000000e+03,1.000000000000000e+00,
7.547026597653753e-08,0.000000000000000e+00,-7.506135474787302e-08,4.864983827197741e+03,4.864983827158973e+03,1.209472344551922e+03,7.547026597653753e-08,0.000000000000000e+00,-1.000000000000000e+03,3.243322551439316e+03,3.876740062490966e-08,2.676279734039829e+05,3.787292896291708e-06,8.385357180686682e+08,0.000000000000000e+00,3.689208772916231e-10,6.446225893349066e+10,6.446225893349067e+10,-7.122224119440972e+00,7.547026597653753e-08,1.000000000000000e+00,0.000000000000000e+00,-1.000006115987027e+00,1.013585522521851e+00,-7.195073678260725e-01,7.649556897469184e-08,1.000000000000000e+03,1.000000000000000e+00,
1.424982686479484e-07,0.000000000000000e+00,-5.114694180315675e-08,1.205923135585920e+04,1.205923135584786e+04,1.648597793207796e+03,1.424982686479484e-07,0.000000000000000e+00,-1.000000000000000e+03,8.039487570565243e+03,3.980729656455749e-08,3.124574551951527e+05,3.793056538415500e-06,8.462400646890870e+08,0.000000000000000e+00,3.635010177981956e-10,8.786669517632773e+10,8.786669517632774e+10,-6.846190412295542e+00,1.424982686479484e-07,1.000000000000000e+00,0.000000000000000e+00,-3.988755960380693e-01,1.019003241671520e+00,-1.800555590182764e-01,7.868717330839652e-08,1.000000000000000e+03,1.000000000000000e+00,
1.697601916684973e-06,0.000000000000000e+00,2.773564877024550e-03,1.382320124574779e+05,1.382297467136508e+05,1.655635991639293e+03,1.697601916684973e-06,0.000000000000000e+00,-1.000000000000000e+03,9.215316447576723e+04,2.265743827058764e+00,3.131237169831670e+05,5.431764084514662e-03,8.291259304922495e+08,0.000000000000000e+00,3.730819010494542e-06,8.824181592361902e+10,8.824181592361902e+10,-5.770164143100347e+00,1.697601916684973e-06,1.000000000000000e+00,0.000000000000000e+00,1.633813469320702e+03,1.633813469320702e+03,5.517270301571872e+02,2.773564877024550e-03,1.000000000000000e+03,1.000000000000000e+00,
1.872570148007964e-05,0.000000000000000e+00,4.004877137445614e-02,1.499311381889211e+06,1.499268555614042e+06,1.526752572322114e+03,1.872570148007964e-05,0.000000000000000e+00,-1.000000000000000e+03,9.995123704093614e+05,4.282627516810753e+01,3.006892241155272e+05,7.170537110882136e-03,7.389994884602921e+08,0.000000000000000e+00,-1.166231511217575e-08,8.137260854927798e+10,8.137260854927798e+10,-4.727561904297576e+00,1.872570148007964e-05,1.000000000000000e+00,0.000000000000000e+00,2.138706067543582e+03,2.138706067543582e+03,-6.459368103331502e+00,4.004877137445614e-02,1.000000000000000e+03,1.000000000000000e+00,
2.063569418495564e-04,0.000000000000000e+00,4.257048363620848e-01,1.649691105440388e+07,1.649647194969997e+07,1.502111433487703e+03,2.063569418495564e-04,0.000000000000000e+00,-1.000000000000000e+03,1.099764796646665e+07,4.391047039119973e+02,2.982528553786909e+05,7.170647521619990e-03,6.528327189379438e+08,0.000000000000000e+00,7.545698482548460e-07,8.005928916738806e+10,8.005928916738806e+10,-3.685380916870176e+00,2.063569418495564e-04,1.000000000000000e+00,0.000000000000000e+00,2.138666098237295e+03,2.138666098237295e+03,-9.654105783769227e+02,4.257048363620848e-01,1.000000000000000e+03,1.000000000000000e+00,
2.260377681423703e-03,0.000000000000000e+00,4.596251531213296e+00,1.815953807466324e+08,1.815907077381543e+08,1.507311570184811e+03,2.260377681423703e-03,0.000000000000000e+00,-1.000000000000000e+03,1.210604718254362e+08,4.673008478139507e+03,2.987686678526385e+05,6.918139007728985e-03,5.674877658015859e+08,0.000000000000000e+00,5.471525561864609e-07,8.033644520139616e+10,8.033644520139618e+10,-2.645818989501189e+00,2.260377681423703e-03,1.000000000000000e+00,0.000000000000000e+00,2.061837391326471e+03,2.061837391326471e+03,-1.463623109599717e+03,4.596251531213296e+00,1.000000000000000e+03,1.000000000000000e+00,
7.506089095838955e-08,0.000000000000000e+00,-7.506086956036571e-08,4.813462806006411e+03,4.813462805968879e+03,1.203190314579925e+03,7.506089095838955e-08,0.000000000000000e+00,-1.000000000000000e+03,3.208975203979253e+03,3.753082907787886e-08,2.669320353134215e+05,3.746291108569207e-06,8.384514273717244e+08,0.000000000000000e+00,4.632156265227394e-13,6.412744032890912e+10,6.412744032890911e+10,-7.124586284900079e+00,7.506089095838955e-08,1.000000000000000e+00,0.000000000000000e+00,-1.000000000004786e+00,1.000005110486953e+00,-9.496701988299294e-01,7.506127455609345e-08,1.000000000000000e+03,1.000000000000000e+00,
7.547026597653753e-08,0.000000000000000e+00,-7.506135474787302e-08,4.864983827197741e+03,4.864983827158973e+03,1.209472344551922e+03,7.547026597653753e-08,0.000000000000000e+00,-1.000000000000000e+03,3.243322551439316e+03,3.876740062490966e-08,2.676279734039829e+05,3.787292896291708e-06,8.385357180686682e+08,0.000000000000000e+00,3.689208772916231e-10,6.446225893349066e+10,6.446225893349067e+10,-7.122224119440972e+00,7.547026597653753e-08,1.000000000000000e+00,0.000000000000000e+00,-1.000006115987027e+00,1.013585522521851e+00,-9.086899781962876e-01,7.649556897469184e-08,1.000000000000000e+03,1.000000000000000e+00,
1.424982686479484e-07,0.000000000000000e+00,-5.114694180315675e-08,1.205923135585920e+04,1.205923135584786e+04,1.648597793207796e+03,1.424982686479484e-07,0.000000000000000e+00,-1.000000000000000e+03,8.039487570565243e+03,3.980729656455749e-08,3.124574551951527e+05,3.793056538415500e-06,8.462400646890870e+08,0.000000000000000e+00,3.635010177981956e-10,8.786669517632773e+10,8.786669517632774e+10,-6.846190412295542e+00,1.424982686479484e-07,1.000000000000000e+00,0.000000000000000e+00,-3.988755960380693e-01,1.019003241671520e+00,-2.842424617273595e-01,7.868717330839652e-08,1.000000000000000e+03,1.000000000000000e+00,
1.697601916684973e-06,0.000000000000000e+00,2.773564877024550e-03,1.382320124574779e+05,1.382297467136508e+05,1.655635991639293e+03,1.697601916684973e-06,0.000000000000000e+00,-1.000000000000000e+03,9.215316447576723e+04,2.265743827058764e+00,3.131237169831670e+05,5.431764084514662e-03,8.291259304922495e+08,0.000000000000000e+00,3.730819010494542e-06,8.824181592361902e+10,8.824181592361902e+10,-5.770164143100347e+00,1.697601916684973e-06,1.000000000000000e+00,0.000000000000000e+00,1.633813469320702e+03,1.633813469320702e+03,1.580124281184497e+03,2.773564877024550e-03,1.000000000000000e+03,1.000000000000000e+00,
1.872570148007964e-05,0.000000000000000e+00,4.004877137445614e-02,1.499311381889211e+06,1.499268555614042e+06,1.526752572322114e+03,1.872570148007964e-05,0.000000000000000e+00,-1.000000000000000e+03,9.995123704093614e+05,4.282627516810753e+01,3.006892241155272e+05,7.170537110882136e-03,7.389994884602921e+08,0.000000000000000e+00,-1.166231511217575e-08,8.137260854927798e+10,8.137260854927798e+10,-4.727561904297576e+00,1.872570148007964e-05,1.000000000000000e+00,0.000000000000000e+00,2.138706067543582e+03,2.138706067543582e+03,-1.296929505750505e+01,4.004877137445614e-02,1.000000000000000e+03,1.000000000000000e+00,
2.063569418495564e-04,0.000000000000000e+00,4.257048363620848e-01,1.649691105440388e+07,1.649647194969997e+07,1.502111433487703e+03,2.063569418495564e-04,0.000000000000000e+00,-1.000000000000000e+03,1.099764796646665e+07,4.391047039119973e+02,2.982528553786909e+05,7.170647521619990e-03,6.528327189379438e+08,0.000000000000000e+00,7.545698482548460e-07,8.005928916738806e+10,8.005928916738806e+10,-3.685380916870176e+00,2.063569418495564e-04,1.000000000000000e+00,0.000000000000000e+00,2.138666098237295e+03,2.138666098237295e+03,-1.524033364321934e+03,4.257048363620848e-01,1.000000000000000e+03,1.000000000000000e+00,
2.260377681423703e-03,0.000000000000000e+00,4.596251531213296e+00,1.815953807466324e+08,1.815907077381543e+08,1.507311570184811e+03,2.260377681423703e-03,0.000000000000000e+00,-1.000000000000000e+03,1.210604718254362e+08,4.673008478139507e+03,2.987686678526385e+05,6.918139007728985e-03,5.674877658015859e+08,0.000000000000000e+00,5.471525561864609e-07,8.033644520139616e+10,8.033644520139618e+10,-2.645818989501189e+00,2.260377681423703e-03,1.000000000000000e+00,0.000000000000000e+00,2.061837391326471e+03,2.061837391326471e+03,-1.848458696911145e+03,4.596251531213296e+00,1.000000000000000e+03,1.000000000000000e+00,
7.506089095838955e-08,0.000000000000000e+00,-7.506086956036571e-08,4.813462806006411e+03,4.813462805968879e+03,1.203190314579925e+03,7.506089095838955e-08,0.000000000000000e+00,-1.000000000000000e+03,3.208975203979253e+03,3.753082907787886e-08,2.669320353134215e+05,3.746291108569207e-06,8.384514273717244e+08,0.000000000000000e+00,4.632156265227394e-13,6.412744032890912e+10,6.412744032890911e+10,-7.124586284900079e+00,7.506089095838955e-08,1.000000000000000e+00,0.000000000000000e+00,-1.000000000004786e+00,1.000005110486953e+00,-9.496701988299294e-01,7.506127455609345e-08,1.000000000000000e+03,1.000000000000000e+00,
7.547026597653753e-08,0.000000000000000e+00,-7.506135474787302e-08,4.864983827197741e+03,4.864983827158973e+03,1.209472344551922e+03,7.547026597653753e-08,0.000000000000000e+00,-1.000000000000000e+03,3.243322551439316e+03,3.876740062490966e-08,2.676279734039829e+05,3.787292896291708e-06,8.385357180686682e+08,0.000000000000000e+00,3.689208772916231e-10,6.446225893349066e+10,6.446225893349067e+10,-7.122224119440972e+00,7.547026597653753e-08,1.000000000000000e+00,0.000000000000000e+00,-1.000006115987027e+00,1.013585522521851e+00,-9.086899781962876e-01,7.649556897469184e-08,1.000000000000000e+03,1.000000000000000e+00,
1.424982686479484e-07,0.000000000000000e+00,-5.114694180315675e-08,1.205923135585920e+04,1.205923135584786e+04,1.648597793207796e+03,1.424982686479484e-07,0.000000000000000e+00,-1.000000000000000e+03,8.039487570565243e+03,3.980729656455749e-08,3.124574551951527e+05,3.793056538415500e-06,8.462400646890870e+08,0.000000000000000e+00,3.635010177981956e-10,8.786669517632773e+10,8.786669517632774e+10,-6.846190412295542e+00,1.424982686479484e-07,1.000000000000000e+00,0.000000000000000e+00,-3.988755960380693e-01,1.019003241671520e+00,-2.842424617273595e-01,7.868717330839652e-08,1.000000000000000e+03,1.000000000000000e+00,
1.697601916684973e-06,0.000000000000000e+00,2.773564877024550e-03,1.382320124574779e+05,1.382297467136508e+05,1.655635991639293e+03,1.697601916684973e-06,0.000000000000000e+00,-1.000000000000000e+03,9.215316447576723e+04,2.265743827058764e+00,3.131237169831670e+05,5.431764084514662e-03,8.291259304922495e+08,0.000000000000000e+00,3.730819010494542e-06,8.824181592361902e+10,8.824181592361902e+10,-5.770164143100347e+00,1.697601916684973e-06,1.000000000000000e+00,0.000000000000000e+00,1.633813469320702e+03,1.633813469320702e+03,1.580124281184497e+03,2.773564877024550e-03,1.000000000000000e+03,1.000000000000000e+00,
1.872570148007964e-05,0.000000000000000e+00,4.004877137445614e-02,1.499311381889211e+06,1.499268555614042e+06,1.526752572322114e+03,1.872570148007964e-05,0.000000000000000e+00,-1.000000000000000e+03,9.995123704093614e+05,4.282627516810753e+01,3.006892241155272e+05,7.170537110882136e-03,7.389994884602921e+08,0.000000000000000e+00,-1.166231511217575e-08,8.137260854927798e+10,8.137260854927798e+10,-4.727561904297576e+00,1.872570148007964e-05,1.000000000000000e+00,0.000000000000000e+00,2.138706067543582e+03,2.138706067543582e+03,-1.296929505750505e+01,4.004877137445614e-02,1.000000000000000e+03,1.000000000000000e+00,
2.063569418495564e-04,0.000000000000000e+00,4.257048363620848e-01,1.649691105440388e+07,1.649647194969997e+07,1.502111433487703e+03,2.063569418495564e-04,0.000000000000000e+00,-1.000000000000000e+03,1.099764796646665e+07,4.391047039119973e+02,2.982528553786909e+05,7.170647521619990e-03,6.528327189379438e+08,0.000000000000000e+00,7.545698482548460e-07,8.005928916738806e+10,8.005928916738806e+10,-3.685380916870176e+00,2.063569418495564e-04,1.000000000000000e+00,0.000000000000000e+00,2.138666098237295e+03,2.138666098237295e+03,-1.524033364321934e+03,4.257048363620848e-01,1.000000000000000e+03,1.000000000000000e+00,
2.260377681423703e-03,0.000000000000000e+00,4.596251531213296e+00,1.815953807466324e+08,1.815907077381543e+08,1.507311570184811e+03,2.260377681423703e-03,0.000000000000000e+00,-1.000000000000000e+03,1.210604718254362e+08,4.673008478139507e+03,2.987686678526385e+05,6.918139007728985e-03,5.674877658015859e+08,0.000000000000000e+00,5.471525561864609e-07,8.033644520139616e+10,8.033644520139618e+10,-2.645818989501189e+00,2.260377681423703e-03,1.000000000000000e+00,0.000000000000000e+00,2.061837391326471e+03,2.061837391326471e+03,-1.848458696911145e+03,4.596251531213296e+00,1.000000000000000e+03,1.000000000000000e+00,
7.506089095838955e-08,0.000000000000000e+00,-7.506086956036571e-08,4.813462806006411e+03,4.813462805968879e+03,1.203190314579925e+03,7.506089095838955e-08,0.000000000000000e+00,-1.000000000000000e+03,3.208975203979253e+03,3.753082907787886e-08,2.669320353134215e+05,3.746291108569207e-06,8.384514273717244e+08,0.000000000000000e+00,4.632156265227394e-13,6.412744032890912e+10,6.412744032890911e+10,-7.124586284900079e+00,7.506089095838955e-08,1.000000000000000e+00,0.000000000000000e+00,-1.000000000004786e+00,1.000005110486953e+00,-8.337165621571511e-01,7.506127455609345e-08,1.000000000000000e+03,1.000000000000000e+00,
7.547026597653753e-08,0.000000000000000e+00,-7.506135474787302e-08,4.864983827197741e+03,4.864983827158973e+03,1.209472344551922e+03,7.547026597653753e-08,0.000000000000000e+00,-1.000000000000000e+03,3.243322551439316e+03,3.876740062490966e-08,2.676279734039829e+05,3.787292896291708e-06,8.385357180686682e+08,0.000000000000000e+00,3.689208772916231e-10,6.446225893349066e+10,6.446225893349067e+10,-7.122224119440972e+00,7.547026597653753e-08,1.000000000000000e+00,0.000000000000000e+00,-1.000006115987027e+00,1.013585522521851e+00,-7.195073678260725e-01,7.649556897469184e-08,1.000000000000000e+03,1.000000000000000e+00,
1.424982686479484e-07,0.000000000000000e+00,-5.114694180315675e-08,1.205923135585920e+04,1.205923135584786e+04,1.648597793207796e+03,1.424982686479484e-07,0.000000000000000e+00,-1.000000000000000e+03,8.039487570565243e+03,3.980729656455749e-08,3.124574551951527e+05,3.793056538415500e-06,8.462400646890870e+08,0.000000000000000e+00,3.635010177981956e-10,8.786669517632773e+10,8.786669517632774e+10,-6.846190412295542e+00,1.424982686479484e-07,1.000000000000000e+00,0.000000000000000e+00,-3.988755960380693e-01,1.019003241671520e+00,-1.800555590182764e-01,7.868717330839652e-08,1.000000000000000e+03,1.000000000000000e+00,
1.697601916684973e-06,0.000000000000000e+00,2.773564877024550e-03,1.382320124574779e+05,1.382297467136508e+05,1.655635991639293e+03,1.697601916684973e-06,0.000000000000000e+00,-1.000000000000000e+03,9.215316447576723e+04,2.265743827058764e+00,3.131237169831670e+05,5.431764084514662e-03,8.291259304922495e+08,0.000000000000000e+00,3.730819010494542e-06,8.824181592361902e+10,8.824181592361902e+10,-5.770164143100347e+00,1.697601916684973e-06,1.000000000000000e+00,0.000000000000000e+00,1.633813469320702e+03,1.633813469320702e+03,5.517270301571872e+02,2.773564877024550e-03,1.000000000000000e+03,1.000000000000000e+00,
1.872570148007964e-05,0.000000000000000e+00,4.004877137445614e-02,1.499311381889211e+06,1.499268555614042e+06,1.526752572322114e+03,1.872570148007964e-05,0.000000000000000e+00,-1.000000000000000e+03,9.995123704093614e+05,4.282627516810753e+01,3.006892241155272e+05,7.170537110882136e-03,7.389994884602921e+08,0.000000000000000e+00,-1.166231511217575e-08,8.137260854927798e+10,8.137260854927798e+10,-4.727561904297576e+00,1.872570148007964e-05,1.000000000000000e+00,0.000000000000000e+00,2.138706067543582e+03,2.138706067543582e+03,-6.459368103331502e+00,4.004877137445614e-02,1.000000000000000e+03,1.000000000000000e+00,
2.063569418495564e-04,0.000000000000000e+00,4.257048363620848e-01,1.649691105440388e+07,1.649647194969997e+07,1.502111433487703e+03,2.063569418495564e-04,0.000000000000000e+00,-1.000000000000000e+03,1.099764796646665e+07,4.391047039119973e+02,2.982528553786909e+05,7.170647521619990e-03,6.528327189379438e+08,0.000000000000000e+00,7.545698482548460e-07,8.005928916738806e+10,8.005928916738806e+10,-3.685380916870176e+00,2.063569418495564e-04,1.000000000000000e+00,0.000000000000000e+00,2.138666098237295e+03,2.138666098237295e+03,-9.654105783769227e+02,4.257048363620848e-01,1.000000000000000e+03,1.000000000000000e+00,
2.260377681423703e-03,0.000000000000000e+00,4.596251531213296e+00,1.815953807466324e+08,1.815907077381543e+08,1.507311570184811e+03,2.260377681423703e-03,0.000000000000000e+00,-1.000000000000000e+03,1.210604718254362e+08,4.673008478139507e+03,2.987686678526385e+05,6.918139007728985e-03,5.674877658015859e+08,0.000000000000000e+00,5.471525561864609e-07,8.033644520139616e+10,8.033644520139618e+10,-2.645818989501189e+00,2.260377681423703e-03,1.000000000000000e+00,0.000000000000000e+00,2.061837391326471e+03,2.061837391326471e+03,-1.463623109599717e+03,4.596251531213296e+00,1.000000000000000e+03,1.000000000000000e+00,
7.506089095838955e-08,0.000000000000000e+00,-7.506086956036571e-08,4.813462806006411e+03,4.813462805968879e+03,1.203190314579925e+03,7.506089095838955e-08,0.000000000000000e+00,-1.000000000000000e+03,3.208975203979253e+03,3.753082907787886e-08,2.669320353134215e+05,3.746291108569207e-06,8.384514273717244e+08,0.000000000000000e+00,4.632156265227394e-13,6.412744032890912e+10,6.412744032890911e+10,-7.124586284900079e+00,7.506089095838955e-08,1.000000000000000e+00,0.000000000000000e+00,-1.000000000004786e+00,1.000005110486953e+00,-7.089494242350219e-01,7.506127455609345e-08,1.000000000000000e+03,1.000000000000000e+00,
7.547026597653753e-08,0.000000000000000e+00,-7.506135474787302e-08,4.864983827197741e+03,4.864983827158973e+03,1.209472344551922e+03,7.547026597653753e-08,0.000000000000000e+00,-1.000000000000000e+03,3.243322551439316e+03,3.876740062490966e-08,2.676279734039829e+05,3.787292896291708e-06,8.385357180686682e+08,0.000000000000000e+00,3.689208772916231e-10,6.446225893349066e+10,6.446225893349067e+10,-7.122224119440972e+00,7.547026597653753e-08,1.000000000000000e+00,0.000000000000000e+00,-1.000006115987027e+00,1.013585522521851e+00,-5.647691763657846e-01,7.649556897469184e-08,1.000000000000000e+03,1.000000000000000e+00,
1.424982686479484e-07,0.000000000000000e+00,-5.114694180315675e-08,1.205923135585920e+04,1.205923135584786e+04,1.648597793207796e+03,1.424982686479484e-07,0.000000000000000e+00,-1.000000000000000e+03,8.039487570565243e+03,3.980729656455749e-08,3.124574551951527e+05,3.793056538415500e-06,8.462400646890870e+08,0.000000000000000e+00,3.635010177981956e-10,8.786669517632773e+10,8.786669517632774e+10,-6.846190412295542e+00,1.424982686479484e-07,1.000000000000000e+00,0.000000000000000e+00,-3.988755960380693e-01,1.019003241671520e+00,-1.273192862867419e-01,7.868717330839652e-08,1.000000000000000e+03,1.000000000000000e+00,
1.697601916684973e-06,0.000000000000000e+00,2.773564877024550e-03,1.382320124574779e+05,1.382297467136508e+05,1.655635991639293e+03,1.697601916684973e-06,0.000000000000000e+00,-1.000000000000000e+03,9.215316447576723e+04,2.265743827058764e+00,3.131237169831670e+05,5.431764084514662e-03,8.291259304922495e+08,0.000000000000000e+00,3.730819010494542e-06,8.824181592361902e+10,8.824181592361902e+10,-5.770164143100347e+00,1.697601916684973e-06,1.000000000000000e+00,0.000000000000000e+00,1.633813469320702e+03,1.633813469320702e+03,3.089513899397939e+02,2.773564877024550e-03,1.000000000000000e+03,1.000000000000000e+00,
1.872570148007964e-05,0.000000000000000e+00,4.004877137445614e-02,1.499311381889211e+06,1.499268555614042e+06,1.526752572322114e+03,1.872570148007964e-05,0.000000000000000e+00,-1.000000000000000e+03,9.995123704093614e+05,4.282627516810753e+01,3.006892241155272e+05,7.170537110882136e-03,7.389994884602921e+08,0.000000000000000e+00,-1.166231511217575e-08,8.137260854927798e+10,8.137260854927798e+10,-4.727561904297576e+00,1.872570148007964e-05,1.000000000000000e+00,0.000000000000000e+00,2.138706067543582e+03,2.138706067543582e+03,-4.300642081782796e+00,4.004877137445614e-02,1.000000000000000e+03,1.000000000000000e+00,
2.063569418495564e-04,0.000000000000000e+00,4.257048363620848e-01,1.649691105440388e+07,1.649647194969997e+07,1.502111433487703e+03,2.063569418495564e-04,0.000000000000000e+00,-1.000000000000000e+03,1.099764796646665e+07,4.391047039119973e+02,2.982528553786909e+05,7.170647521619990e-03,6.528327189379438e+08,0.000000000000000e+00,7.545698482548460e-07,8.005928916738806e+10,8.005928916738806e+10,-3.685380916870176e+00,2.063569418495564e-04,1.000000000000000e+00,0.000000000000000e+00,2.138666098237295e+03,2.138666098237295e+03,-6.826525461518469e+02,4.257048363620848e-01,1.000000000000000e+03,1.000000000000000e+00,
2.260377681423703e-03,0.000000000000000e+00,4.596251531213296e+00,1.815953807466324e+08,1.815907077381543e+08,1.507311570184811e+03,2.260377681423703e-03,0.000000000000000e+00,-1.000000000000000e+03,1.210604718254362e+08,4.673008478139507e+03,2.987686678526385e+05,6.918139007728985e-03,5.674877658015859e+08,0.000000000000000e+00,5.471525561864609e-07,8.033644520139616e+10,8.033644520139618e+10,-2.645818989501189e+00,2.260377681423703e-03,1.000000000000000e+00,0.000000000000000e+00,2.061837391326471e+03,2.061837391326471e+03,-1.148854417733187e+03,4.596251531213296e+00,1.000000000000000e+03,1.000000000000000e+00,

