1
0
28
0
(64 0
((0,0) (63,63) (0,0))
((448,0) (511,63) (0,0))
((384,0) (447,63) (0,0))
((320,0) (383,63) (0,0))
((256,0) (319,63) (0,0))
((192,0) (255,63) (0,0))
((128,0) (191,63) (0,0))
((64,0) (127,63) (0,0))
((0,448) (63,511) (0,0))
((0,384) (63,447) (0,0))
((0,320) (63,383) (0,0))
((0,256) (63,319) (0,0))
((0,192) (63,255) (0,0))
((0,128) (63,191) (0,0))
((0,64) (63,127) (0,0))
((448,448) (511,511) (0,0))
((448,384) (511,447) (0,0))
((448,320) (511,383) (0,0))
((448,256) (511,319) (0,0))
((448,192) (511,255) (0,0))
((448,128) (511,191) (0,0))
((448,64) (511,127) (0,0))
((384,448) (447,511) (0,0))
((384,384) (447,447) (0,0))
((384,320) (447,383) (0,0))
((384,256) (447,319) (0,0))
((384,192) (447,255) (0,0))
((384,128) (447,191) (0,0))
((384,64) (447,127) (0,0))
((320,448) (383,511) (0,0))
((320,384) (383,447) (0,0))
((320,320) (383,383) (0,0))
((320,256) (383,319) (0,0))
((320,192) (383,255) (0,0))
((320,128) (383,191) (0,0))
((320,64) (383,127) (0,0))
((256,448) (319,511) (0,0))
((256,384) (319,447) (0,0))
((256,320) (319,383) (0,0))
((256,256) (319,319) (0,0))
((256,192) (319,255) (0,0))
((256,128) (319,191) (0,0))
((256,64) (319,127) (0,0))
((192,448) (255,511) (0,0))
((192,384) (255,447) (0,0))
((192,320) (255,383) (0,0))
((192,256) (255,319) (0,0))
((192,192) (255,255) (0,0))
((192,128) (255,191) (0,0))
((192,64) (255,127) (0,0))
((128,448) (191,511) (0,0))
((128,384) (191,447) (0,0))
((128,320) (191,383) (0,0))
((128,256) (191,319) (0,0))
((128,192) (191,255) (0,0))
((128,128) (191,191) (0,0))
((128,64) (191,127) (0,0))
((64,448) (127,511) (0,0))
((64,384) (127,447) (0,0))
((64,320) (127,383) (0,0))
((64,256) (127,319) (0,0))
((64,192) (127,255) (0,0))
((64,128) (127,191) (0,0))
((64,64) (127,127) (0,0))
)
64
FabOnDisk: Cell_D_0000 0
FabOnDisk: Cell_D_0001 0
FabOnDisk: Cell_D_0001 917590
FabOnDisk: Cell_D_0001 1835180
FabOnDisk: Cell_D_0001 2752770
FabOnDisk: Cell_D_0000 917587
FabOnDisk: Cell_D_0000 1835177
FabOnDisk: Cell_D_0000 2752767
FabOnDisk: Cell_D_0002 0
FabOnDisk: Cell_D_0002 917590
FabOnDisk: Cell_D_0002 1835180
FabOnDisk: Cell_D_0002 2752770
FabOnDisk: Cell_D_0000 3670356
FabOnDisk: Cell_D_0000 4587946
FabOnDisk: Cell_D_0000 5505536
FabOnDisk: Cell_D_0003 0
FabOnDisk: Cell_D_0003 917593
FabOnDisk: Cell_D_0003 1835186
FabOnDisk: Cell_D_0003 2752779
FabOnDisk: Cell_D_0001 3670360
FabOnDisk: Cell_D_0001 4587953
FabOnDisk: Cell_D_0001 5505546
FabOnDisk: Cell_D_0003 3670372
FabOnDisk: Cell_D_0003 4587965
FabOnDisk: Cell_D_0003 5505558
FabOnDisk: Cell_D_0003 6423151
FabOnDisk: Cell_D_0001 6423138
FabOnDisk: Cell_D_0001 7340731
FabOnDisk: Cell_D_0001 8258324
FabOnDisk: Cell_D_0003 7340744
FabOnDisk: Cell_D_0003 8258337
FabOnDisk: Cell_D_0003 9175930
FabOnDisk: Cell_D_0003 10093523
FabOnDisk: Cell_D_0001 9175916
FabOnDisk: Cell_D_0001 10093509
FabOnDisk: Cell_D_0001 11011102
FabOnDisk: Cell_D_0003 11011116
FabOnDisk: Cell_D_0003 11928709
FabOnDisk: Cell_D_0003 12846302
FabOnDisk: Cell_D_0003 13763895
FabOnDisk: Cell_D_0001 11928694
FabOnDisk: Cell_D_0001 12846287
FabOnDisk: Cell_D_0001 13763880
FabOnDisk: Cell_D_0002 3670360
FabOnDisk: Cell_D_0002 4587953
FabOnDisk: Cell_D_0002 5505546
FabOnDisk: Cell_D_0002 6423139
FabOnDisk: Cell_D_0000 6423125
FabOnDisk: Cell_D_0000 7340718
FabOnDisk: Cell_D_0000 8258311
FabOnDisk: Cell_D_0002 7340732
FabOnDisk: Cell_D_0002 8258325
FabOnDisk: Cell_D_0002 9175918
FabOnDisk: Cell_D_0002 10093511
FabOnDisk: Cell_D_0000 9175903
FabOnDisk: Cell_D_0000 10093496
FabOnDisk: Cell_D_0000 11011089
FabOnDisk: Cell_D_0002 11011104
FabOnDisk: Cell_D_0002 11928696
FabOnDisk: Cell_D_0002 12846288
FabOnDisk: Cell_D_0002 13763880
FabOnDisk: Cell_D_0000 11928681
FabOnDisk: Cell_D_0000 12846273
FabOnDisk: Cell_D_0000 13763865

64,28
3.830241671207546e-03,0.000000000000000e+00,9.703621892275022e+00,3.106535514428444e+08,3.106412597539757e+08,1.521680179945254e+03,3.830241671207546e-03,0.000000000000000e+00,-1.000000000000000e+03,2.070941731693172e+08,1.229168886862347e+04,3.001893125107862e+05,7.646808052389475e-03,4.083602673612474e+08,0.000000000000000e+00,-1.071478464244819e-07,8.110226101112857e+10,8.110226101112857e+10,-2.416773823117367e+00,3.830241671207546e-03,1.000000000000000e+00,0.000000000000000e+00,2.533118954995048e+03,2.533118954995048e+03,-2.023164562467997e+03,9.703621892275022e+00,1.000000000000000e+03,1.000000000000000e+00,
3.830241671207546e-03,0.000000000000000e+00,9.703621892275022e+00,3.106535514428444e+08,3.106412597539757e+08,1.521680179945254e+03,3.830241671207546e-03,0.000000000000000e+00,-1.000000000000000e+03,2.070941731693172e+08,1.229168886862347e+04,3.001893125107862e+05,7.646808052389475e-03,4.083602673612474e+08,0.000000000000000e+00,-1.071478464244819e-07,8.110226101112857e+10,8.110226101112857e+10,-2.416773823117367e+00,3.830241671207546e-03,1.000000000000000e+00,0.000000000000000e+00,2.533118954995048e+03,2.533118954995048e+03,-2.023164562467997e+03,9.703621892275022e+00,1.000000000000000e+03,1.000000000000000e+00,
3.830241671207546e-03,0.000000000000000e+00,9.703621892275022e+00,3.106535514428444e+08,3.106412597539757e+08,1.521680179945254e+03,3.830241671207546e-03,0.000000000000000e+00,-1.000000000000000e+03,2.070941731693172e+08,1.229168886862347e+04,3.001893125107862e+05,7.646808052389475e-03,4.083602673612474e+08,0.000000000000000e+00,-1.071478464244819e-07,8.110226101112857e+10,8.110226101112857e+10,-2.416773823117367e+00,3.830241671207546e-03,1.000000000000000e+00,0.000000000000000e+00,2.533118954995048e+03,2.533118954995048e+03,-2.263027064136155e+03,9.703621892275022e+00,1.000000000000000e+03,1.000000000000000e+00,
3.830241671207546e-03,0.000000000000000e+00,9.703621892275022e+00,3.106535514428444e+08,3.106412597539757e+08,1.521680179945254e+03,3.830241671207546e-03,0.000000000000000e+00,-1.000000000000000e+03,2.070941731693172e+08,1.229168886862347e+04,3.001893125107862e+05,7.646808052389475e-03,4.083602673612474e+08,0.000000000000000e+00,-1.071478464244819e-07,8.110226101112857e+10,8.110226101112857e+10,-2.416773823117367e+00,3.830241671207546e-03,1.000000000000000e+00,0.000000000000000e+00,2.533118954995048e+03,2.533118954995048e+03,-2.456066206030473e+03,9.703621892275022e+00,1.000000000000000e+03,1.000000000000000e+00,
3.830241671207546e-03,0.000000000000000e+00,9.703621892275022e+00,3.106535514428444e+08,3.106412597539757e+08,1.521680179945254e+03,3.830241671207546e-03,0.000000000000000e+00,-1.000000000000000e+03,2.070941731693172e+08,1.229168886862347e+04,3.001893125107862e+05,7.646808052389475e-03,4.083602673612474e+08,0.000000000000000e+00,-1.071478464244819e-07,8.110226101112857e+10,8.110226101112857e+10,-2.416773823117367e+00,3.830241671207546e-03,1.000000000000000e+00,0.000000000000000e+00,2.533118954995048e+03,2.533118954995048e+03,-2.536054600007141e+03,9.703621892275022e+00,1.000000000000000e+03,1.000000000000000e+00,
3.830241671207546e-03,0.000000000000000e+00,9.703621892275022e+00,3.106535514428444e+08,3.106412597539757e+08,1.521680179945254e+03,3.830241671207546e-03,0.000000000000000e+00,-1.000000000000000e+03,2.070941731693172e+08,1.229168886862347e+04,3.001893125107862e+05,7.646808052389475e-03,4.083602673612474e+08,0.000000000000000e+00,-1.071478464244819e-07,8.110226101112857e+10,8.110226101112857e+10,-2.416773823117367e+00,3.830241671207546e-03,1.000000000000000e+00,0.000000000000000e+00,2.533118954995048e+03,2.533118954995048e+03,-2.536054600007141e+03,9.703621892275022e+00,1.000000000000000e+03,1.000000000000000e+00,
3.830241671207546e-03,0.000000000000000e+00,9.703621892275022e+00,3.106535514428444e+08,3.106412597539757e+08,1.521680179945254e+03,3.830241671207546e-03,0.000000000000000e+00,-1.000000000000000e+03,2.070941731693172e+08,1.229168886862347e+04,3.001893125107862e+05,7.646808052389475e-03,4.083602673612474e+08,0.000000000000000e+00,-1.071478464244819e-07,8.110226101112857e+10,8.110226101112857e+10,-2.416773823117367e+00,3.830241671207546e-03,1.000000000000000e+00,0.000000000000000e+00,2.533118954995048e+03,2.533118954995048e+03,-2.456066206030473e+03,9.703621892275022e+00,1.000000000000000e+03,1.000000000000000e+00,
3.830241671207546e-03,0.000000000000000e+00,9.703621892275022e+00,3.106535514428444e+08,3.106412597539757e+08,1.521680179945254e+03,3.830241671207546e-03,0.000000000000000e+00,-1.000000000000000e+03,2.070941731693172e+08,1.229168886862347e+04,3.001893125107862e+05,7.646808052389475e-03,4.083602673612474e+08,0.000000000000000e+00,-1.071478464244819e-07,8.110226101112857e+10,8.110226101112857e+10,-2.416773823117367e+00,3.830241671207546e-03,1.000000000000000e+00,0.000000000000000e+00,2.533118954995048e+03,2.533118954995048e+03,-2.263027064136155e+03,9.703621892275022e+00,1.000000000000000e+03,1.000000000000000e+00,
7.506090969679272e-08,0.000000000000000e+00,-7.508295296854318e-08,2.465420560722132e+03,2.465420560684601e+03,6.162651544270901e+02,7.506090969679272e-08,0.000000000000000e+00,-1.000000000000000e+03,1.643613707123067e+03,3.753060533179178e-08,1.910369343848010e+05,5.233150406386965e-06,8.027922566992295e+08,0.000000000000000e+00,-5.272758940133570e-12,3.284559926922850e+10,3.284559926922849e+10,-7.124586176481647e+00,7.506090969679272e-08,1.000000000000000e+00,0.000000000000000e+00,-1.000014130112977e+00,9.999577164231095e-01,-7.986873627768107e-01,7.506106726949659e-08,1.000000000000000e+03,1.000000000000000e+00,
7.508872791629821e-08,0.000000000000000e+00,-7.680739313037018e-08,2.467604577026085e+03,2.467604576988545e+03,6.165825679790777e+02,7.508872791629821e-08,0.000000000000000e+00,-1.000000000000000e+03,1.645069717992363e+03,3.666463374190357e-08,1.910861257965359e+05,4.719723627642569e-06,8.028065352322881e+08,0.000000000000000e+00,-1.631249558622455e-09,3.286251672473659e+10,3.286251672473658e+10,-7.124425253024782e+00,7.508872791629821e-08,1.000000000000000e+00,0.000000000000000e+00,-9.999464061564561e-01,9.547162648697191e-01,-7.052251680929178e-01,7.508470362276236e-08,1.000000000000000e+03,1.000000000000000e+00,
8.084286675479195e-08,0.000000000000000e+00,-7.762027799014134e-08,3.002001247965843e+03,3.002001247929260e+03,6.967220973991911e+02,8.084286675479195e-08,0.000000000000000e+00,-1.000000000000000e+03,2.001334165286174e+03,1.477927045045061e-10,2.031249758662007e+05,1.174421785485510e-07,8.066956663161184e+08,0.000000000000000e+00,-5.253505714988527e-08,3.713378023858012e+10,3.713378023858013e+10,-7.092358294442827e+00,8.084286675479195e-08,1.000000000000000e+00,0.000000000000000e+00,-9.513369523571853e-01,4.088311555401590e-02,-5.253273678146784e-01,7.230011827706150e-09,1.000000000000000e+03,1.000000000000000e+00,
2.234247142645306e-07,0.000000000000000e+00,4.680196974048858e-08,2.451827441883762e+04,2.451827441883272e+04,1.552607829424866e+03,2.234247142645306e-07,0.000000000000000e+00,-1.000000000000000e+03,1.634551627922182e+04,4.901929445898694e-09,3.032245918783022e+05,5.998944303962900e-07,7.233358060354620e+08,0.000000000000000e+00,-4.076199214194387e-04,8.275063780778659e+10,8.275063780778659e+10,-6.650868788807453e+00,2.234247142645306e-07,1.000000000000000e+00,0.000000000000000e+00,2.094753478573366e-01,2.094753478573366e-01,5.052436498940104e-02,4.680196974048858e-08,1.000000000000000e+03,1.000000000000000e+00,
2.916309883647420e-06,0.000000000000000e+00,6.810342419200606e-03,2.410310291413066e+05,2.410230771804867e+05,1.505097876082790e+03,2.916309883647420e-06,0.000000000000000e+00,-1.000000000000000e+03,1.606820514536578e+05,7.951960819876056e+00,2.985491958263490e+05,7.705863444323576e-03,6.363852926397480e+08,0.000000000000000e+00,-1.365035876586489e-06,8.021846009570374e+10,8.021846009570374e+10,-5.535166330282850e+00,2.916309883647420e-06,1.000000000000000e+00,0.000000000000000e+00,2.332407218151181e+03,2.332407218151181e+03,-7.705206952256790e+02,6.810342419200606e-03,1.000000000000000e+03,1.000000000000000e+00,
3.216127002599488e-05,0.000000000000000e+00,7.915576469778962e-02,2.579734423169025e+06,2.579637013535017e+06,1.501156760254547e+03,3.216127002599488e-05,0.000000000000000e+00,-1.000000000000000e+03,1.719758009023345e+06,9.740963400741848e+01,2.981580623870555e+05,8.244378242473807e-03,5.509657835163862e+08,0.000000000000000e+00,-7.834385324448476e-07,8.000840714976294e+10,8.000840714976294e+10,-4.492666809600488e+00,3.216127002599488e-05,1.000000000000000e+00,0.000000000000000e+00,2.461213895900587e+03,2.461213895900587e+03,-1.395702998620738e+03,7.915576469778962e-02,1.000000000000000e+03,1.000000000000000e+00,
3.545493116317918e-04,0.000000000000000e+00,8.961428723912178e-01,2.836808176326477e+07,2.836694923808224e+07,1.501158006946497e+03,3.545493116317918e-04,0.000000000000000e+00,-1.000000000000000e+03,1.891129949205483e+07,1.132525182521850e+03,2.981581861953042e+05,8.443295064633729e-03,4.670266423266780e+08,0.000000000000000e+00,-7.954634976533725e-08,8.000847359574631e+10,8.000847359574631e+10,-3.450323353484493e+00,3.545493116317918e-04,1.000000000000000e+00,0.000000000000000e+00,2.527186089028193e+03,2.527186089028193e+03,-1.786689202908450e+03,8.961428723912178e-01,1.000000000000000e+03,1.000000000000000e+00,
7.506090969679272e-08,0.000000000000000e+00,-7.508295296854318e-08,2.465420560722132e+03,2.465420560684601e+03,6.162651544270901e+02,7.506090969679272e-08,0.000000000000000e+00,-1.000000000000000e+03,1.643613707123067e+03,3.753060533179178e-08,1.910369343848010e+05,5.233150406386965e-06,8.027922566992295e+08,0.000000000000000e+00,-5.272758940133570e-12,3.284559926922850e+10,3.284559926922849e+10,-7.124586176481647e+00,7.506090969679272e-08,1.000000000000000e+00,0.000000000000000e+00,-1.000014130112977e+00,9.999577164231095e-01,-7.986873627768107e-01,7.506106726949659e-08,1.000000000000000e+03,1.000000000000000e+00,
7.508872791629821e-08,0.000000000000000e+00,-7.680739313037018e-08,2.467604577026085e+03,2.467604576988545e+03,6.165825679790777e+02,7.508872791629821e-08,0.000000000000000e+00,-1.000000000000000e+03,1.645069717992363e+03,3.666463374190357e-08,1.910861257965359e+05,4.719723627642569e-06,8.028065352322881e+08,0.000000000000000e+00,-1.631249558622455e-09,3.286251672473659e+10,3.286251672473658e+10,-7.124425253024782e+00,7.508872791629821e-08,1.000000000000000e+00,0.000000000000000e+00,-9.999464061564561e-01,9.547162648697191e-01,-7.052251680929178e-01,7.508470362276236e-08,1.000000000000000e+03,1.000000000000000e+00,
8.084286675479195e-08,0.000000000000000e+00,-7.762027799014134e-08,3.002001247965843e+03,3.002001247929260e+03,6.967220973991911e+02,8.084286675479195e-08,0.000000000000000e+00,-1.000000000000000e+03,2.001334165286174e+03,1.477927045045061e-10,2.031249758662007e+05,1.174421785485510e-07,8.066956663161184e+08,0.000000000000000e+00,-5.253505714988527e-08,3.713378023858012e+10,3.713378023858013e+10,-7.092358294442827e+00,8.084286675479195e-08,1.000000000000000e+00,0.000000000000000e+00,-9.513369523571853e-01,4.088311555401590e-02,-5.253273678146784e-01,7.230011827706150e-09,1.000000000000000e+03,1.000000000000000e+00,
2.234247142645306e-07,0.000000000000000e+00,4.680196974048858e-08,2.451827441883762e+04,2.451827441883272e+04,1.552607829424866e+03,2.234247142645306e-07,0.000000000000000e+00,-1.000000000000000e+03,1.634551627922182e+04,4.901929445898694e-09,3.032245918783022e+05,5.998944303962900e-07,7.233358060354620e+08,0.000000000000000e+00,-4.076199214194387e-04,8.275063780778659e+10,8.275063780778659e+10,-6.650868788807453e+00,2.234247142645306e-07,1.000000000000000e+00,0.000000000000000e+00,2.094753478573366e-01,2.094753478573366e-01,5.052436498940104e-02,4.680196974048858e-08,1.000000000000000e+03,1.000000000000000e+00,
2.916309883647420e-06,0.000000000000000e+00,6.810342419200606e-03,2.410310291413066e+05,2.410230771804867e+05,1.505097876082790e+03,2.916309883647420e-06,0.000000000000000e+00,-1.000000000000000e+03,1.606820514536578e+05,7.951960819876056e+00,2.985491958263490e+05,7.705863444323576e-03,6.363852926397480e+08,0.000000000000000e+00,-1.365035876586489e-06,8.021846009570374e+10,8.021846009570374e+10,-5.535166330282850e+00,2.916309883647420e-06,1.000000000000000e+00,0.000000000000000e+00,2.332407218151181e+03,2.332407218151181e+03,-7.705206952256790e+02,6.810342419200606e-03,1.000000000000000e+03,1.000000000000000e+00,
3.216127002599488e-05,0.000000000000000e+00,7.915576469778962e-02,2.579734423169025e+06,2.579637013535017e+06,1.501156760254547e+03,3.216127002599488e-05,0.000000000000000e+00,-1.000000000000000e+03,1.719758009023345e+06,9.740963400741848e+01,2.981580623870555e+05,8.244378242473807e-03,5.509657835163862e+08,0.000000000000000e+00,-7.834385324448476e-07,8.000840714976294e+10,8.000840714976294e+10,-4.492666809600488e+00,3.216127002599488e-05,1.000000000000000e+00,0.000000000000000e+00,2.461213895900587e+03,2.461213895900587e+03,-1.395702998620738e+03,7.915576469778962e-02,1.000000000000000e+03,1.000000000000000e+00,
3.545493116317918e-04,0.000000000000000e+00,8.961428723912178e-01,2.836808176326477e+07,2.836694923808224e+07,1.501158006946497e+03,3.545493116317918e-04,0.000000000000000e+00,-1.000000000000000e+03,1.891129949205483e+07,1.132525182521850e+03,2.981581861953042e+05,8.443295064633729e-03,4.670266423266780e+08,0.000000000000000e+00,-7.954634976533725e-08,8.000847359574631e+10,8.000847359574631e+10,-3.450323353484493e+00,3.545493116317918e-04,1.000000000000000e+00,0.000000000000000e+00,2.527186089028193e+03,2.527186089028193e+03,-1.786689202908450e+03,8.961428723912178e-01,1.000000000000000e+03,1.000000000000000e+00,
7.506090969679272e-08,0.000000000000000e+00,-7.508295296854318e-08,2.465420560722132e+03,2.465420560684601e+03,6.162651544270901e+02,7.506090969679272e-08,0.000000000000000e+00,-1.000000000000000e+03,1.643613707123067e+03,3.753060533179178e-08,1.910369343848010e+05,5.233150406386965e-06,8.027922566992295e+08,0.000000000000000e+00,-5.272758940133570e-12,3.284559926922850e+10,3.284559926922849e+10,-7.124586176481647e+00,7.506090969679272e-08,1.000000000000000e+00,0.000000000000000e+00,-1.000014130112977e+00,9.999577164231095e-01,-8.933782012979706e-01,7.506106726949659e-08,1.000000000000000e+03,1.000000000000000e+00,
7.508872791629821e-08,0.000000000000000e+00,-7.680739313037018e-08,2.467604577026085e+03,2.467604576988545e+03,6.165825679790777e+02,7.508872791629821e-08,0.000000000000000e+00,-1.000000000000000e+03,1.645069717992363e+03,3.666463374190357e-08,1.910861257965359e+05,4.719723627642569e-06,8.028065352322881e+08,0.000000000000000e+00,-1.631249558622455e-09,3.286251672473659e+10,3.286251672473658e+10,-7.124425253024782e+00,7.508872791629821e-08,1.000000000000000e+00,0.000000000000000e+00,-9.999464061564561e-01,9.547162648697191e-01,-8.303342682740018e-01,7.508470362276236e-08,1.000000000000000e+03,1.000000000000000e+00,
8.084286675479195e-08,0.000000000000000e+00,-7.762027799014134e-08,3.002001247965843e+03,3.002001247929260e+03,6.967220973991911e+02,8.084286675479195e-08,0.000000000000000e+00,-1.000000000000000e+03,2.001334165286174e+03,1.477927045045061e-10,2.031249758662007e+05,1.174421785485510e-07,8.066956663161184e+08,0.000000000000000e+00,-5.253505714988527e-08,3.713378023858012e+10,3.713378023858013e+10,-7.092358294442827e+00,8.084286675479195e-08,1.000000000000000e+00,0.000000000000000e+00,-9.513369523571853e-01,4.088311555401590e-02,-6.700639761273117e-01,7.230011827706150e-09,1.000000000000000e+03,1.000000000000000e+00,
2.234247142645306e-07,0.000000000000000e+00,4.680196974048858e-08,2.451827441883762e+04,2.451827441883272e+04,1.552607829424866e+03,2.234247142645306e-07,0.000000000000000e+00,-1.000000000000000e+03,1.634551627922182e+04,4.901929445898694e-09,3.032245918783022e+05,5.998944303962900e-07,7.233358060354620e+08,0.000000000000000e+00,-4.076199214194387e-04,8.275063780778659e+10,8.275063780778659e+10,-6.650868788807453e+00,2.234247142645306e-07,1.000000000000000e+00,0.000000000000000e+00,2.094753478573366e-01,2.094753478573366e-01,6.593035791330092e-02,4.680196974048858e-08,1.000000000000000e+03,1.000000000000000e+00,
2.916309883647420e-06,0.000000000000000e+00,6.810342419200606e-03,2.410310291413066e+05,2.410230771804867e+05,1.505097876082790e+03,2.916309883647420e-06,0.000000000000000e+00,-1.000000000000000e+03,1.606820514536578e+05,7.951960819876056e+00,2.985491958263490e+05,7.705863444323576e-03,6.363852926397480e+08,0.000000000000000e+00,-1.365035876586489e-06,8.021846009570374e+10,8.021846009570374e+10,-5.535166330282850e+00,2.916309883647420e-06,1.000000000000000e+00,0.000000000000000e+00,2.332407218151181e+03,2.332407218151181e+03,-1.089674187253863e+03,6.810342419200606e-03,1.000000000000000e+03,1.000000000000000e+00,
3.216127002599488e-05,0.000000000000000e+00,7.915576469778962e-02,2.579734423169025e+06,2.579637013535017e+06,1.501156760254547e+03,3.216127002599488e-05,0.000000000000000e+00,-1.000000000000000e+03,1.719758009023345e+06,9.740963400741848e+01,2.981580623870555e+05,8.244378242473807e-03,5.509657835163862e+08,0.000000000000000e+00,-7.834385324448476e-07,8.000840714976294e+10,8.000840714976294e+10,-4.492666809600488e+00,3.216127002599488e-05,1.000000000000000e+00,0.000000000000000e+00,2.461213895900587e+03,2.461213895900587e+03,-1.780242869582498e+03,7.915576469778962e-02,1.000000000000000e+03,1.000000000000000e+00,
3.545493116317918e-04,0.000000000000000e+00,8.961428723912178e-01,2.836808176326477e+07,2.836694923808224e+07,1.501158006946497e+03,3.545493116317918e-04,0.000000000000000e+00,-1.000000000000000e+03,1.891129949205483e+07,1.132525182521850e+03,2.981581861953042e+05,8.443295064633729e-03,4.670266423266780e+08,0.000000000000000e+00,-7.954634976533725e-08,8.000847359574631e+10,8.000847359574631e+10,-3.450323353484493e+00,3.545493116317918e-04,1.000000000000000e+00,0.000000000000000e+00,2.527186089028193e+03,2.527186089028193e+03,-2.103653328116305e+03,8.961428723912178e-01,1.000000000000000e+03,1.000000000000000e+00,
7.506090969679272e-08,0.000000000000000e+00,-7.508295296854318e-08,2.465420560722132e+03,2.465420560684601e+03,6.162651544270901e+02,7.506090969679272e-08,0.000000000000000e+00,-1.000000000000000e+03,1.643613707123067e+03,3.753060533179178e-08,1.910369343848010e+05,5.233150406386965e-06,8.027922566992295e+08,0.000000000000000e+00,-5.272758940133570e-12,3.284559926922850e+10,3.284559926922849e+10,-7.124586176481647e+00,7.506090969679272e-08,1.000000000000000e+00,0.000000000000000e+00,-1.000014130112977e+00,9.999577164231095e-01,-9.695845198607047e-01,7.506106726949659e-08,1.000000000000000e+03,1.000000000000000e+00,
7.508872791629821e-08,0.000000000000000e+00,-7.680739313037018e-08,2.467604577026085e+03,2.467604576988545e+03,6.165825679790777e+02,7.508872791629821e-08,0.000000000000000e+00,-1.000000000000000e+03,1.645069717992363e+03,3.666463374190357e-08,1.910861257965359e+05,4.719723627642569e-06,8.028065352322881e+08,0.000000000000000e+00,-1.631249558622455e-09,3.286251672473659e+10,3.286251672473658e+10,-7.124425253024782e+00,7.508872791629821e-08,1.000000000000000e+00,0.000000000000000e+00,-9.999464061564561e-01,9.547162648697191e-01,-9.476381076235210e-01,7.508470362276236e-08,1.000000000000000e+03,1.000000000000000e+00,
8.084286675479195e-08,0.000000000000000e+00,-7.762027799014134e-08,3.002001247965843e+03,3.002001247929260e+03,6.967220973991911e+02,8.084286675479195e-08,0.000000000000000e+00,-1.000000000000000e+03,2.001334165286174e+03,1.477927045045061e-10,2.031249758662007e+05,1.174421785485510e-07,8.066956663161184e+08,0.000000000000000e+00,-5.253505714988527e-08,3.713378023858012e+10,3.713378023858013e+10,-7.092358294442827e+00,8.084286675479195e-08,1.000000000000000e+00,0.000000000000000e+00,-9.513369523571853e-01,4.088311555401590e-02,-8.488948609069564e-01,7.230011827706150e-09,1.000000000000000e+03,1.000000000000000e+00,
2.234247142645306e-07,0.000000000000000e+00,4.680196974048858e-08,2.451827441883762e+04,2.451827441883272e+04,1.552607829424866e+03,2.234247142645306e-07,0.000000000000000e+00,-1.000000000000000e+03,1.634551627922182e+04,4.901929445898694e-09,3.032245918783022e+05,5.998944303962900e-07,7.233358060354620e+08,0.000000000000000e+00,-4.076199214194387e-04,8.275063780778659e+10,8.275063780778659e+10,-6.650868788807453e+00,2.234247142645306e-07,1.000000000000000e+00,0.000000000000000e+00,2.094753478573366e-01,2.094753478573366e-01,9.338597898102838e-02,4.680196974048858e-08,1.000000000000000e+03,1.000000000000000e+00,
2.916309883647420e-06,0.000000000000000e+00,6.810342419200606e-03,2.410310291413066e+05,2.410230771804867e+05,1.505097876082790e+03,2.916309883647420e-06,0.000000000000000e+00,-1.000000000000000e+03,1.606820514536578e+05,7.951960819876056e+00,2.985491958263490e+05,7.705863444323576e-03,6.363852926397480e+08,0.000000000000000e+00,-1.365035876586489e-06,8.021846009570374e+10,8.021846009570374e+10,-5.535166330282850e+00,2.916309883647420e-06,1.000000000000000e+00,0.000000000000000e+00,2.332407218151181e+03,2.332407218151181e+03,-1.725584480890726e+03,6.810342419200606e-03,1.000000000000000e+03,1.000000000000000e+00,
3.216127002599488e-05,0.000000000000000e+00,7.915576469778962e-02,2.579734423169025e+06,2.579637013535017e+06,1.501156760254547e+03,3.216127002599488e-05,0.000000000000000e+00,-1.000000000000000e+03,1.719758009023345e+06,9.740963400741848e+01,2.981580623870555e+05,8.244378242473807e-03,5.509657835163862e+08,0.000000000000000e+00,-7.834385324448476e-07,8.000840714976294e+10,8.000840714976294e+10,-4.492666809600488e+00,3.216127002599488e-05,1.000000000000000e+00,0.000000000000000e+00,2.461213895900587e+03,2.461213895900587e+03,-2.255365274058101e+03,7.915576469778962e-02,1.000000000000000e+03,1.000000000000000e+00,
3.545493116317918e-04,0.000000000000000e+00,8.961428723912178e-01,2.836808176326477e+07,2.836694923808224e+07,1.501158006946497e+03,3.545493116317918e-04,0.000000000000000e+00,-1.000000000000000e+03,1.891129949205483e+07,1.132525182521850e+03,2.981581861953042e+05,8.443295064633729e-03,4.670266423266780e+08,0.000000000000000e+00,-7.954634976533725e-08,8.000847359574631e+10,8.000847359574631e+10,-3.450323353484493e+00,3.545493116317918e-04,1.000000000000000e+00,0.000000000000000e+00,2.527186089028193e+03,2.527186089028193e+03,-2.400842811288408e+03,8.961428723912178e-01,1.000000000000000e+03,1.000000000000000e+00,
7.506090969679272e-08,0.000000000000000e+00,-7.508295296854318e-08,2.465420560722132e+03,2.465420560684601e+03,6.162651544270901e+02,7.506090969679272e-08,0.000000000000000e+00,-1.000000000000000e+03,1.643613707123067e+03,3.753060533179178e-08,1.910369343848010e+05,5.233150406386965e-06,8.027922566992295e+08,0.000000000000000e+00,-5.272758940133570e-12,3.284559926922850e+10,3.284559926922849e+10,-7.124586176481647e+00,7.506090969679272e-08,1.000000000000000e+00,0.000000000000000e+00,-1.000014130112977e+00,9.999577164231095e-01,-1.000011254687225e+00,7.506106726949659e-08,1.000000000000000e+03,1.000000000000000e+00,
7.508872791629821e-08,0.000000000000000e+00,-7.680739313037018e-08,2.467604577026085e+03,2.467604576988545e+03,6.165825679790777e+02,7.508872791629821e-08,0.000000000000000e+00,-1.000000000000000e+03,1.645069717992363e+03,3.666463374190357e-08,1.910861257965359e+05,4.719723627642569e-06,8.028065352322881e+08,0.000000000000000e+00,-1.631249558622455e-09,3.286251672473659e+10,3.286251672473658e+10,-7.124425253024782e+00,7.508872791629821e-08,1.000000000000000e+00,0.000000000000000e+00,-9.999464061564561e-01,9.547162648697191e-01,-9.999429977846847e-01,7.508470362276236e-08,1.000000000000000e+03,1.000000000000000e+00,
8.084286675479195e-08,0.000000000000000e+00,-7.762027799014134e-08,3.002001247965843e+03,3.002001247929260e+03,6.967220973991911e+02,8.084286675479195e-08,0.000000000000000e+00,-1.000000000000000e+03,2.001334165286174e+03,1.477927045045061e-10,2.031249758662007e+05,1.174421785485510e-07,8.066956663161184e+08,0.000000000000000e+00,-5.253505714988527e-08,3.713378023858012e+10,3.713378023858013e+10,-7.092358294442827e+00,8.084286675479195e-08,1.000000000000000e+00,0.000000000000000e+00,-9.513369523571853e-01,4.088311555401590e-02,-9.513296372785252e-01,7.230011827706150e-09,1.000000000000000e+03,1.000000000000000e+00,
2.234247142645306e-07,0.000000000000000e+00,4.680196974048858e-08,2.451827441883762e+04,2.451827441883272e+04,1.552607829424866e+03,2.234247142645306e-07,0.000000000000000e+00,-1.000000000000000e+03,1.634551627922182e+04,4.901929445898694e-09,3.032245918783022e+05,5.998944303962900e-07,7.233358060354620e+08,0.000000000000000e+00,-4.076199214194387e-04,8.275063780778659e+10,8.275063780778659e+10,-6.650868788807453e+00,2.234247142645306e-07,1.000000000000000e+00,0.000000000000000e+00,2.094753478573366e-01,2.094753478573366e-01,1.481214389613336e-01,4.680196974048858e-08,1.000000000000000e+03,1.000000000000000e+00,
2.916309883647420e-06,0.000000000000000e+00,6.810342419200606e-03,2.410310291413066e+05,2.410230771804867e+05,1.505097876082790e+03,2.916309883647420e-06,0.000000000000000e+00,-1.000000000000000e+03,1.606820514536578e+05,7.951960819876056e+00,2.985491958263490e+05,7.705863444323576e-03,6.363852926397480e+08,0.000000000000000e+00,-1.365035876586489e-06,8.021846009570374e+10,8.021846009570374e+10,-5.535166330282850e+00,2.916309883647420e-06,1.000000000000000e+00,0.000000000000000e+00,2.332407218151181e+03,2.332407218151181e+03,-2.459559104042143e+03,6.810342419200606e-03,1.000000000000000e+03,1.000000000000000e+00,
3.216127002599488e-05,0.000000000000000e+00,7.915576469778962e-02,2.579734423169025e+06,2.579637013535017e+06,1.501156760254547e+03,3.216127002599488e-05,0.000000000000000e+00,-1.000000000000000e+03,1.719758009023345e+06,9.740963400741848e+01,2.981580623870555e+05,8.244378242473807e-03,5.509657835163862e+08,0.000000000000000e+00,-7.834385324448476e-07,8.000840714976294e+10,8.000840714976294e+10,-4.492666809600488e+00,3.216127002599488e-05,1.000000000000000e+00,0.000000000000000e+00,2.461213895900587e+03,2.461213895900587e+03,-2.527516571142777e+03,7.915576469778962e-02,1.000000000000000e+03,1.000000000000000e+00,
3.545493116317918e-04,0.000000000000000e+00,8.961428723912178e-01,2.836808176326477e+07,2.836694923808224e+07,1.501158006946497e+03,3.545493116317918e-04,0.000000000000000e+00,-1.000000000000000e+03,1.891129949205483e+07,1.132525182521850e+03,2.981581861953042e+05,8.443295064633729e-03,4.670266423266780e+08,0.000000000000000e+00,-7.954634976533725e-08,8.000847359574631e+10,8.000847359574631e+10,-3.450323353484493e+00,3.545493116317918e-04,1.000000000000000e+00,0.000000000000000e+00,2.527186089028193e+03,2.527186089028193e+03,-2.533357342445853e+03,8.961428723912178e-01,1.000000000000000e+03,1.000000000000000e+00,
7.506090969679272e-08,0.000000000000000e+00,-7.508295296854318e-08,2.465420560722132e+03,2.465420560684601e+03,6.162651544270901e+02,7.506090969679272e-08,0.000000000000000e+00,-1.000000000000000e+03,1.643613707123067e+03,3.753060533179178e-08,1.910369343848010e+05,5.233150406386965e-06,8.027922566992295e+08,0.000000000000000e+00,-5.272758940133570e-12,3.284559926922850e+10,3.284559926922849e+10,-7.124586176481647e+00,7.506090969679272e-08,1.000000000000000e+00,0.000000000000000e+00,-1.000014130112977e+00,9.999577164231095e-01,-1.000011254687225e+00,7.506106726949659e-08,1.000000000000000e+03,1.000000000000000e+00,
7.508872791629821e-08,0.000000000000000e+00,-7.680739313037018e-08,2.467604577026085e+03,2.467604576988545e+03,6.165825679790777e+02,7.508872791629821e-08,0.000000000000000e+00,-1.000000000000000e+03,1.645069717992363e+03,3.666463374190357e-08,1.910861257965359e+05,4.719723627642569e-06,8.028065352322881e+08,0.000000000000000e+00,-1.631249558622455e-09,3.286251672473659e+10,3.286251672473658e+10,-7.124425253024782e+00,7.508872791629821e-08,1.000000000000000e+00,0.000000000000000e+00,-9.999464061564561e-01,9.547162648697191e-01,-9.999429977846847e-01,7.508470362276236e-08,1.000000000000000e+03,1.000000000000000e+00,
8.084286675479195e-08,0.000000000000000e+00,-7.762027799014134e-08,3.002001247965843e+03,3.002001247929260e+03,6.967220973991911e+02,8.084286675479195e-08,0.000000000000000e+00,-1.000000000000000e+03,2.001334165286174e+03,1.477927045045061e-10,2.031249758662007e+05,1.174421785485510e-07,8.066956663161184e+08,0.000000000000000e+00,-5.253505714988527e-08,3.713378023858012e+10,3.713378023858013e+10,-7.092358294442827e+00,8.084286675479195e-08,1.000000000000000e+00,0.000000000000000e+00,-9.513369523571853e-01,4.088311555401590e-02,-9.513296372785252e-01,7.230011827706150e-09,1.000000000000000e+03,1.000000000000000e+00,
2.234247142645306e-07,0.000000000000000e+00,4.680196974048858e-08,2.451827441883762e+04,2.451827441883272e+04,1.552607829424866e+03,2.234247142645306e-07,0.000000000000000e+00,-1.000000000000000e+03,1.634551627922182e+04,4.901929445898694e-09,3.032245918783022e+05,5.998944303962900e-07,7.233358060354620e+08,0.000000000000000e+00,-4.076199214194387e-04,8.275063780778659e+10,8.275063780778659e+10,-6.650868788807453e+00,2.234247142645306e-07,1.000000000000000e+00,0.000000000000000e+00,2.094753478573366e-01,2.094753478573366e-01,1.481214389613336e-01,4.680196974048858e-08,1.000000000000000e+03,1.000000000000000e+00,
2.916309883647420e-06,0.000000000000000e+00,6.810342419200606e-03,2.410310291413066e+05,2.410230771804867e+05,1.505097876082790e+03,2.916309883647420e-06,0.000000000000000e+00,-1.000000000000000e+03,1.606820514536578e+05,7.951960819876056e+00,2.985491958263490e+05,7.705863444323576e-03,6.363852926397480e+08,0.000000000000000e+00,-1.365035876586489e-06,8.021846009570374e+10,8.021846009570374e+10,-5.535166330282850e+00,2.916309883647420e-06,1.000000000000000e+00,0.000000000000000e+00,2.332407218151181e+03,2.332407218151181e+03,-2.459559104042143e+03,6.810342419200606e-03,1.000000000000000e+03,1.000000000000000e+00,
3.216127002599488e-05,0.000000000000000e+00,7.915576469778962e-02,2.579734423169025e+06,2.579637013535017e+06,1.501156760254547e+03,3.216127002599488e-05,0.000000000000000e+00,-1.000000000000000e+03,1.719758009023345e+06,9.740963400741848e+01,2.981580623870555e+05,8.244378242473807e-03,5.509657835163862e+08,0.000000000000000e+00,-7.834385324448476e-07,8.000840714976294e+10,8.000840714976294e+10,-4.492666809600488e+00,3.216127002599488e-05,1.000000000000000e+00,0.000000000000000e+00,2.461213895900587e+03,2.461213895900587e+03,-2.527516571142777e+03,7.915576469778962e-02,1.000000000000000e+03,1.000000000000000e+00,
3.545493116317918e-04,0.000000000000000e+00,8.961428723912178e-01,2.836808176326477e+07,2.836694923808224e+07,1.501158006946497e+03,3.545493116317918e-04,0.000000000000000e+00,-1.000000000000000e+03,1.891129949205483e+07,1.132525182521850e+03,2.981581861953042e+05,8.443295064633729e-03,4.670266423266780e+08,0.000000000000000e+00,-7.954634976533725e-08,8.000847359574631e+10,8.000847359574631e+10,-3.450323353484493e+00,3.545493116317918e-04,1.000000000000000e+00,0.000000000000000e+00,2.527186089028193e+03,2.527186089028193e+03,-2.533357342445853e+03,8.961428723912178e-01,1.000000000000000e+03,1.000000000000000e+00,
7.506090969679272e-08,0.000000000000000e+00,-7.508295296854318e-08,2.465420560722132e+03,2.465420560684601e+03,6.162651544270901e+02,7.506090969679272e-08,0.000000000000000e+00,-1.000000000000000e+03,1.643613707123067e+03,3.753060533179178e-08,1.910369343848010e+05,5.233150406386965e-06,8.027922566992295e+08,0.000000000000000e+00,-5.272758940133570e-12,3.284559926922850e+10,3.284559926922849e+10,-7.124586176481647e+00,7.506090969679272e-08,1.000000000000000e+00,0.000000000000000e+00,-1.000014130112977e+00,9.999577164231095e-01,-9.695845198607047e-01,7.506106726949659e-08,1.000000000000000e+03,1.000000000000000e+00,
7.508872791629821e-08,0.000000000000000e+00,-7.680739313037018e-08,2.467604577026085e+03,2.467604576988545e+03,6.165825679790777e+02,7.508872791629821e-08,0.000000000000000e+00,-1.000000000000000e+03,1.645069717992363e+03,3.666463374190357e-08,1.910861257965359e+05,4.719723627642569e-06,8.028065352322881e+08,0.000000000000000e+00,-1.631249558622455e-09,3.286251672473659e+10,3.286251672473658e+10,-7.124425253024782e+00,7.508872791629821e-08,1.000000000000000e+00,0.000000000000000e+00,-9.999464061564561e-01,9.547162648697191e-01,-9.476381076235210e-01,7.508470362276236e-08,1.000000000000000e+03,1.000000000000000e+00,
8.084286675479195e-08,0.000000000000000e+00,-7.762027799014134e-08,3.002001247965843e+03,3.002001247929260e+03,6.967220973991911e+02,8.084286675479195e-08,0.000000000000000e+00,-1.000000000000000e+03,2.001334165286174e+03,1.477927045045061e-10,2.031249758662007e+05,1.174421785485510e-07,8.066956663161184e+08,0.000000000000000e+00,-5.253505714988527e-08,3.713378023858012e+10,3.713378023858013e+10,-7.092358294442827e+00,8.084286675479195e-08,1.000000000000000e+00,0.000000000000000e+00,-9.513369523571853e-01,4.088311555401590e-02,-8.488948609069564e-01,7.230011827706150e-09,1.000000000000000e+03,1.000000000000000e+00,
2.234247142645306e-07,0.000000000000000e+00,4.680196974048858e-08,2.451827441883762e+04,2.451827441883272e+04,1.552607829424866e+03,2.234247142645306e-07,0.000000000000000e+00,-1.000000000000000e+03,1.634551627922182e+04,4.901929445898694e-09,3.032245918783022e+05,5.998944303962900e-07,7.233358060354620e+08,0.000000000000000e+00,-4.076199214194387e-04,8.275063780778659e+10,8.275063780778659e+10,-6.650868788807453e+00,2.234247142645306e-07,1.000000000000000e+00,0.000000000000000e+00,2.094753478573366e-01,2.094753478573366e-01,9.338597898102838e-02,4.680196974048858e-08,1.000000000000000e+03,1.000000000000000e+00,
2.916309883647420e-06,0.000000000000000e+00,6.810342419200606e-03,2.410310291413066e+05,2.410230771804867e+05,1.505097876082790e+03,2.916309883647420e-06,0.000000000000000e+00,-1.000000000000000e+03,1.606820514536578e+05,7.951960819876056e+00,2.985491958263490e+05,7.705863444323576e-03,6.363852926397480e+08,0.000000000000000e+00,-1.365035876586489e-06,8.021846009570374e+10,8.021846009570374e+10,-5.535166330282850e+00,2.916309883647420e-06,1.000000000000000e+00,0.000000000000000e+00,2.332407218151181e+03,2.332407218151181e+03,-1.725584480890726e+03,6.810342419200606e-03,1.000000000000000e+03,1.000000000000000e+00,
3.216127002599488e-05,0.000000000000000e+00,7.915576469778962e-02,2.579734423169025e+06,2.579637013535017e+06,1.501156760254547e+03,3.216127002599488e-05,0.000000000000000e+00,-1.000000000000000e+03,1.719758009023345e+06,9.740963400741848e+01,2.981580623870555e+05,8.244378242473807e-03,5.509657835163862e+08,0.000000000000000e+00,-7.834385324448476e-07,8.000840714976294e+10,8.000840714976294e+10,-4.492666809600488e+00,3.216127002599488e-05,1.000000000000000e+00,0.000000000000000e+00,2.461213895900587e+03,2.461213895900587e+03,-2.255365274058101e+03,7.915576469778962e-02,1.000000000000000e+03,1.000000000000000e+00,
3.545493116317918e-04,0.000000000000000e+00,8.961428723912178e-01,2.836808176326477e+07,2.836694923808224e+07,1.501158006946497e+03,3.545493116317918e-04,0.000000000000000e+00,-1.000000000000000e+03,1.891129949205483e+07,1.132525182521850e+03,2.981581861953042e+05,8.443295064633729e-03,4.670266423266780e+08,0.000000000000000e+00,-7.954634976533725e-08,8.000847359574631e+10,8.000847359574631e+10,-3.450323353484493e+00,3.545493116317918e-04,1.000000000000000e+00,0.000000000000000e+00,2.527186089028193e+03,2.527186089028193e+03,-2.400842811288408e+03,8.961428723912178e-01,1.000000000000000e+03,1.000000000000000e+00,
7.506090969679272e-08,0.000000000000000e+00,-7.508295296854318e-08,2.465420560722132e+03,2.465420560684601e+03,6.162651544270901e+02,7.506090969679272e-08,0.000000000000000e+00,-1.000000000000000e+03,1.643613707123067e+03,3.753060533179178e-08,1.910369343848010e+05,5.233150406386965e-06,8.027922566992295e+08,0.000000000000000e+00,-5.272758940133570e-12,3.284559926922850e+10,3.284559926922849e+10,-7.124586176481647e+00,7.506090969679272e-08,1.000000000000000e+00,0.000000000000000e+00,-1.000014130112977e+00,9.999577164231095e-01,-8.933782012979706e-01,7.506106726949659e-08,1.000000000000000e+03,1.000000000000000e+00,
7.508872791629821e-08,0.000000000000000e+00,-7.680739313037018e-08,2.467604577026085e+03,2.467604576988545e+03,6.165825679790777e+02,7.508872791629821e-08,0.000000000000000e+00,-1.000000000000000e+03,1.645069717992363e+03,3.666463374190357e-08,1.910861257965359e+05,4.719723627642569e-06,8.028065352322881e+08,0.000000000000000e+00,-1.631249558622455e-09,3.286251672473659e+10,3.286251672473658e+10,-7.124425253024782e+00,7.508872791629821e-08,1.000000000000000e+00,0.000000000000000e+00,-9.999464061564561e-01,9.547162648697191e-01,-8.303342682740018e-01,7.508470362276236e-08,1.000000000000000e+03,1.000000000000000e+00,
8.084286675479195e-08,0.000000000000000e+00,-7.762027799014134e-08,3.002001247965843e+03,3.002001247929260e+03,6.967220973991911e+02,8.084286675479195e-08,0.000000000000000e+00,-1.000000000000000e+03,2.001334165286174e+03,1.477927045045061e-10,2.031249758662007e+05,1.174421785485510e-07,8.066956663161184e+08,0.000000000000000e+00,-5.253505714988527e-08,3.713378023858012e+10,3.713378023858013e+10,-7.092358294442827e+00,8.084286675479195e-08,1.000000000000000e+00,0.000000000000000e+00,-9.513369523571853e-01,4.088311555401590e-02,-6.700639761273117e-01,7.230011827706150e-09,1.000000000000000e+03,1.000000000000000e+00,
2.234247142645306e-07,0.000000000000000e+00,4.680196974048858e-08,2.451827441883762e+04,2.451827441883272e+04,1.552607829424866e+03,2.234247142645306e-07,0.000000000000000e+00,-1.000000000000000e+03,1.634551627922182e+04,4.901929445898694e-09,3.032245918783022e+05,5.998944303962900e-07,7.233358060354620e+08,0.000000000000000e+00,-4.076199214194387e-04,8.275063780778659e+10,8.275063780778659e+10,-6.650868788807453e+00,2.234247142645306e-07,1.000000000000000e+00,0.000000000000000e+00,2.094753478573366e-01,2.094753478573366e-01,6.593035791330092e-02,4.680196974048858e-08,1.000000000000000e+03,1.000000000000000e+00,
2.916309883647420e-06,0.000000000000000e+00,6.810342419200606e-03,2.410310291413066e+05,2.410230771804867e+05,1.505097876082790e+03,2.916309883647420e-06,0.000000000000000e+00,-1.000000000000000e+03,1.606820514536578e+05,7.951960819876056e+00,2.985491958263490e+05,7.705863444323576e-03,6.363852926397480e+08,0.000000000000000e+00,-1.365035876586489e-06,8.021846009570374e+10,8.021846009570374e+10,-5.535166330282850e+00,2.916309883647420e-06,1.000000000000000e+00,0.000000000000000e+00,2.332407218151181e+03,2.332407218151181e+03,-1.089674187253863e+03,6.810342419200606e-03,1.000000000000000e+03,1.000000000000000e+00,
3.216127002599488e-05,0.000000000000000e+00,7.915576469778962e-02,2.579734423169025e+06,2.579637013535017e+06,1.501156760254547e+03,3.216127002599488e-05,0.000000000000000e+00,-1.000000000000000e+03,1.719758009023345e+06,9.740963400741848e+01,2.981580623870555e+05,8.244378242473807e-03,5.509657835163862e+08,0.000000000000000e+00,-7.834385324448476e-07,8.000840714976294e+10,8.000840714976294e+10,-4.492666809600488e+00,3.216127002599488e-05,1.000000000000000e+00,0.000000000000000e+00,2.461213895900587e+03,2.461213895900587e+03,-1.780242869582498e+03,7.915576469778962e-02,1.000000000000000e+03,1.000000000000000e+00,
3.545493116317918e-04,0.000000000000000e+00,8.961428723912178e-01,2.836808176326477e+07,2.836694923808224e+07,1.501158006946497e+03,3.545493116317918e-04,0.000000000000000e+00,-1.000000000000000e+03,1.891129949205483e+07,1.132525182521850e+03,2.981581861953042e+05,8.443295064633729e-03,4.670266423266780e+08,0.000000000000000e+00,-7.954634976533725e-08,8.000847359574631e+10,8.000847359574631e+10,-3.450323353484493e+00,3.545493116317918e-04,1.000000000000000e+00,0.000000000000000e+00,2.527186089028193e+03,2.527186089028193e+03,-2.103653328116305e+03,8.961428723912178e-01,1.000000000000000e+03,1.000000000000000e+00,

64,28
2.589609554685547e-02,0.000000000000000e+00,6.559789049010244e+01,2.556222020079901e+09,2.556138936449996e+09,1.854360283676762e+03,2.589609554685547e-02,0.000000000000000e+00,-1.000000000000000e+03,1.704092624299998e+09,8.308362990408395e+04,3.313832804300491e+05,8.439417314725958e-03,4.657971822196056e+08,2.500000000000000e-07,6.330372616573146e-04,9.883339069372246e+10,9.883339069372246e+10,-1.586765711219186e+00,2.589609554685547e-02,1.000000000000000e+00,0.000000000000000e+00,2.536060315929225e+03,2.536060315929225e+03,-1.524484955235520e+03,6.559789049010244e+01,1.000000000000000e+03,1.000000000000000e+00,
2.589609554685547e-02,0.000000000000000e+00,6.559789049010244e+01,2.556222020079901e+09,2.556138936449996e+09,1.854360283676762e+03,2.589609554685547e-02,0.000000000000000e+00,-1.000000000000000e+03,1.704092624299998e+09,8.308362990408395e+04,3.313832804300491e+05,8.439417314725958e-03,4.657971822196056e+08,2.500000000000000e-07,6.330372616573146e-04,9.883339069372246e+10,9.883339069372246e+10,-1.586765711219186e+00,2.589609554685547e-02,1.000000000000000e+00,0.000000000000000e+00,2.536060315929225e+03,2.536060315929225e+03,-1.524484955235520e+03,6.559789049010244e+01,1.000000000000000e+03,1.000000000000000e+00,
2.589609554685547e-02,0.000000000000000e+00,6.559789049010244e+01,2.556222020079901e+09,2.556138936449996e+09,1.854360283676762e+03,2.589609554685547e-02,0.000000000000000e+00,-1.000000000000000e+03,1.704092624299998e+09,8.308362990408395e+04,3.313832804300491e+05,8.439417314725958e-03,4.657971822196056e+08,2.500000000000000e-07,6.330372616573146e-04,9.883339069372246e+10,9.883339069372246e+10,-1.586765711219186e+00,2.589609554685547e-02,1.000000000000000e+00,0.000000000000000e+00,2.536060315929225e+03,2.536060315929225e+03,-1.796059514585770e+03,6.559789049010244e+01,1.000000000000000e+03,1.000000000000000e+00,
2.589609554685547e-02,0.000000000000000e+00,6.559789049010244e+01,2.556222020079901e+09,2.556138936449996e+09,1.854360283676762e+03,2.589609554685547e-02,0.000000000000000e+00,-1.000000000000000e+03,1.704092624299998e+09,8.308362990408395e+04,3.313832804300491e+05,8.439417314725958e-03,4.657971822196056e+08,2.500000000000000e-07,6.330372616573146e-04,9.883339069372246e+10,9.883339069372246e+10,-1.586765711219186e+00,2.589609554685547e-02,1.000000000000000e+00,0.000000000000000e+00,2.536060315929225e+03,2.536060315929225e+03,-2.112145821326867e+03,6.559789049010244e+01,1.000000000000000e+03,1.000000000000000e+00,
2.589609554685547e-02,0.000000000000000e+00,6.559789049010244e+01,2.556222020079901e+09,2.556138936449996e+09,1.854360283676762e+03,2.589609554685547e-02,0.000000000000000e+00,-1.000000000000000e+03,1.704092624299998e+09,8.308362990408395e+04,3.313832804300491e+05,8.439417314725958e-03,4.657971822196056e+08,2.500000000000000e-07,6.330372616573146e-04,9.883339069372246e+10,9.883339069372246e+10,-1.586765711219186e+00,2.589609554685547e-02,1.000000000000000e+00,0.000000000000000e+00,2.536060315929225e+03,2.536060315929225e+03,-2.405903916443007e+03,6.559789049010244e+01,1.000000000000000e+03,1.000000000000000e+00,
2.589609554685547e-02,0.000000000000000e+00,6.559789049010244e+01,2.556222020079901e+09,2.556138936449996e+09,1.854360283676762e+03,2.589609554685547e-02,0.000000000000000e+00,-1.000000000000000e+03,1.704092624299998e+09,8.308362990408395e+04,3.313832804300491e+05,8.439417314725958e-03,4.657971822196056e+08,2.500000000000000e-07,6.330372616573146e-04,9.883339069372246e+10,9.883339069372246e+10,-1.586765711219186e+00,2.589609554685547e-02,1.000000000000000e+00,0.000000000000000e+00,2.536060315929225e+03,2.536060315929225e+03,-2.405903916443007e+03,6.559789049010244e+01,1.000000000000000e+03,1.000000000000000e+00,
2.589609554685547e-02,0.000000000000000e+00,6.559789049010244e+01,2.556222020079901e+09,2.556138936449996e+09,1.854360283676762e+03,2.589609554685547e-02,0.000000000000000e+00,-1.000000000000000e+03,1.704092624299998e+09,8.308362990408395e+04,3.313832804300491e+05,8.439417314725958e-03,4.657971822196056e+08,2.500000000000000e-07,6.330372616573146e-04,9.883339069372246e+10,9.883339069372246e+10,-1.586765711219186e+00,2.589609554685547e-02,1.000000000000000e+00,0.000000000000000e+00,2.536060315929225e+03,2.536060315929225e+03,-2.112145821326867e+03,6.559789049010244e+01,1.000000000000000e+03,1.000000000000000e+00,
2.589609554685547e-02,0.000000000000000e+00,6.559789049010244e+01,2.556222020079901e+09,2.556138936449996e+09,1.854360283676762e+03,2.589609554685547e-02,0.000000000000000e+00,-1.000000000000000e+03,1.704092624299998e+09,8.308362990408395e+04,3.313832804300491e+05,8.439417314725958e-03,4.657971822196056e+08,2.500000000000000e-07,6.330372616573146e-04,9.883339069372246e+10,9.883339069372246e+10,-1.586765711219186e+00,2.589609554685547e-02,1.000000000000000e+00,0.000000000000000e+00,2.536060315929225e+03,2.536060315929225e+03,-1.796059514585770e+03,6.559789049010244e+01,1.000000000000000e+03,1.000000000000000e+00,
7.508612787860475e-08,0.000000000000000e+00,-7.506106726949659e-08,2.467397136272355e+03,2.467397136234815e+03,6.165520834308578e+02,7.508612787860475e-08,0.000000000000000e+00,-1.000000000000000e+03,1.644931424156544e+03,3.753988909636408e-08,1.910814019797098e+05,5.234604183636748e-06,8.028051304169298e+08,0.000000000000000e+00,2.827487021184183e-13,3.286089196427829e+10,3.286089196427829e+10,-7.124440291254945e+00,7.508612787860475e-08,1.000000000000000e+00,0.000000000000000e+00,-9.999577164231095e-01,1.000014130112977e+00,-6.017236623110633e-01,7.508295296854318e-08,1.000000000000000e+03,1.000000000000000e+00,
8.045049189651267e-08,0.000000000000000e+00,-7.508470362276236e-08,2.962693462907193e+03,2.962693462870528e+03,6.909528896408520e+02,8.045049189651267e-08,0.000000000000000e+00,-1.000000000000000e+03,1.975128975247019e+03,3.754396429980642e-08,2.022822394256559e+05,5.232961848947506e-06,8.064253718348430e+08,0.000000000000000e+00,-6.083541186752139e-12,3.682629394835252e+10,3.682629394835252e+10,-7.094471296160501e+00,8.045049189651267e-08,1.000000000000000e+00,0.000000000000000e+00,-9.547162648697191e-01,9.999464061564561e-01,-4.289638630864342e-01,7.680739313037018e-08,1.000000000000000e+03,1.000000000000000e+00,
2.148705854150298e-07,0.000000000000000e+00,3.005527806576713e-08,2.353605085433973e+04,2.353605085433839e+04,2.055166673190388e+03,2.148705854150298e-07,0.000000000000000e+00,-1.000000000000000e+03,1.569070056955893e+04,3.658309478225761e-08,3.488647250632412e+05,4.683505552679230e-06,8.452111602125627e+08,0.000000000000000e+00,1.367206663709368e-08,1.095359367541058e+11,1.095359367541058e+11,-6.667823032932406e+00,2.148705854150298e-07,1.000000000000000e+00,0.000000000000000e+00,1.455332353314745e-01,9.513369523571853e-01,4.687962274089377e-02,7.762027799014134e-08,1.000000000000000e+03,1.000000000000000e+00,
2.808825950679862e-06,0.000000000000000e+00,6.565974891185731e-03,2.324398132953168e+05,2.324321389098211e+05,2.095804216892793e+03,2.808825950679862e-06,0.000000000000000e+00,-1.000000000000000e+03,1.549547592732141e+05,7.674385495699088e+00,3.522969547646028e+05,7.718701618563930e-03,8.283271791345208e+08,0.000000000000000e+00,1.391835844117963e-06,1.117018299027713e+11,1.117018299027713e+11,-5.551475171087207e+00,2.808825950679862e-06,1.000000000000000e+00,0.000000000000000e+00,2.348693638243723e+03,2.348693638243723e+03,4.111021373712187e+02,6.565974891185731e-03,1.000000000000000e+03,1.000000000000000e+00,
3.097750865586535e-05,0.000000000000000e+00,7.619337532460946e-02,2.485061745934519e+06,2.484968041974852e+06,1.550655697485656e+03,3.097750865586535e-05,0.000000000000000e+00,-1.000000000000000e+03,1.656645361316568e+06,9.370395966716310e+01,3.030339060593151e+05,8.238626610723549e-03,7.219344400872226e+08,0.000000000000000e+00,9.742669157091085e-07,8.264659339940921e+10,8.264659339940921e+10,-4.508953512997653e+00,3.097750865586535e-05,1.000000000000000e+00,0.000000000000000e+00,2.459635349345075e+03,2.459635349345075e+03,-4.569972082689825e+00,7.619337532460946e-02,1.000000000000000e+03,1.000000000000000e+00,
3.415015568129454e-04,0.000000000000000e+00,8.631574809594162e-01,2.732408643057403e+07,2.732299559976804e+07,1.504928377075697e+03,3.415015568129454e-04,0.000000000000000e+00,-1.000000000000000e+03,1.821533039984536e+07,1.090830805998778e+03,2.985323845551845e+05,8.477168069153534e-03,6.350467901503799e+08,0.000000000000000e+00,-2.104669235893653e-08,8.020942616538412e+10,8.020942616538411e+10,-3.466607312147220e+00,3.415015568129454e-04,1.000000000000000e+00,0.000000000000000e+00,2.527536006028235e+03,2.527536006028235e+03,-6.024245382202846e+02,8.631574809594162e-01,1.000000000000000e+03,1.000000000000000e+00,
3.694631406858950e-03,0.000000000000000e+00,9.359853505767481e+00,2.993661977139982e+08,2.993543417467850e+08,1.520214483110265e+03,3.694631406858950e-03,0.000000000000000e+00,-1.000000000000000e+03,1.995695611645234e+08,1.185596721323659e+04,3.000447050788488e+05,8.482112593266998e-03,5.496335524103504e+08,0.000000000000000e+00,4.227957256932768e-08,8.102414254126797e+10,8.102414254126797e+10,-2.432428882289997e+00,3.694631406858950e-03,1.000000000000000e+00,0.000000000000000e+00,2.533365977561727e+03,2.533365977561727e+03,-1.135656509862483e+03,9.359853505767481e+00,1.000000000000000e+03,1.000000000000000e+00,
7.508612787860475e-08,0.000000000000000e+00,-7.506106726949659e-08,2.467397136272355e+03,2.467397136234815e+03,6.165520834308578e+02,7.508612787860475e-08,0.000000000000000e+00,-1.000000000000000e+03,1.644931424156544e+03,3.753988909636408e-08,1.910814019797098e+05,5.234604183636748e-06,8.028051304169298e+08,0.000000000000000e+00,2.827487021184183e-13,3.286089196427829e+10,3.286089196427829e+10,-7.124440291254945e+00,7.508612787860475e-08,1.000000000000000e+00,0.000000000000000e+00,-9.999577164231095e-01,1.000014130112977e+00,-6.017236623110633e-01,7.508295296854318e-08,1.000000000000000e+03,1.000000000000000e+00,
8.045049189651267e-08,0.000000000000000e+00,-7.508470362276236e-08,2.962693462907193e+03,2.962693462870528e+03,6.909528896408520e+02,8.045049189651267e-08,0.000000000000000e+00,-1.000000000000000e+03,1.975128975247019e+03,3.754396429980642e-08,2.022822394256559e+05,5.232961848947506e-06,8.064253718348430e+08,0.000000000000000e+00,-6.083541186752139e-12,3.682629394835252e+10,3.682629394835252e+10,-7.094471296160501e+00,8.045049189651267e-08,1.000000000000000e+00,0.000000000000000e+00,-9.547162648697191e-01,9.999464061564561e-01,-4.289638630864342e-01,7.680739313037018e-08,1.000000000000000e+03,1.000000000000000e+00,
2.148705854150298e-07,0.000000000000000e+00,3.005527806576713e-08,2.353605085433973e+04,2.353605085433839e+04,2.055166673190388e+03,2.148705854150298e-07,0.000000000000000e+00,-1.000000000000000e+03,1.569070056955893e+04,3.658309478225761e-08,3.488647250632412e+05,4.683505552679230e-06,8.452111602125627e+08,0.000000000000000e+00,1.367206663709368e-08,1.095359367541058e+11,1.095359367541058e+11,-6.667823032932406e+00,2.148705854150298e-07,1.000000000000000e+00,0.000000000000000e+00,1.455332353314745e-01,9.513369523571853e-01,4.687962274089377e-02,7.762027799014134e-08,1.000000000000000e+03,1.000000000000000e+00,
2.808825950679862e-06,0.000000000000000e+00,6.565974891185731e-03,2.324398132953168e+05,2.324321389098211e+05,2.095804216892793e+03,2.808825950679862e-06,0.000000000000000e+00,-1.000000000000000e+03,1.549547592732141e+05,7.674385495699088e+00,3.522969547646028e+05,7.718701618563930e-03,8.283271791345208e+08,0.000000000000000e+00,1.391835844117963e-06,1.117018299027713e+11,1.117018299027713e+11,-5.551475171087207e+00,2.808825950679862e-06,1.000000000000000e+00,0.000000000000000e+00,2.348693638243723e+03,2.348693638243723e+03,4.111021373712187e+02,6.565974891185731e-03,1.000000000000000e+03,1.000000000000000e+00,
3.097750865586535e-05,0.000000000000000e+00,7.619337532460946e-02,2.485061745934519e+06,2.484968041974852e+06,1.550655697485656e+03,3.097750865586535e-05,0.000000000000000e+00,-1.000000000000000e+03,1.656645361316568e+06,9.370395966716310e+01,3.030339060593151e+05,8.238626610723549e-03,7.219344400872226e+08,0.000000000000000e+00,9.742669157091085e-07,8.264659339940921e+10,8.264659339940921e+10,-4.508953512997653e+00,3.097750865586535e-05,1.000000000000000e+00,0.000000000000000e+00,2.459635349345075e+03,2.459635349345075e+03,-4.569972082689825e+00,7.619337532460946e-02,1.000000000000000e+03,1.000000000000000e+00,
3.415015568129454e-04,0.000000000000000e+00,8.631574809594162e-01,2.732408643057403e+07,2.732299559976804e+07,1.504928377075697e+03,3.415015568129454e-04,0.000000000000000e+00,-1.000000000000000e+03,1.821533039984536e+07,1.090830805998778e+03,2.985323845551845e+05,8.477168069153534e-03,6.350467901503799e+08,0.000000000000000e+00,-2.104669235893653e-08,8.020942616538412e+10,8.020942616538411e+10,-3.466607312147220e+00,3.415015568129454e-04,1.000000000000000e+00,0.000000000000000e+00,2.527536006028235e+03,2.527536006028235e+03,-6.024245382202846e+02,8.631574809594162e-01,1.000000000000000e+03,1.000000000000000e+00,
3.694631406858950e-03,0.000000000000000e+00,9.359853505767481e+00,2.993661977139982e+08,2.993543417467850e+08,1.520214483110265e+03,3.694631406858950e-03,0.000000000000000e+00,-1.000000000000000e+03,1.995695611645234e+08,1.185596721323659e+04,3.000447050788488e+05,8.482112593266998e-03,5.496335524103504e+08,0.000000000000000e+00,4.227957256932768e-08,8.102414254126797e+10,8.102414254126797e+10,-2.432428882289997e+00,3.694631406858950e-03,1.000000000000000e+00,0.000000000000000e+00,2.533365977561727e+03,2.533365977561727e+03,-1.135656509862483e+03,9.359853505767481e+00,1.000000000000000e+03,1.000000000000000e+00,
7.508612787860475e-08,0.000000000000000e+00,-7.506106726949659e-08,2.467397136272355e+03,2.467397136234815e+03,6.165520834308578e+02,7.508612787860475e-08,0.000000000000000e+00,-1.000000000000000e+03,1.644931424156544e+03,3.753988909636408e-08,1.910814019797098e+05,5.234604183636748e-06,8.028051304169298e+08,0.000000000000000e+00,2.827487021184183e-13,3.286089196427829e+10,3.286089196427829e+10,-7.124440291254945e+00,7.508612787860475e-08,1.000000000000000e+00,0.000000000000000e+00,-9.999577164231095e-01,1.000014130112977e+00,-7.089158244124596e-01,7.508295296854318e-08,1.000000000000000e+03,1.000000000000000e+00,
8.045049189651267e-08,0.000000000000000e+00,-7.508470362276236e-08,2.962693462907193e+03,2.962693462870528e+03,6.909528896408520e+02,8.045049189651267e-08,0.000000000000000e+00,-1.000000000000000e+03,1.975128975247019e+03,3.754396429980642e-08,2.022822394256559e+05,5.232961848947506e-06,8.064253718348430e+08,0.000000000000000e+00,-6.083541186752139e-12,3.682629394835252e+10,3.682629394835252e+10,-7.094471296160501e+00,8.045049189651267e-08,1.000000000000000e+00,0.000000000000000e+00,-9.547162648697191e-01,9.999464061564561e-01,-5.319672653097367e-01,7.680739313037018e-08,1.000000000000000e+03,1.000000000000000e+00,
2.148705854150298e-07,0.000000000000000e+00,3.005527806576713e-08,2.353605085433973e+04,2.353605085433839e+04,2.055166673190388e+03,2.148705854150298e-07,0.000000000000000e+00,-1.000000000000000e+03,1.569070056955893e+04,3.658309478225761e-08,3.488647250632412e+05,4.683505552679230e-06,8.452111602125627e+08,0.000000000000000e+00,1.367206663709368e-08,1.095359367541058e+11,1.095359367541058e+11,-6.667823032932406e+00,2.148705854150298e-07,1.000000000000000e+00,0.000000000000000e+00,1.455332353314745e-01,9.513369523571853e-01,6.609151677107711e-02,7.762027799014134e-08,1.000000000000000e+03,1.000000000000000e+00,
2.808825950679862e-06,0.000000000000000e+00,6.565974891185731e-03,2.324398132953168e+05,2.324321389098211e+05,2.095804216892793e+03,2.808825950679862e-06,0.000000000000000e+00,-1.000000000000000e+03,1.549547592732141e+05,7.674385495699088e+00,3.522969547646028e+05,7.718701618563930e-03,8.283271791345208e+08,0.000000000000000e+00,1.391835844117963e-06,1.117018299027713e+11,1.117018299027713e+11,-5.551475171087207e+00,2.808825950679862e-06,1.000000000000000e+00,0.000000000000000e+00,2.348693638243723e+03,2.348693638243723e+03,5.933845246344504e+02,6.565974891185731e-03,1.000000000000000e+03,1.000000000000000e+00,
3.097750865586535e-05,0.000000000000000e+00,7.619337532460946e-02,2.485061745934519e+06,2.484968041974852e+06,1.550655697485656e+03,3.097750865586535e-05,0.000000000000000e+00,-1.000000000000000e+03,1.656645361316568e+06,9.370395966716310e+01,3.030339060593151e+05,8.238626610723549e-03,7.219344400872226e+08,0.000000000000000e+00,9.742669157091085e-07,8.264659339940921e+10,8.264659339940921e+10,-4.508953512997653e+00,3.097750865586535e-05,1.000000000000000e+00,0.000000000000000e+00,2.459635349345075e+03,2.459635349345075e+03,-6.097264349831866e+00,7.619337532460946e-02,1.000000000000000e+03,1.000000000000000e+00,
3.415015568129454e-04,0.000000000000000e+00,8.631574809594162e-01,2.732408643057403e+07,2.732299559976804e+07,1.504928377075697e+03,3.415015568129454e-04,0.000000000000000e+00,-1.000000000000000e+03,1.821533039984536e+07,1.090830805998778e+03,2.985323845551845e+05,8.477168069153534e-03,6.350467901503799e+08,0.000000000000000e+00,-2.104669235893653e-08,8.020942616538412e+10,8.020942616538411e+10,-3.466607312147220e+00,3.415015568129454e-04,1.000000000000000e+00,0.000000000000000e+00,2.527536006028235e+03,2.527536006028235e+03,-7.856083444001090e+02,8.631574809594162e-01,1.000000000000000e+03,1.000000000000000e+00,
3.694631406858950e-03,0.000000000000000e+00,9.359853505767481e+00,2.993661977139982e+08,2.993543417467850e+08,1.520214483110265e+03,3.694631406858950e-03,0.000000000000000e+00,-1.000000000000000e+03,1.995695611645234e+08,1.185596721323659e+04,3.000447050788488e+05,8.482112593266998e-03,5.496335524103504e+08,0.000000000000000e+00,4.227957256932768e-08,8.102414254126797e+10,8.102414254126797e+10,-2.432428882289997e+00,3.694631406858950e-03,1.000000000000000e+00,0.000000000000000e+00,2.533365977561727e+03,2.533365977561727e+03,-1.408351937937055e+03,9.359853505767481e+00,1.000000000000000e+03,1.000000000000000e+00,
7.508612787860475e-08,0.000000000000000e+00,-7.506106726949659e-08,2.467397136272355e+03,2.467397136234815e+03,6.165520834308578e+02,7.508612787860475e-08,0.000000000000000e+00,-1.000000000000000e+03,1.644931424156544e+03,3.753988909636408e-08,1.910814019797098e+05,5.234604183636748e-06,8.028051304169298e+08,0.000000000000000e+00,2.827487021184183e-13,3.286089196427829e+10,3.286089196427829e+10,-7.124440291254945e+00,7.508612787860475e-08,1.000000000000000e+00,0.000000000000000e+00,-9.999577164231095e-01,1.000014130112977e+00,-8.336770491431078e-01,7.508295296854318e-08,1.000000000000000e+03,1.000000000000000e+00,
8.045049189651267e-08,0.000000000000000e+00,-7.508470362276236e-08,2.962693462907193e+03,2.962693462870528e+03,6.909528896408520e+02,8.045049189651267e-08,0.000000000000000e+00,-1.000000000000000e+03,1.975128975247019e+03,3.754396429980642e-08,2.022822394256559e+05,5.232961848947506e-06,8.064253718348430e+08,0.000000000000000e+00,-6.083541186752139e-12,3.682629394835252e+10,3.682629394835252e+10,-7.094471296160501e+00,8.045049189651267e-08,1.000000000000000e+00,0.000000000000000e+00,-9.547162648697191e-01,9.999464061564561e-01,-6.777182304735834e-01,7.680739313037018e-08,1.000000000000000e+03,1.000000000000000e+00,
2.148705854150298e-07,0.000000000000000e+00,3.005527806576713e-08,2.353605085433973e+04,2.353605085433839e+04,2.055166673190388e+03,2.148705854150298e-07,0.000000000000000e+00,-1.000000000000000e+03,1.569070056955893e+04,3.658309478225761e-08,3.488647250632412e+05,4.683505552679230e-06,8.452111602125627e+08,0.000000000000000e+00,1.367206663709368e-08,1.095359367541058e+11,1.095359367541058e+11,-6.667823032932406e+00,2.148705854150298e-07,1.000000000000000e+00,0.000000000000000e+00,1.455332353314745e-01,9.513369523571853e-01,1.036960661483414e-01,7.762027799014134e-08,1.000000000000000e+03,1.000000000000000e+00,
2.808825950679862e-06,0.000000000000000e+00,6.565974891185731e-03,2.324398132953168e+05,2.324321389098211e+05,2.095804216892793e+03,2.808825950679862e-06,0.000000000000000e+00,-1.000000000000000e+03,1.549547592732141e+05,7.674385495699088e+00,3.522969547646028e+05,7.718701618563930e-03,8.283271791345208e+08,0.000000000000000e+00,1.391835844117963e-06,1.117018299027713e+11,1.117018299027713e+11,-5.551475171087207e+00,2.808825950679862e-06,1.000000000000000e+00,0.000000000000000e+00,2.348693638243723e+03,2.348693638243723e+03,1.005001842398109e+03,6.565974891185731e-03,1.000000000000000e+03,1.000000000000000e+00,
3.097750865586535e-05,0.000000000000000e+00,7.619337532460946e-02,2.485061745934519e+06,2.484968041974852e+06,1.550655697485656e+03,3.097750865586535e-05,0.000000000000000e+00,-1.000000000000000e+03,1.656645361316568e+06,9.370395966716310e+01,3.030339060593151e+05,8.238626610723549e-03,7.219344400872226e+08,0.000000000000000e+00,9.742669157091085e-07,8.264659339940921e+10,8.264659339940921e+10,-4.508953512997653e+00,3.097750865586535e-05,1.000000000000000e+00,0.000000000000000e+00,2.459635349345075e+03,2.459635349345075e+03,-9.157812742826003e+00,7.619337532460946e-02,1.000000000000000e+03,1.000000000000000e+00,
3.415015568129454e-04,0.000000000000000e+00,8.631574809594162e-01,2.732408643057403e+07,2.732299559976804e+07,1.504928377075697e+03,3.415015568129454e-04,0.000000000000000e+00,-1.000000000000000e+03,1.821533039984536e+07,1.090830805998778e+03,2.985323845551845e+05,8.477168069153534e-03,6.350467901503799e+08,0.000000000000000e+00,-2.104669235893653e-08,8.020942616538412e+10,8.020942616538411e+10,-3.466607312147220e+00,3.415015568129454e-04,1.000000000000000e+00,0.000000000000000e+00,2.527536006028235e+03,2.527536006028235e+03,-1.111011173136887e+03,8.631574809594162e-01,1.000000000000000e+03,1.000000000000000e+00,
3.694631406858950e-03,0.000000000000000e+00,9.359853505767481e+00,2.993661977139982e+08,2.993543417467850e+08,1.520214483110265e+03,3.694631406858950e-03,0.000000000000000e+00,-1.000000000000000e+03,1.995695611645234e+08,1.185596721323659e+04,3.000447050788488e+05,8.482112593266998e-03,5.496335524103504e+08,0.000000000000000e+00,4.227957256932768e-08,8.102414254126797e+10,8.102414254126797e+10,-2.432428882289997e+00,3.694631406858950e-03,1.000000000000000e+00,0.000000000000000e+00,2.533365977561727e+03,2.533365977561727e+03,-1.794219015914461e+03,9.359853505767481e+00,1.000000000000000e+03,1.000000000000000e+00,
7.508612787860475e-08,0.000000000000000e+00,-7.506106726949659e-08,2.467397136272355e+03,2.467397136234815e+03,6.165520834308578e+02,7.508612787860475e-08,0.000000000000000e+00,-1.000000000000000e+03,1.644931424156544e+03,3.753988909636408e-08,1.910814019797098e+05,5.234604183636748e-06,8.028051304169298e+08,0.000000000000000e+00,2.827487021184183e-13,3.286089196427829e+10,3.286089196427829e+10,-7.124440291254945e+00,7.508612787860475e-08,1.000000000000000e+00,0.000000000000000e+00,-9.999577164231095e-01,1.000014130112977e+00,-9.496251903299114e-01,7.508295296854318e-08,1.000000000000000e+03,1.000000000000000e+00,
8.045049189651267e-08,0.000000000000000e+00,-7.508470362276236e-08,2.962693462907193e+03,2.962693462870528e+03,6.909528896408520e+02,8.045049189651267e-08,0.000000000000000e+00,-1.000000000000000e+03,1.975128975247019e+03,3.754396429980642e-08,2.022822394256559e+05,5.232961848947506e-06,8.064253718348430e+08,0.000000000000000e+00,-6.083541186752139e-12,3.682629394835252e+10,3.682629394835252e+10,-7.094471296160501e+00,8.045049189651267e-08,1.000000000000000e+00,0.000000000000000e+00,-9.547162648697191e-01,9.999464061564561e-01,-8.559130755435627e-01,7.680739313037018e-08,1.000000000000000e+03,1.000000000000000e+00,
2.148705854150298e-07,0.000000000000000e+00,3.005527806576713e-08,2.353605085433973e+04,2.353605085433839e+04,2.055166673190388e+03,2.148705854150298e-07,0.000000000000000e+00,-1.000000000000000e+03,1.569070056955893e+04,3.658309478225761e-08,3.488647250632412e+05,4.683505552679230e-06,8.452111602125627e+08,0.000000000000000e+00,1.367206663709368e-08,1.095359367541058e+11,1.095359367541058e+11,-6.667823032932406e+00,2.148705854150298e-07,1.000000000000000e+00,0.000000000000000e+00,1.455332353314745e-01,9.513369523571853e-01,1.455289952849943e-01,7.762027799014134e-08,1.000000000000000e+03,1.000000000000000e+00,
2.808825950679862e-06,0.000000000000000e+00,6.565974891185731e-03,2.324398132953168e+05,2.324321389098211e+05,2.095804216892793e+03,2.808825950679862e-06,0.000000000000000e+00,-1.000000000000000e+03,1.549547592732141e+05,7.674385495699088e+00,3.522969547646028e+05,7.718701618563930e-03,8.283271791345208e+08,0.000000000000000e+00,1.391835844117963e-06,1.117018299027713e+11,1.117018299027713e+11,-5.551475171087207e+00,2.808825950679862e-06,1.000000000000000e+00,0.000000000000000e+00,2.348693638243723e+03,2.348693638243723e+03,2.343049559476243e+03,6.565974891185731e-03,1.000000000000000e+03,1.000000000000000e+00,
3.097750865586535e-05,0.000000000000000e+00,7.619337532460946e-02,2.485061745934519e+06,2.484968041974852e+06,1.550655697485656e+03,3.097750865586535e-05,0.000000000000000e+00,-1.000000000000000e+03,1.656645361316568e+06,9.370395966716310e+01,3.030339060593151e+05,8.238626610723549e-03,7.219344400872226e+08,0.000000000000000e+00,9.742669157091085e-07,8.264659339940921e+10,8.264659339940921e+10,-4.508953512997653e+00,3.097750865586535e-05,1.000000000000000e+00,0.000000000000000e+00,2.459635349345075e+03,2.459635349345075e+03,-1.838730563781196e+01,7.619337532460946e-02,1.000000000000000e+03,1.000000000000000e+00,
3.415015568129454e-04,0.000000000000000e+00,8.631574809594162e-01,2.732408643057403e+07,2.732299559976804e+07,1.504928377075697e+03,3.415015568129454e-04,0.000000000000000e+00,-1.000000000000000e+03,1.821533039984536e+07,1.090830805998778e+03,2.985323845551845e+05,8.477168069153534e-03,6.350467901503799e+08,0.000000000000000e+00,-2.104669235893653e-08,8.020942616538412e+10,8.020942616538411e+10,-3.466607312147220e+00,3.415015568129454e-04,1.000000000000000e+00,0.000000000000000e+00,2.527536006028235e+03,2.527536006028235e+03,-1.753883926610538e+03,8.631574809594162e-01,1.000000000000000e+03,1.000000000000000e+00,
3.694631406858950e-03,0.000000000000000e+00,9.359853505767481e+00,2.993661977139982e+08,2.993543417467850e+08,1.520214483110265e+03,3.694631406858950e-03,0.000000000000000e+00,-1.000000000000000e+03,1.995695611645234e+08,1.185596721323659e+04,3.000447050788488e+05,8.482112593266998e-03,5.496335524103504e+08,0.000000000000000e+00,4.227957256932768e-08,8.102414254126797e+10,8.102414254126797e+10,-2.432428882289997e+00,3.694631406858950e-03,1.000000000000000e+00,0.000000000000000e+00,2.533365977561727e+03,2.533365977561727e+03,-2.265979351089553e+03,9.359853505767481e+00,1.000000000000000e+03,1.000000000000000e+00,
7.508612787860475e-08,0.000000000000000e+00,-7.506106726949659e-08,2.467397136272355e+03,2.467397136234815e+03,6.165520834308578e+02,7.508612787860475e-08,0.000000000000000e+00,-1.000000000000000e+03,1.644931424156544e+03,3.753988909636408e-08,1.910814019797098e+05,5.234604183636748e-06,8.028051304169298e+08,0.000000000000000e+00,2.827487021184183e-13,3.286089196427829e+10,3.286089196427829e+10,-7.124440291254945e+00,7.508612787860475e-08,1.000000000000000e+00,0.000000000000000e+00,-9.999577164231095e-01,1.000014130112977e+00,-9.496251903299114e-01,7.508295296854318e-08,1.000000000000000e+03,1.000000000000000e+00,
8.045049189651267e-08,0.000000000000000e+00,-7.508470362276236e-08,2.962693462907193e+03,2.962693462870528e+03,6.909528896408520e+02,8.045049189651267e-08,0.000000000000000e+00,-1.000000000000000e+03,1.975128975247019e+03,3.754396429980642e-08,2.022822394256559e+05,5.232961848947506e-06,8.064253718348430e+08,0.000000000000000e+00,-6.083541186752139e-12,3.682629394835252e+10,3.682629394835252e+10,-7.094471296160501e+00,8.045049189651267e-08,1.000000000000000e+00,0.000000000000000e+00,-9.547162648697191e-01,9.999464061564561e-01,-8.559130755435627e-01,7.680739313037018e-08,1.000000000000000e+03,1.000000000000000e+00,
2.148705854150298e-07,0.000000000000000e+00,3.005527806576713e-08,2.353605085433973e+04,2.353605085433839e+04,2.055166673190388e+03,2.148705854150298e-07,0.000000000000000e+00,-1.000000000000000e+03,1.569070056955893e+04,3.658309478225761e-08,3.488647250632412e+05,4.683505552679230e-06,8.452111602125627e+08,0.000000000000000e+00,1.367206663709368e-08,1.095359367541058e+11,1.095359367541058e+11,-6.667823032932406e+00,2.148705854150298e-07,1.000000000000000e+00,0.000000000000000e+00,1.455332353314745e-01,9.513369523571853e-01,1.455289952849943e-01,7.762027799014134e-08,1.000000000000000e+03,1.000000000000000e+00,
2.808825950679862e-06,0.000000000000000e+00,6.565974891185731e-03,2.324398132953168e+05,2.324321389098211e+05,2.095804216892793e+03,2.808825950679862e-06,0.000000000000000e+00,-1.000000000000000e+03,1.549547592732141e+05,7.674385495699088e+00,3.522969547646028e+05,7.718701618563930e-03,8.283271791345208e+08,0.000000000000000e+00,1.391835844117963e-06,1.117018299027713e+11,1.117018299027713e+11,-5.551475171087207e+00,2.808825950679862e-06,1.000000000000000e+00,0.000000000000000e+00,2.348693638243723e+03,2.348693638243723e+03,2.343049559476243e+03,6.565974891185731e-03,1.000000000000000e+03,1.000000000000000e+00,
3.097750865586535e-05,0.000000000000000e+00,7.619337532460946e-02,2.485061745934519e+06,2.484968041974852e+06,1.550655697485656e+03,3.097750865586535e-05,0.000000000000000e+00,-1.000000000000000e+03,1.656645361316568e+06,9.370395966716310e+01,3.030339060593151e+05,8.238626610723549e-03,7.219344400872226e+08,0.000000000000000e+00,9.742669157091085e-07,8.264659339940921e+10,8.264659339940921e+10,-4.508953512997653e+00,3.097750865586535e-05,1.000000000000000e+00,0.000000000000000e+00,2.459635349345075e+03,2.459635349345075e+03,-1.838730563781196e+01,7.619337532460946e-02,1.000000000000000e+03,1.000000000000000e+00,
3.415015568129454e-04,0.000000000000000e+00,8.631574809594162e-01,2.732408643057403e+07,2.732299559976804e+07,1.504928377075697e+03,3.415015568129454e-04,0.000000000000000e+00,-1.000000000000000e+03,1.821533039984536e+07,1.090830805998778e+03,2.985323845551845e+05,8.477168069153534e-03,6.350467901503799e+08,0.000000000000000e+00,-2.104669235893653e-08,8.020942616538412e+10,8.020942616538411e+10,-3.466607312147220e+00,3.415015568129454e-04,1.000000000000000e+00,0.000000000000000e+00,2.527536006028235e+03,2.527536006028235e+03,-1.753883926610538e+03,8.631574809594162e-01,1.000000000000000e+03,1.000000000000000e+00,
3.694631406858950e-03,0.000000000000000e+00,9.359853505767481e+00,2.993661977139982e+08,2.993543417467850e+08,1.520214483110265e+03,3.694631406858950e-03,0.000000000000000e+00,-1.000000000000000e+03,1.995695611645234e+08,1.185596721323659e+04,3.000447050788488e+05,8.482112593266998e-03,5.496335524103504e+08,0.000000000000000e+00,4.227957256932768e-08,8.102414254126797e+10,8.102414254126797e+10,-2.432428882289997e+00,3.694631406858950e-03,1.000000000000000e+00,0.000000000000000e+00,2.533365977561727e+03,2.533365977561727e+03,-2.265979351089553e+03,9.359853505767481e+00,1.000000000000000e+03,1.000000000000000e+00,
7.508612787860475e-08,0.000000000000000e+00,-7.506106726949659e-08,2.467397136272355e+03,2.467397136234815e+03,6.165520834308578e+02,7.508612787860475e-08,0.000000000000000e+00,-1.000000000000000e+03,1.644931424156544e+03,3.753988909636408e-08,1.910814019797098e+05,5.234604183636748e-06,8.028051304169298e+08,0.000000000000000e+00,2.827487021184183e-13,3.286089196427829e+10,3.286089196427829e+10,-7.124440291254945e+00,7.508612787860475e-08,1.000000000000000e+00,0.000000000000000e+00,-9.999577164231095e-01,1.000014130112977e+00,-8.336770491431078e-01,7.508295296854318e-08,1.000000000000000e+03,1.000000000000000e+00,
8.045049189651267e-08,0.000000000000000e+00,-7.508470362276236e-08,2.962693462907193e+03,2.962693462870528e+03,6.909528896408520e+02,8.045049189651267e-08,0.000000000000000e+00,-1.000000000000000e+03,1.975128975247019e+03,3.754396429980642e-08,2.022822394256559e+05,5.232961848947506e-06,8.064253718348430e+08,0.000000000000000e+00,-6.083541186752139e-12,3.682629394835252e+10,3.682629394835252e+10,-7.094471296160501e+00,8.045049189651267e-08,1.000000000000000e+00,0.000000000000000e+00,-9.547162648697191e-01,9.999464061564561e-01,-6.777182304735834e-01,7.680739313037018e-08,1.000000000000000e+03,1.000000000000000e+00,
2.148705854150298e-07,0.000000000000000e+00,3.005527806576713e-08,2.353605085433973e+04,2.353605085433839e+04,2.055166673190388e+03,2.148705854150298e-07,0.000000000000000e+00,-1.000000000000000e+03,1.569070056955893e+04,3.658309478225761e-08,3.488647250632412e+05,4.683505552679230e-06,8.452111602125627e+08,0.000000000000000e+00,1.367206663709368e-08,1.095359367541058e+11,1.095359367541058e+11,-6.667823032932406e+00,2.148705854150298e-07,1.000000000000000e+00,0.000000000000000e+00,1.455332353314745e-01,9.513369523571853e-01,1.036960661483414e-01,7.762027799014134e-08,1.000000000000000e+03,1.000000000000000e+00,
2.808825950679862e-06,0.000000000000000e+00,6.565974891185731e-03,2.324398132953168e+05,2.324321389098211e+05,2.095804216892793e+03,2.808825950679862e-06,0.000000000000000e+00,-1.000000000000000e+03,1.549547592732141e+05,7.674385495699088e+00,3.522969547646028e+05,7.718701618563930e-03,8.283271791345208e+08,0.000000000000000e+00,1.391835844117963e-06,1.117018299027713e+11,1.117018299027713e+11,-5.551475171087207e+00,2.808825950679862e-06,1.000000000000000e+00,0.000000000000000e+00,2.348693638243723e+03,2.348693638243723e+03,1.005001842398109e+03,6.565974891185731e-03,1.000000000000000e+03,1.000000000000000e+00,
3.097750865586535e-05,0.000000000000000e+00,7.619337532460946e-02,2.485061745934519e+06,2.484968041974852e+06,1.550655697485656e+03,3.097750865586535e-05,0.000000000000000e+00,-1.000000000000000e+03,1.656645361316568e+06,9.370395966716310e+01,3.030339060593151e+05,8.238626610723549e-03,7.219344400872226e+08,0.000000000000000e+00,9.742669157091085e-07,8.264659339940921e+10,8.264659339940921e+10,-4.508953512997653e+00,3.097750865586535e-05,1.000000000000000e+00,0.000000000000000e+00,2.459635349345075e+03,2.459635349345075e+03,-9.157812742826003e+00,7.619337532460946e-02,1.000000000000000e+03,1.000000000000000e+00,
3.415015568129454e-04,0.000000000000000e+00,8.631574809594162e-01,2.732408643057403e+07,2.732299559976804e+07,1.504928377075697e+03,3.415015568129454e-04,0.000000000000000e+00,-1.000000000000000e+03,1.821533039984536e+07,1.090830805998778e+03,2.985323845551845e+05,8.477168069153534e-03,6.350467901503799e+08,0.000000000000000e+00,-2.104669235893653e-08,8.020942616538412e+10,8.020942616538411e+10,-3.466607312147220e+00,3.415015568129454e-04,1.000000000000000e+00,0.000000000000000e+00,2.527536006028235e+03,2.527536006028235e+03,-1.111011173136887e+03,8.631574809594162e-01,1.000000000000000e+03,1.000000000000000e+00,
3.694631406858950e-03,0.000000000000000e+00,9.359853505767481e+00,2.993661977139982e+08,2.993543417467850e+08,1.520214483110265e+03,3.694631406858950e-03,0.000000000000000e+00,-1.000000000000000e+03,1.995695611645234e+08,1.185596721323659e+04,3.000447050788488e+05,8.482112593266998e-03,5.496335524103504e+08,0.000000000000000e+00,4.227957256932768e-08,8.102414254126797e+10,8.102414254126797e+10,-2.432428882289997e+00,3.694631406858950e-03,1.000000000000000e+00,0.000000000000000e+00,2.533365977561727e+03,2.533365977561727e+03,-1.794219015914461e+03,9.359853505767481e+00,1.000000000000000e+03,1.000000000000000e+00,
7.508612787860475e-08,0.000000000000000e+00,-7.506106726949659e-08,2.467397136272355e+03,2.467397136234815e+03,6.165520834308578e+02,7.508612787860475e-08,0.000000000000000e+00,-1.000000000000000e+03,1.644931424156544e+03,3.753988909636408e-08,1.910814019797098e+05,5.234604183636748e-06,8.028051304169298e+08,0.000000000000000e+00,2.827487021184183e-13,3.286089196427829e+10,3.286089196427829e+10,-7.124440291254945e+00,7.508612787860475e-08,1.000000000000000e+00,0.000000000000000e+00,-9.999577164231095e-01,1.000014130112977e+00,-7.089158244124596e-01,7.508295296854318e-08,1.000000000000000e+03,1.000000000000000e+00,
8.045049189651267e-08,0.000000000000000e+00,-7.508470362276236e-08,2.962693462907193e+03,2.962693462870528e+03,6.909528896408520e+02,8.045049189651267e-08,0.000000000000000e+00,-1.000000000000000e+03,1.975128975247019e+03,3.754396429980642e-08,2.022822394256559e+05,5.232961848947506e-06,8.064253718348430e+08,0.000000000000000e+00,-6.083541186752139e-12,3.682629394835252e+10,3.682629394835252e+10,-7.094471296160501e+00,8.045049189651267e-08,1.000000000000000e+00,0.000000000000000e+00,-9.547162648697191e-01,9.999464061564561e-01,-5.319672653097367e-01,7.680739313037018e-08,1.000000000000000e+03,1.000000000000000e+00,
2.148705854150298e-07,0.000000000000000e+00,3.005527806576713e-08,2.353605085433973e+04,2.353605085433839e+04,2.055166673190388e+03,2.148705854150298e-07,0.000000000000000e+00,-1.000000000000000e+03,1.569070056955893e+04,3.658309478225761e-08,3.488647250632412e+05,4.683505552679230e-06,8.452111602125627e+08,0.000000000000000e+00,1.367206663709368e-08,1.095359367541058e+11,1.095359367541058e+11,-6.667823032932406e+00,2.148705854150298e-07,1.000000000000000e+00,0.000000000000000e+00,1.455332353314745e-01,9.513369523571853e-01,6.609151677107711e-02,7.762027799014134e-08,1.000000000000000e+03,1.000000000000000e+00,
2.808825950679862e-06,0.000000000000000e+00,6.565974891185731e-03,2.324398132953168e+05,2.324321389098211e+05,2.095804216892793e+03,2.808825950679862e-06,0.000000000000000e+00,-1.000000000000000e+03,1.549547592732141e+05,7.674385495699088e+00,3.522969547646028e+05,7.718701618563930e-03,8.283271791345208e+08,0.000000000000000e+00,1.391835844117963e-06,1.117018299027713e+11,1.117018299027713e+11,-5.551475171087207e+00,2.808825950679862e-06,1.000000000000000e+00,0.000000000000000e+00,2.348693638243723e+03,2.348693638243723e+03,5.933845246344504e+02,6.565974891185731e-03,1.000000000000000e+03,1.000000000000000e+00,
3.097750865586535e-05,0.000000000000000e+00,7.619337532460946e-02,2.485061745934519e+06,2.484968041974852e+06,1.550655697485656e+03,3.097750865586535e-05,0.000000000000000e+00,-1.000000000000000e+03,1.656645361316568e+06,9.370395966716310e+01,3.030339060593151e+05,8.238626610723549e-03,7.219344400872226e+08,0.000000000000000e+00,9.742669157091085e-07,8.264659339940921e+10,8.264659339940921e+10,-4.508953512997653e+00,3.097750865586535e-05,1.000000000000000e+00,0.000000000000000e+00,2.459635349345075e+03,2.459635349345075e+03,-6.097264349831866e+00,7.619337532460946e-02,1.000000000000000e+03,1.000000000000000e+00,
3.415015568129454e-04,0.000000000000000e+00,8.631574809594162e-01,2.732408643057403e+07,2.732299559976804e+07,1.504928377075697e+03,3.415015568129454e-04,0.000000000000000e+00,-1.000000000000000e+03,1.821533039984536e+07,1.090830805998778e+03,2.985323845551845e+05,8.477168069153534e-03,6.350467901503799e+08,0.000000000000000e+00,-2.104669235893653e-08,8.020942616538412e+10,8.020942616538411e+10,-3.466607312147220e+00,3.415015568129454e-04,1.000000000000000e+00,0.000000000000000e+00,2.527536006028235e+03,2.527536006028235e+03,-7.856083444001090e+02,8.631574809594162e-01,1.000000000000000e+03,1.000000000000000e+00,
3.694631406858950e-03,0.000000000000000e+00,9.359853505767481e+00,2.993661977139982e+08,2.993543417467850e+08,1.520214483110265e+03,3.694631406858950e-03,0.000000000000000e+00,-1.000000000000000e+03,1.995695611645234e+08,1.185596721323659e+04,3.000447050788488e+05,8.482112593266998e-03,5.496335524103504e+08,0.000000000000000e+00,4.227957256932768e-08,8.102414254126797e+10,8.102414254126797e+10,-2.432428882289997e+00,3.694631406858950e-03,1.000000000000000e+00,0.000000000000000e+00,2.533365977561727e+03,2.533365977561727e+03,-1.408351937937055e+03,9.359853505767481e+00,1.000000000000000e+03,1.000000000000000e+00,

