1
0
28
0
(64 0
((0,0) (63,63) (0,0))
((448,0) (511,63) (0,0))
((384,0) (447,63) (0,0))
((320,0) (383,63) (0,0))
((256,0) (319,63) (0,0))
((192,0) (255,63) (0,0))
((128,0) (191,63) (0,0))
((64,0) (127,63) (0,0))
((0,448) (63,511) (0,0))
((0,384) (63,447) (0,0))
((0,320) (63,383) (0,0))
((0,256) (63,319) (0,0))
((0,192) (63,255) (0,0))
((0,128) (63,191) (0,0))
((0,64) (63,127) (0,0))
((448,448) (511,511) (0,0))
((448,384) (511,447) (0,0))
((448,320) (511,383) (0,0))
((448,256) (511,319) (0,0))
((448,192) (511,255) (0,0))
((448,128) (511,191) (0,0))
((448,64) (511,127) (0,0))
((384,448) (447,511) (0,0))
((384,384) (447,447) (0,0))
((384,320) (447,383) (0,0))
((384,256) (447,319) (0,0))
((384,192) (447,255) (0,0))
((384,128) (447,191) (0,0))
((384,64) (447,127) (0,0))
((320,448) (383,511) (0,0))
((320,384) (383,447) (0,0))
((320,320) (383,383) (0,0))
((320,256) (383,319) (0,0))
((320,192) (383,255) (0,0))
((320,128) (383,191) (0,0))
((320,64) (383,127) (0,0))
((256,448) (319,511) (0,0))
((256,384) (319,447) (0,0))
((256,320) (319,383) (0,0))
((256,256) (319,319) (0,0))
((256,192) (319,255) (0,0))
((256,128) (319,191) (0,0))
((256,64) (319,127) (0,0))
((192,448) (255,511) (0,0))
((192,384) (255,447) (0,0))
((192,320) (255,383) (0,0))
((192,256) (255,319) (0,0))
((192,192) (255,255) (0,0))
((192,128) (255,191) (0,0))
((192,64) (255,127) (0,0))
((128,448) (191,511) (0,0))
((128,384) (191,447) (0,0))
((128,320) (191,383) (0,0))
((128,256) (191,319) (0,0))
((128,192) (191,255) (0,0))
((128,128) (191,191) (0,0))
((128,64) (191,127) (0,0))
((64,448) (127,511) (0,0))
((64,384) (127,447) (0,0))
((64,320) (127,383) (0,0))
((64,256) (127,319) (0,0))
((64,192) (127,255) (0,0))
((64,128) (127,191) (0,0))
((64,64) (127,127) (0,0))
)
64
FabOnDisk: Cell_D_0000 0
FabOnDisk: Cell_D_0001 0
FabOnDisk: Cell_D_0001 917590
FabOnDisk: Cell_D_0001 1835180
FabOnDisk: Cell_D_0001 2752770
FabOnDisk: Cell_D_0000 917587
FabOnDisk: Cell_D_0000 1835177
FabOnDisk: Cell_D_0000 2752767
FabOnDisk: Cell_D_0002 0
FabOnDisk: Cell_D_0002 917590
FabOnDisk: Cell_D_0002 1835180
FabOnDisk: Cell_D_0002 2752770
FabOnDisk: Cell_D_0000 3670356
FabOnDisk: Cell_D_0000 4587946
FabOnDisk: Cell_D_0000 5505536
FabOnDisk: Cell_D_0003 0
FabOnDisk: Cell_D_0003 917593
FabOnDisk: Cell_D_0003 1835186
FabOnDisk: Cell_D_0003 2752779
FabOnDisk: Cell_D_0001 3670360
FabOnDisk: Cell_D_0001 4587953
FabOnDisk: Cell_D_0001 5505546
FabOnDisk: Cell_D_0003 3670372
FabOnDisk: Cell_D_0003 4587965
FabOnDisk: Cell_D_0003 5505558
FabOnDisk: Cell_D_0003 6423151
FabOnDisk: Cell_D_0001 6423138
FabOnDisk: Cell_D_0001 7340731
FabOnDisk: Cell_D_0001 8258324
FabOnDisk: Cell_D_0003 7340744
FabOnDisk: Cell_D_0003 8258337
FabOnDisk: Cell_D_0003 9175930
FabOnDisk: Cell_D_0003 10093523
FabOnDisk: Cell_D_0001 9175916
FabOnDisk: Cell_D_0001 10093509
FabOnDisk: Cell_D_0001 11011102
FabOnDisk: Cell_D_0003 11011116
FabOnDisk: Cell_D_0003 11928709
FabOnDisk: Cell_D_0003 12846302
FabOnDisk: Cell_D_0003 13763895
FabOnDisk: Cell_D_0001 11928694
FabOnDisk: Cell_D_0001 12846287
FabOnDisk: Cell_D_0001 13763880
FabOnDisk: Cell_D_0002 3670360
FabOnDisk: Cell_D_0002 4587953
FabOnDisk: Cell_D_0002 5505546
FabOnDisk: Cell_D_0002 6423139
FabOnDisk: Cell_D_0000 6423125
FabOnDisk: Cell_D_0000 7340718
FabOnDisk: Cell_D_0000 8258311
FabOnDisk: Cell_D_0002 7340732
FabOnDisk: Cell_D_0002 8258325
FabOnDisk: Cell_D_0002 9175918
FabOnDisk: Cell_D_0002 10093511
FabOnDisk: Cell_D_0000 9175903
FabOnDisk: Cell_D_0000 10093496
FabOnDisk: Cell_D_0000 11011089
FabOnDisk: Cell_D_0002 11011104
FabOnDisk: Cell_D_0002 11928696
FabOnDisk: Cell_D_0002 12846288
FabOnDisk: Cell_D_0002 13763880
FabOnDisk: Cell_D_0000 11928681
FabOnDisk: Cell_D_0000 12846273
FabOnDisk: Cell_D_0000 13763865

64,28
2.841636727452705e-03,0.000000000000000e+00,6.334110981410284e+00,2.290157094752947e+08,2.290086499941272e+08,1.512076456540683e+03,2.841636727452705e-03,0.000000000000000e+00,-1.000000000000000e+03,1.526724333294182e+08,7.059481167529024e+03,2.992405263217796e+05,6.742104968627831e-03,4.172111188154913e+08,0.000000000000000e+00,-1.614437331767249e-07,8.059040333400208e+10,8.059040333400208e+10,-2.546431442716328e+00,2.841636727452705e-03,1.000000000000000e+00,0.000000000000000e+00,2.228883675597395e+03,2.228883675597395e+03,-1.784425465110073e+03,6.334110981410284e+00,1.000000000000000e+03,1.000000000000000e+00,
2.841636727452705e-03,0.000000000000000e+00,6.334110981410284e+00,2.290157094752947e+08,2.290086499941272e+08,1.512076456540683e+03,2.841636727452705e-03,0.000000000000000e+00,-1.000000000000000e+03,1.526724333294182e+08,7.059481167529024e+03,2.992405263217796e+05,6.742104968627831e-03,4.172111188154913e+08,0.000000000000000e+00,-1.614437331767249e-07,8.059040333400208e+10,8.059040333400208e+10,-2.546431442716328e+00,2.841636727452705e-03,1.000000000000000e+00,0.000000000000000e+00,2.228883675597395e+03,2.228883675597395e+03,-1.784425465110073e+03,6.334110981410284e+00,1.000000000000000e+03,1.000000000000000e+00,
2.841636727452705e-03,0.000000000000000e+00,6.334110981410284e+00,2.290157094752947e+08,2.290086499941272e+08,1.512076456540683e+03,2.841636727452705e-03,0.000000000000000e+00,-1.000000000000000e+03,1.526724333294182e+08,7.059481167529024e+03,2.992405263217796e+05,6.742104968627831e-03,4.172111188154913e+08,0.000000000000000e+00,-1.614437331767249e-07,8.059040333400208e+10,8.059040333400208e+10,-2.546431442716328e+00,2.841636727452705e-03,1.000000000000000e+00,0.000000000000000e+00,2.228883675597395e+03,2.228883675597395e+03,-1.995983518291642e+03,6.334110981410284e+00,1.000000000000000e+03,1.000000000000000e+00,
2.841636727452705e-03,0.000000000000000e+00,6.334110981410284e+00,2.290157094752947e+08,2.290086499941272e+08,1.512076456540683e+03,2.841636727452705e-03,0.000000000000000e+00,-1.000000000000000e+03,1.526724333294182e+08,7.059481167529024e+03,2.992405263217796e+05,6.742104968627831e-03,4.172111188154913e+08,0.000000000000000e+00,-1.614437331767249e-07,8.059040333400208e+10,8.059040333400208e+10,-2.546431442716328e+00,2.841636727452705e-03,1.000000000000000e+00,0.000000000000000e+00,2.228883675597395e+03,2.228883675597395e+03,-2.166243499585015e+03,6.334110981410284e+00,1.000000000000000e+03,1.000000000000000e+00,
2.841636727452705e-03,0.000000000000000e+00,6.334110981410284e+00,2.290157094752947e+08,2.290086499941272e+08,1.512076456540683e+03,2.841636727452705e-03,0.000000000000000e+00,-1.000000000000000e+03,1.526724333294182e+08,7.059481167529024e+03,2.992405263217796e+05,6.742104968627831e-03,4.172111188154913e+08,0.000000000000000e+00,-1.614437331767249e-07,8.059040333400208e+10,8.059040333400208e+10,-2.546431442716328e+00,2.841636727452705e-03,1.000000000000000e+00,0.000000000000000e+00,2.228883675597395e+03,2.228883675597395e+03,-2.235706773462799e+03,6.334110981410284e+00,1.000000000000000e+03,1.000000000000000e+00,
2.841636727452705e-03,0.000000000000000e+00,6.334110981410284e+00,2.290157094752947e+08,2.290086499941272e+08,1.512076456540683e+03,2.841636727452705e-03,0.000000000000000e+00,-1.000000000000000e+03,1.526724333294182e+08,7.059481167529024e+03,2.992405263217796e+05,6.742104968627831e-03,4.172111188154913e+08,0.000000000000000e+00,-1.614437331767249e-07,8.059040333400208e+10,8.059040333400208e+10,-2.546431442716328e+00,2.841636727452705e-03,1.000000000000000e+00,0.000000000000000e+00,2.228883675597395e+03,2.228883675597395e+03,-2.235706773462799e+03,6.334110981410284e+00,1.000000000000000e+03,1.000000000000000e+00,
2.841636727452705e-03,0.000000000000000e+00,6.334110981410284e+00,2.290157094752947e+08,2.290086499941272e+08,1.512076456540683e+03,2.841636727452705e-03,0.000000000000000e+00,-1.000000000000000e+03,1.526724333294182e+08,7.059481167529024e+03,2.992405263217796e+05,6.742104968627831e-03,4.172111188154913e+08,0.000000000000000e+00,-1.614437331767249e-07,8.059040333400208e+10,8.059040333400208e+10,-2.546431442716328e+00,2.841636727452705e-03,1.000000000000000e+00,0.000000000000000e+00,2.228883675597395e+03,2.228883675597395e+03,-2.166243499585015e+03,6.334110981410284e+00,1.000000000000000e+03,1.000000000000000e+00,
2.841636727452705e-03,0.000000000000000e+00,6.334110981410284e+00,2.290157094752947e+08,2.290086499941272e+08,1.512076456540683e+03,2.841636727452705e-03,0.000000000000000e+00,-1.000000000000000e+03,1.526724333294182e+08,7.059481167529024e+03,2.992405263217796e+05,6.742104968627831e-03,4.172111188154913e+08,0.000000000000000e+00,-1.614437331767249e-07,8.059040333400208e+10,8.059040333400208e+10,-2.546431442716328e+00,2.841636727452705e-03,1.000000000000000e+00,0.000000000000000e+00,2.228883675597395e+03,2.228883675597395e+03,-1.995983518291642e+03,6.334110981410284e+00,1.000000000000000e+03,1.000000000000000e+00,
7.506086986737971e-08,0.000000000000000e+00,-7.507291665610521e-08,3.829131078649226e+03,3.829131078611696e+03,9.571435175271423e+02,7.506086986737971e-08,0.000000000000000e+00,-1.000000000000000e+03,2.552754052407798e+03,3.753043989948131e-08,2.380795348826440e+05,4.200277299451913e-06,8.262580352848756e+08,0.000000000000000e+00,-1.116263914635596e-15,5.101367843694250e+10,5.101367843694250e+10,-7.124586406930478e+00,7.506086986737971e-08,1.000000000000000e+00,0.000000000000000e+00,-1.000125971980760e+00,1.000000066024519e+00,-7.986852339052355e-01,7.506087484310449e-08,1.000000000000000e+03,1.000000000000000e+00,
7.506381300143686e-08,0.000000000000000e+00,-7.668173920296350e-08,3.829431689420232e+03,3.829431689382689e+03,9.571811282494853e+02,7.506381300143686e-08,0.000000000000000e+00,-1.000000000000000e+03,2.552954459588459e+03,3.754238602839369e-08,2.380842124754789e+05,4.128267976398519e-06,8.262587363924031e+08,0.000000000000000e+00,-4.788753495613973e-10,5.101568300706210e+10,5.101568300706210e+10,-7.124569378593015e+00,7.506381300143686e-08,1.000000000000000e+00,0.000000000000000e+00,-1.002981344466310e+00,9.972229308872621e-01,-7.053614195034016e-01,7.507429179769996e-08,1.000000000000000e+03,1.000000000000000e+00,
7.704472060861197e-08,0.000000000000000e+00,-7.768573828235125e-08,4.055998277137739e+03,4.055998277099508e+03,9.877460447424888e+02,7.704472060861197e-08,0.000000000000000e+00,-1.000000000000000e+03,2.703998851399672e+03,7.439690388477994e-09,2.418556202007213e+05,9.333481647040425e-07,8.270085313641322e+08,0.000000000000000e+00,-1.514244500744640e-08,5.264472692040800e+10,5.264472692040800e+10,-7.113257115402432e+00,7.704472060861197e-08,1.000000000000000e+00,0.000000000000000e+00,-9.962083858474756e-01,3.002087673554158e-01,-5.501053310664152e-01,4.956344515861643e-08,1.000000000000000e+03,1.000000000000000e+00,
1.714826707303371e-07,0.000000000000000e+00,-4.628925953126074e-08,1.597741515406303e+04,1.597741515405678e+04,1.542821801399012e+03,1.714826707303371e-07,0.000000000000000e+00,-1.000000000000000e+03,1.065161010270452e+04,5.067542779938189e-12,3.022674747982373e+05,2.029867565428200e-08,7.341309994009838e+08,0.000000000000000e+00,-3.084530523810934e-04,8.222906368881270e+10,8.222906368881270e+10,-6.765779761256485e+00,1.714826707303371e-07,1.000000000000000e+00,0.000000000000000e+00,-2.699354945553207e-01,6.577281808732946e-03,-8.456167495975966e-02,1.540923113012974e-09,1.000000000000000e+03,1.000000000000000e+00,
2.131909708113631e-06,0.000000000000000e+00,4.687578019195602e-03,1.751339107379497e+05,1.751287572861870e+05,1.504876430948042e+03,2.131909708113631e-06,0.000000000000000e+00,-1.000000000000000e+03,1.167525048574580e+05,5.153451762619063e+00,2.985272322384976e+05,7.277909103900180e-03,6.474167546246095e+08,0.000000000000000e+00,-3.767443054814862e-06,8.020665754918007e+10,8.020665754918008e+10,-5.671231192749776e+00,2.131909708113631e-06,1.000000000000000e+00,0.000000000000000e+00,2.198769488855742e+03,2.198769488855742e+03,-7.050943627605857e+02,4.687578019195602e-03,1.000000000000000e+03,1.000000000000000e+00,
2.357330731396852e-05,0.000000000000000e+00,5.303545704086025e-02,1.890619284978633e+06,1.890559625134003e+06,1.501257855693566e+03,2.357330731396852e-05,0.000000000000000e+00,-1.000000000000000e+03,1.260373083422669e+06,5.965984462999415e+01,2.981681019490599e+05,7.450354194293847e-03,5.619390583947634e+08,0.000000000000000e+00,4.144241322114795e-08,8.001379531791446e+10,8.001379531791447e+10,-4.627579482072937e+00,2.357330731396852e-05,1.000000000000000e+00,0.000000000000000e+00,2.221457968960814e+03,2.221457968960814e+03,-1.226686995237174e+03,5.303545704086025e-02,1.000000000000000e+03,1.000000000000000e+00,
2.603804046147958e-04,0.000000000000000e+00,5.784033318895101e-01,2.083451307493920e+07,2.083387064868820e+07,1.501197111784231e+03,2.603804046147958e-04,0.000000000000000e+00,-1.000000000000000e+03,1.388924709912547e+07,6.424262509996047e+02,2.981620696477809e+05,7.448780359698271e-03,4.773431774352864e+08,0.000000000000000e+00,-2.827244763111594e-07,8.001055779898328e+10,8.001055779898329e+10,-3.584391702468979e+00,2.603804046147958e-04,1.000000000000000e+00,0.000000000000000e+00,2.220946170121077e+03,2.220946170121077e+03,-1.572119594107876e+03,5.784033318895101e-01,1.000000000000000e+03,1.000000000000000e+00,
7.506086986737971e-08,0.000000000000000e+00,-7.507291665610521e-08,3.829131078649226e+03,3.829131078611696e+03,9.571435175271423e+02,7.506086986737971e-08,0.000000000000000e+00,-1.000000000000000e+03,2.552754052407798e+03,3.753043989948131e-08,2.380795348826440e+05,4.200277299451913e-06,8.262580352848756e+08,0.000000000000000e+00,-1.116263914635596e-15,5.101367843694250e+10,5.101367843694250e+10,-7.124586406930478e+00,7.506086986737971e-08,1.000000000000000e+00,0.000000000000000e+00,-1.000125971980760e+00,1.000000066024519e+00,-7.986852339052355e-01,7.506087484310449e-08,1.000000000000000e+03,1.000000000000000e+00,
7.506381300143686e-08,0.000000000000000e+00,-7.668173920296350e-08,3.829431689420232e+03,3.829431689382689e+03,9.571811282494853e+02,7.506381300143686e-08,0.000000000000000e+00,-1.000000000000000e+03,2.552954459588459e+03,3.754238602839369e-08,2.380842124754789e+05,4.128267976398519e-06,8.262587363924031e+08,0.000000000000000e+00,-4.788753495613973e-10,5.101568300706210e+10,5.101568300706210e+10,-7.124569378593015e+00,7.506381300143686e-08,1.000000000000000e+00,0.000000000000000e+00,-1.002981344466310e+00,9.972229308872621e-01,-7.053614195034016e-01,7.507429179769996e-08,1.000000000000000e+03,1.000000000000000e+00,
7.704472060861197e-08,0.000000000000000e+00,-7.768573828235125e-08,4.055998277137739e+03,4.055998277099508e+03,9.877460447424888e+02,7.704472060861197e-08,0.000000000000000e+00,-1.000000000000000e+03,2.703998851399672e+03,7.439690388477994e-09,2.418556202007213e+05,9.333481647040425e-07,8.270085313641322e+08,0.000000000000000e+00,-1.514244500744640e-08,5.264472692040800e+10,5.264472692040800e+10,-7.113257115402432e+00,7.704472060861197e-08,1.000000000000000e+00,0.000000000000000e+00,-9.962083858474756e-01,3.002087673554158e-01,-5.501053310664152e-01,4.956344515861643e-08,1.000000000000000e+03,1.000000000000000e+00,
1.714826707303371e-07,0.000000000000000e+00,-4.628925953126074e-08,1.597741515406303e+04,1.597741515405678e+04,1.542821801399012e+03,1.714826707303371e-07,0.000000000000000e+00,-1.000000000000000e+03,1.065161010270452e+04,5.067542779938189e-12,3.022674747982373e+05,2.029867565428200e-08,7.341309994009838e+08,0.000000000000000e+00,-3.084530523810934e-04,8.222906368881270e+10,8.222906368881270e+10,-6.765779761256485e+00,1.714826707303371e-07,1.000000000000000e+00,0.000000000000000e+00,-2.699354945553207e-01,6.577281808732946e-03,-8.456167495975966e-02,1.540923113012974e-09,1.000000000000000e+03,1.000000000000000e+00,
2.131909708113631e-06,0.000000000000000e+00,4.687578019195602e-03,1.751339107379497e+05,1.751287572861870e+05,1.504876430948042e+03,2.131909708113631e-06,0.000000000000000e+00,-1.000000000000000e+03,1.167525048574580e+05,5.153451762619063e+00,2.985272322384976e+05,7.277909103900180e-03,6.474167546246095e+08,0.000000000000000e+00,-3.767443054814862e-06,8.020665754918007e+10,8.020665754918008e+10,-5.671231192749776e+00,2.131909708113631e-06,1.000000000000000e+00,0.000000000000000e+00,2.198769488855742e+03,2.198769488855742e+03,-7.050943627605857e+02,4.687578019195602e-03,1.000000000000000e+03,1.000000000000000e+00,
2.357330731396852e-05,0.000000000000000e+00,5.303545704086025e-02,1.890619284978633e+06,1.890559625134003e+06,1.501257855693566e+03,2.357330731396852e-05,0.000000000000000e+00,-1.000000000000000e+03,1.260373083422669e+06,5.965984462999415e+01,2.981681019490599e+05,7.450354194293847e-03,5.619390583947634e+08,0.000000000000000e+00,4.144241322114795e-08,8.001379531791446e+10,8.001379531791447e+10,-4.627579482072937e+00,2.357330731396852e-05,1.000000000000000e+00,0.000000000000000e+00,2.221457968960814e+03,2.221457968960814e+03,-1.226686995237174e+03,5.303545704086025e-02,1.000000000000000e+03,1.000000000000000e+00,
2.603804046147958e-04,0.000000000000000e+00,5.784033318895101e-01,2.083451307493920e+07,2.083387064868820e+07,1.501197111784231e+03,2.603804046147958e-04,0.000000000000000e+00,-1.000000000000000e+03,1.388924709912547e+07,6.424262509996047e+02,2.981620696477809e+05,7.448780359698271e-03,4.773431774352864e+08,0.000000000000000e+00,-2.827244763111594e-07,8.001055779898328e+10,8.001055779898329e+10,-3.584391702468979e+00,2.603804046147958e-04,1.000000000000000e+00,0.000000000000000e+00,2.220946170121077e+03,2.220946170121077e+03,-1.572119594107876e+03,5.784033318895101e-01,1.000000000000000e+03,1.000000000000000e+00,
7.506086986737971e-08,0.000000000000000e+00,-7.507291665610521e-08,3.829131078649226e+03,3.829131078611696e+03,9.571435175271423e+02,7.506086986737971e-08,0.000000000000000e+00,-1.000000000000000e+03,2.552754052407798e+03,3.753043989948131e-08,2.380795348826440e+05,4.200277299451913e-06,8.262580352848756e+08,0.000000000000000e+00,-1.116263914635596e-15,5.101367843694250e+10,5.101367843694250e+10,-7.124586406930478e+00,7.506086986737971e-08,1.000000000000000e+00,0.000000000000000e+00,-1.000125971980760e+00,1.000000066024519e+00,-8.933758200314734e-01,7.506087484310449e-08,1.000000000000000e+03,1.000000000000000e+00,
7.506381300143686e-08,0.000000000000000e+00,-7.668173920296350e-08,3.829431689420232e+03,3.829431689382689e+03,9.571811282494853e+02,7.506381300143686e-08,0.000000000000000e+00,-1.000000000000000e+03,2.552954459588459e+03,3.754238602839369e-08,2.380842124754789e+05,4.128267976398519e-06,8.262587363924031e+08,0.000000000000000e+00,-4.788753495613973e-10,5.101568300706210e+10,5.101568300706210e+10,-7.124569378593015e+00,7.506381300143686e-08,1.000000000000000e+00,0.000000000000000e+00,-1.002981344466310e+00,9.972229308872621e-01,-8.304946911011272e-01,7.507429179769996e-08,1.000000000000000e+03,1.000000000000000e+00,
7.704472060861197e-08,0.000000000000000e+00,-7.768573828235125e-08,4.055998277137739e+03,4.055998277099508e+03,9.877460447424888e+02,7.704472060861197e-08,0.000000000000000e+00,-1.000000000000000e+03,2.703998851399672e+03,7.439690388477994e-09,2.418556202007213e+05,9.333481647040425e-07,8.270085313641322e+08,0.000000000000000e+00,-1.514244500744640e-08,5.264472692040800e+10,5.264472692040800e+10,-7.113257115402432e+00,7.704472060861197e-08,1.000000000000000e+00,0.000000000000000e+00,-9.962083858474756e-01,3.002087673554158e-01,-7.016686889102410e-01,4.956344515861643e-08,1.000000000000000e+03,1.000000000000000e+00,
1.714826707303371e-07,0.000000000000000e+00,-4.628925953126074e-08,1.597741515406303e+04,1.597741515405678e+04,1.542821801399012e+03,1.714826707303371e-07,0.000000000000000e+00,-1.000000000000000e+03,1.065161010270452e+04,5.067542779938189e-12,3.022674747982373e+05,2.029867565428200e-08,7.341309994009838e+08,0.000000000000000e+00,-3.084530523810934e-04,8.222906368881270e+10,8.222906368881270e+10,-6.765779761256485e+00,1.714826707303371e-07,1.000000000000000e+00,0.000000000000000e+00,-2.699354945553207e-01,6.577281808732946e-03,-1.195875399655723e-01,1.540923113012974e-09,1.000000000000000e+03,1.000000000000000e+00,
2.131909708113631e-06,0.000000000000000e+00,4.687578019195602e-03,1.751339107379497e+05,1.751287572861870e+05,1.504876430948042e+03,2.131909708113631e-06,0.000000000000000e+00,-1.000000000000000e+03,1.167525048574580e+05,5.153451762619063e+00,2.985272322384976e+05,7.277909103900180e-03,6.474167546246095e+08,0.000000000000000e+00,-3.767443054814862e-06,8.020665754918007e+10,8.020665754918008e+10,-5.671231192749776e+00,2.131909708113631e-06,1.000000000000000e+00,0.000000000000000e+00,2.198769488855742e+03,2.198769488855742e+03,-9.971479435129072e+02,4.687578019195602e-03,1.000000000000000e+03,1.000000000000000e+00,
2.357330731396852e-05,0.000000000000000e+00,5.303545704086025e-02,1.890619284978633e+06,1.890559625134003e+06,1.501257855693566e+03,2.357330731396852e-05,0.000000000000000e+00,-1.000000000000000e+03,1.260373083422669e+06,5.965984462999415e+01,2.981681019490599e+05,7.450354194293847e-03,5.619390583947634e+08,0.000000000000000e+00,4.144241322114795e-08,8.001379531791446e+10,8.001379531791447e+10,-4.627579482072937e+00,2.357330731396852e-05,1.000000000000000e+00,0.000000000000000e+00,2.221457968960814e+03,2.221457968960814e+03,-1.564660087883048e+03,5.303545704086025e-02,1.000000000000000e+03,1.000000000000000e+00,
2.603804046147958e-04,0.000000000000000e+00,5.784033318895101e-01,2.083451307493920e+07,2.083387064868820e+07,1.501197111784231e+03,2.603804046147958e-04,0.000000000000000e+00,-1.000000000000000e+03,1.388924709912547e+07,6.424262509996047e+02,2.981620696477809e+05,7.448780359698271e-03,4.773431774352864e+08,0.000000000000000e+00,-2.827244763111594e-07,8.001055779898328e+10,8.001055779898329e+10,-3.584391702468979e+00,2.603804046147958e-04,1.000000000000000e+00,0.000000000000000e+00,2.220946170121077e+03,2.220946170121077e+03,-1.851018414930976e+03,5.784033318895101e-01,1.000000000000000e+03,1.000000000000000e+00,
7.506086986737971e-08,0.000000000000000e+00,-7.507291665610521e-08,3.829131078649226e+03,3.829131078611696e+03,9.571435175271423e+02,7.506086986737971e-08,0.000000000000000e+00,-1.000000000000000e+03,2.552754052407798e+03,3.753043989948131e-08,2.380795348826440e+05,4.200277299451913e-06,8.262580352848756e+08,0.000000000000000e+00,-1.116263914635596e-15,5.101367843694250e+10,5.101367843694250e+10,-7.124586406930478e+00,7.506086986737971e-08,1.000000000000000e+00,0.000000000000000e+00,-1.000125971980760e+00,1.000000066024519e+00,-9.695819354690887e-01,7.506087484310449e-08,1.000000000000000e+03,1.000000000000000e+00,
7.506381300143686e-08,0.000000000000000e+00,-7.668173920296350e-08,3.829431689420232e+03,3.829431689382689e+03,9.571811282494853e+02,7.506381300143686e-08,0.000000000000000e+00,-1.000000000000000e+03,2.552954459588459e+03,3.754238602839369e-08,2.380842124754789e+05,4.128267976398519e-06,8.262587363924031e+08,0.000000000000000e+00,-4.788753495613973e-10,5.101568300706210e+10,5.101568300706210e+10,-7.124569378593015e+00,7.506381300143686e-08,1.000000000000000e+00,0.000000000000000e+00,-1.002981344466310e+00,9.972229308872621e-01,-9.478211938697777e-01,7.507429179769996e-08,1.000000000000000e+03,1.000000000000000e+00,
7.704472060861197e-08,0.000000000000000e+00,-7.768573828235125e-08,4.055998277137739e+03,4.055998277099508e+03,9.877460447424888e+02,7.704472060861197e-08,0.000000000000000e+00,-1.000000000000000e+03,2.703998851399672e+03,7.439690388477994e-09,2.418556202007213e+05,9.333481647040425e-07,8.270085313641322e+08,0.000000000000000e+00,-1.514244500744640e-08,5.264472692040800e+10,5.264472692040800e+10,-7.113257115402432e+00,7.704472060861197e-08,1.000000000000000e+00,0.000000000000000e+00,-9.962083858474756e-01,3.002087673554158e-01,-8.889344380484256e-01,4.956344515861643e-08,1.000000000000000e+03,1.000000000000000e+00,
1.714826707303371e-07,0.000000000000000e+00,-4.628925953126074e-08,1.597741515406303e+04,1.597741515405678e+04,1.542821801399012e+03,1.714826707303371e-07,0.000000000000000e+00,-1.000000000000000e+03,1.065161010270452e+04,5.067542779938189e-12,3.022674747982373e+05,2.029867565428200e-08,7.341309994009838e+08,0.000000000000000e+00,-3.084530523810934e-04,8.222906368881270e+10,8.222906368881270e+10,-6.765779761256485e+00,1.714826707303371e-07,1.000000000000000e+00,0.000000000000000e+00,-2.699354945553207e-01,6.577281808732946e-03,-1.893762424459592e-01,1.540923113012974e-09,1.000000000000000e+03,1.000000000000000e+00,
2.131909708113631e-06,0.000000000000000e+00,4.687578019195602e-03,1.751339107379497e+05,1.751287572861870e+05,1.504876430948042e+03,2.131909708113631e-06,0.000000000000000e+00,-1.000000000000000e+03,1.167525048574580e+05,5.153451762619063e+00,2.985272322384976e+05,7.277909103900180e-03,6.474167546246095e+08,0.000000000000000e+00,-3.767443054814862e-06,8.020665754918007e+10,8.020665754918008e+10,-5.671231192749776e+00,2.131909708113631e-06,1.000000000000000e+00,0.000000000000000e+00,2.198769488855742e+03,2.198769488855742e+03,-1.579061921999177e+03,4.687578019195602e-03,1.000000000000000e+03,1.000000000000000e+00,
2.357330731396852e-05,0.000000000000000e+00,5.303545704086025e-02,1.890619284978633e+06,1.890559625134003e+06,1.501257855693566e+03,2.357330731396852e-05,0.000000000000000e+00,-1.000000000000000e+03,1.260373083422669e+06,5.965984462999415e+01,2.981681019490599e+05,7.450354194293847e-03,5.619390583947634e+08,0.000000000000000e+00,4.144241322114795e-08,8.001379531791446e+10,8.001379531791447e+10,-4.627579482072937e+00,2.357330731396852e-05,1.000000000000000e+00,0.000000000000000e+00,2.221457968960814e+03,2.221457968960814e+03,-1.982246404808641e+03,5.303545704086025e-02,1.000000000000000e+03,1.000000000000000e+00,
2.603804046147958e-04,0.000000000000000e+00,5.784033318895101e-01,2.083451307493920e+07,2.083387064868820e+07,1.501197111784231e+03,2.603804046147958e-04,0.000000000000000e+00,-1.000000000000000e+03,1.388924709912547e+07,6.424262509996047e+02,2.981620696477809e+05,7.448780359698271e-03,4.773431774352864e+08,0.000000000000000e+00,-2.827244763111594e-07,8.001055779898328e+10,8.001055779898329e+10,-3.584391702468979e+00,2.603804046147958e-04,1.000000000000000e+00,0.000000000000000e+00,2.220946170121077e+03,2.220946170121077e+03,-2.112517398020535e+03,5.784033318895101e-01,1.000000000000000e+03,1.000000000000000e+00,
7.506086986737971e-08,0.000000000000000e+00,-7.507291665610521e-08,3.829131078649226e+03,3.829131078611696e+03,9.571435175271423e+02,7.506086986737971e-08,0.000000000000000e+00,-1.000000000000000e+03,2.552754052407798e+03,3.753043989948131e-08,2.380795348826440e+05,4.200277299451913e-06,8.262580352848756e+08,0.000000000000000e+00,-1.116263914635596e-15,5.101367843694250e+10,5.101367843694250e+10,-7.124586406930478e+00,7.506086986737971e-08,1.000000000000000e+00,0.000000000000000e+00,-1.000125971980760e+00,1.000000066024519e+00,-1.000122598322769e+00,7.506087484310449e-08,1.000000000000000e+03,1.000000000000000e+00,
7.506381300143686e-08,0.000000000000000e+00,-7.668173920296350e-08,3.829431689420232e+03,3.829431689382689e+03,9.571811282494853e+02,7.506381300143686e-08,0.000000000000000e+00,-1.000000000000000e+03,2.552954459588459e+03,3.754238602839369e-08,2.380842124754789e+05,4.128267976398519e-06,8.262587363924031e+08,0.000000000000000e+00,-4.788753495613973e-10,5.101568300706210e+10,5.101568300706210e+10,-7.124569378593015e+00,7.506381300143686e-08,1.000000000000000e+00,0.000000000000000e+00,-1.002981344466310e+00,9.972229308872621e-01,-1.002975340153994e+00,7.507429179769996e-08,1.000000000000000e+03,1.000000000000000e+00,
7.704472060861197e-08,0.000000000000000e+00,-7.768573828235125e-08,4.055998277137739e+03,4.055998277099508e+03,9.877460447424888e+02,7.704472060861197e-08,0.000000000000000e+00,-1.000000000000000e+03,2.703998851399672e+03,7.439690388477994e-09,2.418556202007213e+05,9.333481647040425e-07,8.270085313641322e+08,0.000000000000000e+00,-1.514244500744640e-08,5.264472692040800e+10,5.264472692040800e+10,-7.113257115402432e+00,7.704472060861197e-08,1.000000000000000e+00,0.000000000000000e+00,-9.962083858474756e-01,3.002087673554158e-01,-9.962007257406267e-01,4.956344515861643e-08,1.000000000000000e+03,1.000000000000000e+00,
1.714826707303371e-07,0.000000000000000e+00,-4.628925953126074e-08,1.597741515406303e+04,1.597741515405678e+04,1.542821801399012e+03,1.714826707303371e-07,0.000000000000000e+00,-1.000000000000000e+03,1.065161010270452e+04,5.067542779938189e-12,3.022674747982373e+05,2.029867565428200e-08,7.341309994009838e+08,0.000000000000000e+00,-3.084530523810934e-04,8.222906368881270e+10,8.222906368881270e+10,-6.765779761256485e+00,1.714826707303371e-07,1.000000000000000e+00,0.000000000000000e+00,-2.699354945553207e-01,6.577281808732946e-03,-2.699271269273469e-01,1.540923113012974e-09,1.000000000000000e+03,1.000000000000000e+00,
2.131909708113631e-06,0.000000000000000e+00,4.687578019195602e-03,1.751339107379497e+05,1.751287572861870e+05,1.504876430948042e+03,2.131909708113631e-06,0.000000000000000e+00,-1.000000000000000e+03,1.167525048574580e+05,5.153451762619063e+00,2.985272322384976e+05,7.277909103900180e-03,6.474167546246095e+08,0.000000000000000e+00,-3.767443054814862e-06,8.020665754918007e+10,8.020665754918008e+10,-5.671231192749776e+00,2.131909708113631e-06,1.000000000000000e+00,0.000000000000000e+00,2.198769488855742e+03,2.198769488855742e+03,-2.299666911162951e+03,4.687578019195602e-03,1.000000000000000e+03,1.000000000000000e+00,
2.357330731396852e-05,0.000000000000000e+00,5.303545704086025e-02,1.890619284978633e+06,1.890559625134003e+06,1.501257855693566e+03,2.357330731396852e-05,0.000000000000000e+00,-1.000000000000000e+03,1.260373083422669e+06,5.965984462999415e+01,2.981681019490599e+05,7.450354194293847e-03,5.619390583947634e+08,0.000000000000000e+00,4.144241322114795e-08,8.001379531791446e+10,8.001379531791447e+10,-4.627579482072937e+00,2.357330731396852e-05,1.000000000000000e+00,0.000000000000000e+00,2.221457968960814e+03,2.221457968960814e+03,-2.249742171881052e+03,5.303545704086025e-02,1.000000000000000e+03,1.000000000000000e+00,
2.603804046147958e-04,0.000000000000000e+00,5.784033318895101e-01,2.083451307493920e+07,2.083387064868820e+07,1.501197111784231e+03,2.603804046147958e-04,0.000000000000000e+00,-1.000000000000000e+03,1.388924709912547e+07,6.424262509996047e+02,2.981620696477809e+05,7.448780359698271e-03,4.773431774352864e+08,0.000000000000000e+00,-2.827244763111594e-07,8.001055779898328e+10,8.001055779898329e+10,-3.584391702468979e+00,2.603804046147958e-04,1.000000000000000e+00,0.000000000000000e+00,2.220946170121077e+03,2.220946170121077e+03,-2.229387962369070e+03,5.784033318895101e-01,1.000000000000000e+03,1.000000000000000e+00,
7.506086986737971e-08,0.000000000000000e+00,-7.507291665610521e-08,3.829131078649226e+03,3.829131078611696e+03,9.571435175271423e+02,7.506086986737971e-08,0.000000000000000e+00,-1.000000000000000e+03,2.552754052407798e+03,3.753043989948131e-08,2.380795348826440e+05,4.200277299451913e-06,8.262580352848756e+08,0.000000000000000e+00,-1.116263914635596e-15,5.101367843694250e+10,5.101367843694250e+10,-7.124586406930478e+00,7.506086986737971e-08,1.000000000000000e+00,0.000000000000000e+00,-1.000125971980760e+00,1.000000066024519e+00,-1.000122598322769e+00,7.506087484310449e-08,1.000000000000000e+03,1.000000000000000e+00,
7.506381300143686e-08,0.000000000000000e+00,-7.668173920296350e-08,3.829431689420232e+03,3.829431689382689e+03,9.571811282494853e+02,7.506381300143686e-08,0.000000000000000e+00,-1.000000000000000e+03,2.552954459588459e+03,3.754238602839369e-08,2.380842124754789e+05,4.128267976398519e-06,8.262587363924031e+08,0.000000000000000e+00,-4.788753495613973e-10,5.101568300706210e+10,5.101568300706210e+10,-7.124569378593015e+00,7.506381300143686e-08,1.000000000000000e+00,0.000000000000000e+00,-1.002981344466310e+00,9.972229308872621e-01,-1.002975340153994e+00,7.507429179769996e-08,1.000000000000000e+03,1.000000000000000e+00,
7.704472060861197e-08,0.000000000000000e+00,-7.768573828235125e-08,4.055998277137739e+03,4.055998277099508e+03,9.877460447424888e+02,7.704472060861197e-08,0.000000000000000e+00,-1.000000000000000e+03,2.703998851399672e+03,7.439690388477994e-09,2.418556202007213e+05,9.333481647040425e-07,8.270085313641322e+08,0.000000000000000e+00,-1.514244500744640e-08,5.264472692040800e+10,5.264472692040800e+10,-7.113257115402432e+00,7.704472060861197e-08,1.000000000000000e+00,0.000000000000000e+00,-9.962083858474756e-01,3.002087673554158e-01,-9.962007257406267e-01,4.956344515861643e-08,1.000000000000000e+03,1.000000000000000e+00,
1.714826707303371e-07,0.000000000000000e+00,-4.628925953126074e-08,1.597741515406303e+04,1.597741515405678e+04,1.542821801399012e+03,1.714826707303371e-07,0.000000000000000e+00,-1.000000000000000e+03,1.065161010270452e+04,5.067542779938189e-12,3.022674747982373e+05,2.029867565428200e-08,7.341309994009838e+08,0.000000000000000e+00,-3.084530523810934e-04,8.222906368881270e+10,8.222906368881270e+10,-6.765779761256485e+00,1.714826707303371e-07,1.000000000000000e+00,0.000000000000000e+00,-2.699354945553207e-01,6.577281808732946e-03,-2.699271269273469e-01,1.540923113012974e-09,1.000000000000000e+03,1.000000000000000e+00,
2.131909708113631e-06,0.000000000000000e+00,4.687578019195602e-03,1.751339107379497e+05,1.751287572861870e+05,1.504876430948042e+03,2.131909708113631e-06,0.000000000000000e+00,-1.000000000000000e+03,1.167525048574580e+05,5.153451762619063e+00,2.985272322384976e+05,7.277909103900180e-03,6.474167546246095e+08,0.000000000000000e+00,-3.767443054814862e-06,8.020665754918007e+10,8.020665754918008e+10,-5.671231192749776e+00,2.131909708113631e-06,1.000000000000000e+00,0.000000000000000e+00,2.198769488855742e+03,2.198769488855742e+03,-2.299666911162951e+03,4.687578019195602e-03,1.000000000000000e+03,1.000000000000000e+00,
2.357330731396852e-05,0.000000000000000e+00,5.303545704086025e-02,1.890619284978633e+06,1.890559625134003e+06,1.501257855693566e+03,2.357330731396852e-05,0.000000000000000e+00,-1.000000000000000e+03,1.260373083422669e+06,5.965984462999415e+01,2.981681019490599e+05,7.450354194293847e-03,5.619390583947634e+08,0.000000000000000e+00,4.144241322114795e-08,8.001379531791446e+10,8.001379531791447e+10,-4.627579482072937e+00,2.357330731396852e-05,1.000000000000000e+00,0.000000000000000e+00,2.221457968960814e+03,2.221457968960814e+03,-2.249742171881052e+03,5.303545704086025e-02,1.000000000000000e+03,1.000000000000000e+00,
2.603804046147958e-04,0.000000000000000e+00,5.784033318895101e-01,2.083451307493920e+07,2.083387064868820e+07,1.501197111784231e+03,2.603804046147958e-04,0.000000000000000e+00,-1.000000000000000e+03,1.388924709912547e+07,6.424262509996047e+02,2.981620696477809e+05,7.448780359698271e-03,4.773431774352864e+08,0.000000000000000e+00,-2.827244763111594e-07,8.001055779898328e+10,8.001055779898329e+10,-3.584391702468979e+00,2.603804046147958e-04,1.000000000000000e+00,0.000000000000000e+00,2.220946170121077e+03,2.220946170121077e+03,-2.229387962369070e+03,5.784033318895101e-01,1.000000000000000e+03,1.000000000000000e+00,
7.506086986737971e-08,0.000000000000000e+00,-7.507291665610521e-08,3.829131078649226e+03,3.829131078611696e+03,9.571435175271423e+02,7.506086986737971e-08,0.000000000000000e+00,-1.000000000000000e+03,2.552754052407798e+03,3.753043989948131e-08,2.380795348826440e+05,4.200277299451913e-06,8.262580352848756e+08,0.000000000000000e+00,-1.116263914635596e-15,5.101367843694250e+10,5.101367843694250e+10,-7.124586406930478e+00,7.506086986737971e-08,1.000000000000000e+00,0.000000000000000e+00,-1.000125971980760e+00,1.000000066024519e+00,-9.695819354690887e-01,7.506087484310449e-08,1.000000000000000e+03,1.000000000000000e+00,
7.506381300143686e-08,0.000000000000000e+00,-7.668173920296350e-08,3.829431689420232e+03,3.829431689382689e+03,9.571811282494853e+02,7.506381300143686e-08,0.000000000000000e+00,-1.000000000000000e+03,2.552954459588459e+03,3.754238602839369e-08,2.380842124754789e+05,4.128267976398519e-06,8.262587363924031e+08,0.000000000000000e+00,-4.788753495613973e-10,5.101568300706210e+10,5.101568300706210e+10,-7.124569378593015e+00,7.506381300143686e-08,1.000000000000000e+00,0.000000000000000e+00,-1.002981344466310e+00,9.972229308872621e-01,-9.478211938697777e-01,7.507429179769996e-08,1.000000000000000e+03,1.000000000000000e+00,
7.704472060861197e-08,0.000000000000000e+00,-7.768573828235125e-08,4.055998277137739e+03,4.055998277099508e+03,9.877460447424888e+02,7.704472060861197e-08,0.000000000000000e+00,-1.000000000000000e+03,2.703998851399672e+03,7.439690388477994e-09,2.418556202007213e+05,9.333481647040425e-07,8.270085313641322e+08,0.000000000000000e+00,-1.514244500744640e-08,5.264472692040800e+10,5.264472692040800e+10,-7.113257115402432e+00,7.704472060861197e-08,1.000000000000000e+00,0.000000000000000e+00,-9.962083858474756e-01,3.002087673554158e-01,-8.889344380484256e-01,4.956344515861643e-08,1.000000000000000e+03,1.000000000000000e+00,
1.714826707303371e-07,0.000000000000000e+00,-4.628925953126074e-08,1.597741515406303e+04,1.597741515405678e+04,1.542821801399012e+03,1.714826707303371e-07,0.000000000000000e+00,-1.000000000000000e+03,1.065161010270452e+04,5.067542779938189e-12,3.022674747982373e+05,2.029867565428200e-08,7.341309994009838e+08,0.000000000000000e+00,-3.084530523810934e-04,8.222906368881270e+10,8.222906368881270e+10,-6.765779761256485e+00,1.714826707303371e-07,1.000000000000000e+00,0.000000000000000e+00,-2.699354945553207e-01,6.577281808732946e-03,-1.893762424459592e-01,1.540923113012974e-09,1.000000000000000e+03,1.000000000000000e+00,
2.131909708113631e-06,0.000000000000000e+00,4.687578019195602e-03,1.751339107379497e+05,1.751287572861870e+05,1.504876430948042e+03,2.131909708113631e-06,0.000000000000000e+00,-1.000000000000000e+03,1.167525048574580e+05,5.153451762619063e+00,2.985272322384976e+05,7.277909103900180e-03,6.474167546246095e+08,0.000000000000000e+00,-3.767443054814862e-06,8.020665754918007e+10,8.020665754918008e+10,-5.671231192749776e+00,2.131909708113631e-06,1.000000000000000e+00,0.000000000000000e+00,2.198769488855742e+03,2.198769488855742e+03,-1.579061921999177e+03,4.687578019195602e-03,1.000000000000000e+03,1.000000000000000e+00,
2.357330731396852e-05,0.000000000000000e+00,5.303545704086025e-02,1.890619284978633e+06,1.890559625134003e+06,1.501257855693566e+03,2.357330731396852e-05,0.000000000000000e+00,-1.000000000000000e+03,1.260373083422669e+06,5.965984462999415e+01,2.981681019490599e+05,7.450354194293847e-03,5.619390583947634e+08,0.000000000000000e+00,4.144241322114795e-08,8.001379531791446e+10,8.001379531791447e+10,-4.627579482072937e+00,2.357330731396852e-05,1.000000000000000e+00,0.000000000000000e+00,2.221457968960814e+03,2.221457968960814e+03,-1.982246404808641e+03,5.303545704086025e-02,1.000000000000000e+03,1.000000000000000e+00,
2.603804046147958e-04,0.000000000000000e+00,5.784033318895101e-01,2.083451307493920e+07,2.083387064868820e+07,1.501197111784231e+03,2.603804046147958e-04,0.000000000000000e+00,-1.000000000000000e+03,1.388924709912547e+07,6.424262509996047e+02,2.981620696477809e+05,7.448780359698271e-03,4.773431774352864e+08,0.000000000000000e+00,-2.827244763111594e-07,8.001055779898328e+10,8.001055779898329e+10,-3.584391702468979e+00,2.603804046147958e-04,1.000000000000000e+00,0.000000000000000e+00,2.220946170121077e+03,2.220946170121077e+03,-2.112517398020535e+03,5.784033318895101e-01,1.000000000000000e+03,1.000000000000000e+00,
7.506086986737971e-08,0.000000000000000e+00,-7.507291665610521e-08,3.829131078649226e+03,3.829131078611696e+03,9.571435175271423e+02,7.506086986737971e-08,0.000000000000000e+00,-1.000000000000000e+03,2.552754052407798e+03,3.753043989948131e-08,2.380795348826440e+05,4.200277299451913e-06,8.262580352848756e+08,0.000000000000000e+00,-1.116263914635596e-15,5.101367843694250e+10,5.101367843694250e+10,-7.124586406930478e+00,7.506086986737971e-08,1.000000000000000e+00,0.000000000000000e+00,-1.000125971980760e+00,1.000000066024519e+00,-8.933758200314734e-01,7.506087484310449e-08,1.000000000000000e+03,1.000000000000000e+00,
7.506381300143686e-08,0.000000000000000e+00,-7.668173920296350e-08,3.829431689420232e+03,3.829431689382689e+03,9.571811282494853e+02,7.506381300143686e-08,0.000000000000000e+00,-1.000000000000000e+03,2.552954459588459e+03,3.754238602839369e-08,2.380842124754789e+05,4.128267976398519e-06,8.262587363924031e+08,0.000000000000000e+00,-4.788753495613973e-10,5.101568300706210e+10,5.101568300706210e+10,-7.124569378593015e+00,7.506381300143686e-08,1.000000000000000e+00,0.000000000000000e+00,-1.002981344466310e+00,9.972229308872621e-01,-8.304946911011272e-01,7.507429179769996e-08,1.000000000000000e+03,1.000000000000000e+00,
7.704472060861197e-08,0.000000000000000e+00,-7.768573828235125e-08,4.055998277137739e+03,4.055998277099508e+03,9.877460447424888e+02,7.704472060861197e-08,0.000000000000000e+00,-1.000000000000000e+03,2.703998851399672e+03,7.439690388477994e-09,2.418556202007213e+05,9.333481647040425e-07,8.270085313641322e+08,0.000000000000000e+00,-1.514244500744640e-08,5.264472692040800e+10,5.264472692040800e+10,-7.113257115402432e+00,7.704472060861197e-08,1.000000000000000e+00,0.000000000000000e+00,-9.962083858474756e-01,3.002087673554158e-01,-7.016686889102410e-01,4.956344515861643e-08,1.000000000000000e+03,1.000000000000000e+00,
1.714826707303371e-07,0.000000000000000e+00,-4.628925953126074e-08,1.597741515406303e+04,1.597741515405678e+04,1.542821801399012e+03,1.714826707303371e-07,0.000000000000000e+00,-1.000000000000000e+03,1.065161010270452e+04,5.067542779938189e-12,3.022674747982373e+05,2.029867565428200e-08,7.341309994009838e+08,0.000000000000000e+00,-3.084530523810934e-04,8.222906368881270e+10,8.222906368881270e+10,-6.765779761256485e+00,1.714826707303371e-07,1.000000000000000e+00,0.000000000000000e+00,-2.699354945553207e-01,6.577281808732946e-03,-1.195875399655723e-01,1.540923113012974e-09,1.000000000000000e+03,1.000000000000000e+00,
2.131909708113631e-06,0.000000000000000e+00,4.687578019195602e-03,1.751339107379497e+05,1.751287572861870e+05,1.504876430948042e+03,2.131909708113631e-06,0.000000000000000e+00,-1.000000000000000e+03,1.167525048574580e+05,5.153451762619063e+00,2.985272322384976e+05,7.277909103900180e-03,6.474167546246095e+08,0.000000000000000e+00,-3.767443054814862e-06,8.020665754918007e+10,8.020665754918008e+10,-5.671231192749776e+00,2.131909708113631e-06,1.000000000000000e+00,0.000000000000000e+00,2.198769488855742e+03,2.198769488855742e+03,-9.971479435129072e+02,4.687578019195602e-03,1.000000000000000e+03,1.000000000000000e+00,
2.357330731396852e-05,0.000000000000000e+00,5.303545704086025e-02,1.890619284978633e+06,1.890559625134003e+06,1.501257855693566e+03,2.357330731396852e-05,0.000000000000000e+00,-1.000000000000000e+03,1.260373083422669e+06,5.965984462999415e+01,2.981681019490599e+05,7.450354194293847e-03,5.619390583947634e+08,0.000000000000000e+00,4.144241322114795e-08,8.001379531791446e+10,8.001379531791447e+10,-4.627579482072937e+00,2.357330731396852e-05,1.000000000000000e+00,0.000000000000000e+00,2.221457968960814e+03,2.221457968960814e+03,-1.564660087883048e+03,5.303545704086025e-02,1.000000000000000e+03,1.000000000000000e+00,
2.603804046147958e-04,0.000000000000000e+00,5.784033318895101e-01,2.083451307493920e+07,2.083387064868820e+07,1.501197111784231e+03,2.603804046147958e-04,0.000000000000000e+00,-1.000000000000000e+03,1.388924709912547e+07,6.424262509996047e+02,2.981620696477809e+05,7.448780359698271e-03,4.773431774352864e+08,0.000000000000000e+00,-2.827244763111594e-07,8.001055779898328e+10,8.001055779898329e+10,-3.584391702468979e+00,2.603804046147958e-04,1.000000000000000e+00,0.000000000000000e+00,2.220946170121077e+03,2.220946170121077e+03,-1.851018414930976e+03,5.784033318895101e-01,1.000000000000000e+03,1.000000000000000e+00,

64,28
2.018235998891731e-02,0.000000000000000e+00,4.509150553936680e+01,1.991952048265838e+09,1.991901676459149e+09,1.853790316613914e+03,2.018235998891731e-02,0.000000000000000e+00,-1.000000000000000e+03,1.327934450972766e+09,5.037180668968487e+04,3.313323485608362e+05,7.448978165303998e-03,4.760677039573064e+08,2.500000000000000e-07,5.582754702763847e-04,9.880301268255553e+10,9.880301268255553e+10,-1.695028051665134e+00,2.018235998891731e-02,1.000000000000000e+00,0.000000000000000e+00,2.235711448301973e+03,2.235711448301973e+03,-1.341320509472047e+03,4.509150553936680e+01,1.000000000000000e+03,1.000000000000000e+00,
2.018235998891731e-02,0.000000000000000e+00,4.509150553936680e+01,1.991952048265838e+09,1.991901676459149e+09,1.853790316613914e+03,2.018235998891731e-02,0.000000000000000e+00,-1.000000000000000e+03,1.327934450972766e+09,5.037180668968487e+04,3.313323485608362e+05,7.448978165303998e-03,4.760677039573064e+08,2.500000000000000e-07,5.582754702763847e-04,9.880301268255553e+10,9.880301268255553e+10,-1.695028051665134e+00,2.018235998891731e-02,1.000000000000000e+00,0.000000000000000e+00,2.235711448301973e+03,2.235711448301973e+03,-1.341320509472047e+03,4.509150553936680e+01,1.000000000000000e+03,1.000000000000000e+00,
2.018235998891731e-02,0.000000000000000e+00,4.509150553936680e+01,1.991952048265838e+09,1.991901676459149e+09,1.853790316613914e+03,2.018235998891731e-02,0.000000000000000e+00,-1.000000000000000e+03,1.327934450972766e+09,5.037180668968487e+04,3.313323485608362e+05,7.448978165303998e-03,4.760677039573064e+08,2.500000000000000e-07,5.582754702763847e-04,9.880301268255553e+10,9.880301268255553e+10,-1.695028051665134e+00,2.018235998891731e-02,1.000000000000000e+00,0.000000000000000e+00,2.235711448301973e+03,2.235711448301973e+03,-1.580265816906089e+03,4.509150553936680e+01,1.000000000000000e+03,1.000000000000000e+00,
2.018235998891731e-02,0.000000000000000e+00,4.509150553936680e+01,1.991952048265838e+09,1.991901676459149e+09,1.853790316613914e+03,2.018235998891731e-02,0.000000000000000e+00,-1.000000000000000e+03,1.327934450972766e+09,5.037180668968487e+04,3.313323485608362e+05,7.448978165303998e-03,4.760677039573064e+08,2.500000000000000e-07,5.582754702763847e-04,9.880301268255553e+10,9.880301268255553e+10,-1.695028051665134e+00,2.018235998891731e-02,1.000000000000000e+00,0.000000000000000e+00,2.235711448301973e+03,2.235711448301973e+03,-1.858374855987820e+03,4.509150553936680e+01,1.000000000000000e+03,1.000000000000000e+00,
2.018235998891731e-02,0.000000000000000e+00,4.509150553936680e+01,1.991952048265838e+09,1.991901676459149e+09,1.853790316613914e+03,2.018235998891731e-02,0.000000000000000e+00,-1.000000000000000e+03,1.327934450972766e+09,5.037180668968487e+04,3.313323485608362e+05,7.448978165303998e-03,4.760677039573064e+08,2.500000000000000e-07,5.582754702763847e-04,9.880301268255553e+10,9.880301268255553e+10,-1.695028051665134e+00,2.018235998891731e-02,1.000000000000000e+00,0.000000000000000e+00,2.235711448301973e+03,2.235711448301973e+03,-2.116838382603501e+03,4.509150553936680e+01,1.000000000000000e+03,1.000000000000000e+00,
2.018235998891731e-02,0.000000000000000e+00,4.509150553936680e+01,1.991952048265838e+09,1.991901676459149e+09,1.853790316613914e+03,2.018235998891731e-02,0.000000000000000e+00,-1.000000000000000e+03,1.327934450972766e+09,5.037180668968487e+04,3.313323485608362e+05,7.448978165303998e-03,4.760677039573064e+08,2.500000000000000e-07,5.582754702763847e-04,9.880301268255553e+10,9.880301268255553e+10,-1.695028051665134e+00,2.018235998891731e-02,1.000000000000000e+00,0.000000000000000e+00,2.235711448301973e+03,2.235711448301973e+03,-2.116838382603501e+03,4.509150553936680e+01,1.000000000000000e+03,1.000000000000000e+00,
2.018235998891731e-02,0.000000000000000e+00,4.509150553936680e+01,1.991952048265838e+09,1.991901676459149e+09,1.853790316613914e+03,2.018235998891731e-02,0.000000000000000e+00,-1.000000000000000e+03,1.327934450972766e+09,5.037180668968487e+04,3.313323485608362e+05,7.448978165303998e-03,4.760677039573064e+08,2.500000000000000e-07,5.582754702763847e-04,9.880301268255553e+10,9.880301268255553e+10,-1.695028051665134e+00,2.018235998891731e-02,1.000000000000000e+00,0.000000000000000e+00,2.235711448301973e+03,2.235711448301973e+03,-1.858374855987820e+03,4.509150553936680e+01,1.000000000000000e+03,1.000000000000000e+00,
2.018235998891731e-02,0.000000000000000e+00,4.509150553936680e+01,1.991952048265838e+09,1.991901676459149e+09,1.853790316613914e+03,2.018235998891731e-02,0.000000000000000e+00,-1.000000000000000e+03,1.327934450972766e+09,5.037180668968487e+04,3.313323485608362e+05,7.448978165303998e-03,4.760677039573064e+08,2.500000000000000e-07,5.582754702763847e-04,9.880301268255553e+10,9.880301268255553e+10,-1.695028051665134e+00,2.018235998891731e-02,1.000000000000000e+00,0.000000000000000e+00,2.235711448301973e+03,2.235711448301973e+03,-1.580265816906089e+03,4.509150553936680e+01,1.000000000000000e+03,1.000000000000000e+00,
7.506346076327013e-08,0.000000000000000e+00,-7.506087484310449e-08,3.829395419190470e+03,3.829395419152929e+03,9.571765539331299e+02,7.506346076327013e-08,0.000000000000000e+00,-1.000000000000000e+03,2.552930279435286e+03,3.754118687005892e-08,2.380836435790726e+05,4.200733645310656e-06,8.262586484187132e+08,0.000000000000000e+00,6.514053689787858e-12,5.101543920589816e+10,5.101543920589816e+10,-7.124571416531736e+00,7.506346076327013e-08,1.000000000000000e+00,0.000000000000000e+00,-1.000000066024519e+00,1.000125971980760e+00,-6.018249099425292e-01,7.507291665610521e-08,1.000000000000000e+03,1.000000000000000e+00,
7.689528271751355e-08,0.000000000000000e+00,-7.507429179769996e-08,4.038229145632670e+03,4.038229145594436e+03,9.853299482014799e+02,7.689528271751355e-08,0.000000000000000e+00,-1.000000000000000e+03,2.692152763729624e+03,3.823439435675596e-08,2.415596411348361e+05,4.204650112908428e-06,8.269469868668575e+08,0.000000000000000e+00,5.113825040953257e-11,5.251595420267171e+10,5.251595420267171e+10,-7.114100301974804e+00,7.689528271751355e-08,1.000000000000000e+00,0.000000000000000e+00,-9.972229308872621e-01,1.002981344466310e+00,-4.480625464678243e-01,7.668173920296350e-08,1.000000000000000e+03,1.000000000000000e+00,
1.650965945972473e-07,0.000000000000000e+00,-4.956344515861643e-08,1.537234106918782e+04,1.537234106918038e+04,1.767179100986750e+03,1.650965945972473e-07,0.000000000000000e+00,-1.000000000000000e+03,1.024822737945359e+04,3.823079026173682e-08,3.234996518926108e+05,4.119021030070338e-06,8.448075978078574e+08,0.000000000000000e+00,-5.380257177869941e-10,9.418682229717630e+10,9.418682229717632e+10,-6.782261884719501e+00,1.650965945972473e-07,1.000000000000000e+00,0.000000000000000e+00,-3.002087673554158e-01,9.962083858474756e-01,-7.348127212551388e-02,7.768573828235125e-08,1.000000000000000e+03,1.000000000000000e+00,
2.053334784381522e-06,0.000000000000000e+00,4.498938028393327e-03,1.688487254352749e+05,1.688437967593627e+05,1.815017875388236e+03,2.053334784381522e-06,0.000000000000000e+00,-1.000000000000000e+03,1.125625311729084e+05,4.928675912296541e+00,3.278490937750842e+05,7.248678345873096e-03,8.290064382941012e+08,0.000000000000000e+00,-5.370500910374295e-09,9.673652546022954e+10,9.673652546022955e+10,-5.687540235648419e+00,2.053334784381522e-06,1.000000000000000e+00,0.000000000000000e+00,2.191039699231724e+03,2.191039699231724e+03,2.747129697753641e+02,4.498938028393327e-03,1.000000000000000e+03,1.000000000000000e+00,
2.270475097924299e-05,0.000000000000000e+00,5.110347156932805e-02,1.821129697948631e+06,1.821072186531553e+06,1.541271261816709e+03,2.270475097924299e-05,0.000000000000000e+00,-1.000000000000000e+03,1.214048124354369e+06,5.751141707796424e+01,3.021155468508719e+05,7.674091913257281e-03,7.327430803734490e+08,0.000000000000000e+00,8.391922809632887e-07,8.214642328410124e+10,8.214642328410124e+10,-4.643883256984055e+00,2.270475097924299e-05,1.000000000000000e+00,0.000000000000000e+00,2.300145759041366e+03,2.300145759041366e+03,-4.302867472832931e+00,5.110347156932805e-02,1.000000000000000e+03,1.000000000000000e+00,
2.507921098691914e-04,0.000000000000000e+00,5.571241310214111e-01,2.006744736034168e+07,2.006682854642140e+07,1.504735901644002e+03,2.507921098691914e-04,0.000000000000000e+00,-1.000000000000000e+03,1.337788569761427e+07,6.188139202789411e+02,2.985132932855180e+05,7.536715509273020e-03,6.460778806610442e+08,0.000000000000000e+00,4.804795712633450e-07,8.019916764134912e+10,8.019916764134912e+10,-3.600686130896240e+00,2.507921098691914e-04,1.000000000000000e+00,0.000000000000000e+00,2.249809767229129e+03,2.249809767229129e+03,-5.506797326164775e+02,5.571241310214111e-01,1.000000000000000e+03,1.000000000000000e+00,
2.739228086112730e-03,0.000000000000000e+00,6.106082915814100e+00,2.206435004473002e+08,2.206366948350250e+08,1.511262719730071e+03,2.739228086112730e-03,0.000000000000000e+00,-1.000000000000000e+03,1.470911298900167e+08,6.805612275191607e+03,2.991599960681449e+05,7.462769165432338e-03,5.606055331107762e+08,0.000000000000000e+00,4.270006899537293e-08,8.054703292274323e+10,8.054703292274324e+10,-2.562371804030816e+00,2.739228086112730e-03,1.000000000000000e+00,0.000000000000000e+00,2.229396060914972e+03,2.229396060914972e+03,-9.980880936368038e+02,6.106082915814100e+00,1.000000000000000e+03,1.000000000000000e+00,
7.506346076327013e-08,0.000000000000000e+00,-7.506087484310449e-08,3.829395419190470e+03,3.829395419152929e+03,9.571765539331299e+02,7.506346076327013e-08,0.000000000000000e+00,-1.000000000000000e+03,2.552930279435286e+03,3.754118687005892e-08,2.380836435790726e+05,4.200733645310656e-06,8.262586484187132e+08,0.000000000000000e+00,6.514053689787858e-12,5.101543920589816e+10,5.101543920589816e+10,-7.124571416531736e+00,7.506346076327013e-08,1.000000000000000e+00,0.000000000000000e+00,-1.000000066024519e+00,1.000125971980760e+00,-6.018249099425292e-01,7.507291665610521e-08,1.000000000000000e+03,1.000000000000000e+00,
7.689528271751355e-08,0.000000000000000e+00,-7.507429179769996e-08,4.038229145632670e+03,4.038229145594436e+03,9.853299482014799e+02,7.689528271751355e-08,0.000000000000000e+00,-1.000000000000000e+03,2.692152763729624e+03,3.823439435675596e-08,2.415596411348361e+05,4.204650112908428e-06,8.269469868668575e+08,0.000000000000000e+00,5.113825040953257e-11,5.251595420267171e+10,5.251595420267171e+10,-7.114100301974804e+00,7.689528271751355e-08,1.000000000000000e+00,0.000000000000000e+00,-9.972229308872621e-01,1.002981344466310e+00,-4.480625464678243e-01,7.668173920296350e-08,1.000000000000000e+03,1.000000000000000e+00,
1.650965945972473e-07,0.000000000000000e+00,-4.956344515861643e-08,1.537234106918782e+04,1.537234106918038e+04,1.767179100986750e+03,1.650965945972473e-07,0.000000000000000e+00,-1.000000000000000e+03,1.024822737945359e+04,3.823079026173682e-08,3.234996518926108e+05,4.119021030070338e-06,8.448075978078574e+08,0.000000000000000e+00,-5.380257177869941e-10,9.418682229717630e+10,9.418682229717632e+10,-6.782261884719501e+00,1.650965945972473e-07,1.000000000000000e+00,0.000000000000000e+00,-3.002087673554158e-01,9.962083858474756e-01,-7.348127212551388e-02,7.768573828235125e-08,1.000000000000000e+03,1.000000000000000e+00,
2.053334784381522e-06,0.000000000000000e+00,4.498938028393327e-03,1.688487254352749e+05,1.688437967593627e+05,1.815017875388236e+03,2.053334784381522e-06,0.000000000000000e+00,-1.000000000000000e+03,1.125625311729084e+05,4.928675912296541e+00,3.278490937750842e+05,7.248678345873096e-03,8.290064382941012e+08,0.000000000000000e+00,-5.370500910374295e-09,9.673652546022954e+10,9.673652546022955e+10,-5.687540235648419e+00,2.053334784381522e-06,1.000000000000000e+00,0.000000000000000e+00,2.191039699231724e+03,2.191039699231724e+03,2.747129697753641e+02,4.498938028393327e-03,1.000000000000000e+03,1.000000000000000e+00,
2.270475097924299e-05,0.000000000000000e+00,5.110347156932805e-02,1.821129697948631e+06,1.821072186531553e+06,1.541271261816709e+03,2.270475097924299e-05,0.000000000000000e+00,-1.000000000000000e+03,1.214048124354369e+06,5.751141707796424e+01,3.021155468508719e+05,7.674091913257281e-03,7.327430803734490e+08,0.000000000000000e+00,8.391922809632887e-07,8.214642328410124e+10,8.214642328410124e+10,-4.643883256984055e+00,2.270475097924299e-05,1.000000000000000e+00,0.000000000000000e+00,2.300145759041366e+03,2.300145759041366e+03,-4.302867472832931e+00,5.110347156932805e-02,1.000000000000000e+03,1.000000000000000e+00,
2.507921098691914e-04,0.000000000000000e+00,5.571241310214111e-01,2.006744736034168e+07,2.006682854642140e+07,1.504735901644002e+03,2.507921098691914e-04,0.000000000000000e+00,-1.000000000000000e+03,1.337788569761427e+07,6.188139202789411e+02,2.985132932855180e+05,7.536715509273020e-03,6.460778806610442e+08,0.000000000000000e+00,4.804795712633450e-07,8.019916764134912e+10,8.019916764134912e+10,-3.600686130896240e+00,2.507921098691914e-04,1.000000000000000e+00,0.000000000000000e+00,2.249809767229129e+03,2.249809767229129e+03,-5.506797326164775e+02,5.571241310214111e-01,1.000000000000000e+03,1.000000000000000e+00,
2.739228086112730e-03,0.000000000000000e+00,6.106082915814100e+00,2.206435004473002e+08,2.206366948350250e+08,1.511262719730071e+03,2.739228086112730e-03,0.000000000000000e+00,-1.000000000000000e+03,1.470911298900167e+08,6.805612275191607e+03,2.991599960681449e+05,7.462769165432338e-03,5.606055331107762e+08,0.000000000000000e+00,4.270006899537293e-08,8.054703292274323e+10,8.054703292274324e+10,-2.562371804030816e+00,2.739228086112730e-03,1.000000000000000e+00,0.000000000000000e+00,2.229396060914972e+03,2.229396060914972e+03,-9.980880936368038e+02,6.106082915814100e+00,1.000000000000000e+03,1.000000000000000e+00,
7.506346076327013e-08,0.000000000000000e+00,-7.506087484310449e-08,3.829395419190470e+03,3.829395419152929e+03,9.571765539331299e+02,7.506346076327013e-08,0.000000000000000e+00,-1.000000000000000e+03,2.552930279435286e+03,3.754118687005892e-08,2.380836435790726e+05,4.200733645310656e-06,8.262586484187132e+08,0.000000000000000e+00,6.514053689787858e-12,5.101543920589816e+10,5.101543920589816e+10,-7.124571416531736e+00,7.506346076327013e-08,1.000000000000000e+00,0.000000000000000e+00,-1.000000066024519e+00,1.000125971980760e+00,-7.090351084835810e-01,7.507291665610521e-08,1.000000000000000e+03,1.000000000000000e+00,
7.689528271751355e-08,0.000000000000000e+00,-7.507429179769996e-08,4.038229145632670e+03,4.038229145594436e+03,9.853299482014799e+02,7.689528271751355e-08,0.000000000000000e+00,-1.000000000000000e+03,2.692152763729624e+03,3.823439435675596e-08,2.415596411348361e+05,4.204650112908428e-06,8.269469868668575e+08,0.000000000000000e+00,5.113825040953257e-11,5.251595420267171e+10,5.251595420267171e+10,-7.114100301974804e+00,7.689528271751355e-08,1.000000000000000e+00,0.000000000000000e+00,-9.972229308872621e-01,1.002981344466310e+00,-5.556519512324934e-01,7.668173920296350e-08,1.000000000000000e+03,1.000000000000000e+00,
1.650965945972473e-07,0.000000000000000e+00,-4.956344515861643e-08,1.537234106918782e+04,1.537234106918038e+04,1.767179100986750e+03,1.650965945972473e-07,0.000000000000000e+00,-1.000000000000000e+03,1.024822737945359e+04,3.823079026173682e-08,3.234996518926108e+05,4.119021030070338e-06,8.448075978078574e+08,0.000000000000000e+00,-5.380257177869941e-10,9.418682229717630e+10,9.418682229717632e+10,-6.782261884719501e+00,1.650965945972473e-07,1.000000000000000e+00,0.000000000000000e+00,-3.002087673554158e-01,9.962083858474756e-01,-9.582528080526162e-02,7.768573828235125e-08,1.000000000000000e+03,1.000000000000000e+00,
2.053334784381522e-06,0.000000000000000e+00,4.498938028393327e-03,1.688487254352749e+05,1.688437967593627e+05,1.815017875388236e+03,2.053334784381522e-06,0.000000000000000e+00,-1.000000000000000e+03,1.125625311729084e+05,4.928675912296541e+00,3.278490937750842e+05,7.248678345873096e-03,8.290064382941012e+08,0.000000000000000e+00,-5.370500910374295e-09,9.673652546022954e+10,9.673652546022955e+10,-5.687540235648419e+00,2.053334784381522e-06,1.000000000000000e+00,0.000000000000000e+00,2.191039699231724e+03,2.191039699231724e+03,4.027215969428376e+02,4.498938028393327e-03,1.000000000000000e+03,1.000000000000000e+00,
2.270475097924299e-05,0.000000000000000e+00,5.110347156932805e-02,1.821129697948631e+06,1.821072186531553e+06,1.541271261816709e+03,2.270475097924299e-05,0.000000000000000e+00,-1.000000000000000e+03,1.214048124354369e+06,5.751141707796424e+01,3.021155468508719e+05,7.674091913257281e-03,7.327430803734490e+08,0.000000000000000e+00,8.391922809632887e-07,8.214642328410124e+10,8.214642328410124e+10,-4.643883256984055e+00,2.270475097924299e-05,1.000000000000000e+00,0.000000000000000e+00,2.300145759041366e+03,2.300145759041366e+03,-5.740892935326941e+00,5.110347156932805e-02,1.000000000000000e+03,1.000000000000000e+00,
2.507921098691914e-04,0.000000000000000e+00,5.571241310214111e-01,2.006744736034168e+07,2.006682854642140e+07,1.504735901644002e+03,2.507921098691914e-04,0.000000000000000e+00,-1.000000000000000e+03,1.337788569761427e+07,6.188139202789411e+02,2.985132932855180e+05,7.536715509273020e-03,6.460778806610442e+08,0.000000000000000e+00,4.804795712633450e-07,8.019916764134912e+10,8.019916764134912e+10,-3.600686130896240e+00,2.507921098691914e-04,1.000000000000000e+00,0.000000000000000e+00,2.249809767229129e+03,2.249809767229129e+03,-7.181291026318268e+02,5.571241310214111e-01,1.000000000000000e+03,1.000000000000000e+00,
2.739228086112730e-03,0.000000000000000e+00,6.106082915814100e+00,2.206435004473002e+08,2.206366948350250e+08,1.511262719730071e+03,2.739228086112730e-03,0.000000000000000e+00,-1.000000000000000e+03,1.470911298900167e+08,6.805612275191607e+03,2.991599960681449e+05,7.462769165432338e-03,5.606055331107762e+08,0.000000000000000e+00,4.270006899537293e-08,8.054703292274323e+10,8.054703292274324e+10,-2.562371804030816e+00,2.739228086112730e-03,1.000000000000000e+00,0.000000000000000e+00,2.229396060914972e+03,2.229396060914972e+03,-1.237750401374008e+03,6.106082915814100e+00,1.000000000000000e+03,1.000000000000000e+00,
7.506346076327013e-08,0.000000000000000e+00,-7.506087484310449e-08,3.829395419190470e+03,3.829395419152929e+03,9.571765539331299e+02,7.506346076327013e-08,0.000000000000000e+00,-1.000000000000000e+03,2.552930279435286e+03,3.754118687005892e-08,2.380836435790726e+05,4.200733645310656e-06,8.262586484187132e+08,0.000000000000000e+00,6.514053689787858e-12,5.101543920589816e+10,5.101543920589816e+10,-7.124571416531736e+00,7.506346076327013e-08,1.000000000000000e+00,0.000000000000000e+00,-1.000000066024519e+00,1.000125971980760e+00,-8.338173258713140e-01,7.507291665610521e-08,1.000000000000000e+03,1.000000000000000e+00,
7.689528271751355e-08,0.000000000000000e+00,-7.507429179769996e-08,4.038229145632670e+03,4.038229145594436e+03,9.853299482014799e+02,7.689528271751355e-08,0.000000000000000e+00,-1.000000000000000e+03,2.692152763729624e+03,3.823439435675596e-08,2.415596411348361e+05,4.204650112908428e-06,8.269469868668575e+08,0.000000000000000e+00,5.113825040953257e-11,5.251595420267171e+10,5.251595420267171e+10,-7.114100301974804e+00,7.689528271751355e-08,1.000000000000000e+00,0.000000000000000e+00,-9.972229308872621e-01,1.002981344466310e+00,-7.078921612389422e-01,7.668173920296350e-08,1.000000000000000e+03,1.000000000000000e+00,
1.650965945972473e-07,0.000000000000000e+00,-4.956344515861643e-08,1.537234106918782e+04,1.537234106918038e+04,1.767179100986750e+03,1.650965945972473e-07,0.000000000000000e+00,-1.000000000000000e+03,1.024822737945359e+04,3.823079026173682e-08,3.234996518926108e+05,4.119021030070338e-06,8.448075978078574e+08,0.000000000000000e+00,-5.380257177869941e-10,9.418682229717630e+10,9.418682229717632e+10,-6.782261884719501e+00,1.650965945972473e-07,1.000000000000000e+00,0.000000000000000e+00,-3.002087673554158e-01,9.962083858474756e-01,-1.355165820252590e-01,7.768573828235125e-08,1.000000000000000e+03,1.000000000000000e+00,
2.053334784381522e-06,0.000000000000000e+00,4.498938028393327e-03,1.688487254352749e+05,1.688437967593627e+05,1.815017875388236e+03,2.053334784381522e-06,0.000000000000000e+00,-1.000000000000000e+03,1.125625311729084e+05,4.928675912296541e+00,3.278490937750842e+05,7.248678345873096e-03,8.290064382941012e+08,0.000000000000000e+00,-5.370500910374295e-09,9.673652546022954e+10,9.673652546022955e+10,-5.687540235648419e+00,2.053334784381522e-06,1.000000000000000e+00,0.000000000000000e+00,2.191039699231724e+03,2.191039699231724e+03,7.292910622597916e+02,4.498938028393327e-03,1.000000000000000e+03,1.000000000000000e+00,
2.270475097924299e-05,0.000000000000000e+00,5.110347156932805e-02,1.821129697948631e+06,1.821072186531553e+06,1.541271261816709e+03,2.270475097924299e-05,0.000000000000000e+00,-1.000000000000000e+03,1.214048124354369e+06,5.751141707796424e+01,3.021155468508719e+05,7.674091913257281e-03,7.327430803734490e+08,0.000000000000000e+00,8.391922809632887e-07,8.214642328410124e+10,8.214642328410124e+10,-4.643883256984055e+00,2.270475097924299e-05,1.000000000000000e+00,0.000000000000000e+00,2.300145759041366e+03,2.300145759041366e+03,-8.622559144870698e+00,5.110347156932805e-02,1.000000000000000e+03,1.000000000000000e+00,
2.507921098691914e-04,0.000000000000000e+00,5.571241310214111e-01,2.006744736034168e+07,2.006682854642140e+07,1.504735901644002e+03,2.507921098691914e-04,0.000000000000000e+00,-1.000000000000000e+03,1.337788569761427e+07,6.188139202789411e+02,2.985132932855180e+05,7.536715509273020e-03,6.460778806610442e+08,0.000000000000000e+00,4.804795712633450e-07,8.019916764134912e+10,8.019916764134912e+10,-3.600686130896240e+00,2.507921098691914e-04,1.000000000000000e+00,0.000000000000000e+00,2.249809767229129e+03,2.249809767229129e+03,-1.015581698521753e+03,5.571241310214111e-01,1.000000000000000e+03,1.000000000000000e+00,
2.739228086112730e-03,0.000000000000000e+00,6.106082915814100e+00,2.206435004473002e+08,2.206366948350250e+08,1.511262719730071e+03,2.739228086112730e-03,0.000000000000000e+00,-1.000000000000000e+03,1.470911298900167e+08,6.805612275191607e+03,2.991599960681449e+05,7.462769165432338e-03,5.606055331107762e+08,0.000000000000000e+00,4.270006899537293e-08,8.054703292274323e+10,8.054703292274324e+10,-2.562371804030816e+00,2.739228086112730e-03,1.000000000000000e+00,0.000000000000000e+00,2.229396060914972e+03,2.229396060914972e+03,-1.576875244943397e+03,6.106082915814100e+00,1.000000000000000e+03,1.000000000000000e+00,
7.506346076327013e-08,0.000000000000000e+00,-7.506087484310449e-08,3.829395419190470e+03,3.829395419152929e+03,9.571765539331299e+02,7.506346076327013e-08,0.000000000000000e+00,-1.000000000000000e+03,2.552930279435286e+03,3.754118687005892e-08,2.380836435790726e+05,4.200733645310656e-06,8.262586484187132e+08,0.000000000000000e+00,6.514053689787858e-12,5.101543920589816e+10,5.101543920589816e+10,-7.124571416531736e+00,7.506346076327013e-08,1.000000000000000e+00,0.000000000000000e+00,-1.000000066024519e+00,1.000125971980760e+00,-9.497849768022134e-01,7.507291665610521e-08,1.000000000000000e+03,1.000000000000000e+00,
7.689528271751355e-08,0.000000000000000e+00,-7.507429179769996e-08,4.038229145632670e+03,4.038229145594436e+03,9.853299482014799e+02,7.689528271751355e-08,0.000000000000000e+00,-1.000000000000000e+03,2.692152763729624e+03,3.823439435675596e-08,2.415596411348361e+05,4.204650112908428e-06,8.269469868668575e+08,0.000000000000000e+00,5.113825040953257e-11,5.251595420267171e+10,5.251595420267171e+10,-7.114100301974804e+00,7.689528271751355e-08,1.000000000000000e+00,0.000000000000000e+00,-9.972229308872621e-01,1.002981344466310e+00,-8.940207443671823e-01,7.668173920296350e-08,1.000000000000000e+03,1.000000000000000e+00,
1.650965945972473e-07,0.000000000000000e+00,-4.956344515861643e-08,1.537234106918782e+04,1.537234106918038e+04,1.767179100986750e+03,1.650965945972473e-07,0.000000000000000e+00,-1.000000000000000e+03,1.024822737945359e+04,3.823079026173682e-08,3.234996518926108e+05,4.119021030070338e-06,8.448075978078574e+08,0.000000000000000e+00,-5.380257177869941e-10,9.418682229717630e+10,9.418682229717632e+10,-6.782261884719501e+00,1.650965945972473e-07,1.000000000000000e+00,0.000000000000000e+00,-3.002087673554158e-01,9.962083858474756e-01,-2.139315614011525e-01,7.768573828235125e-08,1.000000000000000e+03,1.000000000000000e+00,
2.053334784381522e-06,0.000000000000000e+00,4.498938028393327e-03,1.688487254352749e+05,1.688437967593627e+05,1.815017875388236e+03,2.053334784381522e-06,0.000000000000000e+00,-1.000000000000000e+03,1.125625311729084e+05,4.928675912296541e+00,3.278490937750842e+05,7.248678345873096e-03,8.290064382941012e+08,0.000000000000000e+00,-5.370500910374295e-09,9.673652546022954e+10,9.673652546022955e+10,-5.687540235648419e+00,2.053334784381522e-06,1.000000000000000e+00,0.000000000000000e+00,2.191039699231724e+03,2.191039699231724e+03,2.143645012757715e+03,4.498938028393327e-03,1.000000000000000e+03,1.000000000000000e+00,
2.270475097924299e-05,0.000000000000000e+00,5.110347156932805e-02,1.821129697948631e+06,1.821072186531553e+06,1.541271261816709e+03,2.270475097924299e-05,0.000000000000000e+00,-1.000000000000000e+03,1.214048124354369e+06,5.751141707796424e+01,3.021155468508719e+05,7.674091913257281e-03,7.327430803734490e+08,0.000000000000000e+00,8.391922809632887e-07,8.214642328410124e+10,8.214642328410124e+10,-4.643883256984055e+00,2.270475097924299e-05,1.000000000000000e+00,0.000000000000000e+00,2.300145759041366e+03,2.300145759041366e+03,-1.731260889791054e+01,5.110347156932805e-02,1.000000000000000e+03,1.000000000000000e+00,
2.507921098691914e-04,0.000000000000000e+00,5.571241310214111e-01,2.006744736034168e+07,2.006682854642140e+07,1.504735901644002e+03,2.507921098691914e-04,0.000000000000000e+00,-1.000000000000000e+03,1.337788569761427e+07,6.188139202789411e+02,2.985132932855180e+05,7.536715509273020e-03,6.460778806610442e+08,0.000000000000000e+00,4.804795712633450e-07,8.019916764134912e+10,8.019916764134912e+10,-3.600686130896240e+00,2.507921098691914e-04,1.000000000000000e+00,0.000000000000000e+00,2.249809767229129e+03,2.249809767229129e+03,-1.603235377163639e+03,5.571241310214111e-01,1.000000000000000e+03,1.000000000000000e+00,
2.739228086112730e-03,0.000000000000000e+00,6.106082915814100e+00,2.206435004473002e+08,2.206366948350250e+08,1.511262719730071e+03,2.739228086112730e-03,0.000000000000000e+00,-1.000000000000000e+03,1.470911298900167e+08,6.805612275191607e+03,2.991599960681449e+05,7.462769165432338e-03,5.606055331107762e+08,0.000000000000000e+00,4.270006899537293e-08,8.054703292274323e+10,8.054703292274324e+10,-2.562371804030816e+00,2.739228086112730e-03,1.000000000000000e+00,0.000000000000000e+00,2.229396060914972e+03,2.229396060914972e+03,-1.991488615711099e+03,6.106082915814100e+00,1.000000000000000e+03,1.000000000000000e+00,
7.506346076327013e-08,0.000000000000000e+00,-7.506087484310449e-08,3.829395419190470e+03,3.829395419152929e+03,9.571765539331299e+02,7.506346076327013e-08,0.000000000000000e+00,-1.000000000000000e+03,2.552930279435286e+03,3.754118687005892e-08,2.380836435790726e+05,4.200733645310656e-06,8.262586484187132e+08,0.000000000000000e+00,6.514053689787858e-12,5.101543920589816e+10,5.101543920589816e+10,-7.124571416531736e+00,7.506346076327013e-08,1.000000000000000e+00,0.000000000000000e+00,-1.000000066024519e+00,1.000125971980760e+00,-9.497849768022134e-01,7.507291665610521e-08,1.000000000000000e+03,1.000000000000000e+00,
7.689528271751355e-08,0.000000000000000e+00,-7.507429179769996e-08,4.038229145632670e+03,4.038229145594436e+03,9.853299482014799e+02,7.689528271751355e-08,0.000000000000000e+00,-1.000000000000000e+03,2.692152763729624e+03,3.823439435675596e-08,2.415596411348361e+05,4.204650112908428e-06,8.269469868668575e+08,0.000000000000000e+00,5.113825040953257e-11,5.251595420267171e+10,5.251595420267171e+10,-7.114100301974804e+00,7.689528271751355e-08,1.000000000000000e+00,0.000000000000000e+00,-9.972229308872621e-01,1.002981344466310e+00,-8.940207443671823e-01,7.668173920296350e-08,1.000000000000000e+03,1.000000000000000e+00,
1.650965945972473e-07,0.000000000000000e+00,-4.956344515861643e-08,1.537234106918782e+04,1.537234106918038e+04,1.767179100986750e+03,1.650965945972473e-07,0.000000000000000e+00,-1.000000000000000e+03,1.024822737945359e+04,3.823079026173682e-08,3.234996518926108e+05,4.119021030070338e-06,8.448075978078574e+08,0.000000000000000e+00,-5.380257177869941e-10,9.418682229717630e+10,9.418682229717632e+10,-6.782261884719501e+00,1.650965945972473e-07,1.000000000000000e+00,0.000000000000000e+00,-3.002087673554158e-01,9.962083858474756e-01,-2.139315614011525e-01,7.768573828235125e-08,1.000000000000000e+03,1.000000000000000e+00,
2.053334784381522e-06,0.000000000000000e+00,4.498938028393327e-03,1.688487254352749e+05,1.688437967593627e+05,1.815017875388236e+03,2.053334784381522e-06,0.000000000000000e+00,-1.000000000000000e+03,1.125625311729084e+05,4.928675912296541e+00,3.278490937750842e+05,7.248678345873096e-03,8.290064382941012e+08,0.000000000000000e+00,-5.370500910374295e-09,9.673652546022954e+10,9.673652546022955e+10,-5.687540235648419e+00,2.053334784381522e-06,1.000000000000000e+00,0.000000000000000e+00,2.191039699231724e+03,2.191039699231724e+03,2.143645012757715e+03,4.498938028393327e-03,1.000000000000000e+03,1.000000000000000e+00,
2.270475097924299e-05,0.000000000000000e+00,5.110347156932805e-02,1.821129697948631e+06,1.821072186531553e+06,1.541271261816709e+03,2.270475097924299e-05,0.000000000000000e+00,-1.000000000000000e+03,1.214048124354369e+06,5.751141707796424e+01,3.021155468508719e+05,7.674091913257281e-03,7.327430803734490e+08,0.000000000000000e+00,8.391922809632887e-07,8.214642328410124e+10,8.214642328410124e+10,-4.643883256984055e+00,2.270475097924299e-05,1.000000000000000e+00,0.000000000000000e+00,2.300145759041366e+03,2.300145759041366e+03,-1.731260889791054e+01,5.110347156932805e-02,1.000000000000000e+03,1.000000000000000e+00,
2.507921098691914e-04,0.000000000000000e+00,5.571241310214111e-01,2.006744736034168e+07,2.006682854642140e+07,1.504735901644002e+03,2.507921098691914e-04,0.000000000000000e+00,-1.000000000000000e+03,1.337788569761427e+07,6.188139202789411e+02,2.985132932855180e+05,7.536715509273020e-03,6.460778806610442e+08,0.000000000000000e+00,4.804795712633450e-07,8.019916764134912e+10,8.019916764134912e+10,-3.600686130896240e+00,2.507921098691914e-04,1.000000000000000e+00,0.000000000000000e+00,2.249809767229129e+03,2.249809767229129e+03,-1.603235377163639e+03,5.571241310214111e-01,1.000000000000000e+03,1.000000000000000e+00,
2.739228086112730e-03,0.000000000000000e+00,6.106082915814100e+00,2.206435004473002e+08,2.206366948350250e+08,1.511262719730071e+03,2.739228086112730e-03,0.000000000000000e+00,-1.000000000000000e+03,1.470911298900167e+08,6.805612275191607e+03,2.991599960681449e+05,7.462769165432338e-03,5.606055331107762e+08,0.000000000000000e+00,4.270006899537293e-08,8.054703292274323e+10,8.054703292274324e+10,-2.562371804030816e+00,2.739228086112730e-03,1.000000000000000e+00,0.000000000000000e+00,2.229396060914972e+03,2.229396060914972e+03,-1.991488615711099e+03,6.106082915814100e+00,1.000000000000000e+03,1.000000000000000e+00,
7.506346076327013e-08,0.000000000000000e+00,-7.506087484310449e-08,3.829395419190470e+03,3.829395419152929e+03,9.571765539331299e+02,7.506346076327013e-08,0.000000000000000e+00,-1.000000000000000e+03,2.552930279435286e+03,3.754118687005892e-08,2.380836435790726e+05,4.200733645310656e-06,8.262586484187132e+08,0.000000000000000e+00,6.514053689787858e-12,5.101543920589816e+10,5.101543920589816e+10,-7.124571416531736e+00,7.506346076327013e-08,1.000000000000000e+00,0.000000000000000e+00,-1.000000066024519e+00,1.000125971980760e+00,-8.338173258713140e-01,7.507291665610521e-08,1.000000000000000e+03,1.000000000000000e+00,
7.689528271751355e-08,0.000000000000000e+00,-7.507429179769996e-08,4.038229145632670e+03,4.038229145594436e+03,9.853299482014799e+02,7.689528271751355e-08,0.000000000000000e+00,-1.000000000000000e+03,2.692152763729624e+03,3.823439435675596e-08,2.415596411348361e+05,4.204650112908428e-06,8.269469868668575e+08,0.000000000000000e+00,5.113825040953257e-11,5.251595420267171e+10,5.251595420267171e+10,-7.114100301974804e+00,7.689528271751355e-08,1.000000000000000e+00,0.000000000000000e+00,-9.972229308872621e-01,1.002981344466310e+00,-7.078921612389422e-01,7.668173920296350e-08,1.000000000000000e+03,1.000000000000000e+00,
1.650965945972473e-07,0.000000000000000e+00,-4.956344515861643e-08,1.537234106918782e+04,1.537234106918038e+04,1.767179100986750e+03,1.650965945972473e-07,0.000000000000000e+00,-1.000000000000000e+03,1.024822737945359e+04,3.823079026173682e-08,3.234996518926108e+05,4.119021030070338e-06,8.448075978078574e+08,0.000000000000000e+00,-5.380257177869941e-10,9.418682229717630e+10,9.418682229717632e+10,-6.782261884719501e+00,1.650965945972473e-07,1.000000000000000e+00,0.000000000000000e+00,-3.002087673554158e-01,9.962083858474756e-01,-1.355165820252590e-01,7.768573828235125e-08,1.000000000000000e+03,1.000000000000000e+00,
2.053334784381522e-06,0.000000000000000e+00,4.498938028393327e-03,1.688487254352749e+05,1.688437967593627e+05,1.815017875388236e+03,2.053334784381522e-06,0.000000000000000e+00,-1.000000000000000e+03,1.125625311729084e+05,4.928675912296541e+00,3.278490937750842e+05,7.248678345873096e-03,8.290064382941012e+08,0.000000000000000e+00,-5.370500910374295e-09,9.673652546022954e+10,9.673652546022955e+10,-5.687540235648419e+00,2.053334784381522e-06,1.000000000000000e+00,0.000000000000000e+00,2.191039699231724e+03,2.191039699231724e+03,7.292910622597916e+02,4.498938028393327e-03,1.000000000000000e+03,1.000000000000000e+00,
2.270475097924299e-05,0.000000000000000e+00,5.110347156932805e-02,1.821129697948631e+06,1.821072186531553e+06,1.541271261816709e+03,2.270475097924299e-05,0.000000000000000e+00,-1.000000000000000e+03,1.214048124354369e+06,5.751141707796424e+01,3.021155468508719e+05,7.674091913257281e-03,7.327430803734490e+08,0.000000000000000e+00,8.391922809632887e-07,8.214642328410124e+10,8.214642328410124e+10,-4.643883256984055e+00,2.270475097924299e-05,1.000000000000000e+00,0.000000000000000e+00,2.300145759041366e+03,2.300145759041366e+03,-8.622559144870698e+00,5.110347156932805e-02,1.000000000000000e+03,1.000000000000000e+00,
2.507921098691914e-04,0.000000000000000e+00,5.571241310214111e-01,2.006744736034168e+07,2.006682854642140e+07,1.504735901644002e+03,2.507921098691914e-04,0.000000000000000e+00,-1.000000000000000e+03,1.337788569761427e+07,6.188139202789411e+02,2.985132932855180e+05,7.536715509273020e-03,6.460778806610442e+08,0.000000000000000e+00,4.804795712633450e-07,8.019916764134912e+10,8.019916764134912e+10,-3.600686130896240e+00,2.507921098691914e-04,1.000000000000000e+00,0.000000000000000e+00,2.249809767229129e+03,2.249809767229129e+03,-1.015581698521753e+03,5.571241310214111e-01,1.000000000000000e+03,1.000000000000000e+00,
2.739228086112730e-03,0.000000000000000e+00,6.106082915814100e+00,2.206435004473002e+08,2.206366948350250e+08,1.511262719730071e+03,2.739228086112730e-03,0.000000000000000e+00,-1.000000000000000e+03,1.470911298900167e+08,6.805612275191607e+03,2.991599960681449e+05,7.462769165432338e-03,5.606055331107762e+08,0.000000000000000e+00,4.270006899537293e-08,8.054703292274323e+10,8.054703292274324e+10,-2.562371804030816e+00,2.739228086112730e-03,1.000000000000000e+00,0.000000000000000e+00,2.229396060914972e+03,2.229396060914972e+03,-1.576875244943397e+03,6.106082915814100e+00,1.000000000000000e+03,1.000000000000000e+00,
7.506346076327013e-08,0.000000000000000e+00,-7.506087484310449e-08,3.829395419190470e+03,3.829395419152929e+03,9.571765539331299e+02,7.506346076327013e-08,0.000000000000000e+00,-1.000000000000000e+03,2.552930279435286e+03,3.754118687005892e-08,2.380836435790726e+05,4.200733645310656e-06,8.262586484187132e+08,0.000000000000000e+00,6.514053689787858e-12,5.101543920589816e+10,5.101543920589816e+10,-7.124571416531736e+00,7.506346076327013e-08,1.000000000000000e+00,0.000000000000000e+00,-1.000000066024519e+00,1.000125971980760e+00,-7.090351084835810e-01,7.507291665610521e-08,1.000000000000000e+03,1.000000000000000e+00,
7.689528271751355e-08,0.000000000000000e+00,-7.507429179769996e-08,4.038229145632670e+03,4.038229145594436e+03,9.853299482014799e+02,7.689528271751355e-08,0.000000000000000e+00,-1.000000000000000e+03,2.692152763729624e+03,3.823439435675596e-08,2.415596411348361e+05,4.204650112908428e-06,8.269469868668575e+08,0.000000000000000e+00,5.113825040953257e-11,5.251595420267171e+10,5.251595420267171e+10,-7.114100301974804e+00,7.689528271751355e-08,1.000000000000000e+00,0.000000000000000e+00,-9.972229308872621e-01,1.002981344466310e+00,-5.556519512324934e-01,7.668173920296350e-08,1.000000000000000e+03,1.000000000000000e+00,
1.650965945972473e-07,0.000000000000000e+00,-4.956344515861643e-08,1.537234106918782e+04,1.537234106918038e+04,1.767179100986750e+03,1.650965945972473e-07,0.000000000000000e+00,-1.000000000000000e+03,1.024822737945359e+04,3.823079026173682e-08,3.234996518926108e+05,4.119021030070338e-06,8.448075978078574e+08,0.000000000000000e+00,-5.380257177869941e-10,9.418682229717630e+10,9.418682229717632e+10,-6.782261884719501e+00,1.650965945972473e-07,1.000000000000000e+00,0.000000000000000e+00,-3.002087673554158e-01,9.962083858474756e-01,-9.582528080526162e-02,7.768573828235125e-08,1.000000000000000e+03,1.000000000000000e+00,
2.053334784381522e-06,0.000000000000000e+00,4.498938028393327e-03,1.688487254352749e+05,1.688437967593627e+05,1.815017875388236e+03,2.053334784381522e-06,0.000000000000000e+00,-1.000000000000000e+03,1.125625311729084e+05,4.928675912296541e+00,3.278490937750842e+05,7.248678345873096e-03,8.290064382941012e+08,0.000000000000000e+00,-5.370500910374295e-09,9.673652546022954e+10,9.673652546022955e+10,-5.687540235648419e+00,2.053334784381522e-06,1.000000000000000e+00,0.000000000000000e+00,2.191039699231724e+03,2.191039699231724e+03,4.027215969428376e+02,4.498938028393327e-03,1.000000000000000e+03,1.000000000000000e+00,
2.270475097924299e-05,0.000000000000000e+00,5.110347156932805e-02,1.821129697948631e+06,1.821072186531553e+06,1.541271261816709e+03,2.270475097924299e-05,0.000000000000000e+00,-1.000000000000000e+03,1.214048124354369e+06,5.751141707796424e+01,3.021155468508719e+05,7.674091913257281e-03,7.327430803734490e+08,0.000000000000000e+00,8.391922809632887e-07,8.214642328410124e+10,8.214642328410124e+10,-4.643883256984055e+00,2.270475097924299e-05,1.000000000000000e+00,0.000000000000000e+00,2.300145759041366e+03,2.300145759041366e+03,-5.740892935326941e+00,5.110347156932805e-02,1.000000000000000e+03,1.000000000000000e+00,
2.507921098691914e-04,0.000000000000000e+00,5.571241310214111e-01,2.006744736034168e+07,2.006682854642140e+07,1.504735901644002e+03,2.507921098691914e-04,0.000000000000000e+00,-1.000000000000000e+03,1.337788569761427e+07,6.188139202789411e+02,2.985132932855180e+05,7.536715509273020e-03,6.460778806610442e+08,0.000000000000000e+00,4.804795712633450e-07,8.019916764134912e+10,8.019916764134912e+10,-3.600686130896240e+00,2.507921098691914e-04,1.000000000000000e+00,0.000000000000000e+00,2.249809767229129e+03,2.249809767229129e+03,-7.181291026318268e+02,5.571241310214111e-01,1.000000000000000e+03,1.000000000000000e+00,
2.739228086112730e-03,0.000000000000000e+00,6.106082915814100e+00,2.206435004473002e+08,2.206366948350250e+08,1.511262719730071e+03,2.739228086112730e-03,0.000000000000000e+00,-1.000000000000000e+03,1.470911298900167e+08,6.805612275191607e+03,2.991599960681449e+05,7.462769165432338e-03,5.606055331107762e+08,0.000000000000000e+00,4.270006899537293e-08,8.054703292274323e+10,8.054703292274324e+10,-2.562371804030816e+00,2.739228086112730e-03,1.000000000000000e+00,0.000000000000000e+00,2.229396060914972e+03,2.229396060914972e+03,-1.237750401374008e+03,6.106082915814100e+00,1.000000000000000e+03,1.000000000000000e+00,

