1
0
28
0
(64 0
((0,0) (63,63) (0,0))
((448,0) (511,63) (0,0))
((384,0) (447,63) (0,0))
((320,0) (383,63) (0,0))
((256,0) (319,63) (0,0))
((192,0) (255,63) (0,0))
((128,0) (191,63) (0,0))
((64,0) (127,63) (0,0))
((0,448) (63,511) (0,0))
((0,384) (63,447) (0,0))
((0,320) (63,383) (0,0))
((0,256) (63,319) (0,0))
((0,192) (63,255) (0,0))
((0,128) (63,191) (0,0))
((0,64) (63,127) (0,0))
((448,448) (511,511) (0,0))
((448,384) (511,447) (0,0))
((448,320) (511,383) (0,0))
((448,256) (511,319) (0,0))
((448,192) (511,255) (0,0))
((448,128) (511,191) (0,0))
((448,64) (511,127) (0,0))
((384,448) (447,511) (0,0))
((384,384) (447,447) (0,0))
((384,320) (447,383) (0,0))
((384,256) (447,319) (0,0))
((384,192) (447,255) (0,0))
((384,128) (447,191) (0,0))
((384,64) (447,127) (0,0))
((320,448) (383,511) (0,0))
((320,384) (383,447) (0,0))
((320,320) (383,383) (0,0))
((320,256) (383,319) (0,0))
((320,192) (383,255) (0,0))
((320,128) (383,191) (0,0))
((320,64) (383,127) (0,0))
((256,448) (319,511) (0,0))
((256,384) (319,447) (0,0))
((256,320) (319,383) (0,0))
((256,256) (319,319) (0,0))
((256,192) (319,255) (0,0))
((256,128) (319,191) (0,0))
((256,64) (319,127) (0,0))
((192,448) (255,511) (0,0))
((192,384) (255,447) (0,0))
((192,320) (255,383) (0,0))
((192,256) (255,319) (0,0))
((192,192) (255,255) (0,0))
((192,128) (255,191) (0,0))
((192,64) (255,127) (0,0))
((128,448) (191,511) (0,0))
((128,384) (191,447) (0,0))
((128,320) (191,383) (0,0))
((128,256) (191,319) (0,0))
((128,192) (191,255) (0,0))
((128,128) (191,191) (0,0))
((128,64) (191,127) (0,0))
((64,448) (127,511) (0,0))
((64,384) (127,447) (0,0))
((64,320) (127,383) (0,0))
((64,256) (127,319) (0,0))
((64,192) (127,255) (0,0))
((64,128) (127,191) (0,0))
((64,64) (127,127) (0,0))
)
64
FabOnDisk: Cell_D_0000 0
FabOnDisk: Cell_D_0001 0
FabOnDisk: Cell_D_0001 917590
FabOnDisk: Cell_D_0001 1835180
FabOnDisk: Cell_D_0001 2752770
FabOnDisk: Cell_D_0000 917587
FabOnDisk: Cell_D_0000 1835177
FabOnDisk: Cell_D_0000 2752767
FabOnDisk: Cell_D_0002 0
FabOnDisk: Cell_D_0002 917590
FabOnDisk: Cell_D_0002 1835180
FabOnDisk: Cell_D_0002 2752770
FabOnDisk: Cell_D_0000 3670356
FabOnDisk: Cell_D_0000 4587946
FabOnDisk: Cell_D_0000 5505536
FabOnDisk: Cell_D_0003 0
FabOnDisk: Cell_D_0003 917593
FabOnDisk: Cell_D_0003 1835186
FabOnDisk: Cell_D_0003 2752779
FabOnDisk: Cell_D_0001 3670360
FabOnDisk: Cell_D_0001 4587953
FabOnDisk: Cell_D_0001 5505546
FabOnDisk: Cell_D_0003 3670372
FabOnDisk: Cell_D_0003 4587965
FabOnDisk: Cell_D_0003 5505558
FabOnDisk: Cell_D_0003 6423151
FabOnDisk: Cell_D_0001 6423138
FabOnDisk: Cell_D_0001 7340731
FabOnDisk: Cell_D_0001 8258324
FabOnDisk: Cell_D_0003 7340744
FabOnDisk: Cell_D_0003 8258337
FabOnDisk: Cell_D_0003 9175930
FabOnDisk: Cell_D_0003 10093523
FabOnDisk: Cell_D_0001 9175916
FabOnDisk: Cell_D_0001 10093509
FabOnDisk: Cell_D_0001 11011102
FabOnDisk: Cell_D_0003 11011116
FabOnDisk: Cell_D_0003 11928709
FabOnDisk: Cell_D_0003 12846302
FabOnDisk: Cell_D_0003 13763895
FabOnDisk: Cell_D_0001 11928694
FabOnDisk: Cell_D_0001 12846287
FabOnDisk: Cell_D_0001 13763880
FabOnDisk: Cell_D_0002 3670360
FabOnDisk: Cell_D_0002 4587953
FabOnDisk: Cell_D_0002 5505546
FabOnDisk: Cell_D_0002 6423139
FabOnDisk: Cell_D_0000 6423125
FabOnDisk: Cell_D_0000 7340718
FabOnDisk: Cell_D_0000 8258311
FabOnDisk: Cell_D_0002 7340732
FabOnDisk: Cell_D_0002 8258325
FabOnDisk: Cell_D_0002 9175918
FabOnDisk: Cell_D_0002 10093511
FabOnDisk: Cell_D_0000 9175903
FabOnDisk: Cell_D_0000 10093496
FabOnDisk: Cell_D_0000 11011089
FabOnDisk: Cell_D_0002 11011104
FabOnDisk: Cell_D_0002 11928696
FabOnDisk: Cell_D_0002 12846288
FabOnDisk: Cell_D_0002 13763880
FabOnDisk: Cell_D_0000 11928681
FabOnDisk: Cell_D_0000 12846273
FabOnDisk: Cell_D_0000 13763865

64,28
2.041794170649019e-03,0.000000000000000e+00,3.472151326132849e+00,1.639055495410843e+08,1.639025972761095e+08,1.506136377638723e+03,2.041794170649019e-03,0.000000000000000e+00,-1.000000000000000e+03,1.092683981840730e+08,2.952264974812313e+03,2.986521759534305e+05,5.054662206826212e-03,4.268182377952060e+08,0.000000000000000e+00,9.668718595128212e-08,8.027380998154691e+10,8.027380998154691e+10,-2.689988040435611e+00,2.041794170649019e-03,1.000000000000000e+00,0.000000000000000e+00,1.673502559678473e+03,1.673502559678473e+03,-1.336601689101328e+03,3.472151326132849e+00,1.000000000000000e+03,1.000000000000000e+00,
2.041794170649019e-03,0.000000000000000e+00,3.472151326132849e+00,1.639055495410843e+08,1.639025972761095e+08,1.506136377638723e+03,2.041794170649019e-03,0.000000000000000e+00,-1.000000000000000e+03,1.092683981840730e+08,2.952264974812313e+03,2.986521759534305e+05,5.054662206826212e-03,4.268182377952060e+08,0.000000000000000e+00,9.668718595128212e-08,8.027380998154691e+10,8.027380998154691e+10,-2.689988040435611e+00,2.041794170649019e-03,1.000000000000000e+00,0.000000000000000e+00,1.673502559678473e+03,1.673502559678473e+03,-1.336601689101328e+03,3.472151326132849e+00,1.000000000000000e+03,1.000000000000000e+00,
2.041794170649019e-03,0.000000000000000e+00,3.472151326132849e+00,1.639055495410843e+08,1.639025972761095e+08,1.506136377638723e+03,2.041794170649019e-03,0.000000000000000e+00,-1.000000000000000e+03,1.092683981840730e+08,2.952264974812313e+03,2.986521759534305e+05,5.054662206826212e-03,4.268182377952060e+08,0.000000000000000e+00,9.668718595128212e-08,8.027380998154691e+10,8.027380998154691e+10,-2.689988040435611e+00,2.041794170649019e-03,1.000000000000000e+00,0.000000000000000e+00,1.673502559678473e+03,1.673502559678473e+03,-1.495541303003001e+03,3.472151326132849e+00,1.000000000000000e+03,1.000000000000000e+00,
2.041794170649019e-03,0.000000000000000e+00,3.472151326132849e+00,1.639055495410843e+08,1.639025972761095e+08,1.506136377638723e+03,2.041794170649019e-03,0.000000000000000e+00,-1.000000000000000e+03,1.092683981840730e+08,2.952264974812313e+03,2.986521759534305e+05,5.054662206826212e-03,4.268182377952060e+08,0.000000000000000e+00,9.668718595128212e-08,8.027380998154691e+10,8.027380998154691e+10,-2.689988040435611e+00,2.041794170649019e-03,1.000000000000000e+00,0.000000000000000e+00,1.673502559678473e+03,1.673502559678473e+03,-1.625108717299022e+03,3.472151326132849e+00,1.000000000000000e+03,1.000000000000000e+00,
2.041794170649019e-03,0.000000000000000e+00,3.472151326132849e+00,1.639055495410843e+08,1.639025972761095e+08,1.506136377638723e+03,2.041794170649019e-03,0.000000000000000e+00,-1.000000000000000e+03,1.092683981840730e+08,2.952264974812313e+03,2.986521759534305e+05,5.054662206826212e-03,4.268182377952060e+08,0.000000000000000e+00,9.668718595128212e-08,8.027380998154691e+10,8.027380998154691e+10,-2.689988040435611e+00,2.041794170649019e-03,1.000000000000000e+00,0.000000000000000e+00,1.673502559678473e+03,1.673502559678473e+03,-1.700533610914137e+03,3.472151326132849e+00,1.000000000000000e+03,1.000000000000000e+00,
2.041794170649019e-03,0.000000000000000e+00,3.472151326132849e+00,1.639055495410843e+08,1.639025972761095e+08,1.506136377638723e+03,2.041794170649019e-03,0.000000000000000e+00,-1.000000000000000e+03,1.092683981840730e+08,2.952264974812313e+03,2.986521759534305e+05,5.054662206826212e-03,4.268182377952060e+08,0.000000000000000e+00,9.668718595128212e-08,8.027380998154691e+10,8.027380998154691e+10,-2.689988040435611e+00,2.041794170649019e-03,1.000000000000000e+00,0.000000000000000e+00,1.673502559678473e+03,1.673502559678473e+03,-1.700533610914137e+03,3.472151326132849e+00,1.000000000000000e+03,1.000000000000000e+00,
2.041794170649019e-03,0.000000000000000e+00,3.472151326132849e+00,1.639055495410843e+08,1.639025972761095e+08,1.506136377638723e+03,2.041794170649019e-03,0.000000000000000e+00,-1.000000000000000e+03,1.092683981840730e+08,2.952264974812313e+03,2.986521759534305e+05,5.054662206826212e-03,4.268182377952060e+08,0.000000000000000e+00,9.668718595128212e-08,8.027380998154691e+10,8.027380998154691e+10,-2.689988040435611e+00,2.041794170649019e-03,1.000000000000000e+00,0.000000000000000e+00,1.673502559678473e+03,1.673502559678473e+03,-1.625108717299022e+03,3.472151326132849e+00,1.000000000000000e+03,1.000000000000000e+00,
2.041794170649019e-03,0.000000000000000e+00,3.472151326132849e+00,1.639055495410843e+08,1.639025972761095e+08,1.506136377638723e+03,2.041794170649019e-03,0.000000000000000e+00,-1.000000000000000e+03,1.092683981840730e+08,2.952264974812313e+03,2.986521759534305e+05,5.054662206826212e-03,4.268182377952060e+08,0.000000000000000e+00,9.668718595128212e-08,8.027380998154691e+10,8.027380998154691e+10,-2.689988040435611e+00,2.041794170649019e-03,1.000000000000000e+00,0.000000000000000e+00,1.673502559678473e+03,1.673502559678473e+03,-1.495541303003001e+03,3.472151326132849e+00,1.000000000000000e+03,1.000000000000000e+00,
7.506086955999986e-08,0.000000000000000e+00,-7.506086956007335e-08,5.580260699956189e+03,5.580260699918659e+03,1.394862246096664e+03,7.506086955999986e-08,0.000000000000000e+00,-1.000000000000000e+03,3.720173799945773e+03,3.753043477992556e-08,2.874082260150549e+05,3.479371533181591e-06,8.463298723583444e+08,0.000000000000000e+00,-2.471911564327911e-19,7.434313954300876e+10,7.434313954300876e+10,-7.124586408708946e+00,7.506086955999986e-08,1.000000000000000e+00,0.000000000000000e+00,-1.000000000000977e+00,9.999999999990082e-01,-7.986851776062570e-01,7.506086955992557e-08,1.000000000000000e+03,1.000000000000000e+00,
7.506086956000034e-08,0.000000000000000e+00,-7.522737168000150e-08,5.580260699956287e+03,5.580260699918756e+03,1.394862246096682e+03,7.506086956000034e-08,0.000000000000000e+00,-1.000000000000000e+03,3.720173799945838e+03,3.753043478003094e-08,2.874082260150568e+05,3.479371533186464e-06,8.463298723583449e+08,0.000000000000000e+00,1.867950238931826e-19,7.434313954300974e+10,7.434313954300974e+10,-7.124586408708943e+00,7.506086956000034e-08,1.000000000000000e+00,0.000000000000000e+00,-1.002152445621210e+00,1.000000000000410e+00,-7.052629658462557e-01,7.506086956003111e-08,1.000000000000000e+03,1.000000000000000e+00,
7.506714280653853e-08,0.000000000000000e+00,-8.738228119077900e-08,5.581090554411301e+03,5.581090554373570e+03,1.394953095688710e+03,7.506714280653853e-08,0.000000000000000e+00,-1.000000000000000e+03,3.720727036249047e+03,6.385958625116666e-09,2.874175855396279e+05,1.032849225336956e-06,8.304295531421828e+08,0.000000000000000e+00,-5.914942985936469e-08,7.434798162968636e+10,7.434798162968637e+10,-7.124550113865445e+00,7.506714280653853e-08,1.000000000000000e+00,0.000000000000000e+00,-1.120219924366106e+00,3.096145143971903e-01,-5.536533952507535e-01,4.125102879979594e-08,1.000000000000000e+03,1.000000000000000e+00,
1.378611273397328e-07,0.000000000000000e+00,-2.781886959885090e-07,1.113202541901798e+04,1.113202541901234e+04,1.501806305012445e+03,1.378611273397328e-07,0.000000000000000e+00,-1.000000000000000e+03,7.421350279341558e+03,8.945699187851380e-10,2.982225613342556e+05,2.972278487639336e-07,7.443619188700863e+08,0.000000000000000e+00,-6.333128123080640e-04,8.004302647988747e+10,8.004302647988747e+10,-6.860558174446044e+00,1.378611273397328e-07,1.000000000000000e+00,0.000000000000000e+00,-9.031063809390331e-01,8.870062918348824e-02,-1.903231007016797e-01,2.017054280268090e-08,1.000000000000000e+03,1.000000000000000e+00,
1.541644743428939e-06,0.000000000000000e+00,8.378481156194379e-03,1.237464409024417e+05,1.237236733527893e+05,1.497679283634252e+03,1.541644743428939e-06,0.000000000000000e+00,-1.000000000000000e+03,8.248244890185952e+04,2.129602267311480e+01,2.978125159118903e+05,6.630369106824229e-03,6.590607421828332e+08,0.000000000000000e+00,7.722523513551721e-06,7.982306517039290e+10,7.982306517039291e+10,-5.812015693563877e+00,1.541644743428939e-06,1.000000000000000e+00,0.000000000000000e+00,1.974671583196740e+03,1.974671583196740e+03,-6.185979240915851e+02,8.378481156194379e-03,1.000000000000000e+03,1.000000000000000e+00,
1.686493239088625e-05,0.000000000000000e+00,3.304786867928310e-02,1.346347990020027e+06,1.346315610357929e+06,1.497796112185285e+03,1.686493239088625e-05,0.000000000000000e+00,-1.000000000000000e+03,8.975437402386195e+05,3.237966209794418e+01,2.978241313246829e+05,5.680838777334072e-03,5.738458553574661e+08,0.000000000000000e+00,-5.362761129009641e-08,7.982929187937173e+10,7.982929187937175e+10,-4.773015395496060e+00,1.686493239088625e-05,1.000000000000000e+00,0.000000000000000e+00,1.692839917037564e+03,1.692839917037564e+03,-9.348888109334024e+02,3.304786867928310e-02,1.000000000000000e+03,1.000000000000000e+00,
1.859235127194892e-04,0.000000000000000e+00,3.147958924369937e-01,1.485999629308554e+07,1.485972979517883e+07,1.499570949349201e+03,1.859235127194892e-04,0.000000000000000e+00,-1.000000000000000e+03,9.906486530119222e+06,2.664979067083205e+02,2.980005347867175e+05,5.681692132301754e-03,4.889064973445374e+08,0.000000000000000e+00,-1.595493660031479e-07,7.992388685985266e+10,7.992388685985266e+10,-3.730665683931119e+00,1.859235127194892e-04,1.000000000000000e+00,0.000000000000000e+00,1.693147293919408e+03,1.693147293919408e+03,-1.199455982474085e+03,3.147958924369937e-01,1.000000000000000e+03,1.000000000000000e+00,
7.506086955999986e-08,0.000000000000000e+00,-7.506086956007335e-08,5.580260699956189e+03,5.580260699918659e+03,1.394862246096664e+03,7.506086955999986e-08,0.000000000000000e+00,-1.000000000000000e+03,3.720173799945773e+03,3.753043477992556e-08,2.874082260150549e+05,3.479371533181591e-06,8.463298723583444e+08,0.000000000000000e+00,-2.471911564327911e-19,7.434313954300876e+10,7.434313954300876e+10,-7.124586408708946e+00,7.506086955999986e-08,1.000000000000000e+00,0.000000000000000e+00,-1.000000000000977e+00,9.999999999990082e-01,-7.986851776062570e-01,7.506086955992557e-08,1.000000000000000e+03,1.000000000000000e+00,
7.506086956000034e-08,0.000000000000000e+00,-7.522737168000150e-08,5.580260699956287e+03,5.580260699918756e+03,1.394862246096682e+03,7.506086956000034e-08,0.000000000000000e+00,-1.000000000000000e+03,3.720173799945838e+03,3.753043478003094e-08,2.874082260150568e+05,3.479371533186464e-06,8.463298723583449e+08,0.000000000000000e+00,1.867950238931826e-19,7.434313954300974e+10,7.434313954300974e+10,-7.124586408708943e+00,7.506086956000034e-08,1.000000000000000e+00,0.000000000000000e+00,-1.002152445621210e+00,1.000000000000410e+00,-7.052629658462557e-01,7.506086956003111e-08,1.000000000000000e+03,1.000000000000000e+00,
7.506714280653853e-08,0.000000000000000e+00,-8.738228119077900e-08,5.581090554411301e+03,5.581090554373570e+03,1.394953095688710e+03,7.506714280653853e-08,0.000000000000000e+00,-1.000000000000000e+03,3.720727036249047e+03,6.385958625116666e-09,2.874175855396279e+05,1.032849225336956e-06,8.304295531421828e+08,0.000000000000000e+00,-5.914942985936469e-08,7.434798162968636e+10,7.434798162968637e+10,-7.124550113865445e+00,7.506714280653853e-08,1.000000000000000e+00,0.000000000000000e+00,-1.120219924366106e+00,3.096145143971903e-01,-5.536533952507535e-01,4.125102879979594e-08,1.000000000000000e+03,1.000000000000000e+00,
1.378611273397328e-07,0.000000000000000e+00,-2.781886959885090e-07,1.113202541901798e+04,1.113202541901234e+04,1.501806305012445e+03,1.378611273397328e-07,0.000000000000000e+00,-1.000000000000000e+03,7.421350279341558e+03,8.945699187851380e-10,2.982225613342556e+05,2.972278487639336e-07,7.443619188700863e+08,0.000000000000000e+00,-6.333128123080640e-04,8.004302647988747e+10,8.004302647988747e+10,-6.860558174446044e+00,1.378611273397328e-07,1.000000000000000e+00,0.000000000000000e+00,-9.031063809390331e-01,8.870062918348824e-02,-1.903231007016797e-01,2.017054280268090e-08,1.000000000000000e+03,1.000000000000000e+00,
1.541644743428939e-06,0.000000000000000e+00,8.378481156194379e-03,1.237464409024417e+05,1.237236733527893e+05,1.497679283634252e+03,1.541644743428939e-06,0.000000000000000e+00,-1.000000000000000e+03,8.248244890185952e+04,2.129602267311480e+01,2.978125159118903e+05,6.630369106824229e-03,6.590607421828332e+08,0.000000000000000e+00,7.722523513551721e-06,7.982306517039290e+10,7.982306517039291e+10,-5.812015693563877e+00,1.541644743428939e-06,1.000000000000000e+00,0.000000000000000e+00,1.974671583196740e+03,1.974671583196740e+03,-6.185979240915851e+02,8.378481156194379e-03,1.000000000000000e+03,1.000000000000000e+00,
1.686493239088625e-05,0.000000000000000e+00,3.304786867928310e-02,1.346347990020027e+06,1.346315610357929e+06,1.497796112185285e+03,1.686493239088625e-05,0.000000000000000e+00,-1.000000000000000e+03,8.975437402386195e+05,3.237966209794418e+01,2.978241313246829e+05,5.680838777334072e-03,5.738458553574661e+08,0.000000000000000e+00,-5.362761129009641e-08,7.982929187937173e+10,7.982929187937175e+10,-4.773015395496060e+00,1.686493239088625e-05,1.000000000000000e+00,0.000000000000000e+00,1.692839917037564e+03,1.692839917037564e+03,-9.348888109334024e+02,3.304786867928310e-02,1.000000000000000e+03,1.000000000000000e+00,
1.859235127194892e-04,0.000000000000000e+00,3.147958924369937e-01,1.485999629308554e+07,1.485972979517883e+07,1.499570949349201e+03,1.859235127194892e-04,0.000000000000000e+00,-1.000000000000000e+03,9.906486530119222e+06,2.664979067083205e+02,2.980005347867175e+05,5.681692132301754e-03,4.889064973445374e+08,0.000000000000000e+00,-1.595493660031479e-07,7.992388685985266e+10,7.992388685985266e+10,-3.730665683931119e+00,1.859235127194892e-04,1.000000000000000e+00,0.000000000000000e+00,1.693147293919408e+03,1.693147293919408e+03,-1.199455982474085e+03,3.147958924369937e-01,1.000000000000000e+03,1.000000000000000e+00,
7.506086955999986e-08,0.000000000000000e+00,-7.506086956007335e-08,5.580260699956189e+03,5.580260699918659e+03,1.394862246096664e+03,7.506086955999986e-08,0.000000000000000e+00,-1.000000000000000e+03,3.720173799945773e+03,3.753043477992556e-08,2.874082260150549e+05,3.479371533181591e-06,8.463298723583444e+08,0.000000000000000e+00,-2.471911564327911e-19,7.434313954300876e+10,7.434313954300876e+10,-7.124586408708946e+00,7.506086955999986e-08,1.000000000000000e+00,0.000000000000000e+00,-1.000000000000977e+00,9.999999999990082e-01,-8.933757570577963e-01,7.506086955992557e-08,1.000000000000000e+03,1.000000000000000e+00,
7.506086956000034e-08,0.000000000000000e+00,-7.522737168000150e-08,5.580260699956287e+03,5.580260699918756e+03,1.394862246096682e+03,7.506086956000034e-08,0.000000000000000e+00,-1.000000000000000e+03,3.720173799945838e+03,3.753043478003094e-08,2.874082260150568e+05,3.479371533186464e-06,8.463298723583449e+08,0.000000000000000e+00,1.867950238931826e-19,7.434313954300974e+10,7.434313954300974e+10,-7.124586408708943e+00,7.506086956000034e-08,1.000000000000000e+00,0.000000000000000e+00,-1.002152445621210e+00,1.000000000000410e+00,-8.303787714643022e-01,7.506086956003111e-08,1.000000000000000e+03,1.000000000000000e+00,
7.506714280653853e-08,0.000000000000000e+00,-8.738228119077900e-08,5.581090554411301e+03,5.581090554373570e+03,1.394953095688710e+03,7.506714280653853e-08,0.000000000000000e+00,-1.000000000000000e+03,3.720727036249047e+03,6.385958625116666e-09,2.874175855396279e+05,1.032849225336956e-06,8.304295531421828e+08,0.000000000000000e+00,-5.914942985936469e-08,7.434798162968636e+10,7.434798162968637e+10,-7.124550113865445e+00,7.506714280653853e-08,1.000000000000000e+00,0.000000000000000e+00,-1.120219924366106e+00,3.096145143971903e-01,-7.061943050128296e-01,4.125102879979594e-08,1.000000000000000e+03,1.000000000000000e+00,
1.378611273397328e-07,0.000000000000000e+00,-2.781886959885090e-07,1.113202541901798e+04,1.113202541901234e+04,1.501806305012445e+03,1.378611273397328e-07,0.000000000000000e+00,-1.000000000000000e+03,7.421350279341558e+03,8.945699187851380e-10,2.982225613342556e+05,2.972278487639336e-07,7.443619188700863e+08,0.000000000000000e+00,-6.333128123080640e-04,8.004302647988747e+10,8.004302647988747e+10,-6.860558174446044e+00,1.378611273397328e-07,1.000000000000000e+00,0.000000000000000e+00,-9.031063809390331e-01,8.870062918348824e-02,-2.775492626595967e-01,2.017054280268090e-08,1.000000000000000e+03,1.000000000000000e+00,
1.541644743428939e-06,0.000000000000000e+00,8.378481156194379e-03,1.237464409024417e+05,1.237236733527893e+05,1.497679283634252e+03,1.541644743428939e-06,0.000000000000000e+00,-1.000000000000000e+03,8.248244890185952e+04,2.129602267311480e+01,2.978125159118903e+05,6.630369106824229e-03,6.590607421828332e+08,0.000000000000000e+00,7.722523513551721e-06,7.982306517039290e+10,7.982306517039291e+10,-5.812015693563877e+00,1.541644743428939e-06,1.000000000000000e+00,0.000000000000000e+00,1.974671583196740e+03,1.974671583196740e+03,-8.748242511176097e+02,8.378481156194379e-03,1.000000000000000e+03,1.000000000000000e+00,
1.686493239088625e-05,0.000000000000000e+00,3.304786867928310e-02,1.346347990020027e+06,1.346315610357929e+06,1.497796112185285e+03,1.686493239088625e-05,0.000000000000000e+00,-1.000000000000000e+03,8.975437402386195e+05,3.237966209794418e+01,2.978241313246829e+05,5.680838777334072e-03,5.738458553574661e+08,0.000000000000000e+00,-5.362761129009641e-08,7.982929187937173e+10,7.982929187937175e+10,-4.773015395496060e+00,1.686493239088625e-05,1.000000000000000e+00,0.000000000000000e+00,1.692839917037564e+03,1.692839917037564e+03,-1.192466549947499e+03,3.304786867928310e-02,1.000000000000000e+03,1.000000000000000e+00,
1.859235127194892e-04,0.000000000000000e+00,3.147958924369937e-01,1.485999629308554e+07,1.485972979517883e+07,1.499570949349201e+03,1.859235127194892e-04,0.000000000000000e+00,-1.000000000000000e+03,9.906486530119222e+06,2.664979067083205e+02,2.980005347867175e+05,5.681692132301754e-03,4.889064973445374e+08,0.000000000000000e+00,-1.595493660031479e-07,7.992388685985266e+10,7.992388685985266e+10,-3.730665683931119e+00,1.859235127194892e-04,1.000000000000000e+00,0.000000000000000e+00,1.693147293919408e+03,1.693147293919408e+03,-1.412243139631214e+03,3.147958924369937e-01,1.000000000000000e+03,1.000000000000000e+00,
7.506086955999986e-08,0.000000000000000e+00,-7.506086956007335e-08,5.580260699956189e+03,5.580260699918659e+03,1.394862246096664e+03,7.506086955999986e-08,0.000000000000000e+00,-1.000000000000000e+03,3.720173799945773e+03,3.753043477992556e-08,2.874082260150549e+05,3.479371533181591e-06,8.463298723583444e+08,0.000000000000000e+00,-2.471911564327911e-19,7.434313954300876e+10,7.434313954300876e+10,-7.124586408708946e+00,7.506086955999986e-08,1.000000000000000e+00,0.000000000000000e+00,-1.000000000000977e+00,9.999999999990082e-01,-9.695818671236753e-01,7.506086955992557e-08,1.000000000000000e+03,1.000000000000000e+00,
7.506086956000034e-08,0.000000000000000e+00,-7.522737168000150e-08,5.580260699956287e+03,5.580260699918756e+03,1.394862246096682e+03,7.506086956000034e-08,0.000000000000000e+00,-1.000000000000000e+03,3.720173799945838e+03,3.753043478003094e-08,2.874082260150568e+05,3.479371533186464e-06,8.463298723583449e+08,0.000000000000000e+00,1.867950238931826e-19,7.434313954300974e+10,7.434313954300974e+10,-7.124586408708943e+00,7.506086956000034e-08,1.000000000000000e+00,0.000000000000000e+00,-1.002152445621210e+00,1.000000000000410e+00,-9.476888979144324e-01,7.506086956003111e-08,1.000000000000000e+03,1.000000000000000e+00,
7.506714280653853e-08,0.000000000000000e+00,-8.738228119077900e-08,5.581090554411301e+03,5.581090554373570e+03,1.394953095688710e+03,7.506714280653853e-08,0.000000000000000e+00,-1.000000000000000e+03,3.720727036249047e+03,6.385958625116666e-09,2.874175855396279e+05,1.032849225336956e-06,8.304295531421828e+08,0.000000000000000e+00,-5.914942985936469e-08,7.434798162968636e+10,7.434798162968637e+10,-7.124550113865445e+00,7.506714280653853e-08,1.000000000000000e+00,0.000000000000000e+00,-1.120219924366106e+00,3.096145143971903e-01,-9.287884942466222e-01,4.125102879979594e-08,1.000000000000000e+03,1.000000000000000e+00,
1.378611273397328e-07,0.000000000000000e+00,-2.781886959885090e-07,1.113202541901798e+04,1.113202541901234e+04,1.501806305012445e+03,1.378611273397328e-07,0.000000000000000e+00,-1.000000000000000e+03,7.421350279341558e+03,8.945699187851380e-10,2.982225613342556e+05,2.972278487639336e-07,7.443619188700863e+08,0.000000000000000e+00,-6.333128123080640e-04,8.004302647988747e+10,8.004302647988747e+10,-6.860558174446044e+00,1.378611273397328e-07,1.000000000000000e+00,0.000000000000000e+00,-9.031063809390331e-01,8.870062918348824e-02,-4.886591549327824e-01,2.017054280268090e-08,1.000000000000000e+03,1.000000000000000e+00,
1.541644743428939e-06,0.000000000000000e+00,8.378481156194379e-03,1.237464409024417e+05,1.237236733527893e+05,1.497679283634252e+03,1.541644743428939e-06,0.000000000000000e+00,-1.000000000000000e+03,8.248244890185952e+04,2.129602267311480e+01,2.978125159118903e+05,6.630369106824229e-03,6.590607421828332e+08,0.000000000000000e+00,7.722523513551721e-06,7.982306517039290e+10,7.982306517039291e+10,-5.812015693563877e+00,1.541644743428939e-06,1.000000000000000e+00,0.000000000000000e+00,1.974671583196740e+03,1.974671583196740e+03,-1.385352767729378e+03,8.378481156194379e-03,1.000000000000000e+03,1.000000000000000e+00,
1.686493239088625e-05,0.000000000000000e+00,3.304786867928310e-02,1.346347990020027e+06,1.346315610357929e+06,1.497796112185285e+03,1.686493239088625e-05,0.000000000000000e+00,-1.000000000000000e+03,8.975437402386195e+05,3.237966209794418e+01,2.978241313246829e+05,5.680838777334072e-03,5.738458553574661e+08,0.000000000000000e+00,-5.362761129009641e-08,7.982929187937173e+10,7.982929187937175e+10,-4.773015395496060e+00,1.686493239088625e-05,1.000000000000000e+00,0.000000000000000e+00,1.692839917037564e+03,1.692839917037564e+03,-1.510719516522028e+03,3.304786867928310e-02,1.000000000000000e+03,1.000000000000000e+00,
1.859235127194892e-04,0.000000000000000e+00,3.147958924369937e-01,1.485999629308554e+07,1.485972979517883e+07,1.499570949349201e+03,1.859235127194892e-04,0.000000000000000e+00,-1.000000000000000e+03,9.906486530119222e+06,2.664979067083205e+02,2.980005347867175e+05,5.681692132301754e-03,4.889064973445374e+08,0.000000000000000e+00,-1.595493660031479e-07,7.992388685985266e+10,7.992388685985266e+10,-3.730665683931119e+00,1.859235127194892e-04,1.000000000000000e+00,0.000000000000000e+00,1.693147293919408e+03,1.693147293919408e+03,-1.611755009372683e+03,3.147958924369937e-01,1.000000000000000e+03,1.000000000000000e+00,
7.506086955999986e-08,0.000000000000000e+00,-7.506086956007335e-08,5.580260699956189e+03,5.580260699918659e+03,1.394862246096664e+03,7.506086955999986e-08,0.000000000000000e+00,-1.000000000000000e+03,3.720173799945773e+03,3.753043477992556e-08,2.874082260150549e+05,3.479371533181591e-06,8.463298723583444e+08,0.000000000000000e+00,-2.471911564327911e-19,7.434313954300876e+10,7.434313954300876e+10,-7.124586408708946e+00,7.506086955999986e-08,1.000000000000000e+00,0.000000000000000e+00,-1.000000000000977e+00,9.999999999990082e-01,-9.999980851844014e-01,7.506086955992557e-08,1.000000000000000e+03,1.000000000000000e+00,
7.506086956000034e-08,0.000000000000000e+00,-7.522737168000150e-08,5.580260699956287e+03,5.580260699918756e+03,1.394862246096682e+03,7.506086956000034e-08,0.000000000000000e+00,-1.000000000000000e+03,3.720173799945838e+03,3.753043478003094e-08,2.874082260150568e+05,3.479371533186464e-06,8.463298723583449e+08,0.000000000000000e+00,1.867950238931826e-19,7.434313954300974e+10,7.434313954300974e+10,-7.124586408708943e+00,7.506086956000034e-08,1.000000000000000e+00,0.000000000000000e+00,-1.002152445621210e+00,1.000000000000410e+00,-1.002144859275723e+00,7.506086956003111e-08,1.000000000000000e+03,1.000000000000000e+00,
7.506714280653853e-08,0.000000000000000e+00,-8.738228119077900e-08,5.581090554411301e+03,5.581090554373570e+03,1.394953095688710e+03,7.506714280653853e-08,0.000000000000000e+00,-1.000000000000000e+03,3.720727036249047e+03,6.385958625116666e-09,2.874175855396279e+05,1.032849225336956e-06,8.304295531421828e+08,0.000000000000000e+00,-5.914942985936469e-08,7.434798162968636e+10,7.434798162968637e+10,-7.124550113865445e+00,7.506714280653853e-08,1.000000000000000e+00,0.000000000000000e+00,-1.120219924366106e+00,3.096145143971903e-01,-1.120204244564243e+00,4.125102879979594e-08,1.000000000000000e+03,1.000000000000000e+00,
1.378611273397328e-07,0.000000000000000e+00,-2.781886959885090e-07,1.113202541901798e+04,1.113202541901234e+04,1.501806305012445e+03,1.378611273397328e-07,0.000000000000000e+00,-1.000000000000000e+03,7.421350279341558e+03,8.945699187851380e-10,2.982225613342556e+05,2.972278487639336e-07,7.443619188700863e+08,0.000000000000000e+00,-6.333128123080640e-04,8.004302647988747e+10,8.004302647988747e+10,-6.860558174446044e+00,1.378611273397328e-07,1.000000000000000e+00,0.000000000000000e+00,-9.031063809390331e-01,8.870062918348824e-02,-9.030408410876504e-01,2.017054280268090e-08,1.000000000000000e+03,1.000000000000000e+00,
1.541644743428939e-06,0.000000000000000e+00,8.378481156194379e-03,1.237464409024417e+05,1.237236733527893e+05,1.497679283634252e+03,1.541644743428939e-06,0.000000000000000e+00,-1.000000000000000e+03,8.248244890185952e+04,2.129602267311480e+01,2.978125159118903e+05,6.630369106824229e-03,6.590607421828332e+08,0.000000000000000e+00,7.722523513551721e-06,7.982306517039290e+10,7.982306517039291e+10,-5.812015693563877e+00,1.541644743428939e-06,1.000000000000000e+00,0.000000000000000e+00,1.974671583196740e+03,1.974671583196740e+03,-5.117594247881916e+03,8.378481156194379e-03,1.000000000000000e+03,1.000000000000000e+00,
1.686493239088625e-05,0.000000000000000e+00,3.304786867928310e-02,1.346347990020027e+06,1.346315610357929e+06,1.497796112185285e+03,1.686493239088625e-05,0.000000000000000e+00,-1.000000000000000e+03,8.975437402386195e+05,3.237966209794418e+01,2.978241313246829e+05,5.680838777334072e-03,5.738458553574661e+08,0.000000000000000e+00,-5.362761129009641e-08,7.982929187937173e+10,7.982929187937175e+10,-4.773015395496060e+00,1.686493239088625e-05,1.000000000000000e+00,0.000000000000000e+00,1.692839917037564e+03,1.692839917037564e+03,-1.959502415596093e+03,3.304786867928310e-02,1.000000000000000e+03,1.000000000000000e+00,
1.859235127194892e-04,0.000000000000000e+00,3.147958924369937e-01,1.485999629308554e+07,1.485972979517883e+07,1.499570949349201e+03,1.859235127194892e-04,0.000000000000000e+00,-1.000000000000000e+03,9.906486530119222e+06,2.664979067083205e+02,2.980005347867175e+05,5.681692132301754e-03,4.889064973445374e+08,0.000000000000000e+00,-1.595493660031479e-07,7.992388685985266e+10,7.992388685985266e+10,-3.730665683931119e+00,1.859235127194892e-04,1.000000000000000e+00,0.000000000000000e+00,1.693147293919408e+03,1.693147293919408e+03,-1.702292653058228e+03,3.147958924369937e-01,1.000000000000000e+03,1.000000000000000e+00,
7.506086955999986e-08,0.000000000000000e+00,-7.506086956007335e-08,5.580260699956189e+03,5.580260699918659e+03,1.394862246096664e+03,7.506086955999986e-08,0.000000000000000e+00,-1.000000000000000e+03,3.720173799945773e+03,3.753043477992556e-08,2.874082260150549e+05,3.479371533181591e-06,8.463298723583444e+08,0.000000000000000e+00,-2.471911564327911e-19,7.434313954300876e+10,7.434313954300876e+10,-7.124586408708946e+00,7.506086955999986e-08,1.000000000000000e+00,0.000000000000000e+00,-1.000000000000977e+00,9.999999999990082e-01,-9.999980851844014e-01,7.506086955992557e-08,1.000000000000000e+03,1.000000000000000e+00,
7.506086956000034e-08,0.000000000000000e+00,-7.522737168000150e-08,5.580260699956287e+03,5.580260699918756e+03,1.394862246096682e+03,7.506086956000034e-08,0.000000000000000e+00,-1.000000000000000e+03,3.720173799945838e+03,3.753043478003094e-08,2.874082260150568e+05,3.479371533186464e-06,8.463298723583449e+08,0.000000000000000e+00,1.867950238931826e-19,7.434313954300974e+10,7.434313954300974e+10,-7.124586408708943e+00,7.506086956000034e-08,1.000000000000000e+00,0.000000000000000e+00,-1.002152445621210e+00,1.000000000000410e+00,-1.002144859275723e+00,7.506086956003111e-08,1.000000000000000e+03,1.000000000000000e+00,
7.506714280653853e-08,0.000000000000000e+00,-8.738228119077900e-08,5.581090554411301e+03,5.581090554373570e+03,1.394953095688710e+03,7.506714280653853e-08,0.000000000000000e+00,-1.000000000000000e+03,3.720727036249047e+03,6.385958625116666e-09,2.874175855396279e+05,1.032849225336956e-06,8.304295531421828e+08,0.000000000000000e+00,-5.914942985936469e-08,7.434798162968636e+10,7.434798162968637e+10,-7.124550113865445e+00,7.506714280653853e-08,1.000000000000000e+00,0.000000000000000e+00,-1.120219924366106e+00,3.096145143971903e-01,-1.120204244564243e+00,4.125102879979594e-08,1.000000000000000e+03,1.000000000000000e+00,
1.378611273397328e-07,0.000000000000000e+00,-2.781886959885090e-07,1.113202541901798e+04,1.113202541901234e+04,1.501806305012445e+03,1.378611273397328e-07,0.000000000000000e+00,-1.000000000000000e+03,7.421350279341558e+03,8.945699187851380e-10,2.982225613342556e+05,2.972278487639336e-07,7.443619188700863e+08,0.000000000000000e+00,-6.333128123080640e-04,8.004302647988747e+10,8.004302647988747e+10,-6.860558174446044e+00,1.378611273397328e-07,1.000000000000000e+00,0.000000000000000e+00,-9.031063809390331e-01,8.870062918348824e-02,-9.030408410876504e-01,2.017054280268090e-08,1.000000000000000e+03,1.000000000000000e+00,
1.541644743428939e-06,0.000000000000000e+00,8.378481156194379e-03,1.237464409024417e+05,1.237236733527893e+05,1.497679283634252e+03,1.541644743428939e-06,0.000000000000000e+00,-1.000000000000000e+03,8.248244890185952e+04,2.129602267311480e+01,2.978125159118903e+05,6.630369106824229e-03,6.590607421828332e+08,0.000000000000000e+00,7.722523513551721e-06,7.982306517039290e+10,7.982306517039291e+10,-5.812015693563877e+00,1.541644743428939e-06,1.000000000000000e+00,0.000000000000000e+00,1.974671583196740e+03,1.974671583196740e+03,-5.117594247881916e+03,8.378481156194379e-03,1.000000000000000e+03,1.000000000000000e+00,
1.686493239088625e-05,0.000000000000000e+00,3.304786867928310e-02,1.346347990020027e+06,1.346315610357929e+06,1.497796112185285e+03,1.686493239088625e-05,0.000000000000000e+00,-1.000000000000000e+03,8.975437402386195e+05,3.237966209794418e+01,2.978241313246829e+05,5.680838777334072e-03,5.738458553574661e+08,0.000000000000000e+00,-5.362761129009641e-08,7.982929187937173e+10,7.982929187937175e+10,-4.773015395496060e+00,1.686493239088625e-05,1.000000000000000e+00,0.000000000000000e+00,1.692839917037564e+03,1.692839917037564e+03,-1.959502415596093e+03,3.304786867928310e-02,1.000000000000000e+03,1.000000000000000e+00,
1.859235127194892e-04,0.000000000000000e+00,3.147958924369937e-01,1.485999629308554e+07,1.485972979517883e+07,1.499570949349201e+03,1.859235127194892e-04,0.000000000000000e+00,-1.000000000000000e+03,9.906486530119222e+06,2.664979067083205e+02,2.980005347867175e+05,5.681692132301754e-03,4.889064973445374e+08,0.000000000000000e+00,-1.595493660031479e-07,7.992388685985266e+10,7.992388685985266e+10,-3.730665683931119e+00,1.859235127194892e-04,1.000000000000000e+00,0.000000000000000e+00,1.693147293919408e+03,1.693147293919408e+03,-1.702292653058228e+03,3.147958924369937e-01,1.000000000000000e+03,1.000000000000000e+00,
7.506086955999986e-08,0.000000000000000e+00,-7.506086956007335e-08,5.580260699956189e+03,5.580260699918659e+03,1.394862246096664e+03,7.506086955999986e-08,0.000000000000000e+00,-1.000000000000000e+03,3.720173799945773e+03,3.753043477992556e-08,2.874082260150549e+05,3.479371533181591e-06,8.463298723583444e+08,0.000000000000000e+00,-2.471911564327911e-19,7.434313954300876e+10,7.434313954300876e+10,-7.124586408708946e+00,7.506086955999986e-08,1.000000000000000e+00,0.000000000000000e+00,-1.000000000000977e+00,9.999999999990082e-01,-9.695818671236753e-01,7.506086955992557e-08,1.000000000000000e+03,1.000000000000000e+00,
7.506086956000034e-08,0.000000000000000e+00,-7.522737168000150e-08,5.580260699956287e+03,5.580260699918756e+03,1.394862246096682e+03,7.506086956000034e-08,0.000000000000000e+00,-1.000000000000000e+03,3.720173799945838e+03,3.753043478003094e-08,2.874082260150568e+05,3.479371533186464e-06,8.463298723583449e+08,0.000000000000000e+00,1.867950238931826e-19,7.434313954300974e+10,7.434313954300974e+10,-7.124586408708943e+00,7.506086956000034e-08,1.000000000000000e+00,0.000000000000000e+00,-1.002152445621210e+00,1.000000000000410e+00,-9.476888979144324e-01,7.506086956003111e-08,1.000000000000000e+03,1.000000000000000e+00,
7.506714280653853e-08,0.000000000000000e+00,-8.738228119077900e-08,5.581090554411301e+03,5.581090554373570e+03,1.394953095688710e+03,7.506714280653853e-08,0.000000000000000e+00,-1.000000000000000e+03,3.720727036249047e+03,6.385958625116666e-09,2.874175855396279e+05,1.032849225336956e-06,8.304295531421828e+08,0.000000000000000e+00,-5.914942985936469e-08,7.434798162968636e+10,7.434798162968637e+10,-7.124550113865445e+00,7.506714280653853e-08,1.000000000000000e+00,0.000000000000000e+00,-1.120219924366106e+00,3.096145143971903e-01,-9.287884942466222e-01,4.125102879979594e-08,1.000000000000000e+03,1.000000000000000e+00,
1.378611273397328e-07,0.000000000000000e+00,-2.781886959885090e-07,1.113202541901798e+04,1.113202541901234e+04,1.501806305012445e+03,1.378611273397328e-07,0.000000000000000e+00,-1.000000000000000e+03,7.421350279341558e+03,8.945699187851380e-10,2.982225613342556e+05,2.972278487639336e-07,7.443619188700863e+08,0.000000000000000e+00,-6.333128123080640e-04,8.004302647988747e+10,8.004302647988747e+10,-6.860558174446044e+00,1.378611273397328e-07,1.000000000000000e+00,0.000000000000000e+00,-9.031063809390331e-01,8.870062918348824e-02,-4.886591549327824e-01,2.017054280268090e-08,1.000000000000000e+03,1.000000000000000e+00,
1.541644743428939e-06,0.000000000000000e+00,8.378481156194379e-03,1.237464409024417e+05,1.237236733527893e+05,1.497679283634252e+03,1.541644743428939e-06,0.000000000000000e+00,-1.000000000000000e+03,8.248244890185952e+04,2.129602267311480e+01,2.978125159118903e+05,6.630369106824229e-03,6.590607421828332e+08,0.000000000000000e+00,7.722523513551721e-06,7.982306517039290e+10,7.982306517039291e+10,-5.812015693563877e+00,1.541644743428939e-06,1.000000000000000e+00,0.000000000000000e+00,1.974671583196740e+03,1.974671583196740e+03,-1.385352767729378e+03,8.378481156194379e-03,1.000000000000000e+03,1.000000000000000e+00,
1.686493239088625e-05,0.000000000000000e+00,3.304786867928310e-02,1.346347990020027e+06,1.346315610357929e+06,1.497796112185285e+03,1.686493239088625e-05,0.000000000000000e+00,-1.000000000000000e+03,8.975437402386195e+05,3.237966209794418e+01,2.978241313246829e+05,5.680838777334072e-03,5.738458553574661e+08,0.000000000000000e+00,-5.362761129009641e-08,7.982929187937173e+10,7.982929187937175e+10,-4.773015395496060e+00,1.686493239088625e-05,1.000000000000000e+00,0.000000000000000e+00,1.692839917037564e+03,1.692839917037564e+03,-1.510719516522028e+03,3.304786867928310e-02,1.000000000000000e+03,1.000000000000000e+00,
1.859235127194892e-04,0.000000000000000e+00,3.147958924369937e-01,1.485999629308554e+07,1.485972979517883e+07,1.499570949349201e+03,1.859235127194892e-04,0.000000000000000e+00,-1.000000000000000e+03,9.906486530119222e+06,2.664979067083205e+02,2.980005347867175e+05,5.681692132301754e-03,4.889064973445374e+08,0.000000000000000e+00,-1.595493660031479e-07,7.992388685985266e+10,7.992388685985266e+10,-3.730665683931119e+00,1.859235127194892e-04,1.000000000000000e+00,0.000000000000000e+00,1.693147293919408e+03,1.693147293919408e+03,-1.611755009372683e+03,3.147958924369937e-01,1.000000000000000e+03,1.000000000000000e+00,
7.506086955999986e-08,0.000000000000000e+00,-7.506086956007335e-08,5.580260699956189e+03,5.580260699918659e+03,1.394862246096664e+03,7.506086955999986e-08,0.000000000000000e+00,-1.000000000000000e+03,3.720173799945773e+03,3.753043477992556e-08,2.874082260150549e+05,3.479371533181591e-06,8.463298723583444e+08,0.000000000000000e+00,-2.471911564327911e-19,7.434313954300876e+10,7.434313954300876e+10,-7.124586408708946e+00,7.506086955999986e-08,1.000000000000000e+00,0.000000000000000e+00,-1.000000000000977e+00,9.999999999990082e-01,-8.933757570577963e-01,7.506086955992557e-08,1.000000000000000e+03,1.000000000000000e+00,
7.506086956000034e-08,0.000000000000000e+00,-7.522737168000150e-08,5.580260699956287e+03,5.580260699918756e+03,1.394862246096682e+03,7.506086956000034e-08,0.000000000000000e+00,-1.000000000000000e+03,3.720173799945838e+03,3.753043478003094e-08,2.874082260150568e+05,3.479371533186464e-06,8.463298723583449e+08,0.000000000000000e+00,1.867950238931826e-19,7.434313954300974e+10,7.434313954300974e+10,-7.124586408708943e+00,7.506086956000034e-08,1.000000000000000e+00,0.000000000000000e+00,-1.002152445621210e+00,1.000000000000410e+00,-8.303787714643022e-01,7.506086956003111e-08,1.000000000000000e+03,1.000000000000000e+00,
7.506714280653853e-08,0.000000000000000e+00,-8.738228119077900e-08,5.581090554411301e+03,5.581090554373570e+03,1.394953095688710e+03,7.506714280653853e-08,0.000000000000000e+00,-1.000000000000000e+03,3.720727036249047e+03,6.385958625116666e-09,2.874175855396279e+05,1.032849225336956e-06,8.304295531421828e+08,0.000000000000000e+00,-5.914942985936469e-08,7.434798162968636e+10,7.434798162968637e+10,-7.124550113865445e+00,7.506714280653853e-08,1.000000000000000e+00,0.000000000000000e+00,-1.120219924366106e+00,3.096145143971903e-01,-7.061943050128296e-01,4.125102879979594e-08,1.000000000000000e+03,1.000000000000000e+00,
1.378611273397328e-07,0.000000000000000e+00,-2.781886959885090e-07,1.113202541901798e+04,1.113202541901234e+04,1.501806305012445e+03,1.378611273397328e-07,0.000000000000000e+00,-1.000000000000000e+03,7.421350279341558e+03,8.945699187851380e-10,2.982225613342556e+05,2.972278487639336e-07,7.443619188700863e+08,0.000000000000000e+00,-6.333128123080640e-04,8.004302647988747e+10,8.004302647988747e+10,-6.860558174446044e+00,1.378611273397328e-07,1.000000000000000e+00,0.000000000000000e+00,-9.031063809390331e-01,8.870062918348824e-02,-2.775492626595967e-01,2.017054280268090e-08,1.000000000000000e+03,1.000000000000000e+00,
1.541644743428939e-06,0.000000000000000e+00,8.378481156194379e-03,1.237464409024417e+05,1.237236733527893e+05,1.497679283634252e+03,1.541644743428939e-06,0.000000000000000e+00,-1.000000000000000e+03,8.248244890185952e+04,2.129602267311480e+01,2.978125159118903e+05,6.630369106824229e-03,6.590607421828332e+08,0.000000000000000e+00,7.722523513551721e-06,7.982306517039290e+10,7.982306517039291e+10,-5.812015693563877e+00,1.541644743428939e-06,1.000000000000000e+00,0.000000000000000e+00,1.974671583196740e+03,1.974671583196740e+03,-8.748242511176097e+02,8.378481156194379e-03,1.000000000000000e+03,1.000000000000000e+00,
1.686493239088625e-05,0.000000000000000e+00,3.304786867928310e-02,1.346347990020027e+06,1.346315610357929e+06,1.497796112185285e+03,1.686493239088625e-05,0.000000000000000e+00,-1.000000000000000e+03,8.975437402386195e+05,3.237966209794418e+01,2.978241313246829e+05,5.680838777334072e-03,5.738458553574661e+08,0.000000000000000e+00,-5.362761129009641e-08,7.982929187937173e+10,7.982929187937175e+10,-4.773015395496060e+00,1.686493239088625e-05,1.000000000000000e+00,0.000000000000000e+00,1.692839917037564e+03,1.692839917037564e+03,-1.192466549947499e+03,3.304786867928310e-02,1.000000000000000e+03,1.000000000000000e+00,
1.859235127194892e-04,0.000000000000000e+00,3.147958924369937e-01,1.485999629308554e+07,1.485972979517883e+07,1.499570949349201e+03,1.859235127194892e-04,0.000000000000000e+00,-1.000000000000000e+03,9.906486530119222e+06,2.664979067083205e+02,2.980005347867175e+05,5.681692132301754e-03,4.889064973445374e+08,0.000000000000000e+00,-1.595493660031479e-07,7.992388685985266e+10,7.992388685985266e+10,-3.730665683931119e+00,1.859235127194892e-04,1.000000000000000e+00,0.000000000000000e+00,1.693147293919408e+03,1.693147293919408e+03,-1.412243139631214e+03,3.147958924369937e-01,1.000000000000000e+03,1.000000000000000e+00,

64,28
1.539110847746194e-02,0.000000000000000e+00,2.575705943332160e+01,1.518403021252218e+09,1.518381468999773e+09,1.850978685298584e+03,1.539110847746194e-02,0.000000000000000e+00,-1.000000000000000e+03,1.012254312666515e+09,2.155225244572713e+04,3.310809884424016e+05,5.694046399631288e-03,4.876030271237735e+08,2.500000000000000e-07,4.185909731572144e-04,9.865315881719785e+10,9.865315881719786e+10,-1.812730100876186e+00,1.539110847746194e-02,1.000000000000000e+00,0.000000000000000e+00,1.700539347229681e+03,1.700539347229681e+03,-1.023298032620153e+03,2.575705943332160e+01,1.000000000000000e+03,1.000000000000000e+00,
1.539110847746194e-02,0.000000000000000e+00,2.575705943332160e+01,1.518403021252218e+09,1.518381468999773e+09,1.850978685298584e+03,1.539110847746194e-02,0.000000000000000e+00,-1.000000000000000e+03,1.012254312666515e+09,2.155225244572713e+04,3.310809884424016e+05,5.694046399631288e-03,4.876030271237735e+08,2.500000000000000e-07,4.185909731572144e-04,9.865315881719785e+10,9.865315881719786e+10,-1.812730100876186e+00,1.539110847746194e-02,1.000000000000000e+00,0.000000000000000e+00,1.700539347229681e+03,1.700539347229681e+03,-1.023298032620153e+03,2.575705943332160e+01,1.000000000000000e+03,1.000000000000000e+00,
1.539110847746194e-02,0.000000000000000e+00,2.575705943332160e+01,1.518403021252218e+09,1.518381468999773e+09,1.850978685298584e+03,1.539110847746194e-02,0.000000000000000e+00,-1.000000000000000e+03,1.012254312666515e+09,2.155225244572713e+04,3.310809884424016e+05,5.694046399631288e-03,4.876030271237735e+08,2.500000000000000e-07,4.185909731572144e-04,9.865315881719785e+10,9.865315881719786e+10,-1.812730100876186e+00,1.539110847746194e-02,1.000000000000000e+00,0.000000000000000e+00,1.700539347229681e+03,1.700539347229681e+03,-1.205590229954342e+03,2.575705943332160e+01,1.000000000000000e+03,1.000000000000000e+00,
1.539110847746194e-02,0.000000000000000e+00,2.575705943332160e+01,1.518403021252218e+09,1.518381468999773e+09,1.850978685298584e+03,1.539110847746194e-02,0.000000000000000e+00,-1.000000000000000e+03,1.012254312666515e+09,2.155225244572713e+04,3.310809884424016e+05,5.694046399631288e-03,4.876030271237735e+08,2.500000000000000e-07,4.185909731572144e-04,9.865315881719785e+10,9.865315881719786e+10,-1.812730100876186e+00,1.539110847746194e-02,1.000000000000000e+00,0.000000000000000e+00,1.700539347229681e+03,1.700539347229681e+03,-1.417760572938385e+03,2.575705943332160e+01,1.000000000000000e+03,1.000000000000000e+00,
1.539110847746194e-02,0.000000000000000e+00,2.575705943332160e+01,1.518403021252218e+09,1.518381468999773e+09,1.850978685298584e+03,1.539110847746194e-02,0.000000000000000e+00,-1.000000000000000e+03,1.012254312666515e+09,2.155225244572713e+04,3.310809884424016e+05,5.694046399631288e-03,4.876030271237735e+08,2.500000000000000e-07,4.185909731572144e-04,9.865315881719785e+10,9.865315881719786e+10,-1.812730100876186e+00,1.539110847746194e-02,1.000000000000000e+00,0.000000000000000e+00,1.700539347229681e+03,1.700539347229681e+03,-1.614943286855132e+03,2.575705943332160e+01,1.000000000000000e+03,1.000000000000000e+00,
1.539110847746194e-02,0.000000000000000e+00,2.575705943332160e+01,1.518403021252218e+09,1.518381468999773e+09,1.850978685298584e+03,1.539110847746194e-02,0.000000000000000e+00,-1.000000000000000e+03,1.012254312666515e+09,2.155225244572713e+04,3.310809884424016e+05,5.694046399631288e-03,4.876030271237735e+08,2.500000000000000e-07,4.185909731572144e-04,9.865315881719785e+10,9.865315881719786e+10,-1.812730100876186e+00,1.539110847746194e-02,1.000000000000000e+00,0.000000000000000e+00,1.700539347229681e+03,1.700539347229681e+03,-1.614943286855132e+03,2.575705943332160e+01,1.000000000000000e+03,1.000000000000000e+00,
1.539110847746194e-02,0.000000000000000e+00,2.575705943332160e+01,1.518403021252218e+09,1.518381468999773e+09,1.850978685298584e+03,1.539110847746194e-02,0.000000000000000e+00,-1.000000000000000e+03,1.012254312666515e+09,2.155225244572713e+04,3.310809884424016e+05,5.694046399631288e-03,4.876030271237735e+08,2.500000000000000e-07,4.185909731572144e-04,9.865315881719785e+10,9.865315881719786e+10,-1.812730100876186e+00,1.539110847746194e-02,1.000000000000000e+00,0.000000000000000e+00,1.700539347229681e+03,1.700539347229681e+03,-1.417760572938385e+03,2.575705943332160e+01,1.000000000000000e+03,1.000000000000000e+00,
1.539110847746194e-02,0.000000000000000e+00,2.575705943332160e+01,1.518403021252218e+09,1.518381468999773e+09,1.850978685298584e+03,1.539110847746194e-02,0.000000000000000e+00,-1.000000000000000e+03,1.012254312666515e+09,2.155225244572713e+04,3.310809884424016e+05,5.694046399631288e-03,4.876030271237735e+08,2.500000000000000e-07,4.185909731572144e-04,9.865315881719785e+10,9.865315881719786e+10,-1.812730100876186e+00,1.539110847746194e-02,1.000000000000000e+00,0.000000000000000e+00,1.700539347229681e+03,1.700539347229681e+03,-1.205590229954342e+03,2.575705943332160e+01,1.000000000000000e+03,1.000000000000000e+00,
7.506086956000028e-08,0.000000000000000e+00,-7.506086955992557e-08,5.580260699956273e+03,5.580260699918743e+03,1.394862246096680e+03,7.506086956000028e-08,0.000000000000000e+00,-1.000000000000000e+03,3.720173799945829e+03,3.753043478007332e-08,2.874082260150565e+05,3.479371533188456e-06,8.463298723583450e+08,0.000000000000000e+00,3.647082635893639e-19,7.434313954300960e+10,7.434313954300961e+10,-7.124586408708943e+00,7.506086956000028e-08,1.000000000000000e+00,0.000000000000000e+00,-9.999999999990082e-01,1.000000000000977e+00,-6.017491064159398e-01,7.506086956007335e-08,1.000000000000000e+03,1.000000000000000e+00,
7.506579663473246e-08,0.000000000000000e+00,-7.506086956003111e-08,5.580911862959011e+03,5.580911862921316e+03,1.394933448263058e+03,7.506579663473246e-08,0.000000000000000e+00,-1.000000000000000e+03,3.720607908614211e+03,3.769464725338462e-08,2.874155614445006e+05,3.486771699432576e-06,8.463302606570479e+08,0.000000000000000e+00,2.206313216478461e-10,7.434693446441179e+10,7.434693446441177e+10,-7.124557902096186e+00,7.506579663473246e-08,1.000000000000000e+00,0.000000000000000e+00,-1.000000000000410e+00,1.002152445621210e+00,-4.502774282722148e-01,7.522737168000150e-08,1.000000000000000e+03,1.000000000000000e+00,
1.332335109680190e-07,0.000000000000000e+00,-4.125102879979594e-08,1.077518534573033e+04,1.077518534572395e+04,1.601086986018703e+03,1.332335109680190e-07,0.000000000000000e+00,-1.000000000000000e+03,7.183456897149298e+03,4.877092345713332e-08,3.079221978863537e+05,3.847793357497921e-06,8.486320384504423e+08,0.000000000000000e+00,3.162682014567597e-09,8.533447195604648e+10,8.533447195604648e+10,-6.875386527432444e+00,1.332335109680190e-07,1.000000000000000e+00,0.000000000000000e+00,-3.096145143971903e-01,1.120219924366106e+00,-7.578349089150392e-02,8.738228119077900e-08,1.000000000000000e+03,1.000000000000000e+00,
1.485142602390839e-06,0.000000000000000e+00,8.235665068982104e-03,1.192472442916032e+05,1.192244093870562e+05,1.556444219859943e+03,1.485142602390839e-06,0.000000000000000e+00,-1.000000000000000e+03,7.948293959137080e+04,2.313445563891764e+01,3.035989846214800e+05,2.318296547297246e-02,8.291330503493090e+08,0.000000000000000e+00,6.411449820462258e-05,8.295510911687431e+10,8.295510911687431e+10,-5.828231843681419e+00,1.485142602390839e-06,1.000000000000000e+00,0.000000000000000e+00,6.940608096127095e+03,6.940608096127095e+03,7.315576266840662e+02,8.235665068982104e-03,1.000000000000000e+03,1.000000000000000e+00,
1.624485370884683e-05,0.000000000000000e+00,3.207825099204801e-02,1.296830637179829e+06,1.296798965174493e+06,1.505770974430077e+03,1.624485370884683e-05,0.000000000000000e+00,-1.000000000000000e+03,8.645326434496620e+05,3.167200533632492e+01,2.986159458069808e+05,1.819985784752721e-02,7.430194184317504e+08,0.000000000000000e+00,5.483429516014371e-05,8.025433478117795e+10,8.025433478117793e+10,-4.789284195290167e+00,1.624485370884683e-05,1.000000000000000e+00,0.000000000000000e+00,5.434767764691942e+03,5.434767764691942e+03,-1.063553299043807e+01,3.207825099204801e-02,1.000000000000000e+03,1.000000000000000e+00,
1.790764597143880e-04,0.000000000000000e+00,3.031815726942070e-01,1.431252060076388e+07,1.431226395322303e+07,1.499547610790787e+03,1.790764597143880e-04,0.000000000000000e+00,-1.000000000000000e+03,9.541509302148689e+06,2.566475408547163e+02,2.979982158134297e+05,6.579592062392181e-03,6.577303729747201e+08,0.000000000000000e+00,7.392715518015165e-06,7.992264296518869e+10,7.992264296518869e+10,-3.746961500069828e+00,1.790764597143880e-04,1.000000000000000e+00,0.000000000000000e+00,1.959561290452730e+03,1.959561290452730e+03,-4.796364133493472e+02,3.031815726942070e-01,1.000000000000000e+03,1.000000000000000e+00,
1.967407466861575e-03,0.000000000000000e+00,3.346012438439450e+00,1.578891101224379e+08,1.578862648045699e+08,1.505706957797887e+03,1.967407466861575e-03,0.000000000000000e+00,-1.000000000000000e+03,1.052575098697133e+08,2.845317867998931e+03,2.986095980320944e+05,5.708508000620606e-03,5.725134393732965e+08,0.000000000000000e+00,8.613307141513360e-08,8.025092283320006e+10,8.025092283320007e+10,-2.706105684674842e+00,1.967407466861575e-03,1.000000000000000e+00,0.000000000000000e+00,1.702299483581055e+03,1.702299483581055e+03,-7.607485393297688e+02,3.346012438439450e+00,1.000000000000000e+03,1.000000000000000e+00,
7.506086956000028e-08,0.000000000000000e+00,-7.506086955992557e-08,5.580260699956273e+03,5.580260699918743e+03,1.394862246096680e+03,7.506086956000028e-08,0.000000000000000e+00,-1.000000000000000e+03,3.720173799945829e+03,3.753043478007332e-08,2.874082260150565e+05,3.479371533188456e-06,8.463298723583450e+08,0.000000000000000e+00,3.647082635893639e-19,7.434313954300960e+10,7.434313954300961e+10,-7.124586408708943e+00,7.506086956000028e-08,1.000000000000000e+00,0.000000000000000e+00,-9.999999999990082e-01,1.000000000000977e+00,-6.017491064159398e-01,7.506086956007335e-08,1.000000000000000e+03,1.000000000000000e+00,
7.506579663473246e-08,0.000000000000000e+00,-7.506086956003111e-08,5.580911862959011e+03,5.580911862921316e+03,1.394933448263058e+03,7.506579663473246e-08,0.000000000000000e+00,-1.000000000000000e+03,3.720607908614211e+03,3.769464725338462e-08,2.874155614445006e+05,3.486771699432576e-06,8.463302606570479e+08,0.000000000000000e+00,2.206313216478461e-10,7.434693446441179e+10,7.434693446441177e+10,-7.124557902096186e+00,7.506579663473246e-08,1.000000000000000e+00,0.000000000000000e+00,-1.000000000000410e+00,1.002152445621210e+00,-4.502774282722148e-01,7.522737168000150e-08,1.000000000000000e+03,1.000000000000000e+00,
1.332335109680190e-07,0.000000000000000e+00,-4.125102879979594e-08,1.077518534573033e+04,1.077518534572395e+04,1.601086986018703e+03,1.332335109680190e-07,0.000000000000000e+00,-1.000000000000000e+03,7.183456897149298e+03,4.877092345713332e-08,3.079221978863537e+05,3.847793357497921e-06,8.486320384504423e+08,0.000000000000000e+00,3.162682014567597e-09,8.533447195604648e+10,8.533447195604648e+10,-6.875386527432444e+00,1.332335109680190e-07,1.000000000000000e+00,0.000000000000000e+00,-3.096145143971903e-01,1.120219924366106e+00,-7.578349089150392e-02,8.738228119077900e-08,1.000000000000000e+03,1.000000000000000e+00,
1.485142602390839e-06,0.000000000000000e+00,8.235665068982104e-03,1.192472442916032e+05,1.192244093870562e+05,1.556444219859943e+03,1.485142602390839e-06,0.000000000000000e+00,-1.000000000000000e+03,7.948293959137080e+04,2.313445563891764e+01,3.035989846214800e+05,2.318296547297246e-02,8.291330503493090e+08,0.000000000000000e+00,6.411449820462258e-05,8.295510911687431e+10,8.295510911687431e+10,-5.828231843681419e+00,1.485142602390839e-06,1.000000000000000e+00,0.000000000000000e+00,6.940608096127095e+03,6.940608096127095e+03,7.315576266840662e+02,8.235665068982104e-03,1.000000000000000e+03,1.000000000000000e+00,
1.624485370884683e-05,0.000000000000000e+00,3.207825099204801e-02,1.296830637179829e+06,1.296798965174493e+06,1.505770974430077e+03,1.624485370884683e-05,0.000000000000000e+00,-1.000000000000000e+03,8.645326434496620e+05,3.167200533632492e+01,2.986159458069808e+05,1.819985784752721e-02,7.430194184317504e+08,0.000000000000000e+00,5.483429516014371e-05,8.025433478117795e+10,8.025433478117793e+10,-4.789284195290167e+00,1.624485370884683e-05,1.000000000000000e+00,0.000000000000000e+00,5.434767764691942e+03,5.434767764691942e+03,-1.063553299043807e+01,3.207825099204801e-02,1.000000000000000e+03,1.000000000000000e+00,
1.790764597143880e-04,0.000000000000000e+00,3.031815726942070e-01,1.431252060076388e+07,1.431226395322303e+07,1.499547610790787e+03,1.790764597143880e-04,0.000000000000000e+00,-1.000000000000000e+03,9.541509302148689e+06,2.566475408547163e+02,2.979982158134297e+05,6.579592062392181e-03,6.577303729747201e+08,0.000000000000000e+00,7.392715518015165e-06,7.992264296518869e+10,7.992264296518869e+10,-3.746961500069828e+00,1.790764597143880e-04,1.000000000000000e+00,0.000000000000000e+00,1.959561290452730e+03,1.959561290452730e+03,-4.796364133493472e+02,3.031815726942070e-01,1.000000000000000e+03,1.000000000000000e+00,
1.967407466861575e-03,0.000000000000000e+00,3.346012438439450e+00,1.578891101224379e+08,1.578862648045699e+08,1.505706957797887e+03,1.967407466861575e-03,0.000000000000000e+00,-1.000000000000000e+03,1.052575098697133e+08,2.845317867998931e+03,2.986095980320944e+05,5.708508000620606e-03,5.725134393732965e+08,0.000000000000000e+00,8.613307141513360e-08,8.025092283320006e+10,8.025092283320007e+10,-2.706105684674842e+00,1.967407466861575e-03,1.000000000000000e+00,0.000000000000000e+00,1.702299483581055e+03,1.702299483581055e+03,-7.607485393297688e+02,3.346012438439450e+00,1.000000000000000e+03,1.000000000000000e+00,
7.506086956000028e-08,0.000000000000000e+00,-7.506086955992557e-08,5.580260699956273e+03,5.580260699918743e+03,1.394862246096680e+03,7.506086956000028e-08,0.000000000000000e+00,-1.000000000000000e+03,3.720173799945829e+03,3.753043478007332e-08,2.874082260150565e+05,3.479371533188456e-06,8.463298723583450e+08,0.000000000000000e+00,3.647082635893639e-19,7.434313954300960e+10,7.434313954300961e+10,-7.124586408708943e+00,7.506086956000028e-08,1.000000000000000e+00,0.000000000000000e+00,-9.999999999990082e-01,1.000000000000977e+00,-7.089458011770690e-01,7.506086956007335e-08,1.000000000000000e+03,1.000000000000000e+00,
7.506579663473246e-08,0.000000000000000e+00,-7.506086956003111e-08,5.580911862959011e+03,5.580911862921316e+03,1.394933448263058e+03,7.506579663473246e-08,0.000000000000000e+00,-1.000000000000000e+03,3.720607908614211e+03,3.769464725338462e-08,2.874155614445006e+05,3.486771699432576e-06,8.463302606570479e+08,0.000000000000000e+00,2.206313216478461e-10,7.434693446441179e+10,7.434693446441177e+10,-7.124557902096186e+00,7.506579663473246e-08,1.000000000000000e+00,0.000000000000000e+00,-1.000000000000410e+00,1.002152445621210e+00,-5.583986735507520e-01,7.522737168000150e-08,1.000000000000000e+03,1.000000000000000e+00,
1.332335109680190e-07,0.000000000000000e+00,-4.125102879979594e-08,1.077518534573033e+04,1.077518534572395e+04,1.601086986018703e+03,1.332335109680190e-07,0.000000000000000e+00,-1.000000000000000e+03,7.183456897149298e+03,4.877092345713332e-08,3.079221978863537e+05,3.847793357497921e-06,8.486320384504423e+08,0.000000000000000e+00,3.162682014567597e-09,8.533447195604648e+10,8.533447195604648e+10,-6.875386527432444e+00,1.332335109680190e-07,1.000000000000000e+00,0.000000000000000e+00,-3.096145143971903e-01,1.120219924366106e+00,-9.882755272223813e-02,8.738228119077900e-08,1.000000000000000e+03,1.000000000000000e+00,
1.485142602390839e-06,0.000000000000000e+00,8.235665068982104e-03,1.192472442916032e+05,1.192244093870562e+05,1.556444219859943e+03,1.485142602390839e-06,0.000000000000000e+00,-1.000000000000000e+03,7.948293959137080e+04,2.313445563891764e+01,3.035989846214800e+05,2.318296547297246e-02,8.291330503493090e+08,0.000000000000000e+00,6.411449820462258e-05,8.295510911687431e+10,8.295510911687431e+10,-5.828231843681419e+00,1.485142602390839e-06,1.000000000000000e+00,0.000000000000000e+00,6.940608096127095e+03,6.940608096127095e+03,1.082527482730617e+03,8.235665068982104e-03,1.000000000000000e+03,1.000000000000000e+00,
1.624485370884683e-05,0.000000000000000e+00,3.207825099204801e-02,1.296830637179829e+06,1.296798965174493e+06,1.505770974430077e+03,1.624485370884683e-05,0.000000000000000e+00,-1.000000000000000e+03,8.645326434496620e+05,3.167200533632492e+01,2.986159458069808e+05,1.819985784752721e-02,7.430194184317504e+08,0.000000000000000e+00,5.483429516014371e-05,8.025433478117795e+10,8.025433478117793e+10,-4.789284195290167e+00,1.624485370884683e-05,1.000000000000000e+00,0.000000000000000e+00,5.434767764691942e+03,5.434767764691942e+03,-1.418994579631879e+01,3.207825099204801e-02,1.000000000000000e+03,1.000000000000000e+00,
1.790764597143880e-04,0.000000000000000e+00,3.031815726942070e-01,1.431252060076388e+07,1.431226395322303e+07,1.499547610790787e+03,1.790764597143880e-04,0.000000000000000e+00,-1.000000000000000e+03,9.541509302148689e+06,2.566475408547163e+02,2.979982158134297e+05,6.579592062392181e-03,6.577303729747201e+08,0.000000000000000e+00,7.392715518015165e-06,7.992264296518869e+10,7.992264296518869e+10,-3.746961500069828e+00,1.790764597143880e-04,1.000000000000000e+00,0.000000000000000e+00,1.959561290452730e+03,1.959561290452730e+03,-6.254831015326315e+02,3.031815726942070e-01,1.000000000000000e+03,1.000000000000000e+00,
1.967407466861575e-03,0.000000000000000e+00,3.346012438439450e+00,1.578891101224379e+08,1.578862648045699e+08,1.505706957797887e+03,1.967407466861575e-03,0.000000000000000e+00,-1.000000000000000e+03,1.052575098697133e+08,2.845317867998931e+03,2.986095980320944e+05,5.708508000620606e-03,5.725134393732965e+08,0.000000000000000e+00,8.613307141513360e-08,8.025092283320006e+10,8.025092283320007e+10,-2.706105684674842e+00,1.967407466861575e-03,1.000000000000000e+00,0.000000000000000e+00,1.702299483581055e+03,1.702299483581055e+03,-9.434205416368372e+02,3.346012438439450e+00,1.000000000000000e+03,1.000000000000000e+00,
7.506086956000028e-08,0.000000000000000e+00,-7.506086955992557e-08,5.580260699956273e+03,5.580260699918743e+03,1.394862246096680e+03,7.506086956000028e-08,0.000000000000000e+00,-1.000000000000000e+03,3.720173799945829e+03,3.753043478007332e-08,2.874082260150565e+05,3.479371533188456e-06,8.463298723583450e+08,0.000000000000000e+00,3.647082635893639e-19,7.434313954300960e+10,7.434313954300961e+10,-7.124586408708943e+00,7.506086956000028e-08,1.000000000000000e+00,0.000000000000000e+00,-9.999999999990082e-01,1.000000000000977e+00,-8.337123014816814e-01,7.506086956007335e-08,1.000000000000000e+03,1.000000000000000e+00,
7.506579663473246e-08,0.000000000000000e+00,-7.506086956003111e-08,5.580911862959011e+03,5.580911862921316e+03,1.394933448263058e+03,7.506579663473246e-08,0.000000000000000e+00,-1.000000000000000e+03,3.720607908614211e+03,3.769464725338462e-08,2.874155614445006e+05,3.486771699432576e-06,8.463302606570479e+08,0.000000000000000e+00,2.206313216478461e-10,7.434693446441179e+10,7.434693446441177e+10,-7.124557902096186e+00,7.506579663473246e-08,1.000000000000000e+00,0.000000000000000e+00,-1.000000000000410e+00,1.002152445621210e+00,-7.113914438274087e-01,7.522737168000150e-08,1.000000000000000e+03,1.000000000000000e+00,
1.332335109680190e-07,0.000000000000000e+00,-4.125102879979594e-08,1.077518534573033e+04,1.077518534572395e+04,1.601086986018703e+03,1.332335109680190e-07,0.000000000000000e+00,-1.000000000000000e+03,7.183456897149298e+03,4.877092345713332e-08,3.079221978863537e+05,3.847793357497921e-06,8.486320384504423e+08,0.000000000000000e+00,3.162682014567597e-09,8.533447195604648e+10,8.533447195604648e+10,-6.875386527432444e+00,1.332335109680190e-07,1.000000000000000e+00,0.000000000000000e+00,-3.096145143971903e-01,1.120219924366106e+00,-1.397624096928648e-01,8.738228119077900e-08,1.000000000000000e+03,1.000000000000000e+00,
1.485142602390839e-06,0.000000000000000e+00,8.235665068982104e-03,1.192472442916032e+05,1.192244093870562e+05,1.556444219859943e+03,1.485142602390839e-06,0.000000000000000e+00,-1.000000000000000e+03,7.948293959137080e+04,2.313445563891764e+01,3.035989846214800e+05,2.318296547297246e-02,8.291330503493090e+08,0.000000000000000e+00,6.411449820462258e-05,8.295510911687431e+10,8.295510911687431e+10,-5.828231843681419e+00,1.485142602390839e-06,1.000000000000000e+00,0.000000000000000e+00,6.940608096127095e+03,6.940608096127095e+03,2.028795236747890e+03,8.235665068982104e-03,1.000000000000000e+03,1.000000000000000e+00,
1.624485370884683e-05,0.000000000000000e+00,3.207825099204801e-02,1.296830637179829e+06,1.296798965174493e+06,1.505770974430077e+03,1.624485370884683e-05,0.000000000000000e+00,-1.000000000000000e+03,8.645326434496620e+05,3.167200533632492e+01,2.986159458069808e+05,1.819985784752721e-02,7.430194184317504e+08,0.000000000000000e+00,5.483429516014371e-05,8.025433478117795e+10,8.025433478117793e+10,-4.789284195290167e+00,1.624485370884683e-05,1.000000000000000e+00,0.000000000000000e+00,5.434767764691942e+03,5.434767764691942e+03,-2.131265088369047e+01,3.207825099204801e-02,1.000000000000000e+03,1.000000000000000e+00,
1.790764597143880e-04,0.000000000000000e+00,3.031815726942070e-01,1.431252060076388e+07,1.431226395322303e+07,1.499547610790787e+03,1.790764597143880e-04,0.000000000000000e+00,-1.000000000000000e+03,9.541509302148689e+06,2.566475408547163e+02,2.979982158134297e+05,6.579592062392181e-03,6.577303729747201e+08,0.000000000000000e+00,7.392715518015165e-06,7.992264296518869e+10,7.992264296518869e+10,-3.746961500069828e+00,1.790764597143880e-04,1.000000000000000e+00,0.000000000000000e+00,1.959561290452730e+03,1.959561290452730e+03,-8.845612694474465e+02,3.031815726942070e-01,1.000000000000000e+03,1.000000000000000e+00,
1.967407466861575e-03,0.000000000000000e+00,3.346012438439450e+00,1.578891101224379e+08,1.578862648045699e+08,1.505706957797887e+03,1.967407466861575e-03,0.000000000000000e+00,-1.000000000000000e+03,1.052575098697133e+08,2.845317867998931e+03,2.986095980320944e+05,5.708508000620606e-03,5.725134393732965e+08,0.000000000000000e+00,8.613307141513360e-08,8.025092283320006e+10,8.025092283320007e+10,-2.706105684674842e+00,1.967407466861575e-03,1.000000000000000e+00,0.000000000000000e+00,1.702299483581055e+03,1.702299483581055e+03,-1.201903466180900e+03,3.346012438439450e+00,1.000000000000000e+03,1.000000000000000e+00,
7.506086956000028e-08,0.000000000000000e+00,-7.506086955992557e-08,5.580260699956273e+03,5.580260699918743e+03,1.394862246096680e+03,7.506086956000028e-08,0.000000000000000e+00,-1.000000000000000e+03,3.720173799945829e+03,3.753043478007332e-08,2.874082260150565e+05,3.479371533188456e-06,8.463298723583450e+08,0.000000000000000e+00,3.647082635893639e-19,7.434313954300960e+10,7.434313954300961e+10,-7.124586408708943e+00,7.506086956000028e-08,1.000000000000000e+00,0.000000000000000e+00,-9.999999999990082e-01,1.000000000000977e+00,-9.496653455779921e-01,7.506086956007335e-08,1.000000000000000e+03,1.000000000000000e+00,
7.506579663473246e-08,0.000000000000000e+00,-7.506086956003111e-08,5.580911862959011e+03,5.580911862921316e+03,1.394933448263058e+03,7.506579663473246e-08,0.000000000000000e+00,-1.000000000000000e+03,3.720607908614211e+03,3.769464725338462e-08,2.874155614445006e+05,3.486771699432576e-06,8.463302606570479e+08,0.000000000000000e+00,2.206313216478461e-10,7.434693446441179e+10,7.434693446441177e+10,-7.124557902096186e+00,7.506579663473246e-08,1.000000000000000e+00,0.000000000000000e+00,-1.000000000000410e+00,1.002152445621210e+00,-8.984401056707693e-01,7.522737168000150e-08,1.000000000000000e+03,1.000000000000000e+00,
1.332335109680190e-07,0.000000000000000e+00,-4.125102879979594e-08,1.077518534573033e+04,1.077518534572395e+04,1.601086986018703e+03,1.332335109680190e-07,0.000000000000000e+00,-1.000000000000000e+03,7.183456897149298e+03,4.877092345713332e-08,3.079221978863537e+05,3.847793357497921e-06,8.486320384504423e+08,0.000000000000000e+00,3.162682014567597e-09,8.533447195604648e+10,8.533447195604648e+10,-6.875386527432444e+00,1.332335109680190e-07,1.000000000000000e+00,0.000000000000000e+00,-3.096145143971903e-01,1.120219924366106e+00,-2.206341842742842e-01,8.738228119077900e-08,1.000000000000000e+03,1.000000000000000e+00,
1.485142602390839e-06,0.000000000000000e+00,8.235665068982104e-03,1.192472442916032e+05,1.192244093870562e+05,1.556444219859943e+03,1.485142602390839e-06,0.000000000000000e+00,-1.000000000000000e+03,7.948293959137080e+04,2.313445563891764e+01,3.035989846214800e+05,2.318296547297246e-02,8.291330503493090e+08,0.000000000000000e+00,6.411449820462258e-05,8.295510911687431e+10,8.295510911687431e+10,-5.828231843681419e+00,1.485142602390839e-06,1.000000000000000e+00,0.000000000000000e+00,6.940608096127095e+03,6.940608096127095e+03,6.935852625821526e+03,8.235665068982104e-03,1.000000000000000e+03,1.000000000000000e+00,
1.624485370884683e-05,0.000000000000000e+00,3.207825099204801e-02,1.296830637179829e+06,1.296798965174493e+06,1.505770974430077e+03,1.624485370884683e-05,0.000000000000000e+00,-1.000000000000000e+03,8.645326434496620e+05,3.167200533632492e+01,2.986159458069808e+05,1.819985784752721e-02,7.430194184317504e+08,0.000000000000000e+00,5.483429516014371e-05,8.025433478117795e+10,8.025433478117793e+10,-4.789284195290167e+00,1.624485370884683e-05,1.000000000000000e+00,0.000000000000000e+00,5.434767764691942e+03,5.434767764691942e+03,-4.279212042825295e+01,3.207825099204801e-02,1.000000000000000e+03,1.000000000000000e+00,
1.790764597143880e-04,0.000000000000000e+00,3.031815726942070e-01,1.431252060076388e+07,1.431226395322303e+07,1.499547610790787e+03,1.790764597143880e-04,0.000000000000000e+00,-1.000000000000000e+03,9.541509302148689e+06,2.566475408547163e+02,2.979982158134297e+05,6.579592062392181e-03,6.577303729747201e+08,0.000000000000000e+00,7.392715518015165e-06,7.992264296518869e+10,7.992264296518869e+10,-3.746961500069828e+00,1.790764597143880e-04,1.000000000000000e+00,0.000000000000000e+00,1.959561290452730e+03,1.959561290452730e+03,-1.396401611520914e+03,3.031815726942070e-01,1.000000000000000e+03,1.000000000000000e+00,
1.967407466861575e-03,0.000000000000000e+00,3.346012438439450e+00,1.578891101224379e+08,1.578862648045699e+08,1.505706957797887e+03,1.967407466861575e-03,0.000000000000000e+00,-1.000000000000000e+03,1.052575098697133e+08,2.845317867998931e+03,2.986095980320944e+05,5.708508000620606e-03,5.725134393732965e+08,0.000000000000000e+00,8.613307141513360e-08,8.025092283320006e+10,8.025092283320007e+10,-2.706105684674842e+00,1.967407466861575e-03,1.000000000000000e+00,0.000000000000000e+00,1.702299483581055e+03,1.702299483581055e+03,-1.517924184401088e+03,3.346012438439450e+00,1.000000000000000e+03,1.000000000000000e+00,
7.506086956000028e-08,0.000000000000000e+00,-7.506086955992557e-08,5.580260699956273e+03,5.580260699918743e+03,1.394862246096680e+03,7.506086956000028e-08,0.000000000000000e+00,-1.000000000000000e+03,3.720173799945829e+03,3.753043478007332e-08,2.874082260150565e+05,3.479371533188456e-06,8.463298723583450e+08,0.000000000000000e+00,3.647082635893639e-19,7.434313954300960e+10,7.434313954300961e+10,-7.124586408708943e+00,7.506086956000028e-08,1.000000000000000e+00,0.000000000000000e+00,-9.999999999990082e-01,1.000000000000977e+00,-9.496653455779921e-01,7.506086956007335e-08,1.000000000000000e+03,1.000000000000000e+00,
7.506579663473246e-08,0.000000000000000e+00,-7.506086956003111e-08,5.580911862959011e+03,5.580911862921316e+03,1.394933448263058e+03,7.506579663473246e-08,0.000000000000000e+00,-1.000000000000000e+03,3.720607908614211e+03,3.769464725338462e-08,2.874155614445006e+05,3.486771699432576e-06,8.463302606570479e+08,0.000000000000000e+00,2.206313216478461e-10,7.434693446441179e+10,7.434693446441177e+10,-7.124557902096186e+00,7.506579663473246e-08,1.000000000000000e+00,0.000000000000000e+00,-1.000000000000410e+00,1.002152445621210e+00,-8.984401056707693e-01,7.522737168000150e-08,1.000000000000000e+03,1.000000000000000e+00,
1.332335109680190e-07,0.000000000000000e+00,-4.125102879979594e-08,1.077518534573033e+04,1.077518534572395e+04,1.601086986018703e+03,1.332335109680190e-07,0.000000000000000e+00,-1.000000000000000e+03,7.183456897149298e+03,4.877092345713332e-08,3.079221978863537e+05,3.847793357497921e-06,8.486320384504423e+08,0.000000000000000e+00,3.162682014567597e-09,8.533447195604648e+10,8.533447195604648e+10,-6.875386527432444e+00,1.332335109680190e-07,1.000000000000000e+00,0.000000000000000e+00,-3.096145143971903e-01,1.120219924366106e+00,-2.206341842742842e-01,8.738228119077900e-08,1.000000000000000e+03,1.000000000000000e+00,
1.485142602390839e-06,0.000000000000000e+00,8.235665068982104e-03,1.192472442916032e+05,1.192244093870562e+05,1.556444219859943e+03,1.485142602390839e-06,0.000000000000000e+00,-1.000000000000000e+03,7.948293959137080e+04,2.313445563891764e+01,3.035989846214800e+05,2.318296547297246e-02,8.291330503493090e+08,0.000000000000000e+00,6.411449820462258e-05,8.295510911687431e+10,8.295510911687431e+10,-5.828231843681419e+00,1.485142602390839e-06,1.000000000000000e+00,0.000000000000000e+00,6.940608096127095e+03,6.940608096127095e+03,6.935852625821526e+03,8.235665068982104e-03,1.000000000000000e+03,1.000000000000000e+00,
1.624485370884683e-05,0.000000000000000e+00,3.207825099204801e-02,1.296830637179829e+06,1.296798965174493e+06,1.505770974430077e+03,1.624485370884683e-05,0.000000000000000e+00,-1.000000000000000e+03,8.645326434496620e+05,3.167200533632492e+01,2.986159458069808e+05,1.819985784752721e-02,7.430194184317504e+08,0.000000000000000e+00,5.483429516014371e-05,8.025433478117795e+10,8.025433478117793e+10,-4.789284195290167e+00,1.624485370884683e-05,1.000000000000000e+00,0.000000000000000e+00,5.434767764691942e+03,5.434767764691942e+03,-4.279212042825295e+01,3.207825099204801e-02,1.000000000000000e+03,1.000000000000000e+00,
1.790764597143880e-04,0.000000000000000e+00,3.031815726942070e-01,1.431252060076388e+07,1.431226395322303e+07,1.499547610790787e+03,1.790764597143880e-04,0.000000000000000e+00,-1.000000000000000e+03,9.541509302148689e+06,2.566475408547163e+02,2.979982158134297e+05,6.579592062392181e-03,6.577303729747201e+08,0.000000000000000e+00,7.392715518015165e-06,7.992264296518869e+10,7.992264296518869e+10,-3.746961500069828e+00,1.790764597143880e-04,1.000000000000000e+00,0.000000000000000e+00,1.959561290452730e+03,1.959561290452730e+03,-1.396401611520914e+03,3.031815726942070e-01,1.000000000000000e+03,1.000000000000000e+00,
1.967407466861575e-03,0.000000000000000e+00,3.346012438439450e+00,1.578891101224379e+08,1.578862648045699e+08,1.505706957797887e+03,1.967407466861575e-03,0.000000000000000e+00,-1.000000000000000e+03,1.052575098697133e+08,2.845317867998931e+03,2.986095980320944e+05,5.708508000620606e-03,5.725134393732965e+08,0.000000000000000e+00,8.613307141513360e-08,8.025092283320006e+10,8.025092283320007e+10,-2.706105684674842e+00,1.967407466861575e-03,1.000000000000000e+00,0.000000000000000e+00,1.702299483581055e+03,1.702299483581055e+03,-1.517924184401088e+03,3.346012438439450e+00,1.000000000000000e+03,1.000000000000000e+00,
7.506086956000028e-08,0.000000000000000e+00,-7.506086955992557e-08,5.580260699956273e+03,5.580260699918743e+03,1.394862246096680e+03,7.506086956000028e-08,0.000000000000000e+00,-1.000000000000000e+03,3.720173799945829e+03,3.753043478007332e-08,2.874082260150565e+05,3.479371533188456e-06,8.463298723583450e+08,0.000000000000000e+00,3.647082635893639e-19,7.434313954300960e+10,7.434313954300961e+10,-7.124586408708943e+00,7.506086956000028e-08,1.000000000000000e+00,0.000000000000000e+00,-9.999999999990082e-01,1.000000000000977e+00,-8.337123014816814e-01,7.506086956007335e-08,1.000000000000000e+03,1.000000000000000e+00,
7.506579663473246e-08,0.000000000000000e+00,-7.506086956003111e-08,5.580911862959011e+03,5.580911862921316e+03,1.394933448263058e+03,7.506579663473246e-08,0.000000000000000e+00,-1.000000000000000e+03,3.720607908614211e+03,3.769464725338462e-08,2.874155614445006e+05,3.486771699432576e-06,8.463302606570479e+08,0.000000000000000e+00,2.206313216478461e-10,7.434693446441179e+10,7.434693446441177e+10,-7.124557902096186e+00,7.506579663473246e-08,1.000000000000000e+00,0.000000000000000e+00,-1.000000000000410e+00,1.002152445621210e+00,-7.113914438274087e-01,7.522737168000150e-08,1.000000000000000e+03,1.000000000000000e+00,
1.332335109680190e-07,0.000000000000000e+00,-4.125102879979594e-08,1.077518534573033e+04,1.077518534572395e+04,1.601086986018703e+03,1.332335109680190e-07,0.000000000000000e+00,-1.000000000000000e+03,7.183456897149298e+03,4.877092345713332e-08,3.079221978863537e+05,3.847793357497921e-06,8.486320384504423e+08,0.000000000000000e+00,3.162682014567597e-09,8.533447195604648e+10,8.533447195604648e+10,-6.875386527432444e+00,1.332335109680190e-07,1.000000000000000e+00,0.000000000000000e+00,-3.096145143971903e-01,1.120219924366106e+00,-1.397624096928648e-01,8.738228119077900e-08,1.000000000000000e+03,1.000000000000000e+00,
1.485142602390839e-06,0.000000000000000e+00,8.235665068982104e-03,1.192472442916032e+05,1.192244093870562e+05,1.556444219859943e+03,1.485142602390839e-06,0.000000000000000e+00,-1.000000000000000e+03,7.948293959137080e+04,2.313445563891764e+01,3.035989846214800e+05,2.318296547297246e-02,8.291330503493090e+08,0.000000000000000e+00,6.411449820462258e-05,8.295510911687431e+10,8.295510911687431e+10,-5.828231843681419e+00,1.485142602390839e-06,1.000000000000000e+00,0.000000000000000e+00,6.940608096127095e+03,6.940608096127095e+03,2.028795236747890e+03,8.235665068982104e-03,1.000000000000000e+03,1.000000000000000e+00,
1.624485370884683e-05,0.000000000000000e+00,3.207825099204801e-02,1.296830637179829e+06,1.296798965174493e+06,1.505770974430077e+03,1.624485370884683e-05,0.000000000000000e+00,-1.000000000000000e+03,8.645326434496620e+05,3.167200533632492e+01,2.986159458069808e+05,1.819985784752721e-02,7.430194184317504e+08,0.000000000000000e+00,5.483429516014371e-05,8.025433478117795e+10,8.025433478117793e+10,-4.789284195290167e+00,1.624485370884683e-05,1.000000000000000e+00,0.000000000000000e+00,5.434767764691942e+03,5.434767764691942e+03,-2.131265088369047e+01,3.207825099204801e-02,1.000000000000000e+03,1.000000000000000e+00,
1.790764597143880e-04,0.000000000000000e+00,3.031815726942070e-01,1.431252060076388e+07,1.431226395322303e+07,1.499547610790787e+03,1.790764597143880e-04,0.000000000000000e+00,-1.000000000000000e+03,9.541509302148689e+06,2.566475408547163e+02,2.979982158134297e+05,6.579592062392181e-03,6.577303729747201e+08,0.000000000000000e+00,7.392715518015165e-06,7.992264296518869e+10,7.992264296518869e+10,-3.746961500069828e+00,1.790764597143880e-04,1.000000000000000e+00,0.000000000000000e+00,1.959561290452730e+03,1.959561290452730e+03,-8.845612694474465e+02,3.031815726942070e-01,1.000000000000000e+03,1.000000000000000e+00,
1.967407466861575e-03,0.000000000000000e+00,3.346012438439450e+00,1.578891101224379e+08,1.578862648045699e+08,1.505706957797887e+03,1.967407466861575e-03,0.000000000000000e+00,-1.000000000000000e+03,1.052575098697133e+08,2.845317867998931e+03,2.986095980320944e+05,5.708508000620606e-03,5.725134393732965e+08,0.000000000000000e+00,8.613307141513360e-08,8.025092283320006e+10,8.025092283320007e+10,-2.706105684674842e+00,1.967407466861575e-03,1.000000000000000e+00,0.000000000000000e+00,1.702299483581055e+03,1.702299483581055e+03,-1.201903466180900e+03,3.346012438439450e+00,1.000000000000000e+03,1.000000000000000e+00,
7.506086956000028e-08,0.000000000000000e+00,-7.506086955992557e-08,5.580260699956273e+03,5.580260699918743e+03,1.394862246096680e+03,7.506086956000028e-08,0.000000000000000e+00,-1.000000000000000e+03,3.720173799945829e+03,3.753043478007332e-08,2.874082260150565e+05,3.479371533188456e-06,8.463298723583450e+08,0.000000000000000e+00,3.647082635893639e-19,7.434313954300960e+10,7.434313954300961e+10,-7.124586408708943e+00,7.506086956000028e-08,1.000000000000000e+00,0.000000000000000e+00,-9.999999999990082e-01,1.000000000000977e+00,-7.089458011770690e-01,7.506086956007335e-08,1.000000000000000e+03,1.000000000000000e+00,
7.506579663473246e-08,0.000000000000000e+00,-7.506086956003111e-08,5.580911862959011e+03,5.580911862921316e+03,1.394933448263058e+03,7.506579663473246e-08,0.000000000000000e+00,-1.000000000000000e+03,3.720607908614211e+03,3.769464725338462e-08,2.874155614445006e+05,3.486771699432576e-06,8.463302606570479e+08,0.000000000000000e+00,2.206313216478461e-10,7.434693446441179e+10,7.434693446441177e+10,-7.124557902096186e+00,7.506579663473246e-08,1.000000000000000e+00,0.000000000000000e+00,-1.000000000000410e+00,1.002152445621210e+00,-5.583986735507520e-01,7.522737168000150e-08,1.000000000000000e+03,1.000000000000000e+00,
1.332335109680190e-07,0.000000000000000e+00,-4.125102879979594e-08,1.077518534573033e+04,1.077518534572395e+04,1.601086986018703e+03,1.332335109680190e-07,0.000000000000000e+00,-1.000000000000000e+03,7.183456897149298e+03,4.877092345713332e-08,3.079221978863537e+05,3.847793357497921e-06,8.486320384504423e+08,0.000000000000000e+00,3.162682014567597e-09,8.533447195604648e+10,8.533447195604648e+10,-6.875386527432444e+00,1.332335109680190e-07,1.000000000000000e+00,0.000000000000000e+00,-3.096145143971903e-01,1.120219924366106e+00,-9.882755272223813e-02,8.738228119077900e-08,1.000000000000000e+03,1.000000000000000e+00,
1.485142602390839e-06,0.000000000000000e+00,8.235665068982104e-03,1.192472442916032e+05,1.192244093870562e+05,1.556444219859943e+03,1.485142602390839e-06,0.000000000000000e+00,-1.000000000000000e+03,7.948293959137080e+04,2.313445563891764e+01,3.035989846214800e+05,2.318296547297246e-02,8.291330503493090e+08,0.000000000000000e+00,6.411449820462258e-05,8.295510911687431e+10,8.295510911687431e+10,-5.828231843681419e+00,1.485142602390839e-06,1.000000000000000e+00,0.000000000000000e+00,6.940608096127095e+03,6.940608096127095e+03,1.082527482730617e+03,8.235665068982104e-03,1.000000000000000e+03,1.000000000000000e+00,
1.624485370884683e-05,0.000000000000000e+00,3.207825099204801e-02,1.296830637179829e+06,1.296798965174493e+06,1.505770974430077e+03,1.624485370884683e-05,0.000000000000000e+00,-1.000000000000000e+03,8.645326434496620e+05,3.167200533632492e+01,2.986159458069808e+05,1.819985784752721e-02,7.430194184317504e+08,0.000000000000000e+00,5.483429516014371e-05,8.025433478117795e+10,8.025433478117793e+10,-4.789284195290167e+00,1.624485370884683e-05,1.000000000000000e+00,0.000000000000000e+00,5.434767764691942e+03,5.434767764691942e+03,-1.418994579631879e+01,3.207825099204801e-02,1.000000000000000e+03,1.000000000000000e+00,
1.790764597143880e-04,0.000000000000000e+00,3.031815726942070e-01,1.431252060076388e+07,1.431226395322303e+07,1.499547610790787e+03,1.790764597143880e-04,0.000000000000000e+00,-1.000000000000000e+03,9.541509302148689e+06,2.566475408547163e+02,2.979982158134297e+05,6.579592062392181e-03,6.577303729747201e+08,0.000000000000000e+00,7.392715518015165e-06,7.992264296518869e+10,7.992264296518869e+10,-3.746961500069828e+00,1.790764597143880e-04,1.000000000000000e+00,0.000000000000000e+00,1.959561290452730e+03,1.959561290452730e+03,-6.254831015326315e+02,3.031815726942070e-01,1.000000000000000e+03,1.000000000000000e+00,
1.967407466861575e-03,0.000000000000000e+00,3.346012438439450e+00,1.578891101224379e+08,1.578862648045699e+08,1.505706957797887e+03,1.967407466861575e-03,0.000000000000000e+00,-1.000000000000000e+03,1.052575098697133e+08,2.845317867998931e+03,2.986095980320944e+05,5.708508000620606e-03,5.725134393732965e+08,0.000000000000000e+00,8.613307141513360e-08,8.025092283320006e+10,8.025092283320007e+10,-2.706105684674842e+00,1.967407466861575e-03,1.000000000000000e+00,0.000000000000000e+00,1.702299483581055e+03,1.702299483581055e+03,-9.434205416368372e+02,3.346012438439450e+00,1.000000000000000e+03,1.000000000000000e+00,

