1
0
28
0
(64 0
((0,0) (63,63) (0,0))
((448,0) (511,63) (0,0))
((384,0) (447,63) (0,0))
((320,0) (383,63) (0,0))
((256,0) (319,63) (0,0))
((192,0) (255,63) (0,0))
((128,0) (191,63) (0,0))
((64,0) (127,63) (0,0))
((0,448) (63,511) (0,0))
((0,384) (63,447) (0,0))
((0,320) (63,383) (0,0))
((0,256) (63,319) (0,0))
((0,192) (63,255) (0,0))
((0,128) (63,191) (0,0))
((0,64) (63,127) (0,0))
((448,448) (511,511) (0,0))
((448,384) (511,447) (0,0))
((448,320) (511,383) (0,0))
((448,256) (511,319) (0,0))
((448,192) (511,255) (0,0))
((448,128) (511,191) (0,0))
((448,64) (511,127) (0,0))
((384,448) (447,511) (0,0))
((384,384) (447,447) (0,0))
((384,320) (447,383) (0,0))
((384,256) (447,319) (0,0))
((384,192) (447,255) (0,0))
((384,128) (447,191) (0,0))
((384,64) (447,127) (0,0))
((320,448) (383,511) (0,0))
((320,384) (383,447) (0,0))
((320,320) (383,383) (0,0))
((320,256) (383,319) (0,0))
((320,192) (383,255) (0,0))
((320,128) (383,191) (0,0))
((320,64) (383,127) (0,0))
((256,448) (319,511) (0,0))
((256,384) (319,447) (0,0))
((256,320) (319,383) (0,0))
((256,256) (319,319) (0,0))
((256,192) (319,255) (0,0))
((256,128) (319,191) (0,0))
((256,64) (319,127) (0,0))
((192,448) (255,511) (0,0))
((192,384) (255,447) (0,0))
((192,320) (255,383) (0,0))
((192,256) (255,319) (0,0))
((192,192) (255,255) (0,0))
((192,128) (255,191) (0,0))
((192,64) (255,127) (0,0))
((128,448) (191,511) (0,0))
((128,384) (191,447) (0,0))
((128,320) (191,383) (0,0))
((128,256) (191,319) (0,0))
((128,192) (191,255) (0,0))
((128,128) (191,191) (0,0))
((128,64) (191,127) (0,0))
((64,448) (127,511) (0,0))
((64,384) (127,447) (0,0))
((64,320) (127,383) (0,0))
((64,256) (127,319) (0,0))
((64,192) (127,255) (0,0))
((64,128) (127,191) (0,0))
((64,64) (127,127) (0,0))
)
64
FabOnDisk: Cell_D_0000 0
FabOnDisk: Cell_D_0001 0
FabOnDisk: Cell_D_0001 917590
FabOnDisk: Cell_D_0001 1835180
FabOnDisk: Cell_D_0001 2752770
FabOnDisk: Cell_D_0000 917587
FabOnDisk: Cell_D_0000 1835177
FabOnDisk: Cell_D_0000 2752767
FabOnDisk: Cell_D_0002 0
FabOnDisk: Cell_D_0002 917590
FabOnDisk: Cell_D_0002 1835180
FabOnDisk: Cell_D_0002 2752770
FabOnDisk: Cell_D_0000 3670356
FabOnDisk: Cell_D_0000 4587946
FabOnDisk: Cell_D_0000 5505536
FabOnDisk: Cell_D_0003 0
FabOnDisk: Cell_D_0003 917593
FabOnDisk: Cell_D_0003 1835186
FabOnDisk: Cell_D_0003 2752779
FabOnDisk: Cell_D_0001 3670360
FabOnDisk: Cell_D_0001 4587953
FabOnDisk: Cell_D_0001 5505546
FabOnDisk: Cell_D_0003 3670372
FabOnDisk: Cell_D_0003 4587965
FabOnDisk: Cell_D_0003 5505558
FabOnDisk: Cell_D_0003 6423151
FabOnDisk: Cell_D_0001 6423138
FabOnDisk: Cell_D_0001 7340731
FabOnDisk: Cell_D_0001 8258324
FabOnDisk: Cell_D_0003 7340744
FabOnDisk: Cell_D_0003 8258337
FabOnDisk: Cell_D_0003 9175930
FabOnDisk: Cell_D_0003 10093523
FabOnDisk: Cell_D_0001 9175916
FabOnDisk: Cell_D_0001 10093509
FabOnDisk: Cell_D_0001 11011102
FabOnDisk: Cell_D_0003 11011116
FabOnDisk: Cell_D_0003 11928709
FabOnDisk: Cell_D_0003 12846302
FabOnDisk: Cell_D_0003 13763895
FabOnDisk: Cell_D_0001 11928694
FabOnDisk: Cell_D_0001 12846287
FabOnDisk: Cell_D_0001 13763880
FabOnDisk: Cell_D_0002 3670360
FabOnDisk: Cell_D_0002 4587953
FabOnDisk: Cell_D_0002 5505546
FabOnDisk: Cell_D_0002 6423139
FabOnDisk: Cell_D_0000 6423125
FabOnDisk: Cell_D_0000 7340718
FabOnDisk: Cell_D_0000 8258311
FabOnDisk: Cell_D_0002 7340732
FabOnDisk: Cell_D_0002 8258325
FabOnDisk: Cell_D_0002 9175918
FabOnDisk: Cell_D_0002 10093511
FabOnDisk: Cell_D_0000 9175903
FabOnDisk: Cell_D_0000 10093496
FabOnDisk: Cell_D_0000 11011089
FabOnDisk: Cell_D_0002 11011104
FabOnDisk: Cell_D_0002 11928696
FabOnDisk: Cell_D_0002 12846288
FabOnDisk: Cell_D_0002 13763880
FabOnDisk: Cell_D_0000 11928681
FabOnDisk: Cell_D_0000 12846273
FabOnDisk: Cell_D_0000 13763865

64,28
2.079419204544017e-03,0.000000000000000e+00,3.978960669972894e+00,1.669584108714211e+08,1.669546040084330e+08,1.506422422277463e+03,2.079419204544017e-03,0.000000000000000e+00,-1.000000000000000e+03,1.113030693389553e+08,3.806862988134919e+03,2.986805345401193e+05,5.729749513117549e-03,4.263458708653964e+08,0.000000000000000e+00,-4.005282329035253e-08,8.028905554185428e+10,8.028905554185428e+10,-2.682057949404542e+00,2.079419204544017e-03,1.000000000000000e+00,0.000000000000000e+00,1.897504256827894e+03,1.897504256827894e+03,-1.515508524373215e+03,3.978960669972894e+00,1.000000000000000e+03,1.000000000000000e+00,
2.079419204544017e-03,0.000000000000000e+00,3.978960669972894e+00,1.669584108714211e+08,1.669546040084330e+08,1.506422422277463e+03,2.079419204544017e-03,0.000000000000000e+00,-1.000000000000000e+03,1.113030693389553e+08,3.806862988134919e+03,2.986805345401193e+05,5.729749513117549e-03,4.263458708653964e+08,0.000000000000000e+00,-4.005282329035253e-08,8.028905554185428e+10,8.028905554185428e+10,-2.682057949404542e+00,2.079419204544017e-03,1.000000000000000e+00,0.000000000000000e+00,1.897504256827894e+03,1.897504256827894e+03,-1.515508524373215e+03,3.978960669972894e+00,1.000000000000000e+03,1.000000000000000e+00,
2.079419204544017e-03,0.000000000000000e+00,3.978960669972894e+00,1.669584108714211e+08,1.669546040084330e+08,1.506422422277463e+03,2.079419204544017e-03,0.000000000000000e+00,-1.000000000000000e+03,1.113030693389553e+08,3.806862988134919e+03,2.986805345401193e+05,5.729749513117549e-03,4.263458708653964e+08,0.000000000000000e+00,-4.005282329035253e-08,8.028905554185428e+10,8.028905554185428e+10,-2.682057949404542e+00,2.079419204544017e-03,1.000000000000000e+00,0.000000000000000e+00,1.897504256827894e+03,1.897504256827894e+03,-1.695458187438735e+03,3.978960669972894e+00,1.000000000000000e+03,1.000000000000000e+00,
2.079419204544017e-03,0.000000000000000e+00,3.978960669972894e+00,1.669584108714211e+08,1.669546040084330e+08,1.506422422277463e+03,2.079419204544017e-03,0.000000000000000e+00,-1.000000000000000e+03,1.113030693389553e+08,3.806862988134919e+03,2.986805345401193e+05,5.729749513117549e-03,4.263458708653964e+08,0.000000000000000e+00,-4.005282329035253e-08,8.028905554185428e+10,8.028905554185428e+10,-2.682057949404542e+00,2.079419204544017e-03,1.000000000000000e+00,0.000000000000000e+00,1.897504256827894e+03,1.897504256827894e+03,-1.841769396317702e+03,3.978960669972894e+00,1.000000000000000e+03,1.000000000000000e+00,
2.079419204544017e-03,0.000000000000000e+00,3.978960669972894e+00,1.669584108714211e+08,1.669546040084330e+08,1.506422422277463e+03,2.079419204544017e-03,0.000000000000000e+00,-1.000000000000000e+03,1.113030693389553e+08,3.806862988134919e+03,2.986805345401193e+05,5.729749513117549e-03,4.263458708653964e+08,0.000000000000000e+00,-4.005282329035253e-08,8.028905554185428e+10,8.028905554185428e+10,-2.682057949404542e+00,2.079419204544017e-03,1.000000000000000e+00,0.000000000000000e+00,1.897504256827894e+03,1.897504256827894e+03,-1.913678863926902e+03,3.978960669972894e+00,1.000000000000000e+03,1.000000000000000e+00,
2.079419204544017e-03,0.000000000000000e+00,3.978960669972894e+00,1.669584108714211e+08,1.669546040084330e+08,1.506422422277463e+03,2.079419204544017e-03,0.000000000000000e+00,-1.000000000000000e+03,1.113030693389553e+08,3.806862988134919e+03,2.986805345401193e+05,5.729749513117549e-03,4.263458708653964e+08,0.000000000000000e+00,-4.005282329035253e-08,8.028905554185428e+10,8.028905554185428e+10,-2.682057949404542e+00,2.079419204544017e-03,1.000000000000000e+00,0.000000000000000e+00,1.897504256827894e+03,1.897504256827894e+03,-1.913678863926902e+03,3.978960669972894e+00,1.000000000000000e+03,1.000000000000000e+00,
2.079419204544017e-03,0.000000000000000e+00,3.978960669972894e+00,1.669584108714211e+08,1.669546040084330e+08,1.506422422277463e+03,2.079419204544017e-03,0.000000000000000e+00,-1.000000000000000e+03,1.113030693389553e+08,3.806862988134919e+03,2.986805345401193e+05,5.729749513117549e-03,4.263458708653964e+08,0.000000000000000e+00,-4.005282329035253e-08,8.028905554185428e+10,8.028905554185428e+10,-2.682057949404542e+00,2.079419204544017e-03,1.000000000000000e+00,0.000000000000000e+00,1.897504256827894e+03,1.897504256827894e+03,-1.841769396317702e+03,3.978960669972894e+00,1.000000000000000e+03,1.000000000000000e+00,
2.079419204544017e-03,0.000000000000000e+00,3.978960669972894e+00,1.669584108714211e+08,1.669546040084330e+08,1.506422422277463e+03,2.079419204544017e-03,0.000000000000000e+00,-1.000000000000000e+03,1.113030693389553e+08,3.806862988134919e+03,2.986805345401193e+05,5.729749513117549e-03,4.263458708653964e+08,0.000000000000000e+00,-4.005282329035253e-08,8.028905554185428e+10,8.028905554185428e+10,-2.682057949404542e+00,2.079419204544017e-03,1.000000000000000e+00,0.000000000000000e+00,1.897504256827894e+03,1.897504256827894e+03,-1.695458187438735e+03,3.978960669972894e+00,1.000000000000000e+03,1.000000000000000e+00,
7.506086955999986e-08,0.000000000000000e+00,-7.506086956763892e-08,5.470553461277364e+03,5.470553461239833e+03,1.367439425983823e+03,7.506086955999986e-08,0.000000000000000e+00,-1.000000000000000e+03,3.647035640826556e+03,3.753043477992557e-08,2.845689968432235e+05,3.514086253570104e-06,8.452716063417763e+08,0.000000000000000e+00,-2.423339307000560e-19,7.288156256792265e+10,7.288156256792265e+10,-7.124586408708946e+00,7.506086955999986e-08,1.000000000000000e+00,0.000000000000000e+00,-1.000000000100828e+00,9.999999999990090e-01,-7.986851776062596e-01,7.506086955992552e-08,1.000000000000000e+03,1.000000000000000e+00,
7.506086956010618e-08,0.000000000000000e+00,-7.543827991970304e-08,5.470553461290859e+03,5.470553461253328e+03,1.367439425985265e+03,7.506086956010618e-08,0.000000000000000e+00,-1.000000000000000e+03,3.647035640835552e+03,3.753043479128408e-08,2.845689968433735e+05,3.514086254097541e-06,8.452716063417822e+08,0.000000000000000e+00,2.969335888280966e-17,7.288156256799951e+10,7.288156256799951e+10,-7.124586408708330e+00,7.506086956010618e-08,1.000000000000000e+00,0.000000000000000e+00,-1.004784536723391e+00,1.000000000149625e+00,-7.052629659514917e-01,7.506086957133717e-08,1.000000000000000e+03,1.000000000000000e+00,
7.508307299854837e-08,0.000000000000000e+00,-8.456081036234166e-08,5.473476531400880e+03,5.473476531362916e+03,1.367765494286305e+03,7.508307299854837e-08,0.000000000000000e+00,-1.000000000000000e+03,3.648984354241944e+03,7.345719618281897e-09,2.846029228063102e+05,1.101751876222587e-06,8.304308543716203e+08,0.000000000000000e+00,-5.511646853121216e-08,7.289894130290509e+10,7.289894130290509e+10,-7.124457960890846e+00,7.508307299854837e-08,1.000000000000000e+00,0.000000000000000e+00,-1.085958361991051e+00,3.309895362947248e-01,-5.552962647783326e-01,4.438641596053966e-08,1.000000000000000e+03,1.000000000000000e+00,
1.387199387758417e-07,0.000000000000000e+00,-3.271137541922045e-03,1.124703320286316e+04,1.124703320285620e+04,1.511010631751132e+03,1.387199387758417e-07,0.000000000000000e+00,-1.000000000000000e+03,7.498022135237469e+03,2.455598754453907e-10,2.991350441577415e+05,1.448215875398457e-07,7.443554620222152e+08,0.000000000000000e+00,-4.435936541916590e-07,8.053359717892856e+10,8.053359717892856e+10,-6.857861111544047e+00,1.387199387758417e-07,1.000000000000000e+00,0.000000000000000e+00,-2.190439735748986e+03,4.349018750475783e-02,-1.752052405017561e+02,1.129265655240169e-08,1.000000000000000e+03,1.000000000000000e+00,
1.550789420063322e-06,0.000000000000000e+00,-6.222174620391303e-03,1.249208022993438e+05,1.249170886642485e+05,1.499962380481096e+03,1.550789420063322e-06,0.000000000000000e+00,-1.000000000000000e+03,8.327805910949901e+04,2.896059670875894e-03,2.980394256026693e+05,8.156246324189931e-05,6.585461192345752e+08,0.000000000000000e+00,-5.657519312128442e-05,7.994474929221213e+10,7.994474929221213e+10,-5.809447170538049e+00,1.550789420063322e-06,1.000000000000000e+00,0.000000000000000e+00,-2.188457902075015e+03,2.432853763705146e+01,-3.243199682989402e+02,2.380792231807063e-04,1.000000000000000e+03,1.000000000000000e+00,
1.714580787993707e-05,0.000000000000000e+00,1.929597014664437e-02,1.370535991301137e+06,1.370525133414868e+06,1.499434603020087e+03,1.714580787993707e-05,0.000000000000000e+00,-1.000000000000000e+03,9.136834222765790e+05,1.085788626897752e+01,2.979869868440087e+05,3.776290487350095e-03,5.732195798174101e+08,0.000000000000000e+00,-4.242386611451929e-05,7.991661989553424e+10,7.991661989553426e+10,-4.765842046884256e+00,1.714580787993707e-05,1.000000000000000e+00,0.000000000000000e+00,1.125404546800229e+03,1.125404546800229e+03,-1.010476358106241e+03,1.929597014664437e-02,1.000000000000000e+03,1.000000000000000e+00,
1.893832880972725e-04,0.000000000000000e+00,3.471883478143047e-01,1.514447920592763e+07,1.514416096309303e+07,1.500354849880786e+03,1.893832880972725e-04,0.000000000000000e+00,-1.000000000000000e+03,1.009610730872869e+07,3.182428345950833e+02,2.980784144818244e+05,6.150252710977787e-03,4.882667484929358e+08,0.000000000000000e+00,-1.647421671278551e-06,7.996566706199849e+10,7.996566706199849e+10,-3.722658347441294e+00,1.893832880972725e-04,1.000000000000000e+00,0.000000000000000e+00,1.833257576750801e+03,1.833257576750801e+03,-1.349455214975489e+03,3.471883478143047e-01,1.000000000000000e+03,1.000000000000000e+00,
7.506086955999986e-08,0.000000000000000e+00,-7.506086956763892e-08,5.470553461277364e+03,5.470553461239833e+03,1.367439425983823e+03,7.506086955999986e-08,0.000000000000000e+00,-1.000000000000000e+03,3.647035640826556e+03,3.753043477992557e-08,2.845689968432235e+05,3.514086253570104e-06,8.452716063417763e+08,0.000000000000000e+00,-2.423339307000560e-19,7.288156256792265e+10,7.288156256792265e+10,-7.124586408708946e+00,7.506086955999986e-08,1.000000000000000e+00,0.000000000000000e+00,-1.000000000100828e+00,9.999999999990090e-01,-7.986851776062596e-01,7.506086955992552e-08,1.000000000000000e+03,1.000000000000000e+00,
7.506086956010618e-08,0.000000000000000e+00,-7.543827991970304e-08,5.470553461290859e+03,5.470553461253328e+03,1.367439425985265e+03,7.506086956010618e-08,0.000000000000000e+00,-1.000000000000000e+03,3.647035640835552e+03,3.753043479128408e-08,2.845689968433735e+05,3.514086254097541e-06,8.452716063417822e+08,0.000000000000000e+00,2.969335888280966e-17,7.288156256799951e+10,7.288156256799951e+10,-7.124586408708330e+00,7.506086956010618e-08,1.000000000000000e+00,0.000000000000000e+00,-1.004784536723391e+00,1.000000000149625e+00,-7.052629659514917e-01,7.506086957133717e-08,1.000000000000000e+03,1.000000000000000e+00,
7.508307299854837e-08,0.000000000000000e+00,-8.456081036234166e-08,5.473476531400880e+03,5.473476531362916e+03,1.367765494286305e+03,7.508307299854837e-08,0.000000000000000e+00,-1.000000000000000e+03,3.648984354241944e+03,7.345719618281897e-09,2.846029228063102e+05,1.101751876222587e-06,8.304308543716203e+08,0.000000000000000e+00,-5.511646853121216e-08,7.289894130290509e+10,7.289894130290509e+10,-7.124457960890846e+00,7.508307299854837e-08,1.000000000000000e+00,0.000000000000000e+00,-1.085958361991051e+00,3.309895362947248e-01,-5.552962647783326e-01,4.438641596053966e-08,1.000000000000000e+03,1.000000000000000e+00,
1.387199387758417e-07,0.000000000000000e+00,-3.271137541922045e-03,1.124703320286316e+04,1.124703320285620e+04,1.511010631751132e+03,1.387199387758417e-07,0.000000000000000e+00,-1.000000000000000e+03,7.498022135237469e+03,2.455598754453907e-10,2.991350441577415e+05,1.448215875398457e-07,7.443554620222152e+08,0.000000000000000e+00,-4.435936541916590e-07,8.053359717892856e+10,8.053359717892856e+10,-6.857861111544047e+00,1.387199387758417e-07,1.000000000000000e+00,0.000000000000000e+00,-2.190439735748986e+03,4.349018750475783e-02,-1.752052405017561e+02,1.129265655240169e-08,1.000000000000000e+03,1.000000000000000e+00,
1.550789420063322e-06,0.000000000000000e+00,-6.222174620391303e-03,1.249208022993438e+05,1.249170886642485e+05,1.499962380481096e+03,1.550789420063322e-06,0.000000000000000e+00,-1.000000000000000e+03,8.327805910949901e+04,2.896059670875894e-03,2.980394256026693e+05,8.156246324189931e-05,6.585461192345752e+08,0.000000000000000e+00,-5.657519312128442e-05,7.994474929221213e+10,7.994474929221213e+10,-5.809447170538049e+00,1.550789420063322e-06,1.000000000000000e+00,0.000000000000000e+00,-2.188457902075015e+03,2.432853763705146e+01,-3.243199682989402e+02,2.380792231807063e-04,1.000000000000000e+03,1.000000000000000e+00,
1.714580787993707e-05,0.000000000000000e+00,1.929597014664437e-02,1.370535991301137e+06,1.370525133414868e+06,1.499434603020087e+03,1.714580787993707e-05,0.000000000000000e+00,-1.000000000000000e+03,9.136834222765790e+05,1.085788626897752e+01,2.979869868440087e+05,3.776290487350095e-03,5.732195798174101e+08,0.000000000000000e+00,-4.242386611451929e-05,7.991661989553424e+10,7.991661989553426e+10,-4.765842046884256e+00,1.714580787993707e-05,1.000000000000000e+00,0.000000000000000e+00,1.125404546800229e+03,1.125404546800229e+03,-1.010476358106241e+03,1.929597014664437e-02,1.000000000000000e+03,1.000000000000000e+00,
1.893832880972725e-04,0.000000000000000e+00,3.471883478143047e-01,1.514447920592763e+07,1.514416096309303e+07,1.500354849880786e+03,1.893832880972725e-04,0.000000000000000e+00,-1.000000000000000e+03,1.009610730872869e+07,3.182428345950833e+02,2.980784144818244e+05,6.150252710977787e-03,4.882667484929358e+08,0.000000000000000e+00,-1.647421671278551e-06,7.996566706199849e+10,7.996566706199849e+10,-3.722658347441294e+00,1.893832880972725e-04,1.000000000000000e+00,0.000000000000000e+00,1.833257576750801e+03,1.833257576750801e+03,-1.349455214975489e+03,3.471883478143047e-01,1.000000000000000e+03,1.000000000000000e+00,
7.506086955999986e-08,0.000000000000000e+00,-7.506086956763892e-08,5.470553461277364e+03,5.470553461239833e+03,1.367439425983823e+03,7.506086955999986e-08,0.000000000000000e+00,-1.000000000000000e+03,3.647035640826556e+03,3.753043477992557e-08,2.845689968432235e+05,3.514086253570104e-06,8.452716063417763e+08,0.000000000000000e+00,-2.423339307000560e-19,7.288156256792265e+10,7.288156256792265e+10,-7.124586408708946e+00,7.506086955999986e-08,1.000000000000000e+00,0.000000000000000e+00,-1.000000000100828e+00,9.999999999990090e-01,-8.933757570577990e-01,7.506086955992552e-08,1.000000000000000e+03,1.000000000000000e+00,
7.506086956010618e-08,0.000000000000000e+00,-7.543827991970304e-08,5.470553461290859e+03,5.470553461253328e+03,1.367439425985265e+03,7.506086956010618e-08,0.000000000000000e+00,-1.000000000000000e+03,3.647035640835552e+03,3.753043479128408e-08,2.845689968433735e+05,3.514086254097541e-06,8.452716063417822e+08,0.000000000000000e+00,2.969335888280966e-17,7.288156256799951e+10,7.288156256799951e+10,-7.124586408708330e+00,7.506086956010618e-08,1.000000000000000e+00,0.000000000000000e+00,-1.004784536723391e+00,1.000000000149625e+00,-8.303787715882074e-01,7.506086957133717e-08,1.000000000000000e+03,1.000000000000000e+00,
7.508307299854837e-08,0.000000000000000e+00,-8.456081036234166e-08,5.473476531400880e+03,5.473476531362916e+03,1.367765494286305e+03,7.508307299854837e-08,0.000000000000000e+00,-1.000000000000000e+03,3.648984354241944e+03,7.345719618281897e-09,2.846029228063102e+05,1.101751876222587e-06,8.304308543716203e+08,0.000000000000000e+00,-5.511646853121216e-08,7.289894130290509e+10,7.289894130290509e+10,-7.124457960890846e+00,7.508307299854837e-08,1.000000000000000e+00,0.000000000000000e+00,-1.085958361991051e+00,3.309895362947248e-01,-7.082898129862433e-01,4.438641596053966e-08,1.000000000000000e+03,1.000000000000000e+00,
1.387199387758417e-07,0.000000000000000e+00,-3.271137541922045e-03,1.124703320286316e+04,1.124703320285620e+04,1.511010631751132e+03,1.387199387758417e-07,0.000000000000000e+00,-1.000000000000000e+03,7.498022135237469e+03,2.455598754453907e-10,2.991350441577415e+05,1.448215875398457e-07,7.443554620222152e+08,0.000000000000000e+00,-4.435936541916590e-07,8.053359717892856e+10,8.053359717892856e+10,-6.857861111544047e+00,1.387199387758417e-07,1.000000000000000e+00,0.000000000000000e+00,-2.190439735748986e+03,4.349018750475783e-02,-2.602937242208101e+02,1.129265655240169e-08,1.000000000000000e+03,1.000000000000000e+00,
1.550789420063322e-06,0.000000000000000e+00,-6.222174620391303e-03,1.249208022993438e+05,1.249170886642485e+05,1.499962380481096e+03,1.550789420063322e-06,0.000000000000000e+00,-1.000000000000000e+03,8.327805910949901e+04,2.896059670875894e-03,2.980394256026693e+05,8.156246324189931e-05,6.585461192345752e+08,0.000000000000000e+00,-5.657519312128442e-05,7.994474929221213e+10,7.994474929221213e+10,-5.809447170538049e+00,1.550789420063322e-06,1.000000000000000e+00,0.000000000000000e+00,-2.188457902075015e+03,2.432853763705146e+01,-4.586549070727262e+02,2.380792231807063e-04,1.000000000000000e+03,1.000000000000000e+00,
1.714580787993707e-05,0.000000000000000e+00,1.929597014664437e-02,1.370535991301137e+06,1.370525133414868e+06,1.499434603020087e+03,1.714580787993707e-05,0.000000000000000e+00,-1.000000000000000e+03,9.136834222765790e+05,1.085788626897752e+01,2.979869868440087e+05,3.776290487350095e-03,5.732195798174101e+08,0.000000000000000e+00,-4.242386611451929e-05,7.991661989553424e+10,7.991661989553426e+10,-4.765842046884256e+00,1.714580787993707e-05,1.000000000000000e+00,0.000000000000000e+00,1.125404546800229e+03,1.125404546800229e+03,-1.288879749615807e+03,1.929597014664437e-02,1.000000000000000e+03,1.000000000000000e+00,
1.893832880972725e-04,0.000000000000000e+00,3.471883478143047e-01,1.514447920592763e+07,1.514416096309303e+07,1.500354849880786e+03,1.893832880972725e-04,0.000000000000000e+00,-1.000000000000000e+03,1.009610730872869e+07,3.182428345950833e+02,2.980784144818244e+05,6.150252710977787e-03,4.882667484929358e+08,0.000000000000000e+00,-1.647421671278551e-06,7.996566706199849e+10,7.996566706199849e+10,-3.722658347441294e+00,1.893832880972725e-04,1.000000000000000e+00,0.000000000000000e+00,1.833257576750801e+03,1.833257576750801e+03,-1.588852694417134e+03,3.471883478143047e-01,1.000000000000000e+03,1.000000000000000e+00,
7.506086955999986e-08,0.000000000000000e+00,-7.506086956763892e-08,5.470553461277364e+03,5.470553461239833e+03,1.367439425983823e+03,7.506086955999986e-08,0.000000000000000e+00,-1.000000000000000e+03,3.647035640826556e+03,3.753043477992557e-08,2.845689968432235e+05,3.514086253570104e-06,8.452716063417763e+08,0.000000000000000e+00,-2.423339307000560e-19,7.288156256792265e+10,7.288156256792265e+10,-7.124586408708946e+00,7.506086955999986e-08,1.000000000000000e+00,0.000000000000000e+00,-1.000000000100828e+00,9.999999999990090e-01,-9.695818671236783e-01,7.506086955992552e-08,1.000000000000000e+03,1.000000000000000e+00,
7.506086956010618e-08,0.000000000000000e+00,-7.543827991970304e-08,5.470553461290859e+03,5.470553461253328e+03,1.367439425985265e+03,7.506086956010618e-08,0.000000000000000e+00,-1.000000000000000e+03,3.647035640835552e+03,3.753043479128408e-08,2.845689968433735e+05,3.514086254097541e-06,8.452716063417822e+08,0.000000000000000e+00,2.969335888280966e-17,7.288156256799951e+10,7.288156256799951e+10,-7.124586408708330e+00,7.506086956010618e-08,1.000000000000000e+00,0.000000000000000e+00,-1.004784536723391e+00,1.000000000149625e+00,-9.476888980558421e-01,7.506086957133717e-08,1.000000000000000e+03,1.000000000000000e+00,
7.508307299854837e-08,0.000000000000000e+00,-8.456081036234166e-08,5.473476531400880e+03,5.473476531362916e+03,1.367765494286305e+03,7.508307299854837e-08,0.000000000000000e+00,-1.000000000000000e+03,3.648984354241944e+03,7.345719618281897e-09,2.846029228063102e+05,1.101751876222587e-06,8.304308543716203e+08,0.000000000000000e+00,-5.511646853121216e-08,7.289894130290509e+10,7.289894130290509e+10,-7.124457960890846e+00,7.508307299854837e-08,1.000000000000000e+00,0.000000000000000e+00,-1.085958361991051e+00,3.309895362947248e-01,-9.121934095956834e-01,4.438641596053966e-08,1.000000000000000e+03,1.000000000000000e+00,
1.387199387758417e-07,0.000000000000000e+00,-3.271137541922045e-03,1.124703320286316e+04,1.124703320285620e+04,1.511010631751132e+03,1.387199387758417e-07,0.000000000000000e+00,-1.000000000000000e+03,7.498022135237469e+03,2.455598754453907e-10,2.991350441577415e+05,1.448215875398457e-07,7.443554620222152e+08,0.000000000000000e+00,-4.435936541916590e-07,8.053359717892856e+10,8.053359717892856e+10,-6.857861111544047e+00,1.387199387758417e-07,1.000000000000000e+00,0.000000000000000e+00,-2.190439735748986e+03,4.349018750475783e-02,-4.978258431793481e+02,1.129265655240169e-08,1.000000000000000e+03,1.000000000000000e+00,
1.550789420063322e-06,0.000000000000000e+00,-6.222174620391303e-03,1.249208022993438e+05,1.249170886642485e+05,1.499962380481096e+03,1.550789420063322e-06,0.000000000000000e+00,-1.000000000000000e+03,8.327805910949901e+04,2.896059670875894e-03,2.980394256026693e+05,8.156246324189931e-05,6.585461192345752e+08,0.000000000000000e+00,-5.657519312128442e-05,7.994474929221213e+10,7.994474929221213e+10,-5.809447170538049e+00,1.550789420063322e-06,1.000000000000000e+00,0.000000000000000e+00,-2.188457902075015e+03,2.432853763705146e+01,-7.263159933370894e+02,2.380792231807063e-04,1.000000000000000e+03,1.000000000000000e+00,
1.714580787993707e-05,0.000000000000000e+00,1.929597014664437e-02,1.370535991301137e+06,1.370525133414868e+06,1.499434603020087e+03,1.714580787993707e-05,0.000000000000000e+00,-1.000000000000000e+03,9.136834222765790e+05,1.085788626897752e+01,2.979869868440087e+05,3.776290487350095e-03,5.732195798174101e+08,0.000000000000000e+00,-4.242386611451929e-05,7.991661989553424e+10,7.991661989553426e+10,-4.765842046884256e+00,1.714580787993707e-05,1.000000000000000e+00,0.000000000000000e+00,1.125404546800229e+03,1.125404546800229e+03,-1.632864076799766e+03,1.929597014664437e-02,1.000000000000000e+03,1.000000000000000e+00,
1.893832880972725e-04,0.000000000000000e+00,3.471883478143047e-01,1.514447920592763e+07,1.514416096309303e+07,1.500354849880786e+03,1.893832880972725e-04,0.000000000000000e+00,-1.000000000000000e+03,1.009610730872869e+07,3.182428345950833e+02,2.980784144818244e+05,6.150252710977787e-03,4.882667484929358e+08,0.000000000000000e+00,-1.647421671278551e-06,7.996566706199849e+10,7.996566706199849e+10,-3.722658347441294e+00,1.893832880972725e-04,1.000000000000000e+00,0.000000000000000e+00,1.833257576750801e+03,1.833257576750801e+03,-1.813314731378922e+03,3.471883478143047e-01,1.000000000000000e+03,1.000000000000000e+00,
7.506086955999986e-08,0.000000000000000e+00,-7.506086956763892e-08,5.470553461277364e+03,5.470553461239833e+03,1.367439425983823e+03,7.506086955999986e-08,0.000000000000000e+00,-1.000000000000000e+03,3.647035640826556e+03,3.753043477992557e-08,2.845689968432235e+05,3.514086253570104e-06,8.452716063417763e+08,0.000000000000000e+00,-2.423339307000560e-19,7.288156256792265e+10,7.288156256792265e+10,-7.124586408708946e+00,7.506086955999986e-08,1.000000000000000e+00,0.000000000000000e+00,-1.000000000100828e+00,9.999999999990090e-01,-9.999980851844045e-01,7.506086955992552e-08,1.000000000000000e+03,1.000000000000000e+00,
7.506086956010618e-08,0.000000000000000e+00,-7.543827991970304e-08,5.470553461290859e+03,5.470553461253328e+03,1.367439425985265e+03,7.506086956010618e-08,0.000000000000000e+00,-1.000000000000000e+03,3.647035640835552e+03,3.753043479128408e-08,2.845689968433735e+05,3.514086254097541e-06,8.452716063417822e+08,0.000000000000000e+00,2.969335888280966e-17,7.288156256799951e+10,7.288156256799951e+10,-7.124586408708330e+00,7.506086956010618e-08,1.000000000000000e+00,0.000000000000000e+00,-1.004784536723391e+00,1.000000000149625e+00,-1.004776930452839e+00,7.506086957133717e-08,1.000000000000000e+03,1.000000000000000e+00,
7.508307299854837e-08,0.000000000000000e+00,-8.456081036234166e-08,5.473476531400880e+03,5.473476531362916e+03,1.367765494286305e+03,7.508307299854837e-08,0.000000000000000e+00,-1.000000000000000e+03,3.648984354241944e+03,7.345719618281897e-09,2.846029228063102e+05,1.101751876222587e-06,8.304308543716203e+08,0.000000000000000e+00,-5.511646853121216e-08,7.289894130290509e+10,7.289894130290509e+10,-7.124457960890846e+00,7.508307299854837e-08,1.000000000000000e+00,0.000000000000000e+00,-1.085958361991051e+00,3.309895362947248e-01,-1.085944082741305e+00,4.438641596053966e-08,1.000000000000000e+03,1.000000000000000e+00,
1.387199387758417e-07,0.000000000000000e+00,-3.271137541922045e-03,1.124703320286316e+04,1.124703320285620e+04,1.511010631751132e+03,1.387199387758417e-07,0.000000000000000e+00,-1.000000000000000e+03,7.498022135237469e+03,2.455598754453907e-10,2.991350441577415e+05,1.448215875398457e-07,7.443554620222152e+08,0.000000000000000e+00,-4.435936541916590e-07,8.053359717892856e+10,8.053359717892856e+10,-6.857861111544047e+00,1.387199387758417e-07,1.000000000000000e+00,0.000000000000000e+00,-2.190439735748986e+03,4.349018750475783e-02,-2.156545031786908e+03,1.129265655240169e-08,1.000000000000000e+03,1.000000000000000e+00,
1.550789420063322e-06,0.000000000000000e+00,-6.222174620391303e-03,1.249208022993438e+05,1.249170886642485e+05,1.499962380481096e+03,1.550789420063322e-06,0.000000000000000e+00,-1.000000000000000e+03,8.327805910949901e+04,2.896059670875894e-03,2.980394256026693e+05,8.156246324189931e-05,6.585461192345752e+08,0.000000000000000e+00,-5.657519312128442e-05,7.994474929221213e+10,7.994474929221213e+10,-5.809447170538049e+00,1.550789420063322e-06,1.000000000000000e+00,0.000000000000000e+00,-2.188457902075015e+03,2.432853763705146e+01,-1.035253349578992e+03,2.380792231807063e-04,1.000000000000000e+03,1.000000000000000e+00,
1.714580787993707e-05,0.000000000000000e+00,1.929597014664437e-02,1.370535991301137e+06,1.370525133414868e+06,1.499434603020087e+03,1.714580787993707e-05,0.000000000000000e+00,-1.000000000000000e+03,9.136834222765790e+05,1.085788626897752e+01,2.979869868440087e+05,3.776290487350095e-03,5.732195798174101e+08,0.000000000000000e+00,-4.242386611451929e-05,7.991661989553424e+10,7.991661989553426e+10,-4.765842046884256e+00,1.714580787993707e-05,1.000000000000000e+00,0.000000000000000e+00,1.125404546800229e+03,1.125404546800229e+03,-1.829899156472000e+03,1.929597014664437e-02,1.000000000000000e+03,1.000000000000000e+00,
1.893832880972725e-04,0.000000000000000e+00,3.471883478143047e-01,1.514447920592763e+07,1.514416096309303e+07,1.500354849880786e+03,1.893832880972725e-04,0.000000000000000e+00,-1.000000000000000e+03,1.009610730872869e+07,3.182428345950833e+02,2.980784144818244e+05,6.150252710977787e-03,4.882667484929358e+08,0.000000000000000e+00,-1.647421671278551e-06,7.996566706199849e+10,7.996566706199849e+10,-3.722658347441294e+00,1.893832880972725e-04,1.000000000000000e+00,0.000000000000000e+00,1.833257576750801e+03,1.833257576750801e+03,-1.913400647183053e+03,3.471883478143047e-01,1.000000000000000e+03,1.000000000000000e+00,
7.506086955999986e-08,0.000000000000000e+00,-7.506086956763892e-08,5.470553461277364e+03,5.470553461239833e+03,1.367439425983823e+03,7.506086955999986e-08,0.000000000000000e+00,-1.000000000000000e+03,3.647035640826556e+03,3.753043477992557e-08,2.845689968432235e+05,3.514086253570104e-06,8.452716063417763e+08,0.000000000000000e+00,-2.423339307000560e-19,7.288156256792265e+10,7.288156256792265e+10,-7.124586408708946e+00,7.506086955999986e-08,1.000000000000000e+00,0.000000000000000e+00,-1.000000000100828e+00,9.999999999990090e-01,-9.999980851844045e-01,7.506086955992552e-08,1.000000000000000e+03,1.000000000000000e+00,
7.506086956010618e-08,0.000000000000000e+00,-7.543827991970304e-08,5.470553461290859e+03,5.470553461253328e+03,1.367439425985265e+03,7.506086956010618e-08,0.000000000000000e+00,-1.000000000000000e+03,3.647035640835552e+03,3.753043479128408e-08,2.845689968433735e+05,3.514086254097541e-06,8.452716063417822e+08,0.000000000000000e+00,2.969335888280966e-17,7.288156256799951e+10,7.288156256799951e+10,-7.124586408708330e+00,7.506086956010618e-08,1.000000000000000e+00,0.000000000000000e+00,-1.004784536723391e+00,1.000000000149625e+00,-1.004776930452839e+00,7.506086957133717e-08,1.000000000000000e+03,1.000000000000000e+00,
7.508307299854837e-08,0.000000000000000e+00,-8.456081036234166e-08,5.473476531400880e+03,5.473476531362916e+03,1.367765494286305e+03,7.508307299854837e-08,0.000000000000000e+00,-1.000000000000000e+03,3.648984354241944e+03,7.345719618281897e-09,2.846029228063102e+05,1.101751876222587e-06,8.304308543716203e+08,0.000000000000000e+00,-5.511646853121216e-08,7.289894130290509e+10,7.289894130290509e+10,-7.124457960890846e+00,7.508307299854837e-08,1.000000000000000e+00,0.000000000000000e+00,-1.085958361991051e+00,3.309895362947248e-01,-1.085944082741305e+00,4.438641596053966e-08,1.000000000000000e+03,1.000000000000000e+00,
1.387199387758417e-07,0.000000000000000e+00,-3.271137541922045e-03,1.124703320286316e+04,1.124703320285620e+04,1.511010631751132e+03,1.387199387758417e-07,0.000000000000000e+00,-1.000000000000000e+03,7.498022135237469e+03,2.455598754453907e-10,2.991350441577415e+05,1.448215875398457e-07,7.443554620222152e+08,0.000000000000000e+00,-4.435936541916590e-07,8.053359717892856e+10,8.053359717892856e+10,-6.857861111544047e+00,1.387199387758417e-07,1.000000000000000e+00,0.000000000000000e+00,-2.190439735748986e+03,4.349018750475783e-02,-2.156545031786908e+03,1.129265655240169e-08,1.000000000000000e+03,1.000000000000000e+00,
1.550789420063322e-06,0.000000000000000e+00,-6.222174620391303e-03,1.249208022993438e+05,1.249170886642485e+05,1.499962380481096e+03,1.550789420063322e-06,0.000000000000000e+00,-1.000000000000000e+03,8.327805910949901e+04,2.896059670875894e-03,2.980394256026693e+05,8.156246324189931e-05,6.585461192345752e+08,0.000000000000000e+00,-5.657519312128442e-05,7.994474929221213e+10,7.994474929221213e+10,-5.809447170538049e+00,1.550789420063322e-06,1.000000000000000e+00,0.000000000000000e+00,-2.188457902075015e+03,2.432853763705146e+01,-1.035253349578992e+03,2.380792231807063e-04,1.000000000000000e+03,1.000000000000000e+00,
1.714580787993707e-05,0.000000000000000e+00,1.929597014664437e-02,1.370535991301137e+06,1.370525133414868e+06,1.499434603020087e+03,1.714580787993707e-05,0.000000000000000e+00,-1.000000000000000e+03,9.136834222765790e+05,1.085788626897752e+01,2.979869868440087e+05,3.776290487350095e-03,5.732195798174101e+08,0.000000000000000e+00,-4.242386611451929e-05,7.991661989553424e+10,7.991661989553426e+10,-4.765842046884256e+00,1.714580787993707e-05,1.000000000000000e+00,0.000000000000000e+00,1.125404546800229e+03,1.125404546800229e+03,-1.829899156472000e+03,1.929597014664437e-02,1.000000000000000e+03,1.000000000000000e+00,
1.893832880972725e-04,0.000000000000000e+00,3.471883478143047e-01,1.514447920592763e+07,1.514416096309303e+07,1.500354849880786e+03,1.893832880972725e-04,0.000000000000000e+00,-1.000000000000000e+03,1.009610730872869e+07,3.182428345950833e+02,2.980784144818244e+05,6.150252710977787e-03,4.882667484929358e+08,0.000000000000000e+00,-1.647421671278551e-06,7.996566706199849e+10,7.996566706199849e+10,-3.722658347441294e+00,1.893832880972725e-04,1.000000000000000e+00,0.000000000000000e+00,1.833257576750801e+03,1.833257576750801e+03,-1.913400647183053e+03,3.471883478143047e-01,1.000000000000000e+03,1.000000000000000e+00,
7.506086955999986e-08,0.000000000000000e+00,-7.506086956763892e-08,5.470553461277364e+03,5.470553461239833e+03,1.367439425983823e+03,7.506086955999986e-08,0.000000000000000e+00,-1.000000000000000e+03,3.647035640826556e+03,3.753043477992557e-08,2.845689968432235e+05,3.514086253570104e-06,8.452716063417763e+08,0.000000000000000e+00,-2.423339307000560e-19,7.288156256792265e+10,7.288156256792265e+10,-7.124586408708946e+00,7.506086955999986e-08,1.000000000000000e+00,0.000000000000000e+00,-1.000000000100828e+00,9.999999999990090e-01,-9.695818671236783e-01,7.506086955992552e-08,1.000000000000000e+03,1.000000000000000e+00,
7.506086956010618e-08,0.000000000000000e+00,-7.543827991970304e-08,5.470553461290859e+03,5.470553461253328e+03,1.367439425985265e+03,7.506086956010618e-08,0.000000000000000e+00,-1.000000000000000e+03,3.647035640835552e+03,3.753043479128408e-08,2.845689968433735e+05,3.514086254097541e-06,8.452716063417822e+08,0.000000000000000e+00,2.969335888280966e-17,7.288156256799951e+10,7.288156256799951e+10,-7.124586408708330e+00,7.506086956010618e-08,1.000000000000000e+00,0.000000000000000e+00,-1.004784536723391e+00,1.000000000149625e+00,-9.476888980558421e-01,7.506086957133717e-08,1.000000000000000e+03,1.000000000000000e+00,
7.508307299854837e-08,0.000000000000000e+00,-8.456081036234166e-08,5.473476531400880e+03,5.473476531362916e+03,1.367765494286305e+03,7.508307299854837e-08,0.000000000000000e+00,-1.000000000000000e+03,3.648984354241944e+03,7.345719618281897e-09,2.846029228063102e+05,1.101751876222587e-06,8.304308543716203e+08,0.000000000000000e+00,-5.511646853121216e-08,7.289894130290509e+10,7.289894130290509e+10,-7.124457960890846e+00,7.508307299854837e-08,1.000000000000000e+00,0.000000000000000e+00,-1.085958361991051e+00,3.309895362947248e-01,-9.121934095956834e-01,4.438641596053966e-08,1.000000000000000e+03,1.000000000000000e+00,
1.387199387758417e-07,0.000000000000000e+00,-3.271137541922045e-03,1.124703320286316e+04,1.124703320285620e+04,1.511010631751132e+03,1.387199387758417e-07,0.000000000000000e+00,-1.000000000000000e+03,7.498022135237469e+03,2.455598754453907e-10,2.991350441577415e+05,1.448215875398457e-07,7.443554620222152e+08,0.000000000000000e+00,-4.435936541916590e-07,8.053359717892856e+10,8.053359717892856e+10,-6.857861111544047e+00,1.387199387758417e-07,1.000000000000000e+00,0.000000000000000e+00,-2.190439735748986e+03,4.349018750475783e-02,-4.978258431793481e+02,1.129265655240169e-08,1.000000000000000e+03,1.000000000000000e+00,
1.550789420063322e-06,0.000000000000000e+00,-6.222174620391303e-03,1.249208022993438e+05,1.249170886642485e+05,1.499962380481096e+03,1.550789420063322e-06,0.000000000000000e+00,-1.000000000000000e+03,8.327805910949901e+04,2.896059670875894e-03,2.980394256026693e+05,8.156246324189931e-05,6.585461192345752e+08,0.000000000000000e+00,-5.657519312128442e-05,7.994474929221213e+10,7.994474929221213e+10,-5.809447170538049e+00,1.550789420063322e-06,1.000000000000000e+00,0.000000000000000e+00,-2.188457902075015e+03,2.432853763705146e+01,-7.263159933370894e+02,2.380792231807063e-04,1.000000000000000e+03,1.000000000000000e+00,
1.714580787993707e-05,0.000000000000000e+00,1.929597014664437e-02,1.370535991301137e+06,1.370525133414868e+06,1.499434603020087e+03,1.714580787993707e-05,0.000000000000000e+00,-1.000000000000000e+03,9.136834222765790e+05,1.085788626897752e+01,2.979869868440087e+05,3.776290487350095e-03,5.732195798174101e+08,0.000000000000000e+00,-4.242386611451929e-05,7.991661989553424e+10,7.991661989553426e+10,-4.765842046884256e+00,1.714580787993707e-05,1.000000000000000e+00,0.000000000000000e+00,1.125404546800229e+03,1.125404546800229e+03,-1.632864076799766e+03,1.929597014664437e-02,1.000000000000000e+03,1.000000000000000e+00,
1.893832880972725e-04,0.000000000000000e+00,3.471883478143047e-01,1.514447920592763e+07,1.514416096309303e+07,1.500354849880786e+03,1.893832880972725e-04,0.000000000000000e+00,-1.000000000000000e+03,1.009610730872869e+07,3.182428345950833e+02,2.980784144818244e+05,6.150252710977787e-03,4.882667484929358e+08,0.000000000000000e+00,-1.647421671278551e-06,7.996566706199849e+10,7.996566706199849e+10,-3.722658347441294e+00,1.893832880972725e-04,1.000000000000000e+00,0.000000000000000e+00,1.833257576750801e+03,1.833257576750801e+03,-1.813314731378922e+03,3.471883478143047e-01,1.000000000000000e+03,1.000000000000000e+00,
7.506086955999986e-08,0.000000000000000e+00,-7.506086956763892e-08,5.470553461277364e+03,5.470553461239833e+03,1.367439425983823e+03,7.506086955999986e-08,0.000000000000000e+00,-1.000000000000000e+03,3.647035640826556e+03,3.753043477992557e-08,2.845689968432235e+05,3.514086253570104e-06,8.452716063417763e+08,0.000000000000000e+00,-2.423339307000560e-19,7.288156256792265e+10,7.288156256792265e+10,-7.124586408708946e+00,7.506086955999986e-08,1.000000000000000e+00,0.000000000000000e+00,-1.000000000100828e+00,9.999999999990090e-01,-8.933757570577990e-01,7.506086955992552e-08,1.000000000000000e+03,1.000000000000000e+00,
7.506086956010618e-08,0.000000000000000e+00,-7.543827991970304e-08,5.470553461290859e+03,5.470553461253328e+03,1.367439425985265e+03,7.506086956010618e-08,0.000000000000000e+00,-1.000000000000000e+03,3.647035640835552e+03,3.753043479128408e-08,2.845689968433735e+05,3.514086254097541e-06,8.452716063417822e+08,0.000000000000000e+00,2.969335888280966e-17,7.288156256799951e+10,7.288156256799951e+10,-7.124586408708330e+00,7.506086956010618e-08,1.000000000000000e+00,0.000000000000000e+00,-1.004784536723391e+00,1.000000000149625e+00,-8.303787715882074e-01,7.506086957133717e-08,1.000000000000000e+03,1.000000000000000e+00,
7.508307299854837e-08,0.000000000000000e+00,-8.456081036234166e-08,5.473476531400880e+03,5.473476531362916e+03,1.367765494286305e+03,7.508307299854837e-08,0.000000000000000e+00,-1.000000000000000e+03,3.648984354241944e+03,7.345719618281897e-09,2.846029228063102e+05,1.101751876222587e-06,8.304308543716203e+08,0.000000000000000e+00,-5.511646853121216e-08,7.289894130290509e+10,7.289894130290509e+10,-7.124457960890846e+00,7.508307299854837e-08,1.000000000000000e+00,0.000000000000000e+00,-1.085958361991051e+00,3.309895362947248e-01,-7.082898129862433e-01,4.438641596053966e-08,1.000000000000000e+03,1.000000000000000e+00,
1.387199387758417e-07,0.000000000000000e+00,-3.271137541922045e-03,1.124703320286316e+04,1.124703320285620e+04,1.511010631751132e+03,1.387199387758417e-07,0.000000000000000e+00,-1.000000000000000e+03,7.498022135237469e+03,2.455598754453907e-10,2.991350441577415e+05,1.448215875398457e-07,7.443554620222152e+08,0.000000000000000e+00,-4.435936541916590e-07,8.053359717892856e+10,8.053359717892856e+10,-6.857861111544047e+00,1.387199387758417e-07,1.000000000000000e+00,0.000000000000000e+00,-2.190439735748986e+03,4.349018750475783e-02,-2.602937242208101e+02,1.129265655240169e-08,1.000000000000000e+03,1.000000000000000e+00,
1.550789420063322e-06,0.000000000000000e+00,-6.222174620391303e-03,1.249208022993438e+05,1.249170886642485e+05,1.499962380481096e+03,1.550789420063322e-06,0.000000000000000e+00,-1.000000000000000e+03,8.327805910949901e+04,2.896059670875894e-03,2.980394256026693e+05,8.156246324189931e-05,6.585461192345752e+08,0.000000000000000e+00,-5.657519312128442e-05,7.994474929221213e+10,7.994474929221213e+10,-5.809447170538049e+00,1.550789420063322e-06,1.000000000000000e+00,0.000000000000000e+00,-2.188457902075015e+03,2.432853763705146e+01,-4.586549070727262e+02,2.380792231807063e-04,1.000000000000000e+03,1.000000000000000e+00,
1.714580787993707e-05,0.000000000000000e+00,1.929597014664437e-02,1.370535991301137e+06,1.370525133414868e+06,1.499434603020087e+03,1.714580787993707e-05,0.000000000000000e+00,-1.000000000000000e+03,9.136834222765790e+05,1.085788626897752e+01,2.979869868440087e+05,3.776290487350095e-03,5.732195798174101e+08,0.000000000000000e+00,-4.242386611451929e-05,7.991661989553424e+10,7.991661989553426e+10,-4.765842046884256e+00,1.714580787993707e-05,1.000000000000000e+00,0.000000000000000e+00,1.125404546800229e+03,1.125404546800229e+03,-1.288879749615807e+03,1.929597014664437e-02,1.000000000000000e+03,1.000000000000000e+00,
1.893832880972725e-04,0.000000000000000e+00,3.471883478143047e-01,1.514447920592763e+07,1.514416096309303e+07,1.500354849880786e+03,1.893832880972725e-04,0.000000000000000e+00,-1.000000000000000e+03,1.009610730872869e+07,3.182428345950833e+02,2.980784144818244e+05,6.150252710977787e-03,4.882667484929358e+08,0.000000000000000e+00,-1.647421671278551e-06,7.996566706199849e+10,7.996566706199849e+10,-3.722658347441294e+00,1.893832880972725e-04,1.000000000000000e+00,0.000000000000000e+00,1.833257576750801e+03,1.833257576750801e+03,-1.588852694417134e+03,3.471883478143047e-01,1.000000000000000e+03,1.000000000000000e+00,

64,28
1.560925304373902e-02,0.000000000000000e+00,2.961862409639856e+01,1.540730913684868e+09,1.540702812952216e+09,1.851941127272851e+03,1.560925304373902e-02,0.000000000000000e+00,-1.000000000000000e+03,1.027135208634811e+09,2.810073265215074e+04,3.311670523264226e+05,6.406497719496420e-03,4.869643464595748e+08,2.500000000000000e-07,4.745796524798695e-04,9.870445489191437e+10,9.870445489191437e+10,-1.806617878919904e+00,1.560925304373902e-02,1.000000000000000e+00,0.000000000000000e+00,1.913684996520388e+03,1.913684996520388e+03,-1.151444606449298e+03,2.961862409639856e+01,1.000000000000000e+03,1.000000000000000e+00,
1.560925304373902e-02,0.000000000000000e+00,2.961862409639856e+01,1.540730913684868e+09,1.540702812952216e+09,1.851941127272851e+03,1.560925304373902e-02,0.000000000000000e+00,-1.000000000000000e+03,1.027135208634811e+09,2.810073265215074e+04,3.311670523264226e+05,6.406497719496420e-03,4.869643464595748e+08,2.500000000000000e-07,4.745796524798695e-04,9.870445489191437e+10,9.870445489191437e+10,-1.806617878919904e+00,1.560925304373902e-02,1.000000000000000e+00,0.000000000000000e+00,1.913684996520388e+03,1.913684996520388e+03,-1.151444606449298e+03,2.961862409639856e+01,1.000000000000000e+03,1.000000000000000e+00,
1.560925304373902e-02,0.000000000000000e+00,2.961862409639856e+01,1.540730913684868e+09,1.540702812952216e+09,1.851941127272851e+03,1.560925304373902e-02,0.000000000000000e+00,-1.000000000000000e+03,1.027135208634811e+09,2.810073265215074e+04,3.311670523264226e+05,6.406497719496420e-03,4.869643464595748e+08,2.500000000000000e-07,4.745796524798695e-04,9.870445489191437e+10,9.870445489191437e+10,-1.806617878919904e+00,1.560925304373902e-02,1.000000000000000e+00,0.000000000000000e+00,1.913684996520388e+03,1.913684996520388e+03,-1.356565070602636e+03,2.961862409639856e+01,1.000000000000000e+03,1.000000000000000e+00,
1.560925304373902e-02,0.000000000000000e+00,2.961862409639856e+01,1.540730913684868e+09,1.540702812952216e+09,1.851941127272851e+03,1.560925304373902e-02,0.000000000000000e+00,-1.000000000000000e+03,1.027135208634811e+09,2.810073265215074e+04,3.311670523264226e+05,6.406497719496420e-03,4.869643464595748e+08,2.500000000000000e-07,4.745796524798695e-04,9.870445489191437e+10,9.870445489191437e+10,-1.806617878919904e+00,1.560925304373902e-02,1.000000000000000e+00,0.000000000000000e+00,1.913684996520388e+03,1.913684996520388e+03,-1.595305290254909e+03,2.961862409639856e+01,1.000000000000000e+03,1.000000000000000e+00,
1.560925304373902e-02,0.000000000000000e+00,2.961862409639856e+01,1.540730913684868e+09,1.540702812952216e+09,1.851941127272851e+03,1.560925304373902e-02,0.000000000000000e+00,-1.000000000000000e+03,1.027135208634811e+09,2.810073265215074e+04,3.311670523264226e+05,6.406497719496420e-03,4.869643464595748e+08,2.500000000000000e-07,4.745796524798695e-04,9.870445489191437e+10,9.870445489191437e+10,-1.806617878919904e+00,1.560925304373902e-02,1.000000000000000e+00,0.000000000000000e+00,1.913684996520388e+03,1.913684996520388e+03,-1.817180995266406e+03,2.961862409639856e+01,1.000000000000000e+03,1.000000000000000e+00,
1.560925304373902e-02,0.000000000000000e+00,2.961862409639856e+01,1.540730913684868e+09,1.540702812952216e+09,1.851941127272851e+03,1.560925304373902e-02,0.000000000000000e+00,-1.000000000000000e+03,1.027135208634811e+09,2.810073265215074e+04,3.311670523264226e+05,6.406497719496420e-03,4.869643464595748e+08,2.500000000000000e-07,4.745796524798695e-04,9.870445489191437e+10,9.870445489191437e+10,-1.806617878919904e+00,1.560925304373902e-02,1.000000000000000e+00,0.000000000000000e+00,1.913684996520388e+03,1.913684996520388e+03,-1.817180995266406e+03,2.961862409639856e+01,1.000000000000000e+03,1.000000000000000e+00,
1.560925304373902e-02,0.000000000000000e+00,2.961862409639856e+01,1.540730913684868e+09,1.540702812952216e+09,1.851941127272851e+03,1.560925304373902e-02,0.000000000000000e+00,-1.000000000000000e+03,1.027135208634811e+09,2.810073265215074e+04,3.311670523264226e+05,6.406497719496420e-03,4.869643464595748e+08,2.500000000000000e-07,4.745796524798695e-04,9.870445489191437e+10,9.870445489191437e+10,-1.806617878919904e+00,1.560925304373902e-02,1.000000000000000e+00,0.000000000000000e+00,1.913684996520388e+03,1.913684996520388e+03,-1.595305290254909e+03,2.961862409639856e+01,1.000000000000000e+03,1.000000000000000e+00,
1.560925304373902e-02,0.000000000000000e+00,2.961862409639856e+01,1.540730913684868e+09,1.540702812952216e+09,1.851941127272851e+03,1.560925304373902e-02,0.000000000000000e+00,-1.000000000000000e+03,1.027135208634811e+09,2.810073265215074e+04,3.311670523264226e+05,6.406497719496420e-03,4.869643464595748e+08,2.500000000000000e-07,4.745796524798695e-04,9.870445489191437e+10,9.870445489191437e+10,-1.806617878919904e+00,1.560925304373902e-02,1.000000000000000e+00,0.000000000000000e+00,1.913684996520388e+03,1.913684996520388e+03,-1.356565070602636e+03,2.961862409639856e+01,1.000000000000000e+03,1.000000000000000e+00,
7.506086956007067e-08,0.000000000000000e+00,-7.506086955992552e-08,5.470553461286349e+03,5.470553461248819e+03,1.367439425984785e+03,7.506086956007067e-08,0.000000000000000e+00,-1.000000000000000e+03,3.647035640832547e+03,3.753043478760359e-08,2.845689968433235e+05,3.514086253926681e-06,8.452716063417802e+08,0.000000000000000e+00,2.040179136741927e-17,7.288156256797391e+10,7.288156256797392e+10,-7.124586408708536e+00,7.506086956007067e-08,1.000000000000000e+00,0.000000000000000e+00,-9.999999999990090e-01,1.000000000100828e+00,-6.017491064763466e-01,7.506086956763892e-08,1.000000000000000e+03,1.000000000000000e+00,
7.507906139330903e-08,0.000000000000000e+00,-7.506086957133717e-08,5.472945789481972e+03,5.472945789444072e+03,1.367705942349284e+03,7.507906139330903e-08,0.000000000000000e+00,-1.000000000000000e+03,3.648630526296049e+03,3.789960857016415e-08,2.845967269928122e+05,3.530555489307395e-06,8.452733826682578e+08,0.000000000000000e+00,3.856442117486924e-10,7.289576731351913e+10,7.289576731351912e+10,-7.124481165382798e+00,7.507906139330903e-08,1.000000000000000e+00,0.000000000000000e+00,-1.000000000149625e+00,1.004784536723391e+00,-4.514600539472275e-01,7.543827991970304e-08,1.000000000000000e+03,1.000000000000000e+00,
1.341021727074067e-07,0.000000000000000e+00,-4.438641596053966e-08,1.089279311290412e+04,1.089279311289677e+04,1.606928373006165e+03,1.341021727074067e-07,0.000000000000000e+00,-1.000000000000000e+03,7.261862075264514e+03,4.572710199112959e-08,3.084833963531306e+05,3.771440071347412e-06,8.483521700052122e+08,0.000000000000000e+00,2.099131731067516e-09,8.564580524300638e+10,8.564580524300638e+10,-6.872564185704006e+00,1.341021727074067e-07,1.000000000000000e+00,0.000000000000000e+00,-3.309895362947248e-01,1.085958361991051e+00,-8.101539605729161e-02,8.456081036234166e-08,1.000000000000000e+03,1.000000000000000e+00,
1.493370252801560e-06,0.000000000000000e+00,5.349302504931216e-07,1.203162806808462e+05,1.203126980660198e+05,1.541335576534117e+03,1.493370252801560e-06,0.000000000000000e+00,-1.000000000000000e+03,8.020846537734651e+04,3.582614826463155e+00,3.021218501778091e+05,7.321171474712980e-03,8.291292070477808e+08,0.000000000000000e+00,9.312448411178153e-05,8.214985111937628e+10,8.214985111937628e+10,-5.825832503853353e+00,1.493370252801560e-06,1.000000000000000e+00,0.000000000000000e+00,1.501482147529570e+00,2.190439735748986e+03,2.944648757524799e-01,3.271137541922045e-03,1.000000000000000e+03,1.000000000000000e+00,
1.651792581613797e-05,0.000000000000000e+00,1.710076812947682e-02,1.320530290286654e+06,1.320521438198508e+06,1.511330498774145e+03,1.651792581613797e-05,0.000000000000000e+00,-1.000000000000000e+03,8.803476254656722e+05,8.852088145728946e+00,2.991667045480635e+05,7.315178690693577e-03,7.430056951409949e+08,0.000000000000000e+00,-1.211646255212031e-06,8.055064539913347e+10,8.055064539913348e+10,-4.782044488683995e+00,1.651792581613797e-05,1.000000000000000e+00,0.000000000000000e+00,1.035285441999589e+03,2.188457902075015e+03,2.047033489382468e+02,1.710076812947682e-02,1.000000000000000e+03,1.000000000000000e+00,
1.824069845664942e-04,0.000000000000000e+00,3.337889537834009e-01,1.458654820955265e+07,1.458624280714184e+07,1.500349358104613e+03,1.824069845664942e-04,0.000000000000000e+00,-1.000000000000000e+03,9.724161871427896e+06,3.054024108029765e+02,2.980778689504015e+05,6.139044249064749e-03,6.572130401326954e+08,0.000000000000000e+00,-1.698681164880554e-06,7.996537436221149e+10,7.996537436221149e+10,-3.738958536070043e+00,1.824069845664942e-04,1.000000000000000e+00,0.000000000000000e+00,1.829913227153439e+03,1.829913227153439e+03,-2.754621674883153e+02,3.337889537834009e-01,1.000000000000000e+03,1.000000000000000e+00,
2.003701913780558e-03,0.000000000000000e+00,3.833897606638387e+00,1.608320606130061e+08,1.608283927094229e+08,1.505982865885361e+03,2.003701913780558e-03,0.000000000000000e+00,-1.000000000000000e+03,1.072189284729486e+08,3.667903583136801e+03,2.986369556227431e+05,6.408391681754343e-03,5.718861716776521e+08,0.000000000000000e+00,-4.927783357942417e-08,8.026562813725821e+10,8.026562813725822e+10,-2.698166887011022e+00,2.003701913780558e-03,1.000000000000000e+00,0.000000000000000e+00,1.913407169135573e+03,1.913407169135573e+03,-8.237015342593032e+02,3.833897606638387e+00,1.000000000000000e+03,1.000000000000000e+00,
7.506086956007067e-08,0.000000000000000e+00,-7.506086955992552e-08,5.470553461286349e+03,5.470553461248819e+03,1.367439425984785e+03,7.506086956007067e-08,0.000000000000000e+00,-1.000000000000000e+03,3.647035640832547e+03,3.753043478760359e-08,2.845689968433235e+05,3.514086253926681e-06,8.452716063417802e+08,0.000000000000000e+00,2.040179136741927e-17,7.288156256797391e+10,7.288156256797392e+10,-7.124586408708536e+00,7.506086956007067e-08,1.000000000000000e+00,0.000000000000000e+00,-9.999999999990090e-01,1.000000000100828e+00,-6.017491064763466e-01,7.506086956763892e-08,1.000000000000000e+03,1.000000000000000e+00,
7.507906139330903e-08,0.000000000000000e+00,-7.506086957133717e-08,5.472945789481972e+03,5.472945789444072e+03,1.367705942349284e+03,7.507906139330903e-08,0.000000000000000e+00,-1.000000000000000e+03,3.648630526296049e+03,3.789960857016415e-08,2.845967269928122e+05,3.530555489307395e-06,8.452733826682578e+08,0.000000000000000e+00,3.856442117486924e-10,7.289576731351913e+10,7.289576731351912e+10,-7.124481165382798e+00,7.507906139330903e-08,1.000000000000000e+00,0.000000000000000e+00,-1.000000000149625e+00,1.004784536723391e+00,-4.514600539472275e-01,7.543827991970304e-08,1.000000000000000e+03,1.000000000000000e+00,
1.341021727074067e-07,0.000000000000000e+00,-4.438641596053966e-08,1.089279311290412e+04,1.089279311289677e+04,1.606928373006165e+03,1.341021727074067e-07,0.000000000000000e+00,-1.000000000000000e+03,7.261862075264514e+03,4.572710199112959e-08,3.084833963531306e+05,3.771440071347412e-06,8.483521700052122e+08,0.000000000000000e+00,2.099131731067516e-09,8.564580524300638e+10,8.564580524300638e+10,-6.872564185704006e+00,1.341021727074067e-07,1.000000000000000e+00,0.000000000000000e+00,-3.309895362947248e-01,1.085958361991051e+00,-8.101539605729161e-02,8.456081036234166e-08,1.000000000000000e+03,1.000000000000000e+00,
1.493370252801560e-06,0.000000000000000e+00,5.349302504931216e-07,1.203162806808462e+05,1.203126980660198e+05,1.541335576534117e+03,1.493370252801560e-06,0.000000000000000e+00,-1.000000000000000e+03,8.020846537734651e+04,3.582614826463155e+00,3.021218501778091e+05,7.321171474712980e-03,8.291292070477808e+08,0.000000000000000e+00,9.312448411178153e-05,8.214985111937628e+10,8.214985111937628e+10,-5.825832503853353e+00,1.493370252801560e-06,1.000000000000000e+00,0.000000000000000e+00,1.501482147529570e+00,2.190439735748986e+03,2.944648757524799e-01,3.271137541922045e-03,1.000000000000000e+03,1.000000000000000e+00,
1.651792581613797e-05,0.000000000000000e+00,1.710076812947682e-02,1.320530290286654e+06,1.320521438198508e+06,1.511330498774145e+03,1.651792581613797e-05,0.000000000000000e+00,-1.000000000000000e+03,8.803476254656722e+05,8.852088145728946e+00,2.991667045480635e+05,7.315178690693577e-03,7.430056951409949e+08,0.000000000000000e+00,-1.211646255212031e-06,8.055064539913347e+10,8.055064539913348e+10,-4.782044488683995e+00,1.651792581613797e-05,1.000000000000000e+00,0.000000000000000e+00,1.035285441999589e+03,2.188457902075015e+03,2.047033489382468e+02,1.710076812947682e-02,1.000000000000000e+03,1.000000000000000e+00,
1.824069845664942e-04,0.000000000000000e+00,3.337889537834009e-01,1.458654820955265e+07,1.458624280714184e+07,1.500349358104613e+03,1.824069845664942e-04,0.000000000000000e+00,-1.000000000000000e+03,9.724161871427896e+06,3.054024108029765e+02,2.980778689504015e+05,6.139044249064749e-03,6.572130401326954e+08,0.000000000000000e+00,-1.698681164880554e-06,7.996537436221149e+10,7.996537436221149e+10,-3.738958536070043e+00,1.824069845664942e-04,1.000000000000000e+00,0.000000000000000e+00,1.829913227153439e+03,1.829913227153439e+03,-2.754621674883153e+02,3.337889537834009e-01,1.000000000000000e+03,1.000000000000000e+00,
2.003701913780558e-03,0.000000000000000e+00,3.833897606638387e+00,1.608320606130061e+08,1.608283927094229e+08,1.505982865885361e+03,2.003701913780558e-03,0.000000000000000e+00,-1.000000000000000e+03,1.072189284729486e+08,3.667903583136801e+03,2.986369556227431e+05,6.408391681754343e-03,5.718861716776521e+08,0.000000000000000e+00,-4.927783357942417e-08,8.026562813725821e+10,8.026562813725822e+10,-2.698166887011022e+00,2.003701913780558e-03,1.000000000000000e+00,0.000000000000000e+00,1.913407169135573e+03,1.913407169135573e+03,-8.237015342593032e+02,3.833897606638387e+00,1.000000000000000e+03,1.000000000000000e+00,
7.506086956007067e-08,0.000000000000000e+00,-7.506086955992552e-08,5.470553461286349e+03,5.470553461248819e+03,1.367439425984785e+03,7.506086956007067e-08,0.000000000000000e+00,-1.000000000000000e+03,3.647035640832547e+03,3.753043478760359e-08,2.845689968433235e+05,3.514086253926681e-06,8.452716063417802e+08,0.000000000000000e+00,2.040179136741927e-17,7.288156256797391e+10,7.288156256797392e+10,-7.124586408708536e+00,7.506086956007067e-08,1.000000000000000e+00,0.000000000000000e+00,-9.999999999990090e-01,1.000000000100828e+00,-7.089458012482366e-01,7.506086956763892e-08,1.000000000000000e+03,1.000000000000000e+00,
7.507906139330903e-08,0.000000000000000e+00,-7.506086957133717e-08,5.472945789481972e+03,5.472945789444072e+03,1.367705942349284e+03,7.507906139330903e-08,0.000000000000000e+00,-1.000000000000000e+03,3.648630526296049e+03,3.789960857016415e-08,2.845967269928122e+05,3.530555489307395e-06,8.452733826682578e+08,0.000000000000000e+00,3.856442117486924e-10,7.289576731351913e+10,7.289576731351912e+10,-7.124481165382798e+00,7.507906139330903e-08,1.000000000000000e+00,0.000000000000000e+00,-1.000000000149625e+00,1.004784536723391e+00,-5.598652729554082e-01,7.543827991970304e-08,1.000000000000000e+03,1.000000000000000e+00,
1.341021727074067e-07,0.000000000000000e+00,-4.438641596053966e-08,1.089279311290412e+04,1.089279311289677e+04,1.606928373006165e+03,1.341021727074067e-07,0.000000000000000e+00,-1.000000000000000e+03,7.261862075264514e+03,4.572710199112959e-08,3.084833963531306e+05,3.771440071347412e-06,8.483521700052122e+08,0.000000000000000e+00,2.099131731067516e-09,8.564580524300638e+10,8.564580524300638e+10,-6.872564185704006e+00,1.341021727074067e-07,1.000000000000000e+00,0.000000000000000e+00,-3.309895362947248e-01,1.085958361991051e+00,-1.056503630405155e-01,8.456081036234166e-08,1.000000000000000e+03,1.000000000000000e+00,
1.493370252801560e-06,0.000000000000000e+00,5.349302504931216e-07,1.203162806808462e+05,1.203126980660198e+05,1.541335576534117e+03,1.493370252801560e-06,0.000000000000000e+00,-1.000000000000000e+03,8.020846537734651e+04,3.582614826463155e+00,3.021218501778091e+05,7.321171474712980e-03,8.291292070477808e+08,0.000000000000000e+00,9.312448411178153e-05,8.214985111937628e+10,8.214985111937628e+10,-5.825832503853353e+00,1.493370252801560e-06,1.000000000000000e+00,0.000000000000000e+00,1.501482147529570e+00,2.190439735748986e+03,4.309342479795110e-01,3.271137541922045e-03,1.000000000000000e+03,1.000000000000000e+00,
1.651792581613797e-05,0.000000000000000e+00,1.710076812947682e-02,1.320530290286654e+06,1.320521438198508e+06,1.511330498774145e+03,1.651792581613797e-05,0.000000000000000e+00,-1.000000000000000e+03,8.803476254656722e+05,8.852088145728946e+00,2.991667045480635e+05,7.315178690693577e-03,7.430056951409949e+08,0.000000000000000e+00,-1.211646255212031e-06,8.055064539913347e+10,8.055064539913348e+10,-4.782044488683995e+00,1.651792581613797e-05,1.000000000000000e+00,0.000000000000000e+00,1.035285441999589e+03,2.188457902075015e+03,3.029112033690098e+02,1.710076812947682e-02,1.000000000000000e+03,1.000000000000000e+00,
1.824069845664942e-04,0.000000000000000e+00,3.337889537834009e-01,1.458654820955265e+07,1.458624280714184e+07,1.500349358104613e+03,1.824069845664942e-04,0.000000000000000e+00,-1.000000000000000e+03,9.724161871427896e+06,3.054024108029765e+02,2.980778689504015e+05,6.139044249064749e-03,6.572130401326954e+08,0.000000000000000e+00,-1.698681164880554e-06,7.996537436221149e+10,7.996537436221149e+10,-3.738958536070043e+00,1.824069845664942e-04,1.000000000000000e+00,0.000000000000000e+00,1.829913227153439e+03,1.829913227153439e+03,-3.592240415449833e+02,3.337889537834009e-01,1.000000000000000e+03,1.000000000000000e+00,
2.003701913780558e-03,0.000000000000000e+00,3.833897606638387e+00,1.608320606130061e+08,1.608283927094229e+08,1.505982865885361e+03,2.003701913780558e-03,0.000000000000000e+00,-1.000000000000000e+03,1.072189284729486e+08,3.667903583136801e+03,2.986369556227431e+05,6.408391681754343e-03,5.718861716776521e+08,0.000000000000000e+00,-4.927783357942417e-08,8.026562813725821e+10,8.026562813725822e+10,-2.698166887011022e+00,2.003701913780558e-03,1.000000000000000e+00,0.000000000000000e+00,1.913407169135573e+03,1.913407169135573e+03,-1.021489897677148e+03,3.833897606638387e+00,1.000000000000000e+03,1.000000000000000e+00,
7.506086956007067e-08,0.000000000000000e+00,-7.506086955992552e-08,5.470553461286349e+03,5.470553461248819e+03,1.367439425984785e+03,7.506086956007067e-08,0.000000000000000e+00,-1.000000000000000e+03,3.647035640832547e+03,3.753043478760359e-08,2.845689968433235e+05,3.514086253926681e-06,8.452716063417802e+08,0.000000000000000e+00,2.040179136741927e-17,7.288156256797391e+10,7.288156256797392e+10,-7.124586408708536e+00,7.506086956007067e-08,1.000000000000000e+00,0.000000000000000e+00,-9.999999999990090e-01,1.000000000100828e+00,-8.337123015653738e-01,7.506086956763892e-08,1.000000000000000e+03,1.000000000000000e+00,
7.507906139330903e-08,0.000000000000000e+00,-7.506086957133717e-08,5.472945789481972e+03,5.472945789444072e+03,1.367705942349284e+03,7.507906139330903e-08,0.000000000000000e+00,-1.000000000000000e+03,3.648630526296049e+03,3.789960857016415e-08,2.845967269928122e+05,3.530555489307395e-06,8.452733826682578e+08,0.000000000000000e+00,3.856442117486924e-10,7.289576731351913e+10,7.289576731351912e+10,-7.124481165382798e+00,7.507906139330903e-08,1.000000000000000e+00,0.000000000000000e+00,-1.000000000149625e+00,1.004784536723391e+00,-7.132598692327924e-01,7.543827991970304e-08,1.000000000000000e+03,1.000000000000000e+00,
1.341021727074067e-07,0.000000000000000e+00,-4.438641596053966e-08,1.089279311290412e+04,1.089279311289677e+04,1.606928373006165e+03,1.341021727074067e-07,0.000000000000000e+00,-1.000000000000000e+03,7.261862075264514e+03,4.572710199112959e-08,3.084833963531306e+05,3.771440071347412e-06,8.483521700052122e+08,0.000000000000000e+00,2.099131731067516e-09,8.564580524300638e+10,8.564580524300638e+10,-6.872564185704006e+00,1.341021727074067e-07,1.000000000000000e+00,0.000000000000000e+00,-3.309895362947248e-01,1.085958361991051e+00,-1.494112615028441e-01,8.456081036234166e-08,1.000000000000000e+03,1.000000000000000e+00,
1.493370252801560e-06,0.000000000000000e+00,5.349302504931216e-07,1.203162806808462e+05,1.203126980660198e+05,1.541335576534117e+03,1.493370252801560e-06,0.000000000000000e+00,-1.000000000000000e+03,8.020846537734651e+04,3.582614826463155e+00,3.021218501778091e+05,7.321171474712980e-03,8.291292070477808e+08,0.000000000000000e+00,9.312448411178153e-05,8.214985111937628e+10,8.214985111937628e+10,-5.825832503853353e+00,1.493370252801560e-06,1.000000000000000e+00,0.000000000000000e+00,1.501482147529570e+00,2.190439735748986e+03,7.695646647748987e-01,3.271137541922045e-03,1.000000000000000e+03,1.000000000000000e+00,
1.651792581613797e-05,0.000000000000000e+00,1.710076812947682e-02,1.320530290286654e+06,1.320521438198508e+06,1.511330498774145e+03,1.651792581613797e-05,0.000000000000000e+00,-1.000000000000000e+03,8.803476254656722e+05,8.852088145728946e+00,2.991667045480635e+05,7.315178690693577e-03,7.430056951409949e+08,0.000000000000000e+00,-1.211646255212031e-06,8.055064539913347e+10,8.055064539913348e+10,-4.782044488683995e+00,1.651792581613797e-05,1.000000000000000e+00,0.000000000000000e+00,1.035285441999589e+03,2.188457902075015e+03,5.680289582043258e+02,1.710076812947682e-02,1.000000000000000e+03,1.000000000000000e+00,
1.824069845664942e-04,0.000000000000000e+00,3.337889537834009e-01,1.458654820955265e+07,1.458624280714184e+07,1.500349358104613e+03,1.824069845664942e-04,0.000000000000000e+00,-1.000000000000000e+03,9.724161871427896e+06,3.054024108029765e+02,2.980778689504015e+05,6.139044249064749e-03,6.572130401326954e+08,0.000000000000000e+00,-1.698681164880554e-06,7.996537436221149e+10,7.996537436221149e+10,-3.738958536070043e+00,1.824069845664942e-04,1.000000000000000e+00,0.000000000000000e+00,1.829913227153439e+03,1.829913227153439e+03,-5.080164011249396e+02,3.337889537834009e-01,1.000000000000000e+03,1.000000000000000e+00,
2.003701913780558e-03,0.000000000000000e+00,3.833897606638387e+00,1.608320606130061e+08,1.608283927094229e+08,1.505982865885361e+03,2.003701913780558e-03,0.000000000000000e+00,-1.000000000000000e+03,1.072189284729486e+08,3.667903583136801e+03,2.986369556227431e+05,6.408391681754343e-03,5.718861716776521e+08,0.000000000000000e+00,-4.927783357942417e-08,8.026562813725821e+10,8.026562813725822e+10,-2.698166887011022e+00,2.003701913780558e-03,1.000000000000000e+00,0.000000000000000e+00,1.913407169135573e+03,1.913407169135573e+03,-1.301362642111670e+03,3.833897606638387e+00,1.000000000000000e+03,1.000000000000000e+00,
7.506086956007067e-08,0.000000000000000e+00,-7.506086955992552e-08,5.470553461286349e+03,5.470553461248819e+03,1.367439425984785e+03,7.506086956007067e-08,0.000000000000000e+00,-1.000000000000000e+03,3.647035640832547e+03,3.753043478760359e-08,2.845689968433235e+05,3.514086253926681e-06,8.452716063417802e+08,0.000000000000000e+00,2.040179136741927e-17,7.288156256797391e+10,7.288156256797392e+10,-7.124586408708536e+00,7.506086956007067e-08,1.000000000000000e+00,0.000000000000000e+00,-9.999999999990090e-01,1.000000000100828e+00,-9.496653456733245e-01,7.506086956763892e-08,1.000000000000000e+03,1.000000000000000e+00,
7.507906139330903e-08,0.000000000000000e+00,-7.506086957133717e-08,5.472945789481972e+03,5.472945789444072e+03,1.367705942349284e+03,7.507906139330903e-08,0.000000000000000e+00,-1.000000000000000e+03,3.648630526296049e+03,3.789960857016415e-08,2.845967269928122e+05,3.530555489307395e-06,8.452733826682578e+08,0.000000000000000e+00,3.856442117486924e-10,7.289576731351913e+10,7.289576731351912e+10,-7.124481165382798e+00,7.507906139330903e-08,1.000000000000000e+00,0.000000000000000e+00,-1.000000000149625e+00,1.004784536723391e+00,-9.007998027590830e-01,7.543827991970304e-08,1.000000000000000e+03,1.000000000000000e+00,
1.341021727074067e-07,0.000000000000000e+00,-4.438641596053966e-08,1.089279311290412e+04,1.089279311289677e+04,1.606928373006165e+03,1.341021727074067e-07,0.000000000000000e+00,-1.000000000000000e+03,7.261862075264514e+03,4.572710199112959e-08,3.084833963531306e+05,3.771440071347412e-06,8.483521700052122e+08,0.000000000000000e+00,2.099131731067516e-09,8.564580524300638e+10,8.564580524300638e+10,-6.872564185704006e+00,1.341021727074067e-07,1.000000000000000e+00,0.000000000000000e+00,-3.309895362947248e-01,1.085958361991051e+00,-2.358662237973328e-01,8.456081036234166e-08,1.000000000000000e+03,1.000000000000000e+00,
1.493370252801560e-06,0.000000000000000e+00,5.349302504931216e-07,1.203162806808462e+05,1.203126980660198e+05,1.541335576534117e+03,1.493370252801560e-06,0.000000000000000e+00,-1.000000000000000e+03,8.020846537734651e+04,3.582614826463155e+00,3.021218501778091e+05,7.321171474712980e-03,8.291292070477808e+08,0.000000000000000e+00,9.312448411178153e-05,8.214985111937628e+10,8.214985111937628e+10,-5.825832503853353e+00,1.493370252801560e-06,1.000000000000000e+00,0.000000000000000e+00,1.501482147529570e+00,2.190439735748986e+03,1.501355541673489e+00,3.271137541922045e-03,1.000000000000000e+03,1.000000000000000e+00,
1.651792581613797e-05,0.000000000000000e+00,1.710076812947682e-02,1.320530290286654e+06,1.320521438198508e+06,1.511330498774145e+03,1.651792581613797e-05,0.000000000000000e+00,-1.000000000000000e+03,8.803476254656722e+05,8.852088145728946e+00,2.991667045480635e+05,7.315178690693577e-03,7.430056951409949e+08,0.000000000000000e+00,-1.211646255212031e-06,8.055064539913347e+10,8.055064539913348e+10,-4.782044488683995e+00,1.651792581613797e-05,1.000000000000000e+00,0.000000000000000e+00,1.035285441999589e+03,2.188457902075015e+03,2.152322300175572e+03,1.710076812947682e-02,1.000000000000000e+03,1.000000000000000e+00,
1.824069845664942e-04,0.000000000000000e+00,3.337889537834009e-01,1.458654820955265e+07,1.458624280714184e+07,1.500349358104613e+03,1.824069845664942e-04,0.000000000000000e+00,-1.000000000000000e+03,9.724161871427896e+06,3.054024108029765e+02,2.980778689504015e+05,6.139044249064749e-03,6.572130401326954e+08,0.000000000000000e+00,-1.698681164880554e-06,7.996537436221149e+10,7.996537436221149e+10,-3.738958536070043e+00,1.824069845664942e-04,1.000000000000000e+00,0.000000000000000e+00,1.829913227153439e+03,1.829913227153439e+03,-8.019737532178572e+02,3.337889537834009e-01,1.000000000000000e+03,1.000000000000000e+00,
2.003701913780558e-03,0.000000000000000e+00,3.833897606638387e+00,1.608320606130061e+08,1.608283927094229e+08,1.505982865885361e+03,2.003701913780558e-03,0.000000000000000e+00,-1.000000000000000e+03,1.072189284729486e+08,3.667903583136801e+03,2.986369556227431e+05,6.408391681754343e-03,5.718861716776521e+08,0.000000000000000e+00,-4.927783357942417e-08,8.026562813725821e+10,8.026562813725822e+10,-2.698166887011022e+00,2.003701913780558e-03,1.000000000000000e+00,0.000000000000000e+00,1.913407169135573e+03,1.913407169135573e+03,-1.643534512313392e+03,3.833897606638387e+00,1.000000000000000e+03,1.000000000000000e+00,
7.506086956007067e-08,0.000000000000000e+00,-7.506086955992552e-08,5.470553461286349e+03,5.470553461248819e+03,1.367439425984785e+03,7.506086956007067e-08,0.000000000000000e+00,-1.000000000000000e+03,3.647035640832547e+03,3.753043478760359e-08,2.845689968433235e+05,3.514086253926681e-06,8.452716063417802e+08,0.000000000000000e+00,2.040179136741927e-17,7.288156256797391e+10,7.288156256797392e+10,-7.124586408708536e+00,7.506086956007067e-08,1.000000000000000e+00,0.000000000000000e+00,-9.999999999990090e-01,1.000000000100828e+00,-9.496653456733245e-01,7.506086956763892e-08,1.000000000000000e+03,1.000000000000000e+00,
7.507906139330903e-08,0.000000000000000e+00,-7.506086957133717e-08,5.472945789481972e+03,5.472945789444072e+03,1.367705942349284e+03,7.507906139330903e-08,0.000000000000000e+00,-1.000000000000000e+03,3.648630526296049e+03,3.789960857016415e-08,2.845967269928122e+05,3.530555489307395e-06,8.452733826682578e+08,0.000000000000000e+00,3.856442117486924e-10,7.289576731351913e+10,7.289576731351912e+10,-7.124481165382798e+00,7.507906139330903e-08,1.000000000000000e+00,0.000000000000000e+00,-1.000000000149625e+00,1.004784536723391e+00,-9.007998027590830e-01,7.543827991970304e-08,1.000000000000000e+03,1.000000000000000e+00,
1.341021727074067e-07,0.000000000000000e+00,-4.438641596053966e-08,1.089279311290412e+04,1.089279311289677e+04,1.606928373006165e+03,1.341021727074067e-07,0.000000000000000e+00,-1.000000000000000e+03,7.261862075264514e+03,4.572710199112959e-08,3.084833963531306e+05,3.771440071347412e-06,8.483521700052122e+08,0.000000000000000e+00,2.099131731067516e-09,8.564580524300638e+10,8.564580524300638e+10,-6.872564185704006e+00,1.341021727074067e-07,1.000000000000000e+00,0.000000000000000e+00,-3.309895362947248e-01,1.085958361991051e+00,-2.358662237973328e-01,8.456081036234166e-08,1.000000000000000e+03,1.000000000000000e+00,
1.493370252801560e-06,0.000000000000000e+00,5.349302504931216e-07,1.203162806808462e+05,1.203126980660198e+05,1.541335576534117e+03,1.493370252801560e-06,0.000000000000000e+00,-1.000000000000000e+03,8.020846537734651e+04,3.582614826463155e+00,3.021218501778091e+05,7.321171474712980e-03,8.291292070477808e+08,0.000000000000000e+00,9.312448411178153e-05,8.214985111937628e+10,8.214985111937628e+10,-5.825832503853353e+00,1.493370252801560e-06,1.000000000000000e+00,0.000000000000000e+00,1.501482147529570e+00,2.190439735748986e+03,1.501355541673489e+00,3.271137541922045e-03,1.000000000000000e+03,1.000000000000000e+00,
1.651792581613797e-05,0.000000000000000e+00,1.710076812947682e-02,1.320530290286654e+06,1.320521438198508e+06,1.511330498774145e+03,1.651792581613797e-05,0.000000000000000e+00,-1.000000000000000e+03,8.803476254656722e+05,8.852088145728946e+00,2.991667045480635e+05,7.315178690693577e-03,7.430056951409949e+08,0.000000000000000e+00,-1.211646255212031e-06,8.055064539913347e+10,8.055064539913348e+10,-4.782044488683995e+00,1.651792581613797e-05,1.000000000000000e+00,0.000000000000000e+00,1.035285441999589e+03,2.188457902075015e+03,2.152322300175572e+03,1.710076812947682e-02,1.000000000000000e+03,1.000000000000000e+00,
1.824069845664942e-04,0.000000000000000e+00,3.337889537834009e-01,1.458654820955265e+07,1.458624280714184e+07,1.500349358104613e+03,1.824069845664942e-04,0.000000000000000e+00,-1.000000000000000e+03,9.724161871427896e+06,3.054024108029765e+02,2.980778689504015e+05,6.139044249064749e-03,6.572130401326954e+08,0.000000000000000e+00,-1.698681164880554e-06,7.996537436221149e+10,7.996537436221149e+10,-3.738958536070043e+00,1.824069845664942e-04,1.000000000000000e+00,0.000000000000000e+00,1.829913227153439e+03,1.829913227153439e+03,-8.019737532178572e+02,3.337889537834009e-01,1.000000000000000e+03,1.000000000000000e+00,
2.003701913780558e-03,0.000000000000000e+00,3.833897606638387e+00,1.608320606130061e+08,1.608283927094229e+08,1.505982865885361e+03,2.003701913780558e-03,0.000000000000000e+00,-1.000000000000000e+03,1.072189284729486e+08,3.667903583136801e+03,2.986369556227431e+05,6.408391681754343e-03,5.718861716776521e+08,0.000000000000000e+00,-4.927783357942417e-08,8.026562813725821e+10,8.026562813725822e+10,-2.698166887011022e+00,2.003701913780558e-03,1.000000000000000e+00,0.000000000000000e+00,1.913407169135573e+03,1.913407169135573e+03,-1.643534512313392e+03,3.833897606638387e+00,1.000000000000000e+03,1.000000000000000e+00,
7.506086956007067e-08,0.000000000000000e+00,-7.506086955992552e-08,5.470553461286349e+03,5.470553461248819e+03,1.367439425984785e+03,7.506086956007067e-08,0.000000000000000e+00,-1.000000000000000e+03,3.647035640832547e+03,3.753043478760359e-08,2.845689968433235e+05,3.514086253926681e-06,8.452716063417802e+08,0.000000000000000e+00,2.040179136741927e-17,7.288156256797391e+10,7.288156256797392e+10,-7.124586408708536e+00,7.506086956007067e-08,1.000000000000000e+00,0.000000000000000e+00,-9.999999999990090e-01,1.000000000100828e+00,-8.337123015653738e-01,7.506086956763892e-08,1.000000000000000e+03,1.000000000000000e+00,
7.507906139330903e-08,0.000000000000000e+00,-7.506086957133717e-08,5.472945789481972e+03,5.472945789444072e+03,1.367705942349284e+03,7.507906139330903e-08,0.000000000000000e+00,-1.000000000000000e+03,3.648630526296049e+03,3.789960857016415e-08,2.845967269928122e+05,3.530555489307395e-06,8.452733826682578e+08,0.000000000000000e+00,3.856442117486924e-10,7.289576731351913e+10,7.289576731351912e+10,-7.124481165382798e+00,7.507906139330903e-08,1.000000000000000e+00,0.000000000000000e+00,-1.000000000149625e+00,1.004784536723391e+00,-7.132598692327924e-01,7.543827991970304e-08,1.000000000000000e+03,1.000000000000000e+00,
1.341021727074067e-07,0.000000000000000e+00,-4.438641596053966e-08,1.089279311290412e+04,1.089279311289677e+04,1.606928373006165e+03,1.341021727074067e-07,0.000000000000000e+00,-1.000000000000000e+03,7.261862075264514e+03,4.572710199112959e-08,3.084833963531306e+05,3.771440071347412e-06,8.483521700052122e+08,0.000000000000000e+00,2.099131731067516e-09,8.564580524300638e+10,8.564580524300638e+10,-6.872564185704006e+00,1.341021727074067e-07,1.000000000000000e+00,0.000000000000000e+00,-3.309895362947248e-01,1.085958361991051e+00,-1.494112615028441e-01,8.456081036234166e-08,1.000000000000000e+03,1.000000000000000e+00,
1.493370252801560e-06,0.000000000000000e+00,5.349302504931216e-07,1.203162806808462e+05,1.203126980660198e+05,1.541335576534117e+03,1.493370252801560e-06,0.000000000000000e+00,-1.000000000000000e+03,8.020846537734651e+04,3.582614826463155e+00,3.021218501778091e+05,7.321171474712980e-03,8.291292070477808e+08,0.000000000000000e+00,9.312448411178153e-05,8.214985111937628e+10,8.214985111937628e+10,-5.825832503853353e+00,1.493370252801560e-06,1.000000000000000e+00,0.000000000000000e+00,1.501482147529570e+00,2.190439735748986e+03,7.695646647748987e-01,3.271137541922045e-03,1.000000000000000e+03,1.000000000000000e+00,
1.651792581613797e-05,0.000000000000000e+00,1.710076812947682e-02,1.320530290286654e+06,1.320521438198508e+06,1.511330498774145e+03,1.651792581613797e-05,0.000000000000000e+00,-1.000000000000000e+03,8.803476254656722e+05,8.852088145728946e+00,2.991667045480635e+05,7.315178690693577e-03,7.430056951409949e+08,0.000000000000000e+00,-1.211646255212031e-06,8.055064539913347e+10,8.055064539913348e+10,-4.782044488683995e+00,1.651792581613797e-05,1.000000000000000e+00,0.000000000000000e+00,1.035285441999589e+03,2.188457902075015e+03,5.680289582043258e+02,1.710076812947682e-02,1.000000000000000e+03,1.000000000000000e+00,
1.824069845664942e-04,0.000000000000000e+00,3.337889537834009e-01,1.458654820955265e+07,1.458624280714184e+07,1.500349358104613e+03,1.824069845664942e-04,0.000000000000000e+00,-1.000000000000000e+03,9.724161871427896e+06,3.054024108029765e+02,2.980778689504015e+05,6.139044249064749e-03,6.572130401326954e+08,0.000000000000000e+00,-1.698681164880554e-06,7.996537436221149e+10,7.996537436221149e+10,-3.738958536070043e+00,1.824069845664942e-04,1.000000000000000e+00,0.000000000000000e+00,1.829913227153439e+03,1.829913227153439e+03,-5.080164011249396e+02,3.337889537834009e-01,1.000000000000000e+03,1.000000000000000e+00,
2.003701913780558e-03,0.000000000000000e+00,3.833897606638387e+00,1.608320606130061e+08,1.608283927094229e+08,1.505982865885361e+03,2.003701913780558e-03,0.000000000000000e+00,-1.000000000000000e+03,1.072189284729486e+08,3.667903583136801e+03,2.986369556227431e+05,6.408391681754343e-03,5.718861716776521e+08,0.000000000000000e+00,-4.927783357942417e-08,8.026562813725821e+10,8.026562813725822e+10,-2.698166887011022e+00,2.003701913780558e-03,1.000000000000000e+00,0.000000000000000e+00,1.913407169135573e+03,1.913407169135573e+03,-1.301362642111670e+03,3.833897606638387e+00,1.000000000000000e+03,1.000000000000000e+00,
7.506086956007067e-08,0.000000000000000e+00,-7.506086955992552e-08,5.470553461286349e+03,5.470553461248819e+03,1.367439425984785e+03,7.506086956007067e-08,0.000000000000000e+00,-1.000000000000000e+03,3.647035640832547e+03,3.753043478760359e-08,2.845689968433235e+05,3.514086253926681e-06,8.452716063417802e+08,0.000000000000000e+00,2.040179136741927e-17,7.288156256797391e+10,7.288156256797392e+10,-7.124586408708536e+00,7.506086956007067e-08,1.000000000000000e+00,0.000000000000000e+00,-9.999999999990090e-01,1.000000000100828e+00,-7.089458012482366e-01,7.506086956763892e-08,1.000000000000000e+03,1.000000000000000e+00,
7.507906139330903e-08,0.000000000000000e+00,-7.506086957133717e-08,5.472945789481972e+03,5.472945789444072e+03,1.367705942349284e+03,7.507906139330903e-08,0.000000000000000e+00,-1.000000000000000e+03,3.648630526296049e+03,3.789960857016415e-08,2.845967269928122e+05,3.530555489307395e-06,8.452733826682578e+08,0.000000000000000e+00,3.856442117486924e-10,7.289576731351913e+10,7.289576731351912e+10,-7.124481165382798e+00,7.507906139330903e-08,1.000000000000000e+00,0.000000000000000e+00,-1.000000000149625e+00,1.004784536723391e+00,-5.598652729554082e-01,7.543827991970304e-08,1.000000000000000e+03,1.000000000000000e+00,
1.341021727074067e-07,0.000000000000000e+00,-4.438641596053966e-08,1.089279311290412e+04,1.089279311289677e+04,1.606928373006165e+03,1.341021727074067e-07,0.000000000000000e+00,-1.000000000000000e+03,7.261862075264514e+03,4.572710199112959e-08,3.084833963531306e+05,3.771440071347412e-06,8.483521700052122e+08,0.000000000000000e+00,2.099131731067516e-09,8.564580524300638e+10,8.564580524300638e+10,-6.872564185704006e+00,1.341021727074067e-07,1.000000000000000e+00,0.000000000000000e+00,-3.309895362947248e-01,1.085958361991051e+00,-1.056503630405155e-01,8.456081036234166e-08,1.000000000000000e+03,1.000000000000000e+00,
1.493370252801560e-06,0.000000000000000e+00,5.349302504931216e-07,1.203162806808462e+05,1.203126980660198e+05,1.541335576534117e+03,1.493370252801560e-06,0.000000000000000e+00,-1.000000000000000e+03,8.020846537734651e+04,3.582614826463155e+00,3.021218501778091e+05,7.321171474712980e-03,8.291292070477808e+08,0.000000000000000e+00,9.312448411178153e-05,8.214985111937628e+10,8.214985111937628e+10,-5.825832503853353e+00,1.493370252801560e-06,1.000000000000000e+00,0.000000000000000e+00,1.501482147529570e+00,2.190439735748986e+03,4.309342479795110e-01,3.271137541922045e-03,1.000000000000000e+03,1.000000000000000e+00,
1.651792581613797e-05,0.000000000000000e+00,1.710076812947682e-02,1.320530290286654e+06,1.320521438198508e+06,1.511330498774145e+03,1.651792581613797e-05,0.000000000000000e+00,-1.000000000000000e+03,8.803476254656722e+05,8.852088145728946e+00,2.991667045480635e+05,7.315178690693577e-03,7.430056951409949e+08,0.000000000000000e+00,-1.211646255212031e-06,8.055064539913347e+10,8.055064539913348e+10,-4.782044488683995e+00,1.651792581613797e-05,1.000000000000000e+00,0.000000000000000e+00,1.035285441999589e+03,2.188457902075015e+03,3.029112033690098e+02,1.710076812947682e-02,1.000000000000000e+03,1.000000000000000e+00,
1.824069845664942e-04,0.000000000000000e+00,3.337889537834009e-01,1.458654820955265e+07,1.458624280714184e+07,1.500349358104613e+03,1.824069845664942e-04,0.000000000000000e+00,-1.000000000000000e+03,9.724161871427896e+06,3.054024108029765e+02,2.980778689504015e+05,6.139044249064749e-03,6.572130401326954e+08,0.000000000000000e+00,-1.698681164880554e-06,7.996537436221149e+10,7.996537436221149e+10,-3.738958536070043e+00,1.824069845664942e-04,1.000000000000000e+00,0.000000000000000e+00,1.829913227153439e+03,1.829913227153439e+03,-3.592240415449833e+02,3.337889537834009e-01,1.000000000000000e+03,1.000000000000000e+00,
2.003701913780558e-03,0.000000000000000e+00,3.833897606638387e+00,1.608320606130061e+08,1.608283927094229e+08,1.505982865885361e+03,2.003701913780558e-03,0.000000000000000e+00,-1.000000000000000e+03,1.072189284729486e+08,3.667903583136801e+03,2.986369556227431e+05,6.408391681754343e-03,5.718861716776521e+08,0.000000000000000e+00,-4.927783357942417e-08,8.026562813725821e+10,8.026562813725822e+10,-2.698166887011022e+00,2.003701913780558e-03,1.000000000000000e+00,0.000000000000000e+00,1.913407169135573e+03,1.913407169135573e+03,-1.021489897677148e+03,3.833897606638387e+00,1.000000000000000e+03,1.000000000000000e+00,

