1
0
28
0
(64 0
((0,0) (63,63) (0,0))
((448,0) (511,63) (0,0))
((384,0) (447,63) (0,0))
((320,0) (383,63) (0,0))
((256,0) (319,63) (0,0))
((192,0) (255,63) (0,0))
((128,0) (191,63) (0,0))
((64,0) (127,63) (0,0))
((0,448) (63,511) (0,0))
((0,384) (63,447) (0,0))
((0,320) (63,383) (0,0))
((0,256) (63,319) (0,0))
((0,192) (63,255) (0,0))
((0,128) (63,191) (0,0))
((0,64) (63,127) (0,0))
((448,448) (511,511) (0,0))
((448,384) (511,447) (0,0))
((448,320) (511,383) (0,0))
((448,256) (511,319) (0,0))
((448,192) (511,255) (0,0))
((448,128) (511,191) (0,0))
((448,64) (511,127) (0,0))
((384,448) (447,511) (0,0))
((384,384) (447,447) (0,0))
((384,320) (447,383) (0,0))
((384,256) (447,319) (0,0))
((384,192) (447,255) (0,0))
((384,128) (447,191) (0,0))
((384,64) (447,127) (0,0))
((320,448) (383,511) (0,0))
((320,384) (383,447) (0,0))
((320,320) (383,383) (0,0))
((320,256) (383,319) (0,0))
((320,192) (383,255) (0,0))
((320,128) (383,191) (0,0))
((320,64) (383,127) (0,0))
((256,448) (319,511) (0,0))
((256,384) (319,447) (0,0))
((256,320) (319,383) (0,0))
((256,256) (319,319) (0,0))
((256,192) (319,255) (0,0))
((256,128) (319,191) (0,0))
((256,64) (319,127) (0,0))
((192,448) (255,511) (0,0))
((192,384) (255,447) (0,0))
((192,320) (255,383) (0,0))
((192,256) (255,319) (0,0))
((192,192) (255,255) (0,0))
((192,128) (255,191) (0,0))
((192,64) (255,127) (0,0))
((128,448) (191,511) (0,0))
((128,384) (191,447) (0,0))
((128,320) (191,383) (0,0))
((128,256) (191,319) (0,0))
((128,192) (191,255) (0,0))
((128,128) (191,191) (0,0))
((128,64) (191,127) (0,0))
((64,448) (127,511) (0,0))
((64,384) (127,447) (0,0))
((64,320) (127,383) (0,0))
((64,256) (127,319) (0,0))
((64,192) (127,255) (0,0))
((64,128) (127,191) (0,0))
((64,64) (127,127) (0,0))
)
64
FabOnDisk: Cell_D_0000 0
FabOnDisk: Cell_D_0001 0
FabOnDisk: Cell_D_0001 917590
FabOnDisk: Cell_D_0001 1835180
FabOnDisk: Cell_D_0001 2752770
FabOnDisk: Cell_D_0000 917587
FabOnDisk: Cell_D_0000 1835177
FabOnDisk: Cell_D_0000 2752767
FabOnDisk: Cell_D_0002 0
FabOnDisk: Cell_D_0002 917590
FabOnDisk: Cell_D_0002 1835180
FabOnDisk: Cell_D_0002 2752770
FabOnDisk: Cell_D_0000 3670356
FabOnDisk: Cell_D_0000 4587946
FabOnDisk: Cell_D_0000 5505536
FabOnDisk: Cell_D_0003 0
FabOnDisk: Cell_D_0003 917593
FabOnDisk: Cell_D_0003 1835186
FabOnDisk: Cell_D_0003 2752779
FabOnDisk: Cell_D_0001 3670360
FabOnDisk: Cell_D_0001 4587953
FabOnDisk: Cell_D_0001 5505546
FabOnDisk: Cell_D_0003 3670372
FabOnDisk: Cell_D_0003 4587965
FabOnDisk: Cell_D_0003 5505558
FabOnDisk: Cell_D_0003 6423151
FabOnDisk: Cell_D_0001 6423138
FabOnDisk: Cell_D_0001 7340731
FabOnDisk: Cell_D_0001 8258324
FabOnDisk: Cell_D_0003 7340744
FabOnDisk: Cell_D_0003 8258337
FabOnDisk: Cell_D_0003 9175930
FabOnDisk: Cell_D_0003 10093523
FabOnDisk: Cell_D_0001 9175916
FabOnDisk: Cell_D_0001 10093509
FabOnDisk: Cell_D_0001 11011102
FabOnDisk: Cell_D_0003 11011116
FabOnDisk: Cell_D_0003 11928709
FabOnDisk: Cell_D_0003 12846302
FabOnDisk: Cell_D_0003 13763895
FabOnDisk: Cell_D_0001 11928694
FabOnDisk: Cell_D_0001 12846287
FabOnDisk: Cell_D_0001 13763880
FabOnDisk: Cell_D_0002 3670360
FabOnDisk: Cell_D_0002 4587953
FabOnDisk: Cell_D_0002 5505546
FabOnDisk: Cell_D_0002 6423139
FabOnDisk: Cell_D_0000 6423125
FabOnDisk: Cell_D_0000 7340718
FabOnDisk: Cell_D_0000 8258311
FabOnDisk: Cell_D_0002 7340732
FabOnDisk: Cell_D_0002 8258325
FabOnDisk: Cell_D_0002 9175918
FabOnDisk: Cell_D_0002 10093511
FabOnDisk: Cell_D_0000 9175903
FabOnDisk: Cell_D_0000 10093496
FabOnDisk: Cell_D_0000 11011089
FabOnDisk: Cell_D_0002 11011104
FabOnDisk: Cell_D_0002 11928696
FabOnDisk: Cell_D_0002 12846288
FabOnDisk: Cell_D_0002 13763880
FabOnDisk: Cell_D_0000 11928681
FabOnDisk: Cell_D_0000 12846273
FabOnDisk: Cell_D_0000 13763865

64,28
2.779666681306668e-03,0.000000000000000e+00,6.117845847577400e+00,2.239209748048266e+08,2.239142423361342e+08,1.511400003648639e+03,2.779666681306668e-03,0.000000000000000e+00,-1.000000000000000e+03,1.492761615574228e+08,6.732468692455930e+03,2.991735836870755e+05,6.692400628625703e-03,4.178578815673600e+08,0.000000000000000e+00,-3.334378992868778e-07,8.055434985855080e+10,8.055434985855081e+10,-2.556007278595631e+00,2.779666681306668e-03,1.000000000000000e+00,0.000000000000000e+00,2.200927862581537e+03,2.200927862581537e+03,-1.771109916735881e+03,6.117845847577400e+00,1.000000000000000e+03,1.000000000000000e+00,
2.779666681306668e-03,0.000000000000000e+00,6.117845847577400e+00,2.239209748048266e+08,2.239142423361342e+08,1.511400003648639e+03,2.779666681306668e-03,0.000000000000000e+00,-1.000000000000000e+03,1.492761615574228e+08,6.732468692455930e+03,2.991735836870755e+05,6.692400628625703e-03,4.178578815673600e+08,0.000000000000000e+00,-3.334378992868778e-07,8.055434985855080e+10,8.055434985855081e+10,-2.556007278595631e+00,2.779666681306668e-03,1.000000000000000e+00,0.000000000000000e+00,2.200927862581537e+03,2.200927862581537e+03,-1.771109916735881e+03,6.117845847577400e+00,1.000000000000000e+03,1.000000000000000e+00,
2.779666681306668e-03,0.000000000000000e+00,6.117845847577400e+00,2.239209748048266e+08,2.239142423361342e+08,1.511400003648639e+03,2.779666681306668e-03,0.000000000000000e+00,-1.000000000000000e+03,1.492761615574228e+08,6.732468692455930e+03,2.991735836870755e+05,6.692400628625703e-03,4.178578815673600e+08,0.000000000000000e+00,-3.334378992868778e-07,8.055434985855080e+10,8.055434985855081e+10,-2.556007278595631e+00,2.779666681306668e-03,1.000000000000000e+00,0.000000000000000e+00,2.200927862581537e+03,2.200927862581537e+03,-1.981089304096899e+03,6.117845847577400e+00,1.000000000000000e+03,1.000000000000000e+00,
2.779666681306668e-03,0.000000000000000e+00,6.117845847577400e+00,2.239209748048266e+08,2.239142423361342e+08,1.511400003648639e+03,2.779666681306668e-03,0.000000000000000e+00,-1.000000000000000e+03,1.492761615574228e+08,6.732468692455930e+03,2.991735836870755e+05,6.692400628625703e-03,4.178578815673600e+08,0.000000000000000e+00,-3.334378992868778e-07,8.055434985855080e+10,8.055434985855081e+10,-2.556007278595631e+00,2.779666681306668e-03,1.000000000000000e+00,0.000000000000000e+00,2.200927862581537e+03,2.200927862581537e+03,-2.150078789613660e+03,6.117845847577400e+00,1.000000000000000e+03,1.000000000000000e+00,
2.779666681306668e-03,0.000000000000000e+00,6.117845847577400e+00,2.239209748048266e+08,2.239142423361342e+08,1.511400003648639e+03,2.779666681306668e-03,0.000000000000000e+00,-1.000000000000000e+03,1.492761615574228e+08,6.732468692455930e+03,2.991735836870755e+05,6.692400628625703e-03,4.178578815673600e+08,0.000000000000000e+00,-3.334378992868778e-07,8.055434985855080e+10,8.055434985855081e+10,-2.556007278595631e+00,2.779666681306668e-03,1.000000000000000e+00,0.000000000000000e+00,2.200927862581537e+03,2.200927862581537e+03,-2.219482388978634e+03,6.117845847577400e+00,1.000000000000000e+03,1.000000000000000e+00,
2.779666681306668e-03,0.000000000000000e+00,6.117845847577400e+00,2.239209748048266e+08,2.239142423361342e+08,1.511400003648639e+03,2.779666681306668e-03,0.000000000000000e+00,-1.000000000000000e+03,1.492761615574228e+08,6.732468692455930e+03,2.991735836870755e+05,6.692400628625703e-03,4.178578815673600e+08,0.000000000000000e+00,-3.334378992868778e-07,8.055434985855080e+10,8.055434985855081e+10,-2.556007278595631e+00,2.779666681306668e-03,1.000000000000000e+00,0.000000000000000e+00,2.200927862581537e+03,2.200927862581537e+03,-2.219482388978634e+03,6.117845847577400e+00,1.000000000000000e+03,1.000000000000000e+00,
2.779666681306668e-03,0.000000000000000e+00,6.117845847577400e+00,2.239209748048266e+08,2.239142423361342e+08,1.511400003648639e+03,2.779666681306668e-03,0.000000000000000e+00,-1.000000000000000e+03,1.492761615574228e+08,6.732468692455930e+03,2.991735836870755e+05,6.692400628625703e-03,4.178578815673600e+08,0.000000000000000e+00,-3.334378992868778e-07,8.055434985855080e+10,8.055434985855081e+10,-2.556007278595631e+00,2.779666681306668e-03,1.000000000000000e+00,0.000000000000000e+00,2.200927862581537e+03,2.200927862581537e+03,-2.150078789613660e+03,6.117845847577400e+00,1.000000000000000e+03,1.000000000000000e+00,
2.779666681306668e-03,0.000000000000000e+00,6.117845847577400e+00,2.239209748048266e+08,2.239142423361342e+08,1.511400003648639e+03,2.779666681306668e-03,0.000000000000000e+00,-1.000000000000000e+03,1.492761615574228e+08,6.732468692455930e+03,2.991735836870755e+05,6.692400628625703e-03,4.178578815673600e+08,0.000000000000000e+00,-3.334378992868778e-07,8.055434985855080e+10,8.055434985855081e+10,-2.556007278595631e+00,2.779666681306668e-03,1.000000000000000e+00,0.000000000000000e+00,2.200927862581537e+03,2.200927862581537e+03,-1.981089304096899e+03,6.117845847577400e+00,1.000000000000000e+03,1.000000000000000e+00,
7.506086971485023e-08,0.000000000000000e+00,-7.507085616800736e-08,3.938433875420080e+03,3.938433875382550e+03,9.844652437593380e+02,7.506086971485023e-08,0.000000000000000e+00,-1.000000000000000e+03,2.625622583588367e+03,3.753043765474003e-08,2.414536240885264e+05,4.141582222527994e-06,8.277581161612372e+08,0.000000000000000e+00,-5.606959896375940e-16,5.246986732693506e+10,5.246986732693507e+10,-7.124586407812997e+00,7.506086971485023e-08,1.000000000000000e+00,0.000000000000000e+00,-1.000107805742691e+00,1.000000037193377e+00,-7.986852091033346e-01,7.506087251771272e-08,1.000000000000000e+03,1.000000000000000e+00,
7.506303102017092e-08,0.000000000000000e+00,-7.665943531312627e-08,3.938658476064689e+03,3.938658476027148e+03,9.844930382255167e+02,7.506303102017092e-08,0.000000000000000e+00,-1.000000000000000e+03,2.625772317351432e+03,3.754053114702491e-08,2.414570325517825e+05,4.087546347300079e-06,8.277585978092138e+08,0.000000000000000e+00,-4.047454616660506e-10,5.247134871184129e+10,5.247134871184129e+10,-7.124573902902454e+00,7.506303102017092e-08,1.000000000000000e+00,0.000000000000000e+00,-1.003670244386816e+00,9.995123853587754e-01,-7.053476681682780e-01,7.507204611575234e-08,1.000000000000000e+03,1.000000000000000e+00,
7.683323900236798e-08,0.000000000000000e+00,-7.762180373316563e-08,4.143733007001508e+03,4.143733006963195e+03,1.011889396497972e+03,7.683323900236798e-08,0.000000000000000e+00,-1.000000000000000e+03,2.762488671308797e+03,8.893415261876882e-09,2.447935986093237e+05,1.036472169963288e-06,8.283932832228036e+08,0.000000000000000e+00,-1.756340707694815e-08,5.393151532809240e+10,5.393151532809240e+10,-7.114450858192818e+00,7.683323900236798e-08,1.000000000000000e+00,0.000000000000000e+00,-9.986487177419719e-01,3.313714046693303e-01,-5.514528800368967e-01,5.090427065743875e-08,1.000000000000000e+03,1.000000000000000e+00,
1.682260230387211e-07,0.000000000000000e+00,-5.268567944438058e-08,1.548230334469464e+04,1.548230334468639e+04,1.541712628435422e+03,1.682260230387211e-07,0.000000000000000e+00,-1.000000000000000e+03,1.032153556312426e+04,1.804949971357515e-12,3.021588014601645e+05,1.204898576968823e-08,7.347931530304687e+08,0.000000000000000e+00,-2.883311835098419e-04,8.216994716985878e+10,8.216994716985876e+10,-6.774106821927277e+00,1.682260230387211e-07,1.000000000000000e+00,0.000000000000000e+00,-3.131838849465862e-01,3.884770583861889e-03,-9.810993520920784e-02,9.292440479526060e-10,1.000000000000000e+03,1.000000000000000e+00,
2.090261043388769e-06,0.000000000000000e+00,2.884825046935836e-03,1.715890741879319e+05,1.715870834759159e+05,1.504217410658712e+03,2.090261043388769e-06,0.000000000000000e+00,-1.000000000000000e+03,1.143913889839439e+05,1.990712016030357e+00,2.984618590814749e+05,4.569810332285296e-03,6.481384396986823e+08,0.000000000000000e+00,-3.872557661001678e-06,8.017153319373320e+10,8.017153319373320e+10,-5.679799473399058e+00,2.090261043388769e-06,1.000000000000000e+00,0.000000000000000e+00,1.380126686119024e+03,1.380126686119024e+03,-5.756687442583303e+02,2.884825046935836e-03,1.000000000000000e+03,1.000000000000000e+00,
2.308364253508677e-05,0.000000000000000e+00,4.255870175738126e-02,1.850517874860835e+06,1.850478642683926e+06,1.500774471283076e+03,2.308364253508677e-05,0.000000000000000e+00,-1.000000000000000e+03,1.233652428455951e+06,3.923217690883634e+01,2.981200950675424e+05,6.177537884692236e-03,5.627089246378938e+08,0.000000000000000e+00,-3.005800760088107e-06,7.998803197477246e+10,7.998803197477245e+10,-4.636695659638082e+00,2.308364253508677e-05,1.000000000000000e+00,0.000000000000000e+00,1.843673575030142e+03,1.843673575030142e+03,-1.163435519637800e+03,4.255870175738126e-02,1.000000000000000e+03,1.000000000000000e+00,
2.546736151865534e-04,0.000000000000000e+00,5.371704222428146e-01,2.037132404280845e+07,2.037075752934705e+07,1.500752574748180e+03,2.546736151865534e-04,0.000000000000000e+00,-1.000000000000000e+03,1.358050501956470e+07,5.665134613987275e+02,2.981179202501397e+05,7.075184668400065e-03,4.781050231697950e+08,0.000000000000000e+00,-1.163850666396343e-06,7.998686493684174e+10,7.998686493684175e+10,-3.594016046683202e+00,2.546736151865534e-04,1.000000000000000e+00,0.000000000000000e+00,2.109250390345018e+03,2.109250390345018e+03,-1.551756589785923e+03,5.371704222428146e-01,1.000000000000000e+03,1.000000000000000e+00,
7.506086971485023e-08,0.000000000000000e+00,-7.507085616800736e-08,3.938433875420080e+03,3.938433875382550e+03,9.844652437593380e+02,7.506086971485023e-08,0.000000000000000e+00,-1.000000000000000e+03,2.625622583588367e+03,3.753043765474003e-08,2.414536240885264e+05,4.141582222527994e-06,8.277581161612372e+08,0.000000000000000e+00,-5.606959896375940e-16,5.246986732693506e+10,5.246986732693507e+10,-7.124586407812997e+00,7.506086971485023e-08,1.000000000000000e+00,0.000000000000000e+00,-1.000107805742691e+00,1.000000037193377e+00,-7.986852091033346e-01,7.506087251771272e-08,1.000000000000000e+03,1.000000000000000e+00,
7.506303102017092e-08,0.000000000000000e+00,-7.665943531312627e-08,3.938658476064689e+03,3.938658476027148e+03,9.844930382255167e+02,7.506303102017092e-08,0.000000000000000e+00,-1.000000000000000e+03,2.625772317351432e+03,3.754053114702491e-08,2.414570325517825e+05,4.087546347300079e-06,8.277585978092138e+08,0.000000000000000e+00,-4.047454616660506e-10,5.247134871184129e+10,5.247134871184129e+10,-7.124573902902454e+00,7.506303102017092e-08,1.000000000000000e+00,0.000000000000000e+00,-1.003670244386816e+00,9.995123853587754e-01,-7.053476681682780e-01,7.507204611575234e-08,1.000000000000000e+03,1.000000000000000e+00,
7.683323900236798e-08,0.000000000000000e+00,-7.762180373316563e-08,4.143733007001508e+03,4.143733006963195e+03,1.011889396497972e+03,7.683323900236798e-08,0.000000000000000e+00,-1.000000000000000e+03,2.762488671308797e+03,8.893415261876882e-09,2.447935986093237e+05,1.036472169963288e-06,8.283932832228036e+08,0.000000000000000e+00,-1.756340707694815e-08,5.393151532809240e+10,5.393151532809240e+10,-7.114450858192818e+00,7.683323900236798e-08,1.000000000000000e+00,0.000000000000000e+00,-9.986487177419719e-01,3.313714046693303e-01,-5.514528800368967e-01,5.090427065743875e-08,1.000000000000000e+03,1.000000000000000e+00,
1.682260230387211e-07,0.000000000000000e+00,-5.268567944438058e-08,1.548230334469464e+04,1.548230334468639e+04,1.541712628435422e+03,1.682260230387211e-07,0.000000000000000e+00,-1.000000000000000e+03,1.032153556312426e+04,1.804949971357515e-12,3.021588014601645e+05,1.204898576968823e-08,7.347931530304687e+08,0.000000000000000e+00,-2.883311835098419e-04,8.216994716985878e+10,8.216994716985876e+10,-6.774106821927277e+00,1.682260230387211e-07,1.000000000000000e+00,0.000000000000000e+00,-3.131838849465862e-01,3.884770583861889e-03,-9.810993520920784e-02,9.292440479526060e-10,1.000000000000000e+03,1.000000000000000e+00,
2.090261043388769e-06,0.000000000000000e+00,2.884825046935836e-03,1.715890741879319e+05,1.715870834759159e+05,1.504217410658712e+03,2.090261043388769e-06,0.000000000000000e+00,-1.000000000000000e+03,1.143913889839439e+05,1.990712016030357e+00,2.984618590814749e+05,4.569810332285296e-03,6.481384396986823e+08,0.000000000000000e+00,-3.872557661001678e-06,8.017153319373320e+10,8.017153319373320e+10,-5.679799473399058e+00,2.090261043388769e-06,1.000000000000000e+00,0.000000000000000e+00,1.380126686119024e+03,1.380126686119024e+03,-5.756687442583303e+02,2.884825046935836e-03,1.000000000000000e+03,1.000000000000000e+00,
2.308364253508677e-05,0.000000000000000e+00,4.255870175738126e-02,1.850517874860835e+06,1.850478642683926e+06,1.500774471283076e+03,2.308364253508677e-05,0.000000000000000e+00,-1.000000000000000e+03,1.233652428455951e+06,3.923217690883634e+01,2.981200950675424e+05,6.177537884692236e-03,5.627089246378938e+08,0.000000000000000e+00,-3.005800760088107e-06,7.998803197477246e+10,7.998803197477245e+10,-4.636695659638082e+00,2.308364253508677e-05,1.000000000000000e+00,0.000000000000000e+00,1.843673575030142e+03,1.843673575030142e+03,-1.163435519637800e+03,4.255870175738126e-02,1.000000000000000e+03,1.000000000000000e+00,
2.546736151865534e-04,0.000000000000000e+00,5.371704222428146e-01,2.037132404280845e+07,2.037075752934705e+07,1.500752574748180e+03,2.546736151865534e-04,0.000000000000000e+00,-1.000000000000000e+03,1.358050501956470e+07,5.665134613987275e+02,2.981179202501397e+05,7.075184668400065e-03,4.781050231697950e+08,0.000000000000000e+00,-1.163850666396343e-06,7.998686493684174e+10,7.998686493684175e+10,-3.594016046683202e+00,2.546736151865534e-04,1.000000000000000e+00,0.000000000000000e+00,2.109250390345018e+03,2.109250390345018e+03,-1.551756589785923e+03,5.371704222428146e-01,1.000000000000000e+03,1.000000000000000e+00,
7.506086971485023e-08,0.000000000000000e+00,-7.507085616800736e-08,3.938433875420080e+03,3.938433875382550e+03,9.844652437593380e+02,7.506086971485023e-08,0.000000000000000e+00,-1.000000000000000e+03,2.625622583588367e+03,3.753043765474003e-08,2.414536240885264e+05,4.141582222527994e-06,8.277581161612372e+08,0.000000000000000e+00,-5.606959896375940e-16,5.246986732693506e+10,5.246986732693507e+10,-7.124586407812997e+00,7.506086971485023e-08,1.000000000000000e+00,0.000000000000000e+00,-1.000107805742691e+00,1.000000037193377e+00,-8.933757922891069e-01,7.506087251771272e-08,1.000000000000000e+03,1.000000000000000e+00,
7.506303102017092e-08,0.000000000000000e+00,-7.665943531312627e-08,3.938658476064689e+03,3.938658476027148e+03,9.844930382255167e+02,7.506303102017092e-08,0.000000000000000e+00,-1.000000000000000e+03,2.625772317351432e+03,3.754053114702491e-08,2.414570325517825e+05,4.087546347300079e-06,8.277585978092138e+08,0.000000000000000e+00,-4.047454616660506e-10,5.247134871184129e+10,5.247134871184129e+10,-7.124573902902454e+00,7.506303102017092e-08,1.000000000000000e+00,0.000000000000000e+00,-1.003670244386816e+00,9.995123853587754e-01,-8.304785002371247e-01,7.507204611575234e-08,1.000000000000000e+03,1.000000000000000e+00,
7.683323900236798e-08,0.000000000000000e+00,-7.762180373316563e-08,4.143733007001508e+03,4.143733006963195e+03,1.011889396497972e+03,7.683323900236798e-08,0.000000000000000e+00,-1.000000000000000e+03,2.762488671308797e+03,8.893415261876882e-09,2.447935986093237e+05,1.036472169963288e-06,8.283932832228036e+08,0.000000000000000e+00,-1.756340707694815e-08,5.393151532809240e+10,5.393151532809240e+10,-7.114450858192818e+00,7.683323900236798e-08,1.000000000000000e+00,0.000000000000000e+00,-9.986487177419719e-01,3.313714046693303e-01,-7.033875104994213e-01,5.090427065743875e-08,1.000000000000000e+03,1.000000000000000e+00,
1.682260230387211e-07,0.000000000000000e+00,-5.268567944438058e-08,1.548230334469464e+04,1.548230334468639e+04,1.541712628435422e+03,1.682260230387211e-07,0.000000000000000e+00,-1.000000000000000e+03,1.032153556312426e+04,1.804949971357515e-12,3.021588014601645e+05,1.204898576968823e-08,7.347931530304687e+08,0.000000000000000e+00,-2.883311835098419e-04,8.216994716985878e+10,8.216994716985876e+10,-6.774106821927277e+00,1.682260230387211e-07,1.000000000000000e+00,0.000000000000000e+00,-3.131838849465862e-01,3.884770583861889e-03,-1.387475567795233e-01,9.292440479526060e-10,1.000000000000000e+03,1.000000000000000e+00,
2.090261043388769e-06,0.000000000000000e+00,2.884825046935836e-03,1.715890741879319e+05,1.715870834759159e+05,1.504217410658712e+03,2.090261043388769e-06,0.000000000000000e+00,-1.000000000000000e+03,1.143913889839439e+05,1.990712016030357e+00,2.984618590814749e+05,4.569810332285296e-03,6.481384396986823e+08,0.000000000000000e+00,-3.872557661001678e-06,8.017153319373320e+10,8.017153319373320e+10,-5.679799473399058e+00,2.090261043388769e-06,1.000000000000000e+00,0.000000000000000e+00,1.380126686119024e+03,1.380126686119024e+03,-8.141135921643473e+02,2.884825046935836e-03,1.000000000000000e+03,1.000000000000000e+00,
2.308364253508677e-05,0.000000000000000e+00,4.255870175738126e-02,1.850517874860835e+06,1.850478642683926e+06,1.500774471283076e+03,2.308364253508677e-05,0.000000000000000e+00,-1.000000000000000e+03,1.233652428455951e+06,3.923217690883634e+01,2.981200950675424e+05,6.177537884692236e-03,5.627089246378938e+08,0.000000000000000e+00,-3.005800760088107e-06,7.998803197477246e+10,7.998803197477245e+10,-4.636695659638082e+00,2.308364253508677e-05,1.000000000000000e+00,0.000000000000000e+00,1.843673575030142e+03,1.843673575030142e+03,-1.483981756936112e+03,4.255870175738126e-02,1.000000000000000e+03,1.000000000000000e+00,
2.546736151865534e-04,0.000000000000000e+00,5.371704222428146e-01,2.037132404280845e+07,2.037075752934705e+07,1.500752574748180e+03,2.546736151865534e-04,0.000000000000000e+00,-1.000000000000000e+03,1.358050501956470e+07,5.665134613987275e+02,2.981179202501397e+05,7.075184668400065e-03,4.781050231697950e+08,0.000000000000000e+00,-1.163850666396343e-06,7.998686493684174e+10,7.998686493684175e+10,-3.594016046683202e+00,2.546736151865534e-04,1.000000000000000e+00,0.000000000000000e+00,2.109250390345018e+03,2.109250390345018e+03,-1.827042951407387e+03,5.371704222428146e-01,1.000000000000000e+03,1.000000000000000e+00,
7.506086971485023e-08,0.000000000000000e+00,-7.507085616800736e-08,3.938433875420080e+03,3.938433875382550e+03,9.844652437593380e+02,7.506086971485023e-08,0.000000000000000e+00,-1.000000000000000e+03,2.625622583588367e+03,3.753043765474003e-08,2.414536240885264e+05,4.141582222527994e-06,8.277581161612372e+08,0.000000000000000e+00,-5.606959896375940e-16,5.246986732693506e+10,5.246986732693507e+10,-7.124586407812997e+00,7.506086971485023e-08,1.000000000000000e+00,0.000000000000000e+00,-1.000107805742691e+00,1.000000037193377e+00,-9.695819053602623e-01,7.506087251771272e-08,1.000000000000000e+03,1.000000000000000e+00,
7.506303102017092e-08,0.000000000000000e+00,-7.665943531312627e-08,3.938658476064689e+03,3.938658476027148e+03,9.844930382255167e+02,7.506303102017092e-08,0.000000000000000e+00,-1.000000000000000e+03,2.625772317351432e+03,3.754053114702491e-08,2.414570325517825e+05,4.087546347300079e-06,8.277585978092138e+08,0.000000000000000e+00,-4.047454616660506e-10,5.247134871184129e+10,5.247134871184129e+10,-7.124573902902454e+00,7.506303102017092e-08,1.000000000000000e+00,0.000000000000000e+00,-1.003670244386816e+00,9.995123853587754e-01,-9.478027156733329e-01,7.507204611575234e-08,1.000000000000000e+03,1.000000000000000e+00,
7.683323900236798e-08,0.000000000000000e+00,-7.762180373316563e-08,4.143733007001508e+03,4.143733006963195e+03,1.011889396497972e+03,7.683323900236798e-08,0.000000000000000e+00,-1.000000000000000e+03,2.762488671308797e+03,8.893415261876882e-09,2.447935986093237e+05,1.036472169963288e-06,8.283932832228036e+08,0.000000000000000e+00,-1.756340707694815e-08,5.393151532809240e+10,5.393151532809240e+10,-7.114450858192818e+00,7.683323900236798e-08,1.000000000000000e+00,0.000000000000000e+00,-9.986487177419719e-01,3.313714046693303e-01,-8.911119895447828e-01,5.090427065743875e-08,1.000000000000000e+03,1.000000000000000e+00,
1.682260230387211e-07,0.000000000000000e+00,-5.268567944438058e-08,1.548230334469464e+04,1.548230334468639e+04,1.541712628435422e+03,1.682260230387211e-07,0.000000000000000e+00,-1.000000000000000e+03,1.032153556312426e+04,1.804949971357515e-12,3.021588014601645e+05,1.204898576968823e-08,7.347931530304687e+08,0.000000000000000e+00,-2.883311835098419e-04,8.216994716985878e+10,8.216994716985876e+10,-6.774106821927277e+00,1.682260230387211e-07,1.000000000000000e+00,0.000000000000000e+00,-3.131838849465862e-01,3.884770583861889e-03,-2.197176307751449e-01,9.292440479526060e-10,1.000000000000000e+03,1.000000000000000e+00,
2.090261043388769e-06,0.000000000000000e+00,2.884825046935836e-03,1.715890741879319e+05,1.715870834759159e+05,1.504217410658712e+03,2.090261043388769e-06,0.000000000000000e+00,-1.000000000000000e+03,1.143913889839439e+05,1.990712016030357e+00,2.984618590814749e+05,4.569810332285296e-03,6.481384396986823e+08,0.000000000000000e+00,-3.872557661001678e-06,8.017153319373320e+10,8.017153319373320e+10,-5.679799473399058e+00,2.090261043388769e-06,1.000000000000000e+00,0.000000000000000e+00,1.380126686119024e+03,1.380126686119024e+03,-1.289212680958659e+03,2.884825046935836e-03,1.000000000000000e+03,1.000000000000000e+00,
2.308364253508677e-05,0.000000000000000e+00,4.255870175738126e-02,1.850517874860835e+06,1.850478642683926e+06,1.500774471283076e+03,2.308364253508677e-05,0.000000000000000e+00,-1.000000000000000e+03,1.233652428455951e+06,3.923217690883634e+01,2.981200950675424e+05,6.177537884692236e-03,5.627089246378938e+08,0.000000000000000e+00,-3.005800760088107e-06,7.998803197477246e+10,7.998803197477245e+10,-4.636695659638082e+00,2.308364253508677e-05,1.000000000000000e+00,0.000000000000000e+00,1.843673575030142e+03,1.843673575030142e+03,-1.880036133898043e+03,4.255870175738126e-02,1.000000000000000e+03,1.000000000000000e+00,
2.546736151865534e-04,0.000000000000000e+00,5.371704222428146e-01,2.037132404280845e+07,2.037075752934705e+07,1.500752574748180e+03,2.546736151865534e-04,0.000000000000000e+00,-1.000000000000000e+03,1.358050501956470e+07,5.665134613987275e+02,2.981179202501397e+05,7.075184668400065e-03,4.781050231697950e+08,0.000000000000000e+00,-1.163850666396343e-06,7.998686493684174e+10,7.998686493684175e+10,-3.594016046683202e+00,2.546736151865534e-04,1.000000000000000e+00,0.000000000000000e+00,2.109250390345018e+03,2.109250390345018e+03,-2.085154848080113e+03,5.371704222428146e-01,1.000000000000000e+03,1.000000000000000e+00,
7.506086971485023e-08,0.000000000000000e+00,-7.507085616800736e-08,3.938433875420080e+03,3.938433875382550e+03,9.844652437593380e+02,7.506086971485023e-08,0.000000000000000e+00,-1.000000000000000e+03,2.625622583588367e+03,3.753043765474003e-08,2.414536240885264e+05,4.141582222527994e-06,8.277581161612372e+08,0.000000000000000e+00,-5.606959896375940e-16,5.246986732693506e+10,5.246986732693507e+10,-7.124586407812997e+00,7.506086971485023e-08,1.000000000000000e+00,0.000000000000000e+00,-1.000107805742691e+00,1.000000037193377e+00,-1.000104432145978e+00,7.506087251771272e-08,1.000000000000000e+03,1.000000000000000e+00,
7.506303102017092e-08,0.000000000000000e+00,-7.665943531312627e-08,3.938658476064689e+03,3.938658476027148e+03,9.844930382255167e+02,7.506303102017092e-08,0.000000000000000e+00,-1.000000000000000e+03,2.625772317351432e+03,3.754053114702491e-08,2.414570325517825e+05,4.087546347300079e-06,8.277585978092138e+08,0.000000000000000e+00,-4.047454616660506e-10,5.247134871184129e+10,5.247134871184129e+10,-7.124573902902454e+00,7.506303102017092e-08,1.000000000000000e+00,0.000000000000000e+00,-1.003670244386816e+00,9.995123853587754e-01,-1.003663978477356e+00,7.507204611575234e-08,1.000000000000000e+03,1.000000000000000e+00,
7.683323900236798e-08,0.000000000000000e+00,-7.762180373316563e-08,4.143733007001508e+03,4.143733006963195e+03,1.011889396497972e+03,7.683323900236798e-08,0.000000000000000e+00,-1.000000000000000e+03,2.762488671308797e+03,8.893415261876882e-09,2.447935986093237e+05,1.036472169963288e-06,8.283932832228036e+08,0.000000000000000e+00,-1.756340707694815e-08,5.393151532809240e+10,5.393151532809240e+10,-7.114450858192818e+00,7.683323900236798e-08,1.000000000000000e+00,0.000000000000000e+00,-9.986487177419719e-01,3.313714046693303e-01,-9.986410388707727e-01,5.090427065743875e-08,1.000000000000000e+03,1.000000000000000e+00,
1.682260230387211e-07,0.000000000000000e+00,-5.268567944438058e-08,1.548230334469464e+04,1.548230334468639e+04,1.541712628435422e+03,1.682260230387211e-07,0.000000000000000e+00,-1.000000000000000e+03,1.032153556312426e+04,1.804949971357515e-12,3.021588014601645e+05,1.204898576968823e-08,7.347931530304687e+08,0.000000000000000e+00,-2.883311835098419e-04,8.216994716985878e+10,8.216994716985876e+10,-6.774106821927277e+00,1.682260230387211e-07,1.000000000000000e+00,0.000000000000000e+00,-3.131838849465862e-01,3.884770583861889e-03,-3.131741766781684e-01,9.292440479526060e-10,1.000000000000000e+03,1.000000000000000e+00,
2.090261043388769e-06,0.000000000000000e+00,2.884825046935836e-03,1.715890741879319e+05,1.715870834759159e+05,1.504217410658712e+03,2.090261043388769e-06,0.000000000000000e+00,-1.000000000000000e+03,1.143913889839439e+05,1.990712016030357e+00,2.984618590814749e+05,4.569810332285296e-03,6.481384396986823e+08,0.000000000000000e+00,-3.872557661001678e-06,8.017153319373320e+10,8.017153319373320e+10,-5.679799473399058e+00,2.090261043388769e-06,1.000000000000000e+00,0.000000000000000e+00,1.380126686119024e+03,1.380126686119024e+03,-1.837577250846432e+03,2.884825046935836e-03,1.000000000000000e+03,1.000000000000000e+00,
2.308364253508677e-05,0.000000000000000e+00,4.255870175738126e-02,1.850517874860835e+06,1.850478642683926e+06,1.500774471283076e+03,2.308364253508677e-05,0.000000000000000e+00,-1.000000000000000e+03,1.233652428455951e+06,3.923217690883634e+01,2.981200950675424e+05,6.177537884692236e-03,5.627089246378938e+08,0.000000000000000e+00,-3.005800760088107e-06,7.998803197477246e+10,7.998803197477245e+10,-4.636695659638082e+00,2.308364253508677e-05,1.000000000000000e+00,0.000000000000000e+00,1.843673575030142e+03,1.843673575030142e+03,-2.106897067819308e+03,4.255870175738126e-02,1.000000000000000e+03,1.000000000000000e+00,
2.546736151865534e-04,0.000000000000000e+00,5.371704222428146e-01,2.037132404280845e+07,2.037075752934705e+07,1.500752574748180e+03,2.546736151865534e-04,0.000000000000000e+00,-1.000000000000000e+03,1.358050501956470e+07,5.665134613987275e+02,2.981179202501397e+05,7.075184668400065e-03,4.781050231697950e+08,0.000000000000000e+00,-1.163850666396343e-06,7.998686493684174e+10,7.998686493684175e+10,-3.594016046683202e+00,2.546736151865534e-04,1.000000000000000e+00,0.000000000000000e+00,2.109250390345018e+03,2.109250390345018e+03,-2.200244980505621e+03,5.371704222428146e-01,1.000000000000000e+03,1.000000000000000e+00,
7.506086971485023e-08,0.000000000000000e+00,-7.507085616800736e-08,3.938433875420080e+03,3.938433875382550e+03,9.844652437593380e+02,7.506086971485023e-08,0.000000000000000e+00,-1.000000000000000e+03,2.625622583588367e+03,3.753043765474003e-08,2.414536240885264e+05,4.141582222527994e-06,8.277581161612372e+08,0.000000000000000e+00,-5.606959896375940e-16,5.246986732693506e+10,5.246986732693507e+10,-7.124586407812997e+00,7.506086971485023e-08,1.000000000000000e+00,0.000000000000000e+00,-1.000107805742691e+00,1.000000037193377e+00,-1.000104432145978e+00,7.506087251771272e-08,1.000000000000000e+03,1.000000000000000e+00,
7.506303102017092e-08,0.000000000000000e+00,-7.665943531312627e-08,3.938658476064689e+03,3.938658476027148e+03,9.844930382255167e+02,7.506303102017092e-08,0.000000000000000e+00,-1.000000000000000e+03,2.625772317351432e+03,3.754053114702491e-08,2.414570325517825e+05,4.087546347300079e-06,8.277585978092138e+08,0.000000000000000e+00,-4.047454616660506e-10,5.247134871184129e+10,5.247134871184129e+10,-7.124573902902454e+00,7.506303102017092e-08,1.000000000000000e+00,0.000000000000000e+00,-1.003670244386816e+00,9.995123853587754e-01,-1.003663978477356e+00,7.507204611575234e-08,1.000000000000000e+03,1.000000000000000e+00,
7.683323900236798e-08,0.000000000000000e+00,-7.762180373316563e-08,4.143733007001508e+03,4.143733006963195e+03,1.011889396497972e+03,7.683323900236798e-08,0.000000000000000e+00,-1.000000000000000e+03,2.762488671308797e+03,8.893415261876882e-09,2.447935986093237e+05,1.036472169963288e-06,8.283932832228036e+08,0.000000000000000e+00,-1.756340707694815e-08,5.393151532809240e+10,5.393151532809240e+10,-7.114450858192818e+00,7.683323900236798e-08,1.000000000000000e+00,0.000000000000000e+00,-9.986487177419719e-01,3.313714046693303e-01,-9.986410388707727e-01,5.090427065743875e-08,1.000000000000000e+03,1.000000000000000e+00,
1.682260230387211e-07,0.000000000000000e+00,-5.268567944438058e-08,1.548230334469464e+04,1.548230334468639e+04,1.541712628435422e+03,1.682260230387211e-07,0.000000000000000e+00,-1.000000000000000e+03,1.032153556312426e+04,1.804949971357515e-12,3.021588014601645e+05,1.204898576968823e-08,7.347931530304687e+08,0.000000000000000e+00,-2.883311835098419e-04,8.216994716985878e+10,8.216994716985876e+10,-6.774106821927277e+00,1.682260230387211e-07,1.000000000000000e+00,0.000000000000000e+00,-3.131838849465862e-01,3.884770583861889e-03,-3.131741766781684e-01,9.292440479526060e-10,1.000000000000000e+03,1.000000000000000e+00,
2.090261043388769e-06,0.000000000000000e+00,2.884825046935836e-03,1.715890741879319e+05,1.715870834759159e+05,1.504217410658712e+03,2.090261043388769e-06,0.000000000000000e+00,-1.000000000000000e+03,1.143913889839439e+05,1.990712016030357e+00,2.984618590814749e+05,4.569810332285296e-03,6.481384396986823e+08,0.000000000000000e+00,-3.872557661001678e-06,8.017153319373320e+10,8.017153319373320e+10,-5.679799473399058e+00,2.090261043388769e-06,1.000000000000000e+00,0.000000000000000e+00,1.380126686119024e+03,1.380126686119024e+03,-1.837577250846432e+03,2.884825046935836e-03,1.000000000000000e+03,1.000000000000000e+00,
2.308364253508677e-05,0.000000000000000e+00,4.255870175738126e-02,1.850517874860835e+06,1.850478642683926e+06,1.500774471283076e+03,2.308364253508677e-05,0.000000000000000e+00,-1.000000000000000e+03,1.233652428455951e+06,3.923217690883634e+01,2.981200950675424e+05,6.177537884692236e-03,5.627089246378938e+08,0.000000000000000e+00,-3.005800760088107e-06,7.998803197477246e+10,7.998803197477245e+10,-4.636695659638082e+00,2.308364253508677e-05,1.000000000000000e+00,0.000000000000000e+00,1.843673575030142e+03,1.843673575030142e+03,-2.106897067819308e+03,4.255870175738126e-02,1.000000000000000e+03,1.000000000000000e+00,
2.546736151865534e-04,0.000000000000000e+00,5.371704222428146e-01,2.037132404280845e+07,2.037075752934705e+07,1.500752574748180e+03,2.546736151865534e-04,0.000000000000000e+00,-1.000000000000000e+03,1.358050501956470e+07,5.665134613987275e+02,2.981179202501397e+05,7.075184668400065e-03,4.781050231697950e+08,0.000000000000000e+00,-1.163850666396343e-06,7.998686493684174e+10,7.998686493684175e+10,-3.594016046683202e+00,2.546736151865534e-04,1.000000000000000e+00,0.000000000000000e+00,2.109250390345018e+03,2.109250390345018e+03,-2.200244980505621e+03,5.371704222428146e-01,1.000000000000000e+03,1.000000000000000e+00,
7.506086971485023e-08,0.000000000000000e+00,-7.507085616800736e-08,3.938433875420080e+03,3.938433875382550e+03,9.844652437593380e+02,7.506086971485023e-08,0.000000000000000e+00,-1.000000000000000e+03,2.625622583588367e+03,3.753043765474003e-08,2.414536240885264e+05,4.141582222527994e-06,8.277581161612372e+08,0.000000000000000e+00,-5.606959896375940e-16,5.246986732693506e+10,5.246986732693507e+10,-7.124586407812997e+00,7.506086971485023e-08,1.000000000000000e+00,0.000000000000000e+00,-1.000107805742691e+00,1.000000037193377e+00,-9.695819053602623e-01,7.506087251771272e-08,1.000000000000000e+03,1.000000000000000e+00,
7.506303102017092e-08,0.000000000000000e+00,-7.665943531312627e-08,3.938658476064689e+03,3.938658476027148e+03,9.844930382255167e+02,7.506303102017092e-08,0.000000000000000e+00,-1.000000000000000e+03,2.625772317351432e+03,3.754053114702491e-08,2.414570325517825e+05,4.087546347300079e-06,8.277585978092138e+08,0.000000000000000e+00,-4.047454616660506e-10,5.247134871184129e+10,5.247134871184129e+10,-7.124573902902454e+00,7.506303102017092e-08,1.000000000000000e+00,0.000000000000000e+00,-1.003670244386816e+00,9.995123853587754e-01,-9.478027156733329e-01,7.507204611575234e-08,1.000000000000000e+03,1.000000000000000e+00,
7.683323900236798e-08,0.000000000000000e+00,-7.762180373316563e-08,4.143733007001508e+03,4.143733006963195e+03,1.011889396497972e+03,7.683323900236798e-08,0.000000000000000e+00,-1.000000000000000e+03,2.762488671308797e+03,8.893415261876882e-09,2.447935986093237e+05,1.036472169963288e-06,8.283932832228036e+08,0.000000000000000e+00,-1.756340707694815e-08,5.393151532809240e+10,5.393151532809240e+10,-7.114450858192818e+00,7.683323900236798e-08,1.000000000000000e+00,0.000000000000000e+00,-9.986487177419719e-01,3.313714046693303e-01,-8.911119895447828e-01,5.090427065743875e-08,1.000000000000000e+03,1.000000000000000e+00,
1.682260230387211e-07,0.000000000000000e+00,-5.268567944438058e-08,1.548230334469464e+04,1.548230334468639e+04,1.541712628435422e+03,1.682260230387211e-07,0.000000000000000e+00,-1.000000000000000e+03,1.032153556312426e+04,1.804949971357515e-12,3.021588014601645e+05,1.204898576968823e-08,7.347931530304687e+08,0.000000000000000e+00,-2.883311835098419e-04,8.216994716985878e+10,8.216994716985876e+10,-6.774106821927277e+00,1.682260230387211e-07,1.000000000000000e+00,0.000000000000000e+00,-3.131838849465862e-01,3.884770583861889e-03,-2.197176307751449e-01,9.292440479526060e-10,1.000000000000000e+03,1.000000000000000e+00,
2.090261043388769e-06,0.000000000000000e+00,2.884825046935836e-03,1.715890741879319e+05,1.715870834759159e+05,1.504217410658712e+03,2.090261043388769e-06,0.000000000000000e+00,-1.000000000000000e+03,1.143913889839439e+05,1.990712016030357e+00,2.984618590814749e+05,4.569810332285296e-03,6.481384396986823e+08,0.000000000000000e+00,-3.872557661001678e-06,8.017153319373320e+10,8.017153319373320e+10,-5.679799473399058e+00,2.090261043388769e-06,1.000000000000000e+00,0.000000000000000e+00,1.380126686119024e+03,1.380126686119024e+03,-1.289212680958659e+03,2.884825046935836e-03,1.000000000000000e+03,1.000000000000000e+00,
2.308364253508677e-05,0.000000000000000e+00,4.255870175738126e-02,1.850517874860835e+06,1.850478642683926e+06,1.500774471283076e+03,2.308364253508677e-05,0.000000000000000e+00,-1.000000000000000e+03,1.233652428455951e+06,3.923217690883634e+01,2.981200950675424e+05,6.177537884692236e-03,5.627089246378938e+08,0.000000000000000e+00,-3.005800760088107e-06,7.998803197477246e+10,7.998803197477245e+10,-4.636695659638082e+00,2.308364253508677e-05,1.000000000000000e+00,0.000000000000000e+00,1.843673575030142e+03,1.843673575030142e+03,-1.880036133898043e+03,4.255870175738126e-02,1.000000000000000e+03,1.000000000000000e+00,
2.546736151865534e-04,0.000000000000000e+00,5.371704222428146e-01,2.037132404280845e+07,2.037075752934705e+07,1.500752574748180e+03,2.546736151865534e-04,0.000000000000000e+00,-1.000000000000000e+03,1.358050501956470e+07,5.665134613987275e+02,2.981179202501397e+05,7.075184668400065e-03,4.781050231697950e+08,0.000000000000000e+00,-1.163850666396343e-06,7.998686493684174e+10,7.998686493684175e+10,-3.594016046683202e+00,2.546736151865534e-04,1.000000000000000e+00,0.000000000000000e+00,2.109250390345018e+03,2.109250390345018e+03,-2.085154848080113e+03,5.371704222428146e-01,1.000000000000000e+03,1.000000000000000e+00,
7.506086971485023e-08,0.000000000000000e+00,-7.507085616800736e-08,3.938433875420080e+03,3.938433875382550e+03,9.844652437593380e+02,7.506086971485023e-08,0.000000000000000e+00,-1.000000000000000e+03,2.625622583588367e+03,3.753043765474003e-08,2.414536240885264e+05,4.141582222527994e-06,8.277581161612372e+08,0.000000000000000e+00,-5.606959896375940e-16,5.246986732693506e+10,5.246986732693507e+10,-7.124586407812997e+00,7.506086971485023e-08,1.000000000000000e+00,0.000000000000000e+00,-1.000107805742691e+00,1.000000037193377e+00,-8.933757922891069e-01,7.506087251771272e-08,1.000000000000000e+03,1.000000000000000e+00,
7.506303102017092e-08,0.000000000000000e+00,-7.665943531312627e-08,3.938658476064689e+03,3.938658476027148e+03,9.844930382255167e+02,7.506303102017092e-08,0.000000000000000e+00,-1.000000000000000e+03,2.625772317351432e+03,3.754053114702491e-08,2.414570325517825e+05,4.087546347300079e-06,8.277585978092138e+08,0.000000000000000e+00,-4.047454616660506e-10,5.247134871184129e+10,5.247134871184129e+10,-7.124573902902454e+00,7.506303102017092e-08,1.000000000000000e+00,0.000000000000000e+00,-1.003670244386816e+00,9.995123853587754e-01,-8.304785002371247e-01,7.507204611575234e-08,1.000000000000000e+03,1.000000000000000e+00,
7.683323900236798e-08,0.000000000000000e+00,-7.762180373316563e-08,4.143733007001508e+03,4.143733006963195e+03,1.011889396497972e+03,7.683323900236798e-08,0.000000000000000e+00,-1.000000000000000e+03,2.762488671308797e+03,8.893415261876882e-09,2.447935986093237e+05,1.036472169963288e-06,8.283932832228036e+08,0.000000000000000e+00,-1.756340707694815e-08,5.393151532809240e+10,5.393151532809240e+10,-7.114450858192818e+00,7.683323900236798e-08,1.000000000000000e+00,0.000000000000000e+00,-9.986487177419719e-01,3.313714046693303e-01,-7.033875104994213e-01,5.090427065743875e-08,1.000000000000000e+03,1.000000000000000e+00,
1.682260230387211e-07,0.000000000000000e+00,-5.268567944438058e-08,1.548230334469464e+04,1.548230334468639e+04,1.541712628435422e+03,1.682260230387211e-07,0.000000000000000e+00,-1.000000000000000e+03,1.032153556312426e+04,1.804949971357515e-12,3.021588014601645e+05,1.204898576968823e-08,7.347931530304687e+08,0.000000000000000e+00,-2.883311835098419e-04,8.216994716985878e+10,8.216994716985876e+10,-6.774106821927277e+00,1.682260230387211e-07,1.000000000000000e+00,0.000000000000000e+00,-3.131838849465862e-01,3.884770583861889e-03,-1.387475567795233e-01,9.292440479526060e-10,1.000000000000000e+03,1.000000000000000e+00,
2.090261043388769e-06,0.000000000000000e+00,2.884825046935836e-03,1.715890741879319e+05,1.715870834759159e+05,1.504217410658712e+03,2.090261043388769e-06,0.000000000000000e+00,-1.000000000000000e+03,1.143913889839439e+05,1.990712016030357e+00,2.984618590814749e+05,4.569810332285296e-03,6.481384396986823e+08,0.000000000000000e+00,-3.872557661001678e-06,8.017153319373320e+10,8.017153319373320e+10,-5.679799473399058e+00,2.090261043388769e-06,1.000000000000000e+00,0.000000000000000e+00,1.380126686119024e+03,1.380126686119024e+03,-8.141135921643473e+02,2.884825046935836e-03,1.000000000000000e+03,1.000000000000000e+00,
2.308364253508677e-05,0.000000000000000e+00,4.255870175738126e-02,1.850517874860835e+06,1.850478642683926e+06,1.500774471283076e+03,2.308364253508677e-05,0.000000000000000e+00,-1.000000000000000e+03,1.233652428455951e+06,3.923217690883634e+01,2.981200950675424e+05,6.177537884692236e-03,5.627089246378938e+08,0.000000000000000e+00,-3.005800760088107e-06,7.998803197477246e+10,7.998803197477245e+10,-4.636695659638082e+00,2.308364253508677e-05,1.000000000000000e+00,0.000000000000000e+00,1.843673575030142e+03,1.843673575030142e+03,-1.483981756936112e+03,4.255870175738126e-02,1.000000000000000e+03,1.000000000000000e+00,
2.546736151865534e-04,0.000000000000000e+00,5.371704222428146e-01,2.037132404280845e+07,2.037075752934705e+07,1.500752574748180e+03,2.546736151865534e-04,0.000000000000000e+00,-1.000000000000000e+03,1.358050501956470e+07,5.665134613987275e+02,2.981179202501397e+05,7.075184668400065e-03,4.781050231697950e+08,0.000000000000000e+00,-1.163850666396343e-06,7.998686493684174e+10,7.998686493684175e+10,-3.594016046683202e+00,2.546736151865534e-04,1.000000000000000e+00,0.000000000000000e+00,2.109250390345018e+03,2.109250390345018e+03,-1.827042951407387e+03,5.371704222428146e-01,1.000000000000000e+03,1.000000000000000e+00,

64,28
1.981661714522500e-02,0.000000000000000e+00,4.394398209223922e+01,1.955741472126404e+09,1.955692748533775e+09,1.853737571824297e+03,1.981661714522500e-02,0.000000000000000e+00,-1.000000000000000e+03,1.303795165689183e+09,4.872359262863269e+04,3.313276349265131e+05,7.356847483207619e-03,4.768273038846725e+08,2.500000000000000e-07,5.541106615583338e-04,9.880020149939703e+10,9.880020149939703e+10,-1.702970481059270e+00,1.981661714522500e-02,1.000000000000000e+00,0.000000000000000e+00,2.219487029892791e+03,2.219487029892791e+03,-1.324406374593798e+03,4.394398209223922e+01,1.000000000000000e+03,1.000000000000000e+00,
1.981661714522500e-02,0.000000000000000e+00,4.394398209223922e+01,1.955741472126404e+09,1.955692748533775e+09,1.853737571824297e+03,1.981661714522500e-02,0.000000000000000e+00,-1.000000000000000e+03,1.303795165689183e+09,4.872359262863269e+04,3.313276349265131e+05,7.356847483207619e-03,4.768273038846725e+08,2.500000000000000e-07,5.541106615583338e-04,9.880020149939703e+10,9.880020149939703e+10,-1.702970481059270e+00,1.981661714522500e-02,1.000000000000000e+00,0.000000000000000e+00,2.219487029892791e+03,2.219487029892791e+03,-1.324406374593798e+03,4.394398209223922e+01,1.000000000000000e+03,1.000000000000000e+00,
1.981661714522500e-02,0.000000000000000e+00,4.394398209223922e+01,1.955741472126404e+09,1.955692748533775e+09,1.853737571824297e+03,1.981661714522500e-02,0.000000000000000e+00,-1.000000000000000e+03,1.303795165689183e+09,4.872359262863269e+04,3.313276349265131e+05,7.356847483207619e-03,4.768273038846725e+08,2.500000000000000e-07,5.541106615583338e-04,9.880020149939703e+10,9.880020149939703e+10,-1.702970481059270e+00,1.981661714522500e-02,1.000000000000000e+00,0.000000000000000e+00,2.219487029892791e+03,2.219487029892791e+03,-1.560338566870111e+03,4.394398209223922e+01,1.000000000000000e+03,1.000000000000000e+00,
1.981661714522500e-02,0.000000000000000e+00,4.394398209223922e+01,1.955741472126404e+09,1.955692748533775e+09,1.853737571824297e+03,1.981661714522500e-02,0.000000000000000e+00,-1.000000000000000e+03,1.303795165689183e+09,4.872359262863269e+04,3.313276349265131e+05,7.356847483207619e-03,4.768273038846725e+08,2.500000000000000e-07,5.541106615583338e-04,9.880020149939703e+10,9.880020149939703e+10,-1.702970481059270e+00,1.981661714522500e-02,1.000000000000000e+00,0.000000000000000e+00,2.219487029892791e+03,2.219487029892791e+03,-1.834940633707198e+03,4.394398209223922e+01,1.000000000000000e+03,1.000000000000000e+00,
1.981661714522500e-02,0.000000000000000e+00,4.394398209223922e+01,1.955741472126404e+09,1.955692748533775e+09,1.853737571824297e+03,1.981661714522500e-02,0.000000000000000e+00,-1.000000000000000e+03,1.303795165689183e+09,4.872359262863269e+04,3.313276349265131e+05,7.356847483207619e-03,4.768273038846725e+08,2.500000000000000e-07,5.541106615583338e-04,9.880020149939703e+10,9.880020149939703e+10,-1.702970481059270e+00,1.981661714522500e-02,1.000000000000000e+00,0.000000000000000e+00,2.219487029892791e+03,2.219487029892791e+03,-2.090144919209801e+03,4.394398209223922e+01,1.000000000000000e+03,1.000000000000000e+00,
1.981661714522500e-02,0.000000000000000e+00,4.394398209223922e+01,1.955741472126404e+09,1.955692748533775e+09,1.853737571824297e+03,1.981661714522500e-02,0.000000000000000e+00,-1.000000000000000e+03,1.303795165689183e+09,4.872359262863269e+04,3.313276349265131e+05,7.356847483207619e-03,4.768273038846725e+08,2.500000000000000e-07,5.541106615583338e-04,9.880020149939703e+10,9.880020149939703e+10,-1.702970481059270e+00,1.981661714522500e-02,1.000000000000000e+00,0.000000000000000e+00,2.219487029892791e+03,2.219487029892791e+03,-2.090144919209801e+03,4.394398209223922e+01,1.000000000000000e+03,1.000000000000000e+00,
1.981661714522500e-02,0.000000000000000e+00,4.394398209223922e+01,1.955741472126404e+09,1.955692748533775e+09,1.853737571824297e+03,1.981661714522500e-02,0.000000000000000e+00,-1.000000000000000e+03,1.303795165689183e+09,4.872359262863269e+04,3.313276349265131e+05,7.356847483207619e-03,4.768273038846725e+08,2.500000000000000e-07,5.541106615583338e-04,9.880020149939703e+10,9.880020149939703e+10,-1.702970481059270e+00,1.981661714522500e-02,1.000000000000000e+00,0.000000000000000e+00,2.219487029892791e+03,2.219487029892791e+03,-1.834940633707198e+03,4.394398209223922e+01,1.000000000000000e+03,1.000000000000000e+00,
1.981661714522500e-02,0.000000000000000e+00,4.394398209223922e+01,1.955741472126404e+09,1.955692748533775e+09,1.853737571824297e+03,1.981661714522500e-02,0.000000000000000e+00,-1.000000000000000e+03,1.303795165689183e+09,4.872359262863269e+04,3.313276349265131e+05,7.356847483207619e-03,4.768273038846725e+08,2.500000000000000e-07,5.541106615583338e-04,9.880020149939703e+10,9.880020149939703e+10,-1.702970481059270e+00,1.981661714522500e-02,1.000000000000000e+00,0.000000000000000e+00,2.219487029892791e+03,2.219487029892791e+03,-1.560338566870111e+03,4.394398209223922e+01,1.000000000000000e+03,1.000000000000000e+00,
7.506276397098903e-08,0.000000000000000e+00,-7.506087251771272e-08,3.938630516114622e+03,3.938630516077083e+03,9.844895519408831e+02,7.506276397098903e-08,0.000000000000000e+00,-1.000000000000000e+03,2.625753677384722e+03,3.753947461870550e-08,2.414566050278413e+05,4.141977419202812e-06,8.277585354815158e+08,0.000000000000000e+00,5.861334549939201e-12,5.247116290041387e+10,5.247116290041387e+10,-7.124575447979849e+00,7.506276397098903e-08,1.000000000000000e+00,0.000000000000000e+00,-1.000000037193377e+00,1.000107805742691e+00,-6.018139784250039e-01,7.507085616800736e-08,1.000000000000000e+03,1.000000000000000e+00,
7.669683381222869e-08,0.000000000000000e+00,-7.507204611575234e-08,4.127346451118246e+03,4.127346451079935e+03,1.009680366733356e+03,7.669683381222869e-08,0.000000000000000e+00,-1.000000000000000e+03,2.751564300719957e+03,3.831102752503979e-08,2.445262513094138e+05,4.147364905331953e-06,8.283399401758759e+08,0.000000000000000e+00,6.339262674137647e-11,5.381377882149110e+10,5.381377882149110e+10,-7.115222564163925e+00,7.669683381222869e-08,1.000000000000000e+00,0.000000000000000e+00,-9.995123853587754e-01,1.003670244386816e+00,-4.490912219713205e-01,7.665943531312627e-08,1.000000000000000e+03,1.000000000000000e+00,
1.619826537016818e-07,0.000000000000000e+00,-5.090427065743875e-08,1.490135583651342e+04,1.490135583650453e+04,1.749013697200368e+03,1.619826537016818e-07,0.000000000000000e+00,-1.000000000000000e+03,9.934237224336353e+03,3.831286625584752e-08,3.218326783719996e+05,4.079554054580313e-06,8.448380072466761e+08,0.000000000000000e+00,-4.613004015149858e-10,9.321864558128545e+10,9.321864558128543e+10,-6.790531490426460e+00,1.619826537016818e-07,1.000000000000000e+00,0.000000000000000e+00,-3.313714046693303e-01,9.986487177419719e-01,-8.110886492629800e-02,7.762180373316563e-08,1.000000000000000e+03,1.000000000000000e+00,
2.013251237492638e-06,0.000000000000000e+00,2.763478929940558e-03,1.654306444619746e+05,1.654287478244228e+05,1.798321104794554e+03,2.013251237492638e-06,0.000000000000000e+00,-1.000000000000000e+03,1.102858318829486e+05,1.896637551738581e+00,3.263376297226736e+05,4.542792852399159e-03,8.290319016584325e+08,0.000000000000000e+00,6.362215485847287e-07,9.584662371571155e+10,9.584662371571153e+10,-5.696102025286046e+00,2.013251237492638e-06,1.000000000000000e+00,0.000000000000000e+00,1.372644843562731e+03,1.372644843562731e+03,2.501786491760360e+02,2.763478929940558e-03,1.000000000000000e+03,1.000000000000000e+00,
2.223363554984488e-05,0.000000000000000e+00,4.085728940961733e-02,1.782542190878230e+06,1.782504650501755e+06,1.540190668793674e+03,2.223363554984488e-05,0.000000000000000e+00,-1.000000000000000e+03,1.188336433667837e+06,3.754037647506718e+01,3.020096209176460e+05,6.157015240163614e-03,7.334067155005088e+08,0.000000000000000e+00,-3.033512389358577e-06,8.208883001413821e+10,8.208883001413821e+10,-4.652989517501557e+00,2.223363554984488e-05,1.000000000000000e+00,0.000000000000000e+00,1.837634214972206e+03,1.837634214972206e+03,-2.700829830588880e+00,4.085728940961733e-02,1.000000000000000e+03,1.000000000000000e+00,
2.452981433375009e-04,0.000000000000000e+00,5.168219129181703e-01,1.962146018210521e+07,1.962091573263234e+07,1.504077306699262e+03,2.452981433375009e-04,0.000000000000000e+00,-1.000000000000000e+03,1.308061048842156e+07,5.444494728704334e+02,2.984479592749585e+05,7.067330593562210e-03,6.468003899919618e+08,0.000000000000000e+00,-1.047289958184365e-06,8.016406595584853e+10,8.016406595584853e+10,-3.610305738957616e+00,2.452981433375009e-04,1.000000000000000e+00,0.000000000000000e+00,2.106913268426517e+03,2.106913268426517e+03,-4.512708968190128e+02,5.168219129181703e-01,1.000000000000000e+03,1.000000000000000e+00,
2.679406394904688e-03,0.000000000000000e+00,5.895370565815272e+00,2.157327006850810e+08,2.157262150332265e+08,1.510618351092487e+03,2.679406394904688e-03,0.000000000000000e+00,-1.000000000000000e+03,1.438174766888177e+08,6.485651854525301e+03,2.990962117012434e+05,7.356336837805740e-03,5.613759610621485e+08,0.000000000000000e+00,-3.420483552207543e-07,8.051268946863150e+10,8.051268946863150e+10,-2.571961410438416e+00,2.679406394904688e-03,1.000000000000000e+00,0.000000000000000e+00,2.200252480186001e+03,2.200252480186001e+03,-9.477079515162933e+02,5.895370565815272e+00,1.000000000000000e+03,1.000000000000000e+00,
7.506276397098903e-08,0.000000000000000e+00,-7.506087251771272e-08,3.938630516114622e+03,3.938630516077083e+03,9.844895519408831e+02,7.506276397098903e-08,0.000000000000000e+00,-1.000000000000000e+03,2.625753677384722e+03,3.753947461870550e-08,2.414566050278413e+05,4.141977419202812e-06,8.277585354815158e+08,0.000000000000000e+00,5.861334549939201e-12,5.247116290041387e+10,5.247116290041387e+10,-7.124575447979849e+00,7.506276397098903e-08,1.000000000000000e+00,0.000000000000000e+00,-1.000000037193377e+00,1.000107805742691e+00,-6.018139784250039e-01,7.507085616800736e-08,1.000000000000000e+03,1.000000000000000e+00,
7.669683381222869e-08,0.000000000000000e+00,-7.507204611575234e-08,4.127346451118246e+03,4.127346451079935e+03,1.009680366733356e+03,7.669683381222869e-08,0.000000000000000e+00,-1.000000000000000e+03,2.751564300719957e+03,3.831102752503979e-08,2.445262513094138e+05,4.147364905331953e-06,8.283399401758759e+08,0.000000000000000e+00,6.339262674137647e-11,5.381377882149110e+10,5.381377882149110e+10,-7.115222564163925e+00,7.669683381222869e-08,1.000000000000000e+00,0.000000000000000e+00,-9.995123853587754e-01,1.003670244386816e+00,-4.490912219713205e-01,7.665943531312627e-08,1.000000000000000e+03,1.000000000000000e+00,
1.619826537016818e-07,0.000000000000000e+00,-5.090427065743875e-08,1.490135583651342e+04,1.490135583650453e+04,1.749013697200368e+03,1.619826537016818e-07,0.000000000000000e+00,-1.000000000000000e+03,9.934237224336353e+03,3.831286625584752e-08,3.218326783719996e+05,4.079554054580313e-06,8.448380072466761e+08,0.000000000000000e+00,-4.613004015149858e-10,9.321864558128545e+10,9.321864558128543e+10,-6.790531490426460e+00,1.619826537016818e-07,1.000000000000000e+00,0.000000000000000e+00,-3.313714046693303e-01,9.986487177419719e-01,-8.110886492629800e-02,7.762180373316563e-08,1.000000000000000e+03,1.000000000000000e+00,
2.013251237492638e-06,0.000000000000000e+00,2.763478929940558e-03,1.654306444619746e+05,1.654287478244228e+05,1.798321104794554e+03,2.013251237492638e-06,0.000000000000000e+00,-1.000000000000000e+03,1.102858318829486e+05,1.896637551738581e+00,3.263376297226736e+05,4.542792852399159e-03,8.290319016584325e+08,0.000000000000000e+00,6.362215485847287e-07,9.584662371571155e+10,9.584662371571153e+10,-5.696102025286046e+00,2.013251237492638e-06,1.000000000000000e+00,0.000000000000000e+00,1.372644843562731e+03,1.372644843562731e+03,2.501786491760360e+02,2.763478929940558e-03,1.000000000000000e+03,1.000000000000000e+00,
2.223363554984488e-05,0.000000000000000e+00,4.085728940961733e-02,1.782542190878230e+06,1.782504650501755e+06,1.540190668793674e+03,2.223363554984488e-05,0.000000000000000e+00,-1.000000000000000e+03,1.188336433667837e+06,3.754037647506718e+01,3.020096209176460e+05,6.157015240163614e-03,7.334067155005088e+08,0.000000000000000e+00,-3.033512389358577e-06,8.208883001413821e+10,8.208883001413821e+10,-4.652989517501557e+00,2.223363554984488e-05,1.000000000000000e+00,0.000000000000000e+00,1.837634214972206e+03,1.837634214972206e+03,-2.700829830588880e+00,4.085728940961733e-02,1.000000000000000e+03,1.000000000000000e+00,
2.452981433375009e-04,0.000000000000000e+00,5.168219129181703e-01,1.962146018210521e+07,1.962091573263234e+07,1.504077306699262e+03,2.452981433375009e-04,0.000000000000000e+00,-1.000000000000000e+03,1.308061048842156e+07,5.444494728704334e+02,2.984479592749585e+05,7.067330593562210e-03,6.468003899919618e+08,0.000000000000000e+00,-1.047289958184365e-06,8.016406595584853e+10,8.016406595584853e+10,-3.610305738957616e+00,2.452981433375009e-04,1.000000000000000e+00,0.000000000000000e+00,2.106913268426517e+03,2.106913268426517e+03,-4.512708968190128e+02,5.168219129181703e-01,1.000000000000000e+03,1.000000000000000e+00,
2.679406394904688e-03,0.000000000000000e+00,5.895370565815272e+00,2.157327006850810e+08,2.157262150332265e+08,1.510618351092487e+03,2.679406394904688e-03,0.000000000000000e+00,-1.000000000000000e+03,1.438174766888177e+08,6.485651854525301e+03,2.990962117012434e+05,7.356336837805740e-03,5.613759610621485e+08,0.000000000000000e+00,-3.420483552207543e-07,8.051268946863150e+10,8.051268946863150e+10,-2.571961410438416e+00,2.679406394904688e-03,1.000000000000000e+00,0.000000000000000e+00,2.200252480186001e+03,2.200252480186001e+03,-9.477079515162933e+02,5.895370565815272e+00,1.000000000000000e+03,1.000000000000000e+00,
7.506276397098903e-08,0.000000000000000e+00,-7.506087251771272e-08,3.938630516114622e+03,3.938630516077083e+03,9.844895519408831e+02,7.506276397098903e-08,0.000000000000000e+00,-1.000000000000000e+03,2.625753677384722e+03,3.753947461870550e-08,2.414566050278413e+05,4.141977419202812e-06,8.277585354815158e+08,0.000000000000000e+00,5.861334549939201e-12,5.247116290041387e+10,5.247116290041387e+10,-7.124575447979849e+00,7.506276397098903e-08,1.000000000000000e+00,0.000000000000000e+00,-1.000000037193377e+00,1.000107805742691e+00,-7.090222296053783e-01,7.507085616800736e-08,1.000000000000000e+03,1.000000000000000e+00,
7.669683381222869e-08,0.000000000000000e+00,-7.507204611575234e-08,4.127346451118246e+03,4.127346451079935e+03,1.009680366733356e+03,7.669683381222869e-08,0.000000000000000e+00,-1.000000000000000e+03,2.751564300719957e+03,3.831102752503979e-08,2.445262513094138e+05,4.147364905331953e-06,8.283399401758759e+08,0.000000000000000e+00,6.339262674137647e-11,5.381377882149110e+10,5.381377882149110e+10,-7.115222564163925e+00,7.669683381222869e-08,1.000000000000000e+00,0.000000000000000e+00,-9.995123853587754e-01,1.003670244386816e+00,-5.569276337353241e-01,7.665943531312627e-08,1.000000000000000e+03,1.000000000000000e+00,
1.619826537016818e-07,0.000000000000000e+00,-5.090427065743875e-08,1.490135583651342e+04,1.490135583650453e+04,1.749013697200368e+03,1.619826537016818e-07,0.000000000000000e+00,-1.000000000000000e+03,9.934237224336353e+03,3.831286625584752e-08,3.218326783719996e+05,4.079554054580313e-06,8.448380072466761e+08,0.000000000000000e+00,-4.613004015149858e-10,9.321864558128545e+10,9.321864558128543e+10,-6.790531490426460e+00,1.619826537016818e-07,1.000000000000000e+00,0.000000000000000e+00,-3.313714046693303e-01,9.986487177419719e-01,-1.057722536986384e-01,7.762180373316563e-08,1.000000000000000e+03,1.000000000000000e+00,
2.013251237492638e-06,0.000000000000000e+00,2.763478929940558e-03,1.654306444619746e+05,1.654287478244228e+05,1.798321104794554e+03,2.013251237492638e-06,0.000000000000000e+00,-1.000000000000000e+03,1.102858318829486e+05,1.896637551738581e+00,3.263376297226736e+05,4.542792852399159e-03,8.290319016584325e+08,0.000000000000000e+00,6.362215485847287e-07,9.584662371571155e+10,9.584662371571153e+10,-5.696102025286046e+00,2.013251237492638e-06,1.000000000000000e+00,0.000000000000000e+00,1.372644843562731e+03,1.372644843562731e+03,3.648369501967131e+02,2.763478929940558e-03,1.000000000000000e+03,1.000000000000000e+00,
2.223363554984488e-05,0.000000000000000e+00,4.085728940961733e-02,1.782542190878230e+06,1.782504650501755e+06,1.540190668793674e+03,2.223363554984488e-05,0.000000000000000e+00,-1.000000000000000e+03,1.188336433667837e+06,3.754037647506718e+01,3.020096209176460e+05,6.157015240163614e-03,7.334067155005088e+08,0.000000000000000e+00,-3.033512389358577e-06,8.208883001413821e+10,8.208883001413821e+10,-4.652989517501557e+00,2.223363554984488e-05,1.000000000000000e+00,0.000000000000000e+00,1.837634214972206e+03,1.837634214972206e+03,-3.603451649822631e+00,4.085728940961733e-02,1.000000000000000e+03,1.000000000000000e+00,
2.452981433375009e-04,0.000000000000000e+00,5.168219129181703e-01,1.962146018210521e+07,1.962091573263234e+07,1.504077306699262e+03,2.452981433375009e-04,0.000000000000000e+00,-1.000000000000000e+03,1.308061048842156e+07,5.444494728704334e+02,2.984479592749585e+05,7.067330593562210e-03,6.468003899919618e+08,0.000000000000000e+00,-1.047289958184365e-06,8.016406595584853e+10,8.016406595584853e+10,-3.610305738957616e+00,2.452981433375009e-04,1.000000000000000e+00,0.000000000000000e+00,2.106913268426517e+03,2.106913268426517e+03,-5.884922668875438e+02,5.168219129181703e-01,1.000000000000000e+03,1.000000000000000e+00,
2.679406394904688e-03,0.000000000000000e+00,5.895370565815272e+00,2.157327006850810e+08,2.157262150332265e+08,1.510618351092487e+03,2.679406394904688e-03,0.000000000000000e+00,-1.000000000000000e+03,1.438174766888177e+08,6.485651854525301e+03,2.990962117012434e+05,7.356336837805740e-03,5.613759610621485e+08,0.000000000000000e+00,-3.420483552207543e-07,8.051268946863150e+10,8.051268946863150e+10,-2.571961410438416e+00,2.679406394904688e-03,1.000000000000000e+00,0.000000000000000e+00,2.200252480186001e+03,2.200252480186001e+03,-1.175272909128085e+03,5.895370565815272e+00,1.000000000000000e+03,1.000000000000000e+00,
7.506276397098903e-08,0.000000000000000e+00,-7.506087251771272e-08,3.938630516114622e+03,3.938630516077083e+03,9.844895519408831e+02,7.506276397098903e-08,0.000000000000000e+00,-1.000000000000000e+03,2.625753677384722e+03,3.753947461870550e-08,2.414566050278413e+05,4.141977419202812e-06,8.277585354815158e+08,0.000000000000000e+00,5.861334549939201e-12,5.247116290041387e+10,5.247116290041387e+10,-7.124575447979849e+00,7.506276397098903e-08,1.000000000000000e+00,0.000000000000000e+00,-1.000000037193377e+00,1.000107805742691e+00,-8.338021804551637e-01,7.507085616800736e-08,1.000000000000000e+03,1.000000000000000e+00,
7.669683381222869e-08,0.000000000000000e+00,-7.507204611575234e-08,4.127346451118246e+03,4.127346451079935e+03,1.009680366733356e+03,7.669683381222869e-08,0.000000000000000e+00,-1.000000000000000e+03,2.751564300719957e+03,3.831102752503979e-08,2.445262513094138e+05,4.147364905331953e-06,8.283399401758759e+08,0.000000000000000e+00,6.339262674137647e-11,5.381377882149110e+10,5.381377882149110e+10,-7.115222564163925e+00,7.669683381222869e-08,1.000000000000000e+00,0.000000000000000e+00,-9.995123853587754e-01,1.003670244386816e+00,-7.095173614060259e-01,7.665943531312627e-08,1.000000000000000e+03,1.000000000000000e+00,
1.619826537016818e-07,0.000000000000000e+00,-5.090427065743875e-08,1.490135583651342e+04,1.490135583650453e+04,1.749013697200368e+03,1.619826537016818e-07,0.000000000000000e+00,-1.000000000000000e+03,9.934237224336353e+03,3.831286625584752e-08,3.218326783719996e+05,4.079554054580313e-06,8.448380072466761e+08,0.000000000000000e+00,-4.613004015149858e-10,9.321864558128545e+10,9.321864558128543e+10,-6.790531490426460e+00,1.619826537016818e-07,1.000000000000000e+00,0.000000000000000e+00,-3.313714046693303e-01,9.986487177419719e-01,-1.495836398692920e-01,7.762180373316563e-08,1.000000000000000e+03,1.000000000000000e+00,
2.013251237492638e-06,0.000000000000000e+00,2.763478929940558e-03,1.654306444619746e+05,1.654287478244228e+05,1.798321104794554e+03,2.013251237492638e-06,0.000000000000000e+00,-1.000000000000000e+03,1.102858318829486e+05,1.896637551738581e+00,3.263376297226736e+05,4.542792852399159e-03,8.290319016584325e+08,0.000000000000000e+00,6.362215485847287e-07,9.584662371571155e+10,9.584662371571153e+10,-5.696102025286046e+00,2.013251237492638e-06,1.000000000000000e+00,0.000000000000000e+00,1.372644843562731e+03,1.372644843562731e+03,6.423397203905888e+02,2.763478929940558e-03,1.000000000000000e+03,1.000000000000000e+00,
2.223363554984488e-05,0.000000000000000e+00,4.085728940961733e-02,1.782542190878230e+06,1.782504650501755e+06,1.540190668793674e+03,2.223363554984488e-05,0.000000000000000e+00,-1.000000000000000e+03,1.188336433667837e+06,3.754037647506718e+01,3.020096209176460e+05,6.157015240163614e-03,7.334067155005088e+08,0.000000000000000e+00,-3.033512389358577e-06,8.208883001413821e+10,8.208883001413821e+10,-4.652989517501557e+00,2.223363554984488e-05,1.000000000000000e+00,0.000000000000000e+00,1.837634214972206e+03,1.837634214972206e+03,-5.412219897897828e+00,4.085728940961733e-02,1.000000000000000e+03,1.000000000000000e+00,
2.452981433375009e-04,0.000000000000000e+00,5.168219129181703e-01,1.962146018210521e+07,1.962091573263234e+07,1.504077306699262e+03,2.452981433375009e-04,0.000000000000000e+00,-1.000000000000000e+03,1.308061048842156e+07,5.444494728704334e+02,2.984479592749585e+05,7.067330593562210e-03,6.468003899919618e+08,0.000000000000000e+00,-1.047289958184365e-06,8.016406595584853e+10,8.016406595584853e+10,-3.610305738957616e+00,2.452981433375009e-04,1.000000000000000e+00,0.000000000000000e+00,2.106913268426517e+03,2.106913268426517e+03,-8.322486496957644e+02,5.168219129181703e-01,1.000000000000000e+03,1.000000000000000e+00,
2.679406394904688e-03,0.000000000000000e+00,5.895370565815272e+00,2.157327006850810e+08,2.157262150332265e+08,1.510618351092487e+03,2.679406394904688e-03,0.000000000000000e+00,-1.000000000000000e+03,1.438174766888177e+08,6.485651854525301e+03,2.990962117012434e+05,7.356336837805740e-03,5.613759610621485e+08,0.000000000000000e+00,-3.420483552207543e-07,8.051268946863150e+10,8.051268946863150e+10,-2.571961410438416e+00,2.679406394904688e-03,1.000000000000000e+00,0.000000000000000e+00,2.200252480186001e+03,2.200252480186001e+03,-1.497279867087430e+03,5.895370565815272e+00,1.000000000000000e+03,1.000000000000000e+00,
7.506276397098903e-08,0.000000000000000e+00,-7.506087251771272e-08,3.938630516114622e+03,3.938630516077083e+03,9.844895519408831e+02,7.506276397098903e-08,0.000000000000000e+00,-1.000000000000000e+03,2.625753677384722e+03,3.753947461870550e-08,2.414566050278413e+05,4.141977419202812e-06,8.277585354815158e+08,0.000000000000000e+00,5.861334549939201e-12,5.247116290041387e+10,5.247116290041387e+10,-7.124575447979849e+00,7.506276397098903e-08,1.000000000000000e+00,0.000000000000000e+00,-1.000000037193377e+00,1.000107805742691e+00,-9.497677249554592e-01,7.507085616800736e-08,1.000000000000000e+03,1.000000000000000e+00,
7.669683381222869e-08,0.000000000000000e+00,-7.507204611575234e-08,4.127346451118246e+03,4.127346451079935e+03,1.009680366733356e+03,7.669683381222869e-08,0.000000000000000e+00,-1.000000000000000e+03,2.751564300719957e+03,3.831102752503979e-08,2.445262513094138e+05,4.147364905331953e-06,8.283399401758759e+08,0.000000000000000e+00,6.339262674137647e-11,5.381377882149110e+10,5.381377882149110e+10,-7.115222564163925e+00,7.669683381222869e-08,1.000000000000000e+00,0.000000000000000e+00,-9.995123853587754e-01,1.003670244386816e+00,-8.960732641472839e-01,7.665943531312627e-08,1.000000000000000e+03,1.000000000000000e+00,
1.619826537016818e-07,0.000000000000000e+00,-5.090427065743875e-08,1.490135583651342e+04,1.490135583650453e+04,1.749013697200368e+03,1.619826537016818e-07,0.000000000000000e+00,-1.000000000000000e+03,9.934237224336353e+03,3.831286625584752e-08,3.218326783719996e+05,4.079554054580313e-06,8.448380072466761e+08,0.000000000000000e+00,-4.613004015149858e-10,9.321864558128545e+10,9.321864558128543e+10,-6.790531490426460e+00,1.619826537016818e-07,1.000000000000000e+00,0.000000000000000e+00,-3.313714046693303e-01,9.986487177419719e-01,-2.361383467547958e-01,7.762180373316563e-08,1.000000000000000e+03,1.000000000000000e+00,
2.013251237492638e-06,0.000000000000000e+00,2.763478929940558e-03,1.654306444619746e+05,1.654287478244228e+05,1.798321104794554e+03,2.013251237492638e-06,0.000000000000000e+00,-1.000000000000000e+03,1.102858318829486e+05,1.896637551738581e+00,3.263376297226736e+05,4.542792852399159e-03,8.290319016584325e+08,0.000000000000000e+00,6.362215485847287e-07,9.584662371571155e+10,9.584662371571153e+10,-5.696102025286046e+00,2.013251237492638e-06,1.000000000000000e+00,0.000000000000000e+00,1.372644843562731e+03,1.372644843562731e+03,1.336997902627061e+03,2.763478929940558e-03,1.000000000000000e+03,1.000000000000000e+00,
2.223363554984488e-05,0.000000000000000e+00,4.085728940961733e-02,1.782542190878230e+06,1.782504650501755e+06,1.540190668793674e+03,2.223363554984488e-05,0.000000000000000e+00,-1.000000000000000e+03,1.188336433667837e+06,3.754037647506718e+01,3.020096209176460e+05,6.157015240163614e-03,7.334067155005088e+08,0.000000000000000e+00,-3.033512389358577e-06,8.208883001413821e+10,8.208883001413821e+10,-4.652989517501557e+00,2.223363554984488e-05,1.000000000000000e+00,0.000000000000000e+00,1.837634214972206e+03,1.837634214972206e+03,-1.086680239445310e+01,4.085728940961733e-02,1.000000000000000e+03,1.000000000000000e+00,
2.452981433375009e-04,0.000000000000000e+00,5.168219129181703e-01,1.962146018210521e+07,1.962091573263234e+07,1.504077306699262e+03,2.452981433375009e-04,0.000000000000000e+00,-1.000000000000000e+03,1.308061048842156e+07,5.444494728704334e+02,2.984479592749585e+05,7.067330593562210e-03,6.468003899919618e+08,0.000000000000000e+00,-1.047289958184365e-06,8.016406595584853e+10,8.016406595584853e+10,-3.610305738957616e+00,2.452981433375009e-04,1.000000000000000e+00,0.000000000000000e+00,2.106913268426517e+03,2.106913268426517e+03,-1.313818947043912e+03,5.168219129181703e-01,1.000000000000000e+03,1.000000000000000e+00,
2.679406394904688e-03,0.000000000000000e+00,5.895370565815272e+00,2.157327006850810e+08,2.157262150332265e+08,1.510618351092487e+03,2.679406394904688e-03,0.000000000000000e+00,-1.000000000000000e+03,1.438174766888177e+08,6.485651854525301e+03,2.990962117012434e+05,7.356336837805740e-03,5.613759610621485e+08,0.000000000000000e+00,-3.420483552207543e-07,8.051268946863150e+10,8.051268946863150e+10,-2.571961410438416e+00,2.679406394904688e-03,1.000000000000000e+00,0.000000000000000e+00,2.200252480186001e+03,2.200252480186001e+03,-1.890964944373312e+03,5.895370565815272e+00,1.000000000000000e+03,1.000000000000000e+00,
7.506276397098903e-08,0.000000000000000e+00,-7.506087251771272e-08,3.938630516114622e+03,3.938630516077083e+03,9.844895519408831e+02,7.506276397098903e-08,0.000000000000000e+00,-1.000000000000000e+03,2.625753677384722e+03,3.753947461870550e-08,2.414566050278413e+05,4.141977419202812e-06,8.277585354815158e+08,0.000000000000000e+00,5.861334549939201e-12,5.247116290041387e+10,5.247116290041387e+10,-7.124575447979849e+00,7.506276397098903e-08,1.000000000000000e+00,0.000000000000000e+00,-1.000000037193377e+00,1.000107805742691e+00,-9.497677249554592e-01,7.507085616800736e-08,1.000000000000000e+03,1.000000000000000e+00,
7.669683381222869e-08,0.000000000000000e+00,-7.507204611575234e-08,4.127346451118246e+03,4.127346451079935e+03,1.009680366733356e+03,7.669683381222869e-08,0.000000000000000e+00,-1.000000000000000e+03,2.751564300719957e+03,3.831102752503979e-08,2.445262513094138e+05,4.147364905331953e-06,8.283399401758759e+08,0.000000000000000e+00,6.339262674137647e-11,5.381377882149110e+10,5.381377882149110e+10,-7.115222564163925e+00,7.669683381222869e-08,1.000000000000000e+00,0.000000000000000e+00,-9.995123853587754e-01,1.003670244386816e+00,-8.960732641472839e-01,7.665943531312627e-08,1.000000000000000e+03,1.000000000000000e+00,
1.619826537016818e-07,0.000000000000000e+00,-5.090427065743875e-08,1.490135583651342e+04,1.490135583650453e+04,1.749013697200368e+03,1.619826537016818e-07,0.000000000000000e+00,-1.000000000000000e+03,9.934237224336353e+03,3.831286625584752e-08,3.218326783719996e+05,4.079554054580313e-06,8.448380072466761e+08,0.000000000000000e+00,-4.613004015149858e-10,9.321864558128545e+10,9.321864558128543e+10,-6.790531490426460e+00,1.619826537016818e-07,1.000000000000000e+00,0.000000000000000e+00,-3.313714046693303e-01,9.986487177419719e-01,-2.361383467547958e-01,7.762180373316563e-08,1.000000000000000e+03,1.000000000000000e+00,
2.013251237492638e-06,0.000000000000000e+00,2.763478929940558e-03,1.654306444619746e+05,1.654287478244228e+05,1.798321104794554e+03,2.013251237492638e-06,0.000000000000000e+00,-1.000000000000000e+03,1.102858318829486e+05,1.896637551738581e+00,3.263376297226736e+05,4.542792852399159e-03,8.290319016584325e+08,0.000000000000000e+00,6.362215485847287e-07,9.584662371571155e+10,9.584662371571153e+10,-5.696102025286046e+00,2.013251237492638e-06,1.000000000000000e+00,0.000000000000000e+00,1.372644843562731e+03,1.372644843562731e+03,1.336997902627061e+03,2.763478929940558e-03,1.000000000000000e+03,1.000000000000000e+00,
2.223363554984488e-05,0.000000000000000e+00,4.085728940961733e-02,1.782542190878230e+06,1.782504650501755e+06,1.540190668793674e+03,2.223363554984488e-05,0.000000000000000e+00,-1.000000000000000e+03,1.188336433667837e+06,3.754037647506718e+01,3.020096209176460e+05,6.157015240163614e-03,7.334067155005088e+08,0.000000000000000e+00,-3.033512389358577e-06,8.208883001413821e+10,8.208883001413821e+10,-4.652989517501557e+00,2.223363554984488e-05,1.000000000000000e+00,0.000000000000000e+00,1.837634214972206e+03,1.837634214972206e+03,-1.086680239445310e+01,4.085728940961733e-02,1.000000000000000e+03,1.000000000000000e+00,
2.452981433375009e-04,0.000000000000000e+00,5.168219129181703e-01,1.962146018210521e+07,1.962091573263234e+07,1.504077306699262e+03,2.452981433375009e-04,0.000000000000000e+00,-1.000000000000000e+03,1.308061048842156e+07,5.444494728704334e+02,2.984479592749585e+05,7.067330593562210e-03,6.468003899919618e+08,0.000000000000000e+00,-1.047289958184365e-06,8.016406595584853e+10,8.016406595584853e+10,-3.610305738957616e+00,2.452981433375009e-04,1.000000000000000e+00,0.000000000000000e+00,2.106913268426517e+03,2.106913268426517e+03,-1.313818947043912e+03,5.168219129181703e-01,1.000000000000000e+03,1.000000000000000e+00,
2.679406394904688e-03,0.000000000000000e+00,5.895370565815272e+00,2.157327006850810e+08,2.157262150332265e+08,1.510618351092487e+03,2.679406394904688e-03,0.000000000000000e+00,-1.000000000000000e+03,1.438174766888177e+08,6.485651854525301e+03,2.990962117012434e+05,7.356336837805740e-03,5.613759610621485e+08,0.000000000000000e+00,-3.420483552207543e-07,8.051268946863150e+10,8.051268946863150e+10,-2.571961410438416e+00,2.679406394904688e-03,1.000000000000000e+00,0.000000000000000e+00,2.200252480186001e+03,2.200252480186001e+03,-1.890964944373312e+03,5.895370565815272e+00,1.000000000000000e+03,1.000000000000000e+00,
7.506276397098903e-08,0.000000000000000e+00,-7.506087251771272e-08,3.938630516114622e+03,3.938630516077083e+03,9.844895519408831e+02,7.506276397098903e-08,0.000000000000000e+00,-1.000000000000000e+03,2.625753677384722e+03,3.753947461870550e-08,2.414566050278413e+05,4.141977419202812e-06,8.277585354815158e+08,0.000000000000000e+00,5.861334549939201e-12,5.247116290041387e+10,5.247116290041387e+10,-7.124575447979849e+00,7.506276397098903e-08,1.000000000000000e+00,0.000000000000000e+00,-1.000000037193377e+00,1.000107805742691e+00,-8.338021804551637e-01,7.507085616800736e-08,1.000000000000000e+03,1.000000000000000e+00,
7.669683381222869e-08,0.000000000000000e+00,-7.507204611575234e-08,4.127346451118246e+03,4.127346451079935e+03,1.009680366733356e+03,7.669683381222869e-08,0.000000000000000e+00,-1.000000000000000e+03,2.751564300719957e+03,3.831102752503979e-08,2.445262513094138e+05,4.147364905331953e-06,8.283399401758759e+08,0.000000000000000e+00,6.339262674137647e-11,5.381377882149110e+10,5.381377882149110e+10,-7.115222564163925e+00,7.669683381222869e-08,1.000000000000000e+00,0.000000000000000e+00,-9.995123853587754e-01,1.003670244386816e+00,-7.095173614060259e-01,7.665943531312627e-08,1.000000000000000e+03,1.000000000000000e+00,
1.619826537016818e-07,0.000000000000000e+00,-5.090427065743875e-08,1.490135583651342e+04,1.490135583650453e+04,1.749013697200368e+03,1.619826537016818e-07,0.000000000000000e+00,-1.000000000000000e+03,9.934237224336353e+03,3.831286625584752e-08,3.218326783719996e+05,4.079554054580313e-06,8.448380072466761e+08,0.000000000000000e+00,-4.613004015149858e-10,9.321864558128545e+10,9.321864558128543e+10,-6.790531490426460e+00,1.619826537016818e-07,1.000000000000000e+00,0.000000000000000e+00,-3.313714046693303e-01,9.986487177419719e-01,-1.495836398692920e-01,7.762180373316563e-08,1.000000000000000e+03,1.000000000000000e+00,
2.013251237492638e-06,0.000000000000000e+00,2.763478929940558e-03,1.654306444619746e+05,1.654287478244228e+05,1.798321104794554e+03,2.013251237492638e-06,0.000000000000000e+00,-1.000000000000000e+03,1.102858318829486e+05,1.896637551738581e+00,3.263376297226736e+05,4.542792852399159e-03,8.290319016584325e+08,0.000000000000000e+00,6.362215485847287e-07,9.584662371571155e+10,9.584662371571153e+10,-5.696102025286046e+00,2.013251237492638e-06,1.000000000000000e+00,0.000000000000000e+00,1.372644843562731e+03,1.372644843562731e+03,6.423397203905888e+02,2.763478929940558e-03,1.000000000000000e+03,1.000000000000000e+00,
2.223363554984488e-05,0.000000000000000e+00,4.085728940961733e-02,1.782542190878230e+06,1.782504650501755e+06,1.540190668793674e+03,2.223363554984488e-05,0.000000000000000e+00,-1.000000000000000e+03,1.188336433667837e+06,3.754037647506718e+01,3.020096209176460e+05,6.157015240163614e-03,7.334067155005088e+08,0.000000000000000e+00,-3.033512389358577e-06,8.208883001413821e+10,8.208883001413821e+10,-4.652989517501557e+00,2.223363554984488e-05,1.000000000000000e+00,0.000000000000000e+00,1.837634214972206e+03,1.837634214972206e+03,-5.412219897897828e+00,4.085728940961733e-02,1.000000000000000e+03,1.000000000000000e+00,
2.452981433375009e-04,0.000000000000000e+00,5.168219129181703e-01,1.962146018210521e+07,1.962091573263234e+07,1.504077306699262e+03,2.452981433375009e-04,0.000000000000000e+00,-1.000000000000000e+03,1.308061048842156e+07,5.444494728704334e+02,2.984479592749585e+05,7.067330593562210e-03,6.468003899919618e+08,0.000000000000000e+00,-1.047289958184365e-06,8.016406595584853e+10,8.016406595584853e+10,-3.610305738957616e+00,2.452981433375009e-04,1.000000000000000e+00,0.000000000000000e+00,2.106913268426517e+03,2.106913268426517e+03,-8.322486496957644e+02,5.168219129181703e-01,1.000000000000000e+03,1.000000000000000e+00,
2.679406394904688e-03,0.000000000000000e+00,5.895370565815272e+00,2.157327006850810e+08,2.157262150332265e+08,1.510618351092487e+03,2.679406394904688e-03,0.000000000000000e+00,-1.000000000000000e+03,1.438174766888177e+08,6.485651854525301e+03,2.990962117012434e+05,7.356336837805740e-03,5.613759610621485e+08,0.000000000000000e+00,-3.420483552207543e-07,8.051268946863150e+10,8.051268946863150e+10,-2.571961410438416e+00,2.679406394904688e-03,1.000000000000000e+00,0.000000000000000e+00,2.200252480186001e+03,2.200252480186001e+03,-1.497279867087430e+03,5.895370565815272e+00,1.000000000000000e+03,1.000000000000000e+00,
7.506276397098903e-08,0.000000000000000e+00,-7.506087251771272e-08,3.938630516114622e+03,3.938630516077083e+03,9.844895519408831e+02,7.506276397098903e-08,0.000000000000000e+00,-1.000000000000000e+03,2.625753677384722e+03,3.753947461870550e-08,2.414566050278413e+05,4.141977419202812e-06,8.277585354815158e+08,0.000000000000000e+00,5.861334549939201e-12,5.247116290041387e+10,5.247116290041387e+10,-7.124575447979849e+00,7.506276397098903e-08,1.000000000000000e+00,0.000000000000000e+00,-1.000000037193377e+00,1.000107805742691e+00,-7.090222296053783e-01,7.507085616800736e-08,1.000000000000000e+03,1.000000000000000e+00,
7.669683381222869e-08,0.000000000000000e+00,-7.507204611575234e-08,4.127346451118246e+03,4.127346451079935e+03,1.009680366733356e+03,7.669683381222869e-08,0.000000000000000e+00,-1.000000000000000e+03,2.751564300719957e+03,3.831102752503979e-08,2.445262513094138e+05,4.147364905331953e-06,8.283399401758759e+08,0.000000000000000e+00,6.339262674137647e-11,5.381377882149110e+10,5.381377882149110e+10,-7.115222564163925e+00,7.669683381222869e-08,1.000000000000000e+00,0.000000000000000e+00,-9.995123853587754e-01,1.003670244386816e+00,-5.569276337353241e-01,7.665943531312627e-08,1.000000000000000e+03,1.000000000000000e+00,
1.619826537016818e-07,0.000000000000000e+00,-5.090427065743875e-08,1.490135583651342e+04,1.490135583650453e+04,1.749013697200368e+03,1.619826537016818e-07,0.000000000000000e+00,-1.000000000000000e+03,9.934237224336353e+03,3.831286625584752e-08,3.218326783719996e+05,4.079554054580313e-06,8.448380072466761e+08,0.000000000000000e+00,-4.613004015149858e-10,9.321864558128545e+10,9.321864558128543e+10,-6.790531490426460e+00,1.619826537016818e-07,1.000000000000000e+00,0.000000000000000e+00,-3.313714046693303e-01,9.986487177419719e-01,-1.057722536986384e-01,7.762180373316563e-08,1.000000000000000e+03,1.000000000000000e+00,
2.013251237492638e-06,0.000000000000000e+00,2.763478929940558e-03,1.654306444619746e+05,1.654287478244228e+05,1.798321104794554e+03,2.013251237492638e-06,0.000000000000000e+00,-1.000000000000000e+03,1.102858318829486e+05,1.896637551738581e+00,3.263376297226736e+05,4.542792852399159e-03,8.290319016584325e+08,0.000000000000000e+00,6.362215485847287e-07,9.584662371571155e+10,9.584662371571153e+10,-5.696102025286046e+00,2.013251237492638e-06,1.000000000000000e+00,0.000000000000000e+00,1.372644843562731e+03,1.372644843562731e+03,3.648369501967131e+02,2.763478929940558e-03,1.000000000000000e+03,1.000000000000000e+00,
2.223363554984488e-05,0.000000000000000e+00,4.085728940961733e-02,1.782542190878230e+06,1.782504650501755e+06,1.540190668793674e+03,2.223363554984488e-05,0.000000000000000e+00,-1.000000000000000e+03,1.188336433667837e+06,3.754037647506718e+01,3.020096209176460e+05,6.157015240163614e-03,7.334067155005088e+08,0.000000000000000e+00,-3.033512389358577e-06,8.208883001413821e+10,8.208883001413821e+10,-4.652989517501557e+00,2.223363554984488e-05,1.000000000000000e+00,0.000000000000000e+00,1.837634214972206e+03,1.837634214972206e+03,-3.603451649822631e+00,4.085728940961733e-02,1.000000000000000e+03,1.000000000000000e+00,
2.452981433375009e-04,0.000000000000000e+00,5.168219129181703e-01,1.962146018210521e+07,1.962091573263234e+07,1.504077306699262e+03,2.452981433375009e-04,0.000000000000000e+00,-1.000000000000000e+03,1.308061048842156e+07,5.444494728704334e+02,2.984479592749585e+05,7.067330593562210e-03,6.468003899919618e+08,0.000000000000000e+00,-1.047289958184365e-06,8.016406595584853e+10,8.016406595584853e+10,-3.610305738957616e+00,2.452981433375009e-04,1.000000000000000e+00,0.000000000000000e+00,2.106913268426517e+03,2.106913268426517e+03,-5.884922668875438e+02,5.168219129181703e-01,1.000000000000000e+03,1.000000000000000e+00,
2.679406394904688e-03,0.000000000000000e+00,5.895370565815272e+00,2.157327006850810e+08,2.157262150332265e+08,1.510618351092487e+03,2.679406394904688e-03,0.000000000000000e+00,-1.000000000000000e+03,1.438174766888177e+08,6.485651854525301e+03,2.990962117012434e+05,7.356336837805740e-03,5.613759610621485e+08,0.000000000000000e+00,-3.420483552207543e-07,8.051268946863150e+10,8.051268946863150e+10,-2.571961410438416e+00,2.679406394904688e-03,1.000000000000000e+00,0.000000000000000e+00,2.200252480186001e+03,2.200252480186001e+03,-1.175272909128085e+03,5.895370565815272e+00,1.000000000000000e+03,1.000000000000000e+00,

