1
0
28
0
(64 0
((0,0) (63,63) (0,0))
((448,0) (511,63) (0,0))
((384,0) (447,63) (0,0))
((320,0) (383,63) (0,0))
((256,0) (319,63) (0,0))
((192,0) (255,63) (0,0))
((128,0) (191,63) (0,0))
((64,0) (127,63) (0,0))
((0,448) (63,511) (0,0))
((0,384) (63,447) (0,0))
((0,320) (63,383) (0,0))
((0,256) (63,319) (0,0))
((0,192) (63,255) (0,0))
((0,128) (63,191) (0,0))
((0,64) (63,127) (0,0))
((448,448) (511,511) (0,0))
((448,384) (511,447) (0,0))
((448,320) (511,383) (0,0))
((448,256) (511,319) (0,0))
((448,192) (511,255) (0,0))
((448,128) (511,191) (0,0))
((448,64) (511,127) (0,0))
((384,448) (447,511) (0,0))
((384,384) (447,447) (0,0))
((384,320) (447,383) (0,0))
((384,256) (447,319) (0,0))
((384,192) (447,255) (0,0))
((384,128) (447,191) (0,0))
((384,64) (447,127) (0,0))
((320,448) (383,511) (0,0))
((320,384) (383,447) (0,0))
((320,320) (383,383) (0,0))
((320,256) (383,319) (0,0))
((320,192) (383,255) (0,0))
((320,128) (383,191) (0,0))
((320,64) (383,127) (0,0))
((256,448) (319,511) (0,0))
((256,384) (319,447) (0,0))
((256,320) (319,383) (0,0))
((256,256) (319,319) (0,0))
((256,192) (319,255) (0,0))
((256,128) (319,191) (0,0))
((256,64) (319,127) (0,0))
((192,448) (255,511) (0,0))
((192,384) (255,447) (0,0))
((192,320) (255,383) (0,0))
((192,256) (255,319) (0,0))
((192,192) (255,255) (0,0))
((192,128) (255,191) (0,0))
((192,64) (255,127) (0,0))
((128,448) (191,511) (0,0))
((128,384) (191,447) (0,0))
((128,320) (191,383) (0,0))
((128,256) (191,319) (0,0))
((128,192) (191,255) (0,0))
((128,128) (191,191) (0,0))
((128,64) (191,127) (0,0))
((64,448) (127,511) (0,0))
((64,384) (127,447) (0,0))
((64,320) (127,383) (0,0))
((64,256) (127,319) (0,0))
((64,192) (127,255) (0,0))
((64,128) (127,191) (0,0))
((64,64) (127,127) (0,0))
)
64
FabOnDisk: Cell_D_0000 0
FabOnDisk: Cell_D_0001 0
FabOnDisk: Cell_D_0001 917590
FabOnDisk: Cell_D_0001 1835180
FabOnDisk: Cell_D_0001 2752770
FabOnDisk: Cell_D_0000 917587
FabOnDisk: Cell_D_0000 1835177
FabOnDisk: Cell_D_0000 2752767
FabOnDisk: Cell_D_0002 0
FabOnDisk: Cell_D_0002 917590
FabOnDisk: Cell_D_0002 1835180
FabOnDisk: Cell_D_0002 2752770
FabOnDisk: Cell_D_0000 3670356
FabOnDisk: Cell_D_0000 4587946
FabOnDisk: Cell_D_0000 5505536
FabOnDisk: Cell_D_0003 0
FabOnDisk: Cell_D_0003 917593
FabOnDisk: Cell_D_0003 1835186
FabOnDisk: Cell_D_0003 2752779
FabOnDisk: Cell_D_0001 3670360
FabOnDisk: Cell_D_0001 4587953
FabOnDisk: Cell_D_0001 5505546
FabOnDisk: Cell_D_0003 3670372
FabOnDisk: Cell_D_0003 4587965
FabOnDisk: Cell_D_0003 5505558
FabOnDisk: Cell_D_0003 6423151
FabOnDisk: Cell_D_0001 6423138
FabOnDisk: Cell_D_0001 7340731
FabOnDisk: Cell_D_0001 8258324
FabOnDisk: Cell_D_0003 7340744
FabOnDisk: Cell_D_0003 8258337
FabOnDisk: Cell_D_0003 9175930
FabOnDisk: Cell_D_0003 10093523
FabOnDisk: Cell_D_0001 9175916
FabOnDisk: Cell_D_0001 10093509
FabOnDisk: Cell_D_0001 11011102
FabOnDisk: Cell_D_0003 11011116
FabOnDisk: Cell_D_0003 11928709
FabOnDisk: Cell_D_0003 12846302
FabOnDisk: Cell_D_0003 13763895
FabOnDisk: Cell_D_0001 11928694
FabOnDisk: Cell_D_0001 12846287
FabOnDisk: Cell_D_0001 13763880
FabOnDisk: Cell_D_0002 3670360
FabOnDisk: Cell_D_0002 4587953
FabOnDisk: Cell_D_0002 5505546
FabOnDisk: Cell_D_0002 6423139
FabOnDisk: Cell_D_0000 6423125
FabOnDisk: Cell_D_0000 7340718
FabOnDisk: Cell_D_0000 8258311
FabOnDisk: Cell_D_0002 7340732
FabOnDisk: Cell_D_0002 8258325
FabOnDisk: Cell_D_0002 9175918
FabOnDisk: Cell_D_0002 10093511
FabOnDisk: Cell_D_0000 9175903
FabOnDisk: Cell_D_0000 10093496
FabOnDisk: Cell_D_0000 11011089
FabOnDisk: Cell_D_0002 11011104
FabOnDisk: Cell_D_0002 11928696
FabOnDisk: Cell_D_0002 12846288
FabOnDisk: Cell_D_0002 13763880
FabOnDisk: Cell_D_0000 11928681
FabOnDisk: Cell_D_0000 12846273
FabOnDisk: Cell_D_0000 13763865

64,28
3.110665989406322e-03,0.000000000000000e+00,7.277684999573957e+00,2.510825716148544e+08,2.510740582130406e+08,1.514394011252059e+03,3.110665989406322e-03,0.000000000000000e+00,-1.000000000000000e+03,1.673827054753604e+08,8.513401813855982e+03,2.994697610136988e+05,7.024070532268328e-03,4.145467267186872e+08,0.000000000000000e+00,-7.419480757664587e-08,8.071392398544167e+10,8.071392398544167e+10,-2.507146619153390e+00,3.110665989406322e-03,1.000000000000000e+00,0.000000000000000e+00,2.326612040711281e+03,2.326612040711281e+03,-1.858230550956346e+03,7.277684999573957e+00,1.000000000000000e+03,1.000000000000000e+00,
3.110665989406322e-03,0.000000000000000e+00,7.277684999573957e+00,2.510825716148544e+08,2.510740582130406e+08,1.514394011252059e+03,3.110665989406322e-03,0.000000000000000e+00,-1.000000000000000e+03,1.673827054753604e+08,8.513401813855982e+03,2.994697610136988e+05,7.024070532268328e-03,4.145467267186872e+08,0.000000000000000e+00,-7.419480757664587e-08,8.071392398544167e+10,8.071392398544167e+10,-2.507146619153390e+00,3.110665989406322e-03,1.000000000000000e+00,0.000000000000000e+00,2.326612040711281e+03,2.326612040711281e+03,-1.858230550956346e+03,7.277684999573957e+00,1.000000000000000e+03,1.000000000000000e+00,
3.110665989406322e-03,0.000000000000000e+00,7.277684999573957e+00,2.510825716148544e+08,2.510740582130406e+08,1.514394011252059e+03,3.110665989406322e-03,0.000000000000000e+00,-1.000000000000000e+03,1.673827054753604e+08,8.513401813855982e+03,2.994697610136988e+05,7.024070532268328e-03,4.145467267186872e+08,0.000000000000000e+00,-7.419480757664587e-08,8.071392398544167e+10,8.071392398544167e+10,-2.507146619153390e+00,3.110665989406322e-03,1.000000000000000e+00,0.000000000000000e+00,2.326612040711281e+03,2.326612040711281e+03,-2.078538793250225e+03,7.277684999573957e+00,1.000000000000000e+03,1.000000000000000e+00,
3.110665989406322e-03,0.000000000000000e+00,7.277684999573957e+00,2.510825716148544e+08,2.510740582130406e+08,1.514394011252059e+03,3.110665989406322e-03,0.000000000000000e+00,-1.000000000000000e+03,1.673827054753604e+08,8.513401813855982e+03,2.994697610136988e+05,7.024070532268328e-03,4.145467267186872e+08,0.000000000000000e+00,-7.419480757664587e-08,8.071392398544167e+10,8.071392398544167e+10,-2.507146619153390e+00,3.110665989406322e-03,1.000000000000000e+00,0.000000000000000e+00,2.326612040711281e+03,2.326612040711281e+03,-2.255840846505268e+03,7.277684999573957e+00,1.000000000000000e+03,1.000000000000000e+00,
3.110665989406322e-03,0.000000000000000e+00,7.277684999573957e+00,2.510825716148544e+08,2.510740582130406e+08,1.514394011252059e+03,3.110665989406322e-03,0.000000000000000e+00,-1.000000000000000e+03,1.673827054753604e+08,8.513401813855982e+03,2.994697610136988e+05,7.024070532268328e-03,4.145467267186872e+08,0.000000000000000e+00,-7.419480757664587e-08,8.071392398544167e+10,8.071392398544167e+10,-2.507146619153390e+00,3.110665989406322e-03,1.000000000000000e+00,0.000000000000000e+00,2.326612040711281e+03,2.326612040711281e+03,-2.339582737275913e+03,7.277684999573957e+00,1.000000000000000e+03,1.000000000000000e+00,
3.110665989406322e-03,0.000000000000000e+00,7.277684999573957e+00,2.510825716148544e+08,2.510740582130406e+08,1.514394011252059e+03,3.110665989406322e-03,0.000000000000000e+00,-1.000000000000000e+03,1.673827054753604e+08,8.513401813855982e+03,2.994697610136988e+05,7.024070532268328e-03,4.145467267186872e+08,0.000000000000000e+00,-7.419480757664587e-08,8.071392398544167e+10,8.071392398544167e+10,-2.507146619153390e+00,3.110665989406322e-03,1.000000000000000e+00,0.000000000000000e+00,2.326612040711281e+03,2.326612040711281e+03,-2.339582737275913e+03,7.277684999573957e+00,1.000000000000000e+03,1.000000000000000e+00,
3.110665989406322e-03,0.000000000000000e+00,7.277684999573957e+00,2.510825716148544e+08,2.510740582130406e+08,1.514394011252059e+03,3.110665989406322e-03,0.000000000000000e+00,-1.000000000000000e+03,1.673827054753604e+08,8.513401813855982e+03,2.994697610136988e+05,7.024070532268328e-03,4.145467267186872e+08,0.000000000000000e+00,-7.419480757664587e-08,8.071392398544167e+10,8.071392398544167e+10,-2.507146619153390e+00,3.110665989406322e-03,1.000000000000000e+00,0.000000000000000e+00,2.326612040711281e+03,2.326612040711281e+03,-2.255840846505268e+03,7.277684999573957e+00,1.000000000000000e+03,1.000000000000000e+00,
3.110665989406322e-03,0.000000000000000e+00,7.277684999573957e+00,2.510825716148544e+08,2.510740582130406e+08,1.514394011252059e+03,3.110665989406322e-03,0.000000000000000e+00,-1.000000000000000e+03,1.673827054753604e+08,8.513401813855982e+03,2.994697610136988e+05,7.024070532268328e-03,4.145467267186872e+08,0.000000000000000e+00,-7.419480757664587e-08,8.071392398544167e+10,8.071392398544167e+10,-2.507146619153390e+00,3.110665989406322e-03,1.000000000000000e+00,0.000000000000000e+00,2.326612040711281e+03,2.326612040711281e+03,-2.078538793250225e+03,7.277684999573957e+00,1.000000000000000e+03,1.000000000000000e+00,
7.506087220398373e-08,0.000000000000000e+00,-7.508098079128411e-08,3.392534786632948e+03,3.392534786595418e+03,8.480102956074951e+02,7.506087220398373e-08,0.000000000000000e+00,-1.000000000000000e+03,2.261689857730279e+03,3.753046393833321e-08,2.240959959204566e+05,4.462374973262928e-06,8.198057677721177e+08,0.000000000000000e+00,-8.515701477307402e-15,4.519711384882315e+10,4.519711384882316e+10,-7.124586393411127e+00,7.506087220398373e-08,1.000000000000000e+00,0.000000000000000e+00,-1.000174684137900e+00,1.000000368294574e+00,-7.986855052745335e-01,7.506090016838253e-08,1.000000000000000e+03,1.000000000000000e+00,
7.506871172806189e-08,0.000000000000000e+00,-7.680553822053538e-08,3.393278382285869e+03,3.393278382248321e+03,8.481075892341033e+02,7.506871172806189e-08,0.000000000000000e+00,-1.000000000000000e+03,2.262185588165547e+03,3.754861442612322e-08,2.241088510042471e+05,4.302408819609297e-06,8.198081715346814e+08,0.000000000000000e+00,-7.536661625620889e-10,4.520229938859945e+10,4.520229938859945e+10,-7.124541037100108e+00,7.506871172806189e-08,1.000000000000000e+00,0.000000000000000e+00,-1.001090530563977e+00,9.872827553311769e-01,-7.053969108773563e-01,7.508296893627463e-08,1.000000000000000e+03,1.000000000000000e+00,
7.800310509287578e-08,0.000000000000000e+00,-7.805199802437340e-08,3.710475738400481e+03,3.710475738362586e+03,8.924997993468163e+02,7.800310509287578e-08,0.000000000000000e+00,-1.000000000000000e+03,2.473650492241724e+03,3.463890405400991e-09,2.298992729500496e+05,5.974301160169155e-07,8.211648997994395e+08,0.000000000000000e+00,-1.469028659363032e-08,4.756830813266526e+10,4.756830813266526e+10,-7.107888108875406e+00,7.800310509287578e-08,1.000000000000000e+00,0.000000000000000e+00,-9.857092828539716e-01,1.969439850015471e-01,-5.443077362958908e-01,3.517640211630511e-08,1.000000000000000e+03,1.000000000000000e+00,
1.855955489470387e-07,0.000000000000000e+00,-3.281482442995540e-08,1.817639157328894e+04,1.817639157328604e+04,1.547470792943161e+03,1.855955489470387e-07,0.000000000000000e+00,-1.000000000000000e+03,1.211759438219069e+04,9.905677759715657e-13,3.027225441788873e+05,8.942196049057838e-09,7.309442131806804e+08,0.000000000000000e+00,-3.428510868342140e-04,8.247684487872449e+10,8.247684487872450e+10,-6.731432443477715e+00,1.855955489470387e-07,1.000000000000000e+00,0.000000000000000e+00,-1.768082511467955e-01,2.963577103606402e-03,-5.538805442503515e-02,6.684946882374920e-10,1.000000000000000e+03,1.000000000000000e+00,
2.342551412809759e-06,0.000000000000000e+00,5.738841496851156e-03,1.929941859968023e+05,1.929871564175270e+05,1.505196991505347e+03,2.342551412809759e-06,0.000000000000000e+00,-1.000000000000000e+03,1.286581042783513e+05,7.029579275376068e+00,2.985590258656516e+05,8.097234475699312e-03,6.440980540089337e+08,0.000000000000000e+00,-4.061248180755001e-06,8.022374273326215e+10,8.022374273326215e+10,-5.630310868719991e+00,2.342551412809759e-06,1.000000000000000e+00,0.000000000000000e+00,2.449825205743398e+03,2.449825205743398e+03,-7.784943968091862e+02,5.738841496851156e-03,1.000000000000000e+03,1.000000000000000e+00,
2.588915845913272e-05,0.000000000000000e+00,6.428282481483369e-02,2.076788499527937e+06,2.076708692345855e+06,1.501220026776234e+03,2.588915845913272e-05,0.000000000000000e+00,-1.000000000000000e+03,1.384472461563903e+06,7.980718208159611e+01,2.981643452834435e+05,7.978193293627802e-03,5.586309512768852e+08,0.000000000000000e+00,5.380687886374744e-07,8.001177911847404e+10,8.001177911847406e+10,-4.586882066308847e+00,2.588915845913272e-05,1.000000000000000e+00,0.000000000000000e+00,2.378812779939294e+03,2.378812779939294e+03,-1.313578173446411e+03,6.428282481483369e-02,1.000000000000000e+03,1.000000000000000e+00,
2.857733901189403e-04,0.000000000000000e+00,6.794961618078008e-01,2.286590169567588e+07,2.286509386147949e+07,1.501180974261593e+03,2.857733901189403e-04,0.000000000000000e+00,-1.000000000000000e+03,1.524339590765299e+07,8.078341963878528e+02,2.981604670567414e+05,7.816228340398884e-03,4.741993411554950e+08,0.000000000000000e+00,3.339507962323296e-08,8.000969770394475e+10,8.000969770394473e+10,-3.543978213132649e+00,2.857733901189403e-04,1.000000000000000e+00,0.000000000000000e+00,2.339971421548483e+03,2.339971421548483e+03,-1.650295184756086e+03,6.794961618078008e-01,1.000000000000000e+03,1.000000000000000e+00,
7.506087220398373e-08,0.000000000000000e+00,-7.508098079128411e-08,3.392534786632948e+03,3.392534786595418e+03,8.480102956074951e+02,7.506087220398373e-08,0.000000000000000e+00,-1.000000000000000e+03,2.261689857730279e+03,3.753046393833321e-08,2.240959959204566e+05,4.462374973262928e-06,8.198057677721177e+08,0.000000000000000e+00,-8.515701477307402e-15,4.519711384882315e+10,4.519711384882316e+10,-7.124586393411127e+00,7.506087220398373e-08,1.000000000000000e+00,0.000000000000000e+00,-1.000174684137900e+00,1.000000368294574e+00,-7.986855052745335e-01,7.506090016838253e-08,1.000000000000000e+03,1.000000000000000e+00,
7.506871172806189e-08,0.000000000000000e+00,-7.680553822053538e-08,3.393278382285869e+03,3.393278382248321e+03,8.481075892341033e+02,7.506871172806189e-08,0.000000000000000e+00,-1.000000000000000e+03,2.262185588165547e+03,3.754861442612322e-08,2.241088510042471e+05,4.302408819609297e-06,8.198081715346814e+08,0.000000000000000e+00,-7.536661625620889e-10,4.520229938859945e+10,4.520229938859945e+10,-7.124541037100108e+00,7.506871172806189e-08,1.000000000000000e+00,0.000000000000000e+00,-1.001090530563977e+00,9.872827553311769e-01,-7.053969108773563e-01,7.508296893627463e-08,1.000000000000000e+03,1.000000000000000e+00,
7.800310509287578e-08,0.000000000000000e+00,-7.805199802437340e-08,3.710475738400481e+03,3.710475738362586e+03,8.924997993468163e+02,7.800310509287578e-08,0.000000000000000e+00,-1.000000000000000e+03,2.473650492241724e+03,3.463890405400991e-09,2.298992729500496e+05,5.974301160169155e-07,8.211648997994395e+08,0.000000000000000e+00,-1.469028659363032e-08,4.756830813266526e+10,4.756830813266526e+10,-7.107888108875406e+00,7.800310509287578e-08,1.000000000000000e+00,0.000000000000000e+00,-9.857092828539716e-01,1.969439850015471e-01,-5.443077362958908e-01,3.517640211630511e-08,1.000000000000000e+03,1.000000000000000e+00,
1.855955489470387e-07,0.000000000000000e+00,-3.281482442995540e-08,1.817639157328894e+04,1.817639157328604e+04,1.547470792943161e+03,1.855955489470387e-07,0.000000000000000e+00,-1.000000000000000e+03,1.211759438219069e+04,9.905677759715657e-13,3.027225441788873e+05,8.942196049057838e-09,7.309442131806804e+08,0.000000000000000e+00,-3.428510868342140e-04,8.247684487872449e+10,8.247684487872450e+10,-6.731432443477715e+00,1.855955489470387e-07,1.000000000000000e+00,0.000000000000000e+00,-1.768082511467955e-01,2.963577103606402e-03,-5.538805442503515e-02,6.684946882374920e-10,1.000000000000000e+03,1.000000000000000e+00,
2.342551412809759e-06,0.000000000000000e+00,5.738841496851156e-03,1.929941859968023e+05,1.929871564175270e+05,1.505196991505347e+03,2.342551412809759e-06,0.000000000000000e+00,-1.000000000000000e+03,1.286581042783513e+05,7.029579275376068e+00,2.985590258656516e+05,8.097234475699312e-03,6.440980540089337e+08,0.000000000000000e+00,-4.061248180755001e-06,8.022374273326215e+10,8.022374273326215e+10,-5.630310868719991e+00,2.342551412809759e-06,1.000000000000000e+00,0.000000000000000e+00,2.449825205743398e+03,2.449825205743398e+03,-7.784943968091862e+02,5.738841496851156e-03,1.000000000000000e+03,1.000000000000000e+00,
2.588915845913272e-05,0.000000000000000e+00,6.428282481483369e-02,2.076788499527937e+06,2.076708692345855e+06,1.501220026776234e+03,2.588915845913272e-05,0.000000000000000e+00,-1.000000000000000e+03,1.384472461563903e+06,7.980718208159611e+01,2.981643452834435e+05,7.978193293627802e-03,5.586309512768852e+08,0.000000000000000e+00,5.380687886374744e-07,8.001177911847404e+10,8.001177911847406e+10,-4.586882066308847e+00,2.588915845913272e-05,1.000000000000000e+00,0.000000000000000e+00,2.378812779939294e+03,2.378812779939294e+03,-1.313578173446411e+03,6.428282481483369e-02,1.000000000000000e+03,1.000000000000000e+00,
2.857733901189403e-04,0.000000000000000e+00,6.794961618078008e-01,2.286590169567588e+07,2.286509386147949e+07,1.501180974261593e+03,2.857733901189403e-04,0.000000000000000e+00,-1.000000000000000e+03,1.524339590765299e+07,8.078341963878528e+02,2.981604670567414e+05,7.816228340398884e-03,4.741993411554950e+08,0.000000000000000e+00,3.339507962323296e-08,8.000969770394475e+10,8.000969770394473e+10,-3.543978213132649e+00,2.857733901189403e-04,1.000000000000000e+00,0.000000000000000e+00,2.339971421548483e+03,2.339971421548483e+03,-1.650295184756086e+03,6.794961618078008e-01,1.000000000000000e+03,1.000000000000000e+00,
7.506087220398373e-08,0.000000000000000e+00,-7.508098079128411e-08,3.392534786632948e+03,3.392534786595418e+03,8.480102956074951e+02,7.506087220398373e-08,0.000000000000000e+00,-1.000000000000000e+03,2.261689857730279e+03,3.753046393833321e-08,2.240959959204566e+05,4.462374973262928e-06,8.198057677721177e+08,0.000000000000000e+00,-8.515701477307402e-15,4.519711384882315e+10,4.519711384882316e+10,-7.124586393411127e+00,7.506087220398373e-08,1.000000000000000e+00,0.000000000000000e+00,-1.000174684137900e+00,1.000000368294574e+00,-8.933761235737937e-01,7.506090016838253e-08,1.000000000000000e+03,1.000000000000000e+00,
7.506871172806189e-08,0.000000000000000e+00,-7.680553822053538e-08,3.393278382285869e+03,3.393278382248321e+03,8.481075892341033e+02,7.506871172806189e-08,0.000000000000000e+00,-1.000000000000000e+03,2.262185588165547e+03,3.754861442612322e-08,2.241088510042471e+05,4.302408819609297e-06,8.198081715346814e+08,0.000000000000000e+00,-7.536661625620889e-10,4.520229938859945e+10,4.520229938859945e+10,-7.124541037100108e+00,7.506871172806189e-08,1.000000000000000e+00,0.000000000000000e+00,-1.001090530563977e+00,9.872827553311769e-01,-8.305364787532928e-01,7.508296893627463e-08,1.000000000000000e+03,1.000000000000000e+00,
7.800310509287578e-08,0.000000000000000e+00,-7.805199802437340e-08,3.710475738400481e+03,3.710475738362586e+03,8.924997993468163e+02,7.800310509287578e-08,0.000000000000000e+00,-1.000000000000000e+03,2.473650492241724e+03,3.463890405400991e-09,2.298992729500496e+05,5.974301160169155e-07,8.211648997994395e+08,0.000000000000000e+00,-1.469028659363032e-08,4.756830813266526e+10,4.756830813266526e+10,-7.107888108875406e+00,7.800310509287578e-08,1.000000000000000e+00,0.000000000000000e+00,-9.857092828539716e-01,1.969439850015471e-01,-6.942737583547042e-01,3.517640211630511e-08,1.000000000000000e+03,1.000000000000000e+00,
1.855955489470387e-07,0.000000000000000e+00,-3.281482442995540e-08,1.817639157328894e+04,1.817639157328604e+04,1.547470792943161e+03,1.855955489470387e-07,0.000000000000000e+00,-1.000000000000000e+03,1.211759438219069e+04,9.905677759715657e-13,3.027225441788873e+05,8.942196049057838e-09,7.309442131806804e+08,0.000000000000000e+00,-3.428510868342140e-04,8.247684487872449e+10,8.247684487872450e+10,-6.731432443477715e+00,1.855955489470387e-07,1.000000000000000e+00,0.000000000000000e+00,-1.768082511467955e-01,2.963577103606402e-03,-7.833006116921419e-02,6.684946882374920e-10,1.000000000000000e+03,1.000000000000000e+00,
2.342551412809759e-06,0.000000000000000e+00,5.738841496851156e-03,1.929941859968023e+05,1.929871564175270e+05,1.505196991505347e+03,2.342551412809759e-06,0.000000000000000e+00,-1.000000000000000e+03,1.286581042783513e+05,7.029579275376068e+00,2.985590258656516e+05,8.097234475699312e-03,6.440980540089337e+08,0.000000000000000e+00,-4.061248180755001e-06,8.022374273326215e+10,8.022374273326215e+10,-5.630310868719991e+00,2.342551412809759e-06,1.000000000000000e+00,0.000000000000000e+00,2.449825205743398e+03,2.449825205743398e+03,-1.100950635565051e+03,5.738841496851156e-03,1.000000000000000e+03,1.000000000000000e+00,
2.588915845913272e-05,0.000000000000000e+00,6.428282481483369e-02,2.076788499527937e+06,2.076708692345855e+06,1.501220026776234e+03,2.588915845913272e-05,0.000000000000000e+00,-1.000000000000000e+03,1.384472461563903e+06,7.980718208159611e+01,2.981643452834435e+05,7.978193293627802e-03,5.586309512768852e+08,0.000000000000000e+00,5.380687886374744e-07,8.001177911847404e+10,8.001177911847406e+10,-4.586882066308847e+00,2.588915845913272e-05,1.000000000000000e+00,0.000000000000000e+00,2.378812779939294e+03,2.378812779939294e+03,-1.675491260839962e+03,6.428282481483369e-02,1.000000000000000e+03,1.000000000000000e+00,
2.857733901189403e-04,0.000000000000000e+00,6.794961618078008e-01,2.286590169567588e+07,2.286509386147949e+07,1.501180974261593e+03,2.857733901189403e-04,0.000000000000000e+00,-1.000000000000000e+03,1.524339590765299e+07,8.078341963878528e+02,2.981604670567414e+05,7.816228340398884e-03,4.741993411554950e+08,0.000000000000000e+00,3.339507962323296e-08,8.000969770394475e+10,8.000969770394473e+10,-3.543978213132649e+00,2.857733901189403e-04,1.000000000000000e+00,0.000000000000000e+00,2.339971421548483e+03,2.339971421548483e+03,-1.943062594286209e+03,6.794961618078008e-01,1.000000000000000e+03,1.000000000000000e+00,
7.506087220398373e-08,0.000000000000000e+00,-7.508098079128411e-08,3.392534786632948e+03,3.392534786595418e+03,8.480102956074951e+02,7.506087220398373e-08,0.000000000000000e+00,-1.000000000000000e+03,2.261689857730279e+03,3.753046393833321e-08,2.240959959204566e+05,4.462374973262928e-06,8.198057677721177e+08,0.000000000000000e+00,-8.515701477307402e-15,4.519711384882315e+10,4.519711384882316e+10,-7.124586393411127e+00,7.506087220398373e-08,1.000000000000000e+00,0.000000000000000e+00,-1.000174684137900e+00,1.000000368294574e+00,-9.695822649039625e-01,7.506090016838253e-08,1.000000000000000e+03,1.000000000000000e+00,
7.506871172806189e-08,0.000000000000000e+00,-7.680553822053538e-08,3.393278382285869e+03,3.393278382248321e+03,8.481075892341033e+02,7.506871172806189e-08,0.000000000000000e+00,-1.000000000000000e+03,2.262185588165547e+03,3.754861442612322e-08,2.241088510042471e+05,4.302408819609297e-06,8.198081715346814e+08,0.000000000000000e+00,-7.536661625620889e-10,4.520229938859945e+10,4.520229938859945e+10,-7.124541037100108e+00,7.506871172806189e-08,1.000000000000000e+00,0.000000000000000e+00,-1.001090530563977e+00,9.872827553311769e-01,-9.478688849902498e-01,7.508296893627463e-08,1.000000000000000e+03,1.000000000000000e+00,
7.800310509287578e-08,0.000000000000000e+00,-7.805199802437340e-08,3.710475738400481e+03,3.710475738362586e+03,8.924997993468163e+02,7.800310509287578e-08,0.000000000000000e+00,-1.000000000000000e+03,2.473650492241724e+03,3.463890405400991e-09,2.298992729500496e+05,5.974301160169155e-07,8.211648997994395e+08,0.000000000000000e+00,-1.469028659363032e-08,4.756830813266526e+10,4.756830813266526e+10,-7.107888108875406e+00,7.800310509287578e-08,1.000000000000000e+00,0.000000000000000e+00,-9.857092828539716e-01,1.969439850015471e-01,-8.795659019548417e-01,3.517640211630511e-08,1.000000000000000e+03,1.000000000000000e+00,
1.855955489470387e-07,0.000000000000000e+00,-3.281482442995540e-08,1.817639157328894e+04,1.817639157328604e+04,1.547470792943161e+03,1.855955489470387e-07,0.000000000000000e+00,-1.000000000000000e+03,1.211759438219069e+04,9.905677759715657e-13,3.027225441788873e+05,8.942196049057838e-09,7.309442131806804e+08,0.000000000000000e+00,-3.428510868342140e-04,8.247684487872449e+10,8.247684487872450e+10,-6.731432443477715e+00,1.855955489470387e-07,1.000000000000000e+00,0.000000000000000e+00,-1.768082511467955e-01,2.963577103606402e-03,-1.240417911352504e-01,6.684946882374920e-10,1.000000000000000e+03,1.000000000000000e+00,
2.342551412809759e-06,0.000000000000000e+00,5.738841496851156e-03,1.929941859968023e+05,1.929871564175270e+05,1.505196991505347e+03,2.342551412809759e-06,0.000000000000000e+00,-1.000000000000000e+03,1.286581042783513e+05,7.029579275376068e+00,2.985590258656516e+05,8.097234475699312e-03,6.440980540089337e+08,0.000000000000000e+00,-4.061248180755001e-06,8.022374273326215e+10,8.022374273326215e+10,-5.630310868719991e+00,2.342551412809759e-06,1.000000000000000e+00,0.000000000000000e+00,2.449825205743398e+03,2.449825205743398e+03,-1.743441620605480e+03,5.738841496851156e-03,1.000000000000000e+03,1.000000000000000e+00,
2.588915845913272e-05,0.000000000000000e+00,6.428282481483369e-02,2.076788499527937e+06,2.076708692345855e+06,1.501220026776234e+03,2.588915845913272e-05,0.000000000000000e+00,-1.000000000000000e+03,1.384472461563903e+06,7.980718208159611e+01,2.981643452834435e+05,7.978193293627802e-03,5.586309512768852e+08,0.000000000000000e+00,5.380687886374744e-07,8.001177911847404e+10,8.001177911847406e+10,-4.586882066308847e+00,2.588915845913272e-05,1.000000000000000e+00,0.000000000000000e+00,2.378812779939294e+03,2.378812779939294e+03,-2.122656897691992e+03,6.428282481483369e-02,1.000000000000000e+03,1.000000000000000e+00,
2.857733901189403e-04,0.000000000000000e+00,6.794961618078008e-01,2.286590169567588e+07,2.286509386147949e+07,1.501180974261593e+03,2.857733901189403e-04,0.000000000000000e+00,-1.000000000000000e+03,1.524339590765299e+07,8.078341963878528e+02,2.981604670567414e+05,7.816228340398884e-03,4.741993411554950e+08,0.000000000000000e+00,3.339507962323296e-08,8.000969770394475e+10,8.000969770394473e+10,-3.543978213132649e+00,2.857733901189403e-04,1.000000000000000e+00,0.000000000000000e+00,2.339971421548483e+03,2.339971421548483e+03,-2.217564937637640e+03,6.794961618078008e-01,1.000000000000000e+03,1.000000000000000e+00,
7.506087220398373e-08,0.000000000000000e+00,-7.508098079128411e-08,3.392534786632948e+03,3.392534786595418e+03,8.480102956074951e+02,7.506087220398373e-08,0.000000000000000e+00,-1.000000000000000e+03,2.261689857730279e+03,3.753046393833321e-08,2.240959959204566e+05,4.462374973262928e-06,8.198057677721177e+08,0.000000000000000e+00,-8.515701477307402e-15,4.519711384882315e+10,4.519711384882316e+10,-7.124586393411127e+00,7.506087220398373e-08,1.000000000000000e+00,0.000000000000000e+00,-1.000174684137900e+00,1.000000368294574e+00,-1.000171310315591e+00,7.506090016838253e-08,1.000000000000000e+03,1.000000000000000e+00,
7.506871172806189e-08,0.000000000000000e+00,-7.680553822053538e-08,3.393278382285869e+03,3.393278382248321e+03,8.481075892341033e+02,7.506871172806189e-08,0.000000000000000e+00,-1.000000000000000e+03,2.262185588165547e+03,3.754861442612322e-08,2.241088510042471e+05,4.302408819609297e-06,8.198081715346814e+08,0.000000000000000e+00,-7.536661625620889e-10,4.520229938859945e+10,4.520229938859945e+10,-7.124541037100108e+00,7.506871172806189e-08,1.000000000000000e+00,0.000000000000000e+00,-1.001090530563977e+00,9.872827553311769e-01,-1.001085549506055e+00,7.508296893627463e-08,1.000000000000000e+03,1.000000000000000e+00,
7.800310509287578e-08,0.000000000000000e+00,-7.805199802437340e-08,3.710475738400481e+03,3.710475738362586e+03,8.924997993468163e+02,7.800310509287578e-08,0.000000000000000e+00,-1.000000000000000e+03,2.473650492241724e+03,3.463890405400991e-09,2.298992729500496e+05,5.974301160169155e-07,8.211648997994395e+08,0.000000000000000e+00,-1.469028659363032e-08,4.756830813266526e+10,4.756830813266526e+10,-7.107888108875406e+00,7.800310509287578e-08,1.000000000000000e+00,0.000000000000000e+00,-9.857092828539716e-01,1.969439850015471e-01,-9.857017034774718e-01,3.517640211630511e-08,1.000000000000000e+03,1.000000000000000e+00,
1.855955489470387e-07,0.000000000000000e+00,-3.281482442995540e-08,1.817639157328894e+04,1.817639157328604e+04,1.547470792943161e+03,1.855955489470387e-07,0.000000000000000e+00,-1.000000000000000e+03,1.211759438219069e+04,9.905677759715657e-13,3.027225441788873e+05,8.942196049057838e-09,7.309442131806804e+08,0.000000000000000e+00,-3.428510868342140e-04,8.247684487872449e+10,8.247684487872450e+10,-6.731432443477715e+00,1.855955489470387e-07,1.000000000000000e+00,0.000000000000000e+00,-1.768082511467955e-01,2.963577103606402e-03,-1.768027703349048e-01,6.684946882374920e-10,1.000000000000000e+03,1.000000000000000e+00,
2.342551412809759e-06,0.000000000000000e+00,5.738841496851156e-03,1.929941859968023e+05,1.929871564175270e+05,1.505196991505347e+03,2.342551412809759e-06,0.000000000000000e+00,-1.000000000000000e+03,1.286581042783513e+05,7.029579275376068e+00,2.985590258656516e+05,8.097234475699312e-03,6.440980540089337e+08,0.000000000000000e+00,-4.061248180755001e-06,8.022374273326215e+10,8.022374273326215e+10,-5.630310868719991e+00,2.342551412809759e-06,1.000000000000000e+00,0.000000000000000e+00,2.449825205743398e+03,2.449825205743398e+03,-2.566001484621835e+03,5.738841496851156e-03,1.000000000000000e+03,1.000000000000000e+00,
2.588915845913272e-05,0.000000000000000e+00,6.428282481483369e-02,2.076788499527937e+06,2.076708692345855e+06,1.501220026776234e+03,2.588915845913272e-05,0.000000000000000e+00,-1.000000000000000e+03,1.384472461563903e+06,7.980718208159611e+01,2.981643452834435e+05,7.978193293627802e-03,5.586309512768852e+08,0.000000000000000e+00,5.380687886374744e-07,8.001177911847404e+10,8.001177911847406e+10,-4.586882066308847e+00,2.588915845913272e-05,1.000000000000000e+00,0.000000000000000e+00,2.378812779939294e+03,2.378812779939294e+03,-2.482927111908946e+03,6.428282481483369e-02,1.000000000000000e+03,1.000000000000000e+00,
2.857733901189403e-04,0.000000000000000e+00,6.794961618078008e-01,2.286590169567588e+07,2.286509386147949e+07,1.501180974261593e+03,2.857733901189403e-04,0.000000000000000e+00,-1.000000000000000e+03,1.524339590765299e+07,8.078341963878528e+02,2.981604670567414e+05,7.816228340398884e-03,4.741993411554950e+08,0.000000000000000e+00,3.339507962323296e-08,8.000969770394475e+10,8.000969770394473e+10,-3.543978213132649e+00,2.857733901189403e-04,1.000000000000000e+00,0.000000000000000e+00,2.339971421548483e+03,2.339971421548483e+03,-2.377726693532059e+03,6.794961618078008e-01,1.000000000000000e+03,1.000000000000000e+00,
7.506087220398373e-08,0.000000000000000e+00,-7.508098079128411e-08,3.392534786632948e+03,3.392534786595418e+03,8.480102956074951e+02,7.506087220398373e-08,0.000000000000000e+00,-1.000000000000000e+03,2.261689857730279e+03,3.753046393833321e-08,2.240959959204566e+05,4.462374973262928e-06,8.198057677721177e+08,0.000000000000000e+00,-8.515701477307402e-15,4.519711384882315e+10,4.519711384882316e+10,-7.124586393411127e+00,7.506087220398373e-08,1.000000000000000e+00,0.000000000000000e+00,-1.000174684137900e+00,1.000000368294574e+00,-1.000171310315591e+00,7.506090016838253e-08,1.000000000000000e+03,1.000000000000000e+00,
7.506871172806189e-08,0.000000000000000e+00,-7.680553822053538e-08,3.393278382285869e+03,3.393278382248321e+03,8.481075892341033e+02,7.506871172806189e-08,0.000000000000000e+00,-1.000000000000000e+03,2.262185588165547e+03,3.754861442612322e-08,2.241088510042471e+05,4.302408819609297e-06,8.198081715346814e+08,0.000000000000000e+00,-7.536661625620889e-10,4.520229938859945e+10,4.520229938859945e+10,-7.124541037100108e+00,7.506871172806189e-08,1.000000000000000e+00,0.000000000000000e+00,-1.001090530563977e+00,9.872827553311769e-01,-1.001085549506055e+00,7.508296893627463e-08,1.000000000000000e+03,1.000000000000000e+00,
7.800310509287578e-08,0.000000000000000e+00,-7.805199802437340e-08,3.710475738400481e+03,3.710475738362586e+03,8.924997993468163e+02,7.800310509287578e-08,0.000000000000000e+00,-1.000000000000000e+03,2.473650492241724e+03,3.463890405400991e-09,2.298992729500496e+05,5.974301160169155e-07,8.211648997994395e+08,0.000000000000000e+00,-1.469028659363032e-08,4.756830813266526e+10,4.756830813266526e+10,-7.107888108875406e+00,7.800310509287578e-08,1.000000000000000e+00,0.000000000000000e+00,-9.857092828539716e-01,1.969439850015471e-01,-9.857017034774718e-01,3.517640211630511e-08,1.000000000000000e+03,1.000000000000000e+00,
1.855955489470387e-07,0.000000000000000e+00,-3.281482442995540e-08,1.817639157328894e+04,1.817639157328604e+04,1.547470792943161e+03,1.855955489470387e-07,0.000000000000000e+00,-1.000000000000000e+03,1.211759438219069e+04,9.905677759715657e-13,3.027225441788873e+05,8.942196049057838e-09,7.309442131806804e+08,0.000000000000000e+00,-3.428510868342140e-04,8.247684487872449e+10,8.247684487872450e+10,-6.731432443477715e+00,1.855955489470387e-07,1.000000000000000e+00,0.000000000000000e+00,-1.768082511467955e-01,2.963577103606402e-03,-1.768027703349048e-01,6.684946882374920e-10,1.000000000000000e+03,1.000000000000000e+00,
2.342551412809759e-06,0.000000000000000e+00,5.738841496851156e-03,1.929941859968023e+05,1.929871564175270e+05,1.505196991505347e+03,2.342551412809759e-06,0.000000000000000e+00,-1.000000000000000e+03,1.286581042783513e+05,7.029579275376068e+00,2.985590258656516e+05,8.097234475699312e-03,6.440980540089337e+08,0.000000000000000e+00,-4.061248180755001e-06,8.022374273326215e+10,8.022374273326215e+10,-5.630310868719991e+00,2.342551412809759e-06,1.000000000000000e+00,0.000000000000000e+00,2.449825205743398e+03,2.449825205743398e+03,-2.566001484621835e+03,5.738841496851156e-03,1.000000000000000e+03,1.000000000000000e+00,
2.588915845913272e-05,0.000000000000000e+00,6.428282481483369e-02,2.076788499527937e+06,2.076708692345855e+06,1.501220026776234e+03,2.588915845913272e-05,0.000000000000000e+00,-1.000000000000000e+03,1.384472461563903e+06,7.980718208159611e+01,2.981643452834435e+05,7.978193293627802e-03,5.586309512768852e+08,0.000000000000000e+00,5.380687886374744e-07,8.001177911847404e+10,8.001177911847406e+10,-4.586882066308847e+00,2.588915845913272e-05,1.000000000000000e+00,0.000000000000000e+00,2.378812779939294e+03,2.378812779939294e+03,-2.482927111908946e+03,6.428282481483369e-02,1.000000000000000e+03,1.000000000000000e+00,
2.857733901189403e-04,0.000000000000000e+00,6.794961618078008e-01,2.286590169567588e+07,2.286509386147949e+07,1.501180974261593e+03,2.857733901189403e-04,0.000000000000000e+00,-1.000000000000000e+03,1.524339590765299e+07,8.078341963878528e+02,2.981604670567414e+05,7.816228340398884e-03,4.741993411554950e+08,0.000000000000000e+00,3.339507962323296e-08,8.000969770394475e+10,8.000969770394473e+10,-3.543978213132649e+00,2.857733901189403e-04,1.000000000000000e+00,0.000000000000000e+00,2.339971421548483e+03,2.339971421548483e+03,-2.377726693532059e+03,6.794961618078008e-01,1.000000000000000e+03,1.000000000000000e+00,
7.506087220398373e-08,0.000000000000000e+00,-7.508098079128411e-08,3.392534786632948e+03,3.392534786595418e+03,8.480102956074951e+02,7.506087220398373e-08,0.000000000000000e+00,-1.000000000000000e+03,2.261689857730279e+03,3.753046393833321e-08,2.240959959204566e+05,4.462374973262928e-06,8.198057677721177e+08,0.000000000000000e+00,-8.515701477307402e-15,4.519711384882315e+10,4.519711384882316e+10,-7.124586393411127e+00,7.506087220398373e-08,1.000000000000000e+00,0.000000000000000e+00,-1.000174684137900e+00,1.000000368294574e+00,-9.695822649039625e-01,7.506090016838253e-08,1.000000000000000e+03,1.000000000000000e+00,
7.506871172806189e-08,0.000000000000000e+00,-7.680553822053538e-08,3.393278382285869e+03,3.393278382248321e+03,8.481075892341033e+02,7.506871172806189e-08,0.000000000000000e+00,-1.000000000000000e+03,2.262185588165547e+03,3.754861442612322e-08,2.241088510042471e+05,4.302408819609297e-06,8.198081715346814e+08,0.000000000000000e+00,-7.536661625620889e-10,4.520229938859945e+10,4.520229938859945e+10,-7.124541037100108e+00,7.506871172806189e-08,1.000000000000000e+00,0.000000000000000e+00,-1.001090530563977e+00,9.872827553311769e-01,-9.478688849902498e-01,7.508296893627463e-08,1.000000000000000e+03,1.000000000000000e+00,
7.800310509287578e-08,0.000000000000000e+00,-7.805199802437340e-08,3.710475738400481e+03,3.710475738362586e+03,8.924997993468163e+02,7.800310509287578e-08,0.000000000000000e+00,-1.000000000000000e+03,2.473650492241724e+03,3.463890405400991e-09,2.298992729500496e+05,5.974301160169155e-07,8.211648997994395e+08,0.000000000000000e+00,-1.469028659363032e-08,4.756830813266526e+10,4.756830813266526e+10,-7.107888108875406e+00,7.800310509287578e-08,1.000000000000000e+00,0.000000000000000e+00,-9.857092828539716e-01,1.969439850015471e-01,-8.795659019548417e-01,3.517640211630511e-08,1.000000000000000e+03,1.000000000000000e+00,
1.855955489470387e-07,0.000000000000000e+00,-3.281482442995540e-08,1.817639157328894e+04,1.817639157328604e+04,1.547470792943161e+03,1.855955489470387e-07,0.000000000000000e+00,-1.000000000000000e+03,1.211759438219069e+04,9.905677759715657e-13,3.027225441788873e+05,8.942196049057838e-09,7.309442131806804e+08,0.000000000000000e+00,-3.428510868342140e-04,8.247684487872449e+10,8.247684487872450e+10,-6.731432443477715e+00,1.855955489470387e-07,1.000000000000000e+00,0.000000000000000e+00,-1.768082511467955e-01,2.963577103606402e-03,-1.240417911352504e-01,6.684946882374920e-10,1.000000000000000e+03,1.000000000000000e+00,
2.342551412809759e-06,0.000000000000000e+00,5.738841496851156e-03,1.929941859968023e+05,1.929871564175270e+05,1.505196991505347e+03,2.342551412809759e-06,0.000000000000000e+00,-1.000000000000000e+03,1.286581042783513e+05,7.029579275376068e+00,2.985590258656516e+05,8.097234475699312e-03,6.440980540089337e+08,0.000000000000000e+00,-4.061248180755001e-06,8.022374273326215e+10,8.022374273326215e+10,-5.630310868719991e+00,2.342551412809759e-06,1.000000000000000e+00,0.000000000000000e+00,2.449825205743398e+03,2.449825205743398e+03,-1.743441620605480e+03,5.738841496851156e-03,1.000000000000000e+03,1.000000000000000e+00,
2.588915845913272e-05,0.000000000000000e+00,6.428282481483369e-02,2.076788499527937e+06,2.076708692345855e+06,1.501220026776234e+03,2.588915845913272e-05,0.000000000000000e+00,-1.000000000000000e+03,1.384472461563903e+06,7.980718208159611e+01,2.981643452834435e+05,7.978193293627802e-03,5.586309512768852e+08,0.000000000000000e+00,5.380687886374744e-07,8.001177911847404e+10,8.001177911847406e+10,-4.586882066308847e+00,2.588915845913272e-05,1.000000000000000e+00,0.000000000000000e+00,2.378812779939294e+03,2.378812779939294e+03,-2.122656897691992e+03,6.428282481483369e-02,1.000000000000000e+03,1.000000000000000e+00,
2.857733901189403e-04,0.000000000000000e+00,6.794961618078008e-01,2.286590169567588e+07,2.286509386147949e+07,1.501180974261593e+03,2.857733901189403e-04,0.000000000000000e+00,-1.000000000000000e+03,1.524339590765299e+07,8.078341963878528e+02,2.981604670567414e+05,7.816228340398884e-03,4.741993411554950e+08,0.000000000000000e+00,3.339507962323296e-08,8.000969770394475e+10,8.000969770394473e+10,-3.543978213132649e+00,2.857733901189403e-04,1.000000000000000e+00,0.000000000000000e+00,2.339971421548483e+03,2.339971421548483e+03,-2.217564937637640e+03,6.794961618078008e-01,1.000000000000000e+03,1.000000000000000e+00,
7.506087220398373e-08,0.000000000000000e+00,-7.508098079128411e-08,3.392534786632948e+03,3.392534786595418e+03,8.480102956074951e+02,7.506087220398373e-08,0.000000000000000e+00,-1.000000000000000e+03,2.261689857730279e+03,3.753046393833321e-08,2.240959959204566e+05,4.462374973262928e-06,8.198057677721177e+08,0.000000000000000e+00,-8.515701477307402e-15,4.519711384882315e+10,4.519711384882316e+10,-7.124586393411127e+00,7.506087220398373e-08,1.000000000000000e+00,0.000000000000000e+00,-1.000174684137900e+00,1.000000368294574e+00,-8.933761235737937e-01,7.506090016838253e-08,1.000000000000000e+03,1.000000000000000e+00,
7.506871172806189e-08,0.000000000000000e+00,-7.680553822053538e-08,3.393278382285869e+03,3.393278382248321e+03,8.481075892341033e+02,7.506871172806189e-08,0.000000000000000e+00,-1.000000000000000e+03,2.262185588165547e+03,3.754861442612322e-08,2.241088510042471e+05,4.302408819609297e-06,8.198081715346814e+08,0.000000000000000e+00,-7.536661625620889e-10,4.520229938859945e+10,4.520229938859945e+10,-7.124541037100108e+00,7.506871172806189e-08,1.000000000000000e+00,0.000000000000000e+00,-1.001090530563977e+00,9.872827553311769e-01,-8.305364787532928e-01,7.508296893627463e-08,1.000000000000000e+03,1.000000000000000e+00,
7.800310509287578e-08,0.000000000000000e+00,-7.805199802437340e-08,3.710475738400481e+03,3.710475738362586e+03,8.924997993468163e+02,7.800310509287578e-08,0.000000000000000e+00,-1.000000000000000e+03,2.473650492241724e+03,3.463890405400991e-09,2.298992729500496e+05,5.974301160169155e-07,8.211648997994395e+08,0.000000000000000e+00,-1.469028659363032e-08,4.756830813266526e+10,4.756830813266526e+10,-7.107888108875406e+00,7.800310509287578e-08,1.000000000000000e+00,0.000000000000000e+00,-9.857092828539716e-01,1.969439850015471e-01,-6.942737583547042e-01,3.517640211630511e-08,1.000000000000000e+03,1.000000000000000e+00,
1.855955489470387e-07,0.000000000000000e+00,-3.281482442995540e-08,1.817639157328894e+04,1.817639157328604e+04,1.547470792943161e+03,1.855955489470387e-07,0.000000000000000e+00,-1.000000000000000e+03,1.211759438219069e+04,9.905677759715657e-13,3.027225441788873e+05,8.942196049057838e-09,7.309442131806804e+08,0.000000000000000e+00,-3.428510868342140e-04,8.247684487872449e+10,8.247684487872450e+10,-6.731432443477715e+00,1.855955489470387e-07,1.000000000000000e+00,0.000000000000000e+00,-1.768082511467955e-01,2.963577103606402e-03,-7.833006116921419e-02,6.684946882374920e-10,1.000000000000000e+03,1.000000000000000e+00,
2.342551412809759e-06,0.000000000000000e+00,5.738841496851156e-03,1.929941859968023e+05,1.929871564175270e+05,1.505196991505347e+03,2.342551412809759e-06,0.000000000000000e+00,-1.000000000000000e+03,1.286581042783513e+05,7.029579275376068e+00,2.985590258656516e+05,8.097234475699312e-03,6.440980540089337e+08,0.000000000000000e+00,-4.061248180755001e-06,8.022374273326215e+10,8.022374273326215e+10,-5.630310868719991e+00,2.342551412809759e-06,1.000000000000000e+00,0.000000000000000e+00,2.449825205743398e+03,2.449825205743398e+03,-1.100950635565051e+03,5.738841496851156e-03,1.000000000000000e+03,1.000000000000000e+00,
2.588915845913272e-05,0.000000000000000e+00,6.428282481483369e-02,2.076788499527937e+06,2.076708692345855e+06,1.501220026776234e+03,2.588915845913272e-05,0.000000000000000e+00,-1.000000000000000e+03,1.384472461563903e+06,7.980718208159611e+01,2.981643452834435e+05,7.978193293627802e-03,5.586309512768852e+08,0.000000000000000e+00,5.380687886374744e-07,8.001177911847404e+10,8.001177911847406e+10,-4.586882066308847e+00,2.588915845913272e-05,1.000000000000000e+00,0.000000000000000e+00,2.378812779939294e+03,2.378812779939294e+03,-1.675491260839962e+03,6.428282481483369e-02,1.000000000000000e+03,1.000000000000000e+00,
2.857733901189403e-04,0.000000000000000e+00,6.794961618078008e-01,2.286590169567588e+07,2.286509386147949e+07,1.501180974261593e+03,2.857733901189403e-04,0.000000000000000e+00,-1.000000000000000e+03,1.524339590765299e+07,8.078341963878528e+02,2.981604670567414e+05,7.816228340398884e-03,4.741993411554950e+08,0.000000000000000e+00,3.339507962323296e-08,8.000969770394475e+10,8.000969770394473e+10,-3.543978213132649e+00,2.857733901189403e-04,1.000000000000000e+00,0.000000000000000e+00,2.339971421548483e+03,2.339971421548483e+03,-1.943062594286209e+03,6.794961618078008e-01,1.000000000000000e+03,1.000000000000000e+00,

64,28
2.175536009522996e-02,0.000000000000000e+00,5.061628274757175e+01,2.147301531109972e+09,2.147242648883523e+09,1.854076086399355e+03,2.175536009522996e-02,0.000000000000000e+00,-1.000000000000000e+03,1.431495099255682e+09,5.888222644827356e+04,3.313578857331296e+05,7.812443638185377e-03,4.729352350606255e+08,2.500000000000000e-07,5.814232124392883e-04,9.881824359377681e+10,9.881824359377681e+10,-1.662433723859333e+00,2.175536009522996e-02,1.000000000000000e+00,0.000000000000000e+00,2.339590629260366e+03,2.339590629260366e+03,-1.407846570535908e+03,5.061628274757175e+01,1.000000000000000e+03,1.000000000000000e+00,
2.175536009522996e-02,0.000000000000000e+00,5.061628274757175e+01,2.147301531109972e+09,2.147242648883523e+09,1.854076086399355e+03,2.175536009522996e-02,0.000000000000000e+00,-1.000000000000000e+03,1.431495099255682e+09,5.888222644827356e+04,3.313578857331296e+05,7.812443638185377e-03,4.729352350606255e+08,2.500000000000000e-07,5.814232124392883e-04,9.881824359377681e+10,9.881824359377681e+10,-1.662433723859333e+00,2.175536009522996e-02,1.000000000000000e+00,0.000000000000000e+00,2.339590629260366e+03,2.339590629260366e+03,-1.407846570535908e+03,5.061628274757175e+01,1.000000000000000e+03,1.000000000000000e+00,
2.175536009522996e-02,0.000000000000000e+00,5.061628274757175e+01,2.147301531109972e+09,2.147242648883523e+09,1.854076086399355e+03,2.175536009522996e-02,0.000000000000000e+00,-1.000000000000000e+03,1.431495099255682e+09,5.888222644827356e+04,3.313578857331296e+05,7.812443638185377e-03,4.729352350606255e+08,2.500000000000000e-07,5.814232124392883e-04,9.881824359377681e+10,9.881824359377681e+10,-1.662433723859333e+00,2.175536009522996e-02,1.000000000000000e+00,0.000000000000000e+00,2.339590629260366e+03,2.339590629260366e+03,-1.658642953086618e+03,5.061628274757175e+01,1.000000000000000e+03,1.000000000000000e+00,
2.175536009522996e-02,0.000000000000000e+00,5.061628274757175e+01,2.147301531109972e+09,2.147242648883523e+09,1.854076086399355e+03,2.175536009522996e-02,0.000000000000000e+00,-1.000000000000000e+03,1.431495099255682e+09,5.888222644827356e+04,3.313578857331296e+05,7.812443638185377e-03,4.729352350606255e+08,2.500000000000000e-07,5.814232124392883e-04,9.881824359377681e+10,9.881824359377681e+10,-1.662433723859333e+00,2.175536009522996e-02,1.000000000000000e+00,0.000000000000000e+00,2.339590629260366e+03,2.339590629260366e+03,-1.950545488044771e+03,5.061628274757175e+01,1.000000000000000e+03,1.000000000000000e+00,
2.175536009522996e-02,0.000000000000000e+00,5.061628274757175e+01,2.147301531109972e+09,2.147242648883523e+09,1.854076086399355e+03,2.175536009522996e-02,0.000000000000000e+00,-1.000000000000000e+03,1.431495099255682e+09,5.888222644827356e+04,3.313578857331296e+05,7.812443638185377e-03,4.729352350606255e+08,2.500000000000000e-07,5.814232124392883e-04,9.881824359377681e+10,9.881824359377681e+10,-1.662433723859333e+00,2.175536009522996e-02,1.000000000000000e+00,0.000000000000000e+00,2.339590629260366e+03,2.339590629260366e+03,-2.221828143446593e+03,5.061628274757175e+01,1.000000000000000e+03,1.000000000000000e+00,
2.175536009522996e-02,0.000000000000000e+00,5.061628274757175e+01,2.147301531109972e+09,2.147242648883523e+09,1.854076086399355e+03,2.175536009522996e-02,0.000000000000000e+00,-1.000000000000000e+03,1.431495099255682e+09,5.888222644827356e+04,3.313578857331296e+05,7.812443638185377e-03,4.729352350606255e+08,2.500000000000000e-07,5.814232124392883e-04,9.881824359377681e+10,9.881824359377681e+10,-1.662433723859333e+00,2.175536009522996e-02,1.000000000000000e+00,0.000000000000000e+00,2.339590629260366e+03,2.339590629260366e+03,-2.221828143446593e+03,5.061628274757175e+01,1.000000000000000e+03,1.000000000000000e+00,
2.175536009522996e-02,0.000000000000000e+00,5.061628274757175e+01,2.147301531109972e+09,2.147242648883523e+09,1.854076086399355e+03,2.175536009522996e-02,0.000000000000000e+00,-1.000000000000000e+03,1.431495099255682e+09,5.888222644827356e+04,3.313578857331296e+05,7.812443638185377e-03,4.729352350606255e+08,2.500000000000000e-07,5.814232124392883e-04,9.881824359377681e+10,9.881824359377681e+10,-1.662433723859333e+00,2.175536009522996e-02,1.000000000000000e+00,0.000000000000000e+00,2.339590629260366e+03,2.339590629260366e+03,-1.950545488044771e+03,5.061628274757175e+01,1.000000000000000e+03,1.000000000000000e+00,
2.175536009522996e-02,0.000000000000000e+00,5.061628274757175e+01,2.147301531109972e+09,2.147242648883523e+09,1.854076086399355e+03,2.175536009522996e-02,0.000000000000000e+00,-1.000000000000000e+03,1.431495099255682e+09,5.888222644827356e+04,3.313578857331296e+05,7.812443638185377e-03,4.729352350606255e+08,2.500000000000000e-07,5.814232124392883e-04,9.881824359377681e+10,9.881824359377681e+10,-1.662433723859333e+00,2.175536009522996e-02,1.000000000000000e+00,0.000000000000000e+00,2.339590629260366e+03,2.339590629260366e+03,-1.658642953086618e+03,5.061628274757175e+01,1.000000000000000e+03,1.000000000000000e+00,
7.506786762554398e-08,0.000000000000000e+00,-7.506090016838253e-08,3.393197460390952e+03,3.393197460353405e+03,8.480969001558445e+02,7.506786762554398e-08,0.000000000000000e+00,-1.000000000000000e+03,2.262131640235603e+03,3.754704812384315e-08,2.241074387278890e+05,4.462924969448741e-06,8.198078993310341e+08,0.000000000000000e+00,7.363465699794513e-12,4.520172968385707e+10,4.520172968385707e+10,-7.124545920507832e+00,7.506786762554398e-08,1.000000000000000e+00,0.000000000000000e+00,-1.000000368294574e+00,1.000174684137900e+00,-6.018542224395593e-01,7.508098079128411e-08,1.000000000000000e+03,1.000000000000000e+00,
7.779487467576754e-08,0.000000000000000e+00,-7.508296893627463e-08,3.686831142857227e+03,3.686831142819312e+03,8.891861385153106e+02,7.779487467576754e-08,0.000000000000000e+00,-1.000000000000000e+03,2.457887428546208e+03,3.795909258965695e-08,2.294720926638562e+05,4.463537873767947e-06,8.210616278014741e+08,0.000000000000000e+00,1.864016829261628e-11,4.739169718037646e+10,4.739169718037646e+10,-7.109049014493016e+00,7.779487467576754e-08,1.000000000000000e+00,0.000000000000000e+00,-9.872827553311769e-01,1.001090530563977e+00,-4.435963230848201e-01,7.680553822053538e-08,1.000000000000000e+03,1.000000000000000e+00,
1.786112031602732e-07,0.000000000000000e+00,-3.517640211630511e-08,1.746877396537783e+04,1.746877396537436e+04,1.845639741860335e+03,1.786112031602732e-07,0.000000000000000e+00,-1.000000000000000e+03,1.164584931024958e+04,3.789479731137721e-08,3.306031603738067e+05,4.287570248506777e-06,8.447717179284869e+08,0.000000000000000e+00,-5.047067015227086e-10,9.836860468423405e+10,9.836860468423404e+10,-6.748091304024778e+00,1.786112031602732e-07,1.000000000000000e+00,0.000000000000000e+00,-1.969439850015471e-01,9.857092828539716e-01,-4.820543611322593e-02,7.805199802437340e-08,1.000000000000000e+03,1.000000000000000e+00,
2.256164870437467e-06,0.000000000000000e+00,5.508338373223082e-03,1.860880842363505e+05,1.860813600398985e+05,1.895723669456952e+03,2.256164870437467e-06,0.000000000000000e+00,-1.000000000000000e+03,1.240542400265990e+05,6.724196452016976e+00,3.350588168177375e+05,8.065011915027244e-03,8.288537245568196e+08,0.000000000000000e+00,-2.427096641004600e-09,1.010379696545719e+11,1.010379696545719e+11,-5.646629167230819e+00,2.256164870437467e-06,1.000000000000000e+00,0.000000000000000e+00,2.441460925750087e+03,2.441460925750087e+03,3.197122600289078e+02,5.508338373223082e-03,1.000000000000000e+03,1.000000000000000e+00,
2.493554521364326e-05,0.000000000000000e+00,6.196704373703024e-02,2.000499760935632e+06,2.000422764132943e+06,1.545715983568095e+03,2.493554521364326e-05,0.000000000000000e+00,-1.000000000000000e+03,1.333615176088629e+06,7.699680268883884e+01,3.025508540101676e+05,8.559098769212454e-03,7.295486550242875e+08,0.000000000000000e+00,1.333268548790784e-06,8.238331733605356e+10,8.238331733605356e+10,-4.603181131528711e+00,2.493554521364326e-05,1.000000000000000e+00,0.000000000000000e+00,2.566510053866491e+03,2.566510053866491e+03,-4.794169304852996e+00,6.196704373703024e-02,1.000000000000000e+03,1.000000000000000e+00,
2.752525472024935e-04,0.000000000000000e+00,6.547742769961352e-01,2.202422480127231e+07,2.202344600856326e+07,1.505040092105513e+03,2.752525472024935e-04,0.000000000000000e+00,-1.000000000000000e+03,1.468229733904218e+07,7.787927090469589e+02,2.985434647952300e+05,8.317052644889793e-03,6.427589867203428e+08,0.000000000000000e+00,1.040692900908880e-06,8.021538033474667e+10,8.021538033474667e+10,-3.560268653352147e+00,2.752525472024935e-04,1.000000000000000e+00,0.000000000000000e+00,2.483001713489731e+03,2.483001713489731e+03,-6.077574822491761e+02,6.547742769961352e-01,1.000000000000000e+03,1.000000000000000e+00,
2.999049609891899e-03,0.000000000000000e+00,7.017690378953169e+00,2.419176357984006e+08,2.419094252009346e+08,1.513420323435230e+03,2.999049609891899e-03,0.000000000000000e+00,-1.000000000000000e+03,1.612729501339564e+08,8.210597466013080e+03,2.993734726829983e+05,7.974636110663062e-03,5.572978111092188e+08,0.000000000000000e+00,5.303614495323928e-07,8.066202853165016e+10,8.066202853165016e+10,-2.523016350137739e+00,2.999049609891899e-03,1.000000000000000e+00,0.000000000000000e+00,2.377744693181514e+03,2.377744693181514e+03,-1.068345210563261e+03,7.017690378953169e+00,1.000000000000000e+03,1.000000000000000e+00,
7.506786762554398e-08,0.000000000000000e+00,-7.506090016838253e-08,3.393197460390952e+03,3.393197460353405e+03,8.480969001558445e+02,7.506786762554398e-08,0.000000000000000e+00,-1.000000000000000e+03,2.262131640235603e+03,3.754704812384315e-08,2.241074387278890e+05,4.462924969448741e-06,8.198078993310341e+08,0.000000000000000e+00,7.363465699794513e-12,4.520172968385707e+10,4.520172968385707e+10,-7.124545920507832e+00,7.506786762554398e-08,1.000000000000000e+00,0.000000000000000e+00,-1.000000368294574e+00,1.000174684137900e+00,-6.018542224395593e-01,7.508098079128411e-08,1.000000000000000e+03,1.000000000000000e+00,
7.779487467576754e-08,0.000000000000000e+00,-7.508296893627463e-08,3.686831142857227e+03,3.686831142819312e+03,8.891861385153106e+02,7.779487467576754e-08,0.000000000000000e+00,-1.000000000000000e+03,2.457887428546208e+03,3.795909258965695e-08,2.294720926638562e+05,4.463537873767947e-06,8.210616278014741e+08,0.000000000000000e+00,1.864016829261628e-11,4.739169718037646e+10,4.739169718037646e+10,-7.109049014493016e+00,7.779487467576754e-08,1.000000000000000e+00,0.000000000000000e+00,-9.872827553311769e-01,1.001090530563977e+00,-4.435963230848201e-01,7.680553822053538e-08,1.000000000000000e+03,1.000000000000000e+00,
1.786112031602732e-07,0.000000000000000e+00,-3.517640211630511e-08,1.746877396537783e+04,1.746877396537436e+04,1.845639741860335e+03,1.786112031602732e-07,0.000000000000000e+00,-1.000000000000000e+03,1.164584931024958e+04,3.789479731137721e-08,3.306031603738067e+05,4.287570248506777e-06,8.447717179284869e+08,0.000000000000000e+00,-5.047067015227086e-10,9.836860468423405e+10,9.836860468423404e+10,-6.748091304024778e+00,1.786112031602732e-07,1.000000000000000e+00,0.000000000000000e+00,-1.969439850015471e-01,9.857092828539716e-01,-4.820543611322593e-02,7.805199802437340e-08,1.000000000000000e+03,1.000000000000000e+00,
2.256164870437467e-06,0.000000000000000e+00,5.508338373223082e-03,1.860880842363505e+05,1.860813600398985e+05,1.895723669456952e+03,2.256164870437467e-06,0.000000000000000e+00,-1.000000000000000e+03,1.240542400265990e+05,6.724196452016976e+00,3.350588168177375e+05,8.065011915027244e-03,8.288537245568196e+08,0.000000000000000e+00,-2.427096641004600e-09,1.010379696545719e+11,1.010379696545719e+11,-5.646629167230819e+00,2.256164870437467e-06,1.000000000000000e+00,0.000000000000000e+00,2.441460925750087e+03,2.441460925750087e+03,3.197122600289078e+02,5.508338373223082e-03,1.000000000000000e+03,1.000000000000000e+00,
2.493554521364326e-05,0.000000000000000e+00,6.196704373703024e-02,2.000499760935632e+06,2.000422764132943e+06,1.545715983568095e+03,2.493554521364326e-05,0.000000000000000e+00,-1.000000000000000e+03,1.333615176088629e+06,7.699680268883884e+01,3.025508540101676e+05,8.559098769212454e-03,7.295486550242875e+08,0.000000000000000e+00,1.333268548790784e-06,8.238331733605356e+10,8.238331733605356e+10,-4.603181131528711e+00,2.493554521364326e-05,1.000000000000000e+00,0.000000000000000e+00,2.566510053866491e+03,2.566510053866491e+03,-4.794169304852996e+00,6.196704373703024e-02,1.000000000000000e+03,1.000000000000000e+00,
2.752525472024935e-04,0.000000000000000e+00,6.547742769961352e-01,2.202422480127231e+07,2.202344600856326e+07,1.505040092105513e+03,2.752525472024935e-04,0.000000000000000e+00,-1.000000000000000e+03,1.468229733904218e+07,7.787927090469589e+02,2.985434647952300e+05,8.317052644889793e-03,6.427589867203428e+08,0.000000000000000e+00,1.040692900908880e-06,8.021538033474667e+10,8.021538033474667e+10,-3.560268653352147e+00,2.752525472024935e-04,1.000000000000000e+00,0.000000000000000e+00,2.483001713489731e+03,2.483001713489731e+03,-6.077574822491761e+02,6.547742769961352e-01,1.000000000000000e+03,1.000000000000000e+00,
2.999049609891899e-03,0.000000000000000e+00,7.017690378953169e+00,2.419176357984006e+08,2.419094252009346e+08,1.513420323435230e+03,2.999049609891899e-03,0.000000000000000e+00,-1.000000000000000e+03,1.612729501339564e+08,8.210597466013080e+03,2.993734726829983e+05,7.974636110663062e-03,5.572978111092188e+08,0.000000000000000e+00,5.303614495323928e-07,8.066202853165016e+10,8.066202853165016e+10,-2.523016350137739e+00,2.999049609891899e-03,1.000000000000000e+00,0.000000000000000e+00,2.377744693181514e+03,2.377744693181514e+03,-1.068345210563261e+03,7.017690378953169e+00,1.000000000000000e+03,1.000000000000000e+00,
7.506786762554398e-08,0.000000000000000e+00,-7.506090016838253e-08,3.393197460390952e+03,3.393197460353405e+03,8.480969001558445e+02,7.506786762554398e-08,0.000000000000000e+00,-1.000000000000000e+03,2.262131640235603e+03,3.754704812384315e-08,2.241074387278890e+05,4.462924969448741e-06,8.198078993310341e+08,0.000000000000000e+00,7.363465699794513e-12,4.520172968385707e+10,4.520172968385707e+10,-7.124545920507832e+00,7.506786762554398e-08,1.000000000000000e+00,0.000000000000000e+00,-1.000000368294574e+00,1.000174684137900e+00,-7.090696427628510e-01,7.508098079128411e-08,1.000000000000000e+03,1.000000000000000e+00,
7.779487467576754e-08,0.000000000000000e+00,-7.508296893627463e-08,3.686831142857227e+03,3.686831142819312e+03,8.891861385153106e+02,7.779487467576754e-08,0.000000000000000e+00,-1.000000000000000e+03,2.457887428546208e+03,3.795909258965695e-08,2.294720926638562e+05,4.463537873767947e-06,8.210616278014741e+08,0.000000000000000e+00,1.864016829261628e-11,4.739169718037646e+10,4.739169718037646e+10,-7.109049014493016e+00,7.779487467576754e-08,1.000000000000000e+00,0.000000000000000e+00,-9.872827553311769e-01,1.001090530563977e+00,-5.501132920498190e-01,7.680553822053538e-08,1.000000000000000e+03,1.000000000000000e+00,
1.786112031602732e-07,0.000000000000000e+00,-3.517640211630511e-08,1.746877396537783e+04,1.746877396537436e+04,1.845639741860335e+03,1.786112031602732e-07,0.000000000000000e+00,-1.000000000000000e+03,1.164584931024958e+04,3.789479731137721e-08,3.306031603738067e+05,4.287570248506777e-06,8.447717179284869e+08,0.000000000000000e+00,-5.047067015227086e-10,9.836860468423405e+10,9.836860468423404e+10,-6.748091304024778e+00,1.786112031602732e-07,1.000000000000000e+00,0.000000000000000e+00,-1.969439850015471e-01,9.857092828539716e-01,-6.286362930679421e-02,7.805199802437340e-08,1.000000000000000e+03,1.000000000000000e+00,
2.256164870437467e-06,0.000000000000000e+00,5.508338373223082e-03,1.860880842363505e+05,1.860813600398985e+05,1.895723669456952e+03,2.256164870437467e-06,0.000000000000000e+00,-1.000000000000000e+03,1.240542400265990e+05,6.724196452016976e+00,3.350588168177375e+05,8.065011915027244e-03,8.288537245568196e+08,0.000000000000000e+00,-2.427096641004600e-09,1.010379696545719e+11,1.010379696545719e+11,-5.646629167230819e+00,2.256164870437467e-06,1.000000000000000e+00,0.000000000000000e+00,2.441460925750087e+03,2.441460925750087e+03,4.678825003943682e+02,5.508338373223082e-03,1.000000000000000e+03,1.000000000000000e+00,
2.493554521364326e-05,0.000000000000000e+00,6.196704373703024e-02,2.000499760935632e+06,2.000422764132943e+06,1.545715983568095e+03,2.493554521364326e-05,0.000000000000000e+00,-1.000000000000000e+03,1.333615176088629e+06,7.699680268883884e+01,3.025508540101676e+05,8.559098769212454e-03,7.295486550242875e+08,0.000000000000000e+00,1.333268548790784e-06,8.238331733605356e+10,8.238331733605356e+10,-4.603181131528711e+00,2.493554521364326e-05,1.000000000000000e+00,0.000000000000000e+00,2.566510053866491e+03,2.566510053866491e+03,-6.396388656346720e+00,6.196704373703024e-02,1.000000000000000e+03,1.000000000000000e+00,
2.752525472024935e-04,0.000000000000000e+00,6.547742769961352e-01,2.202422480127231e+07,2.202344600856326e+07,1.505040092105513e+03,2.752525472024935e-04,0.000000000000000e+00,-1.000000000000000e+03,1.468229733904218e+07,7.787927090469589e+02,2.985434647952300e+05,8.317052644889793e-03,6.427589867203428e+08,0.000000000000000e+00,1.040692900908880e-06,8.021538033474667e+10,8.021538033474667e+10,-3.560268653352147e+00,2.752525472024935e-04,1.000000000000000e+00,0.000000000000000e+00,2.483001713489731e+03,2.483001713489731e+03,-7.925629172362239e+02,6.547742769961352e-01,1.000000000000000e+03,1.000000000000000e+00,
2.999049609891899e-03,0.000000000000000e+00,7.017690378953169e+00,2.419176357984006e+08,2.419094252009346e+08,1.513420323435230e+03,2.999049609891899e-03,0.000000000000000e+00,-1.000000000000000e+03,1.612729501339564e+08,8.210597466013080e+03,2.993734726829983e+05,7.974636110663062e-03,5.572978111092188e+08,0.000000000000000e+00,5.303614495323928e-07,8.066202853165016e+10,8.066202853165016e+10,-2.523016350137739e+00,2.999049609891899e-03,1.000000000000000e+00,0.000000000000000e+00,2.377744693181514e+03,2.377744693181514e+03,-1.324877755391666e+03,7.017690378953169e+00,1.000000000000000e+03,1.000000000000000e+00,
7.506786762554398e-08,0.000000000000000e+00,-7.506090016838253e-08,3.393197460390952e+03,3.393197460353405e+03,8.480969001558445e+02,7.506786762554398e-08,0.000000000000000e+00,-1.000000000000000e+03,2.262131640235603e+03,3.754704812384315e-08,2.241074387278890e+05,4.462924969448741e-06,8.198078993310341e+08,0.000000000000000e+00,7.363465699794513e-12,4.520172968385707e+10,4.520172968385707e+10,-7.124545920507832e+00,7.506786762554398e-08,1.000000000000000e+00,0.000000000000000e+00,-1.000000368294574e+00,1.000174684137900e+00,-8.338579377959525e-01,7.508098079128411e-08,1.000000000000000e+03,1.000000000000000e+00,
7.779487467576754e-08,0.000000000000000e+00,-7.508296893627463e-08,3.686831142857227e+03,3.686831142819312e+03,8.891861385153106e+02,7.779487467576754e-08,0.000000000000000e+00,-1.000000000000000e+03,2.457887428546208e+03,3.795909258965695e-08,2.294720926638562e+05,4.463537873767947e-06,8.210616278014741e+08,0.000000000000000e+00,1.864016829261628e-11,4.739169718037646e+10,4.739169718037646e+10,-7.109049014493016e+00,7.779487467576754e-08,1.000000000000000e+00,0.000000000000000e+00,-9.872827553311769e-01,1.001090530563977e+00,-7.008359934157344e-01,7.680553822053538e-08,1.000000000000000e+03,1.000000000000000e+00,
1.786112031602732e-07,0.000000000000000e+00,-3.517640211630511e-08,1.746877396537783e+04,1.746877396537436e+04,1.845639741860335e+03,1.786112031602732e-07,0.000000000000000e+00,-1.000000000000000e+03,1.164584931024958e+04,3.789479731137721e-08,3.306031603738067e+05,4.287570248506777e-06,8.447717179284869e+08,0.000000000000000e+00,-5.047067015227086e-10,9.836860468423405e+10,9.836860468423404e+10,-6.748091304024778e+00,1.786112031602732e-07,1.000000000000000e+00,0.000000000000000e+00,-1.969439850015471e-01,9.857092828539716e-01,-8.890205283793838e-02,7.805199802437340e-08,1.000000000000000e+03,1.000000000000000e+00,
2.256164870437467e-06,0.000000000000000e+00,5.508338373223082e-03,1.860880842363505e+05,1.860813600398985e+05,1.895723669456952e+03,2.256164870437467e-06,0.000000000000000e+00,-1.000000000000000e+03,1.240542400265990e+05,6.724196452016976e+00,3.350588168177375e+05,8.065011915027244e-03,8.288537245568196e+08,0.000000000000000e+00,-2.427096641004600e-09,1.010379696545719e+11,1.010379696545719e+11,-5.646629167230819e+00,2.256164870437467e-06,1.000000000000000e+00,0.000000000000000e+00,2.441460925750087e+03,2.441460925750087e+03,8.405565006629994e+02,5.508338373223082e-03,1.000000000000000e+03,1.000000000000000e+00,
2.493554521364326e-05,0.000000000000000e+00,6.196704373703024e-02,2.000499760935632e+06,2.000422764132943e+06,1.545715983568095e+03,2.493554521364326e-05,0.000000000000000e+00,-1.000000000000000e+03,1.333615176088629e+06,7.699680268883884e+01,3.025508540101676e+05,8.559098769212454e-03,7.295486550242875e+08,0.000000000000000e+00,1.333268548790784e-06,8.238331733605356e+10,8.238331733605356e+10,-4.603181131528711e+00,2.493554521364326e-05,1.000000000000000e+00,0.000000000000000e+00,2.566510053866491e+03,2.566510053866491e+03,-9.607083797633766e+00,6.196704373703024e-02,1.000000000000000e+03,1.000000000000000e+00,
2.752525472024935e-04,0.000000000000000e+00,6.547742769961352e-01,2.202422480127231e+07,2.202344600856326e+07,1.505040092105513e+03,2.752525472024935e-04,0.000000000000000e+00,-1.000000000000000e+03,1.468229733904218e+07,7.787927090469589e+02,2.985434647952300e+05,8.317052644889793e-03,6.427589867203428e+08,0.000000000000000e+00,1.040692900908880e-06,8.021538033474667e+10,8.021538033474667e+10,-3.560268653352147e+00,2.752525472024935e-04,1.000000000000000e+00,0.000000000000000e+00,2.483001713489731e+03,2.483001713489731e+03,-1.120846364145732e+03,6.547742769961352e-01,1.000000000000000e+03,1.000000000000000e+00,
2.999049609891899e-03,0.000000000000000e+00,7.017690378953169e+00,2.419176357984006e+08,2.419094252009346e+08,1.513420323435230e+03,2.999049609891899e-03,0.000000000000000e+00,-1.000000000000000e+03,1.612729501339564e+08,8.210597466013080e+03,2.993734726829983e+05,7.974636110663062e-03,5.572978111092188e+08,0.000000000000000e+00,5.303614495323928e-07,8.066202853165016e+10,8.066202853165016e+10,-2.523016350137739e+00,2.999049609891899e-03,1.000000000000000e+00,0.000000000000000e+00,2.377744693181514e+03,2.377744693181514e+03,-1.687874172962610e+03,7.017690378953169e+00,1.000000000000000e+03,1.000000000000000e+00,
7.506786762554398e-08,0.000000000000000e+00,-7.506090016838253e-08,3.393197460390952e+03,3.393197460353405e+03,8.480969001558445e+02,7.506786762554398e-08,0.000000000000000e+00,-1.000000000000000e+03,2.262131640235603e+03,3.754704812384315e-08,2.241074387278890e+05,4.462924969448741e-06,8.198078993310341e+08,0.000000000000000e+00,7.363465699794513e-12,4.520172968385707e+10,4.520172968385707e+10,-7.124545920507832e+00,7.506786762554398e-08,1.000000000000000e+00,0.000000000000000e+00,-1.000000368294574e+00,1.000174684137900e+00,-9.498312370497567e-01,7.508098079128411e-08,1.000000000000000e+03,1.000000000000000e+00,
7.779487467576754e-08,0.000000000000000e+00,-7.508296893627463e-08,3.686831142857227e+03,3.686831142819312e+03,8.891861385153106e+02,7.779487467576754e-08,0.000000000000000e+00,-1.000000000000000e+03,2.457887428546208e+03,3.795909258965695e-08,2.294720926638562e+05,4.463537873767947e-06,8.210616278014741e+08,0.000000000000000e+00,1.864016829261628e-11,4.739169718037646e+10,4.739169718037646e+10,-7.109049014493016e+00,7.779487467576754e-08,1.000000000000000e+00,0.000000000000000e+00,-9.872827553311769e-01,1.001090530563977e+00,-8.851092734467483e-01,7.680553822053538e-08,1.000000000000000e+03,1.000000000000000e+00,
1.786112031602732e-07,0.000000000000000e+00,-3.517640211630511e-08,1.746877396537783e+04,1.746877396537436e+04,1.845639741860335e+03,1.786112031602732e-07,0.000000000000000e+00,-1.000000000000000e+03,1.164584931024958e+04,3.789479731137721e-08,3.306031603738067e+05,4.287570248506777e-06,8.447717179284869e+08,0.000000000000000e+00,-5.047067015227086e-10,9.836860468423405e+10,9.836860468423404e+10,-6.748091304024778e+00,1.786112031602732e-07,1.000000000000000e+00,0.000000000000000e+00,-1.969439850015471e-01,9.857092828539716e-01,-1.403441164996544e-01,7.805199802437340e-08,1.000000000000000e+03,1.000000000000000e+00,
2.256164870437467e-06,0.000000000000000e+00,5.508338373223082e-03,1.860880842363505e+05,1.860813600398985e+05,1.895723669456952e+03,2.256164870437467e-06,0.000000000000000e+00,-1.000000000000000e+03,1.240542400265990e+05,6.724196452016976e+00,3.350588168177375e+05,8.065011915027244e-03,8.288537245568196e+08,0.000000000000000e+00,-2.427096641004600e-09,1.010379696545719e+11,1.010379696545719e+11,-5.646629167230819e+00,2.256164870437467e-06,1.000000000000000e+00,0.000000000000000e+00,2.441460925750087e+03,2.441460925750087e+03,2.388872545798680e+03,5.508338373223082e-03,1.000000000000000e+03,1.000000000000000e+00,
2.493554521364326e-05,0.000000000000000e+00,6.196704373703024e-02,2.000499760935632e+06,2.000422764132943e+06,1.545715983568095e+03,2.493554521364326e-05,0.000000000000000e+00,-1.000000000000000e+03,1.333615176088629e+06,7.699680268883884e+01,3.025508540101676e+05,8.559098769212454e-03,7.295486550242875e+08,0.000000000000000e+00,1.333268548790784e-06,8.238331733605356e+10,8.238331733605356e+10,-4.603181131528711e+00,2.493554521364326e-05,1.000000000000000e+00,0.000000000000000e+00,2.566510053866491e+03,2.566510053866491e+03,-1.928936428772744e+01,6.196704373703024e-02,1.000000000000000e+03,1.000000000000000e+00,
2.752525472024935e-04,0.000000000000000e+00,6.547742769961352e-01,2.202422480127231e+07,2.202344600856326e+07,1.505040092105513e+03,2.752525472024935e-04,0.000000000000000e+00,-1.000000000000000e+03,1.468229733904218e+07,7.787927090469589e+02,2.985434647952300e+05,8.317052644889793e-03,6.427589867203428e+08,0.000000000000000e+00,1.040692900908880e-06,8.021538033474667e+10,8.021538033474667e+10,-3.560268653352147e+00,2.752525472024935e-04,1.000000000000000e+00,0.000000000000000e+00,2.483001713489731e+03,2.483001713489731e+03,-1.769410128184960e+03,6.547742769961352e-01,1.000000000000000e+03,1.000000000000000e+00,
2.999049609891899e-03,0.000000000000000e+00,7.017690378953169e+00,2.419176357984006e+08,2.419094252009346e+08,1.513420323435230e+03,2.999049609891899e-03,0.000000000000000e+00,-1.000000000000000e+03,1.612729501339564e+08,8.210597466013080e+03,2.993734726829983e+05,7.974636110663062e-03,5.572978111092188e+08,0.000000000000000e+00,5.303614495323928e-07,8.066202853165016e+10,8.066202853165016e+10,-2.523016350137739e+00,2.999049609891899e-03,1.000000000000000e+00,0.000000000000000e+00,2.377744693181514e+03,2.377744693181514e+03,-2.131672883436306e+03,7.017690378953169e+00,1.000000000000000e+03,1.000000000000000e+00,
7.506786762554398e-08,0.000000000000000e+00,-7.506090016838253e-08,3.393197460390952e+03,3.393197460353405e+03,8.480969001558445e+02,7.506786762554398e-08,0.000000000000000e+00,-1.000000000000000e+03,2.262131640235603e+03,3.754704812384315e-08,2.241074387278890e+05,4.462924969448741e-06,8.198078993310341e+08,0.000000000000000e+00,7.363465699794513e-12,4.520172968385707e+10,4.520172968385707e+10,-7.124545920507832e+00,7.506786762554398e-08,1.000000000000000e+00,0.000000000000000e+00,-1.000000368294574e+00,1.000174684137900e+00,-9.498312370497567e-01,7.508098079128411e-08,1.000000000000000e+03,1.000000000000000e+00,
7.779487467576754e-08,0.000000000000000e+00,-7.508296893627463e-08,3.686831142857227e+03,3.686831142819312e+03,8.891861385153106e+02,7.779487467576754e-08,0.000000000000000e+00,-1.000000000000000e+03,2.457887428546208e+03,3.795909258965695e-08,2.294720926638562e+05,4.463537873767947e-06,8.210616278014741e+08,0.000000000000000e+00,1.864016829261628e-11,4.739169718037646e+10,4.739169718037646e+10,-7.109049014493016e+00,7.779487467576754e-08,1.000000000000000e+00,0.000000000000000e+00,-9.872827553311769e-01,1.001090530563977e+00,-8.851092734467483e-01,7.680553822053538e-08,1.000000000000000e+03,1.000000000000000e+00,
1.786112031602732e-07,0.000000000000000e+00,-3.517640211630511e-08,1.746877396537783e+04,1.746877396537436e+04,1.845639741860335e+03,1.786112031602732e-07,0.000000000000000e+00,-1.000000000000000e+03,1.164584931024958e+04,3.789479731137721e-08,3.306031603738067e+05,4.287570248506777e-06,8.447717179284869e+08,0.000000000000000e+00,-5.047067015227086e-10,9.836860468423405e+10,9.836860468423404e+10,-6.748091304024778e+00,1.786112031602732e-07,1.000000000000000e+00,0.000000000000000e+00,-1.969439850015471e-01,9.857092828539716e-01,-1.403441164996544e-01,7.805199802437340e-08,1.000000000000000e+03,1.000000000000000e+00,
2.256164870437467e-06,0.000000000000000e+00,5.508338373223082e-03,1.860880842363505e+05,1.860813600398985e+05,1.895723669456952e+03,2.256164870437467e-06,0.000000000000000e+00,-1.000000000000000e+03,1.240542400265990e+05,6.724196452016976e+00,3.350588168177375e+05,8.065011915027244e-03,8.288537245568196e+08,0.000000000000000e+00,-2.427096641004600e-09,1.010379696545719e+11,1.010379696545719e+11,-5.646629167230819e+00,2.256164870437467e-06,1.000000000000000e+00,0.000000000000000e+00,2.441460925750087e+03,2.441460925750087e+03,2.388872545798680e+03,5.508338373223082e-03,1.000000000000000e+03,1.000000000000000e+00,
2.493554521364326e-05,0.000000000000000e+00,6.196704373703024e-02,2.000499760935632e+06,2.000422764132943e+06,1.545715983568095e+03,2.493554521364326e-05,0.000000000000000e+00,-1.000000000000000e+03,1.333615176088629e+06,7.699680268883884e+01,3.025508540101676e+05,8.559098769212454e-03,7.295486550242875e+08,0.000000000000000e+00,1.333268548790784e-06,8.238331733605356e+10,8.238331733605356e+10,-4.603181131528711e+00,2.493554521364326e-05,1.000000000000000e+00,0.000000000000000e+00,2.566510053866491e+03,2.566510053866491e+03,-1.928936428772744e+01,6.196704373703024e-02,1.000000000000000e+03,1.000000000000000e+00,
2.752525472024935e-04,0.000000000000000e+00,6.547742769961352e-01,2.202422480127231e+07,2.202344600856326e+07,1.505040092105513e+03,2.752525472024935e-04,0.000000000000000e+00,-1.000000000000000e+03,1.468229733904218e+07,7.787927090469589e+02,2.985434647952300e+05,8.317052644889793e-03,6.427589867203428e+08,0.000000000000000e+00,1.040692900908880e-06,8.021538033474667e+10,8.021538033474667e+10,-3.560268653352147e+00,2.752525472024935e-04,1.000000000000000e+00,0.000000000000000e+00,2.483001713489731e+03,2.483001713489731e+03,-1.769410128184960e+03,6.547742769961352e-01,1.000000000000000e+03,1.000000000000000e+00,
2.999049609891899e-03,0.000000000000000e+00,7.017690378953169e+00,2.419176357984006e+08,2.419094252009346e+08,1.513420323435230e+03,2.999049609891899e-03,0.000000000000000e+00,-1.000000000000000e+03,1.612729501339564e+08,8.210597466013080e+03,2.993734726829983e+05,7.974636110663062e-03,5.572978111092188e+08,0.000000000000000e+00,5.303614495323928e-07,8.066202853165016e+10,8.066202853165016e+10,-2.523016350137739e+00,2.999049609891899e-03,1.000000000000000e+00,0.000000000000000e+00,2.377744693181514e+03,2.377744693181514e+03,-2.131672883436306e+03,7.017690378953169e+00,1.000000000000000e+03,1.000000000000000e+00,
7.506786762554398e-08,0.000000000000000e+00,-7.506090016838253e-08,3.393197460390952e+03,3.393197460353405e+03,8.480969001558445e+02,7.506786762554398e-08,0.000000000000000e+00,-1.000000000000000e+03,2.262131640235603e+03,3.754704812384315e-08,2.241074387278890e+05,4.462924969448741e-06,8.198078993310341e+08,0.000000000000000e+00,7.363465699794513e-12,4.520172968385707e+10,4.520172968385707e+10,-7.124545920507832e+00,7.506786762554398e-08,1.000000000000000e+00,0.000000000000000e+00,-1.000000368294574e+00,1.000174684137900e+00,-8.338579377959525e-01,7.508098079128411e-08,1.000000000000000e+03,1.000000000000000e+00,
7.779487467576754e-08,0.000000000000000e+00,-7.508296893627463e-08,3.686831142857227e+03,3.686831142819312e+03,8.891861385153106e+02,7.779487467576754e-08,0.000000000000000e+00,-1.000000000000000e+03,2.457887428546208e+03,3.795909258965695e-08,2.294720926638562e+05,4.463537873767947e-06,8.210616278014741e+08,0.000000000000000e+00,1.864016829261628e-11,4.739169718037646e+10,4.739169718037646e+10,-7.109049014493016e+00,7.779487467576754e-08,1.000000000000000e+00,0.000000000000000e+00,-9.872827553311769e-01,1.001090530563977e+00,-7.008359934157344e-01,7.680553822053538e-08,1.000000000000000e+03,1.000000000000000e+00,
1.786112031602732e-07,0.000000000000000e+00,-3.517640211630511e-08,1.746877396537783e+04,1.746877396537436e+04,1.845639741860335e+03,1.786112031602732e-07,0.000000000000000e+00,-1.000000000000000e+03,1.164584931024958e+04,3.789479731137721e-08,3.306031603738067e+05,4.287570248506777e-06,8.447717179284869e+08,0.000000000000000e+00,-5.047067015227086e-10,9.836860468423405e+10,9.836860468423404e+10,-6.748091304024778e+00,1.786112031602732e-07,1.000000000000000e+00,0.000000000000000e+00,-1.969439850015471e-01,9.857092828539716e-01,-8.890205283793838e-02,7.805199802437340e-08,1.000000000000000e+03,1.000000000000000e+00,
2.256164870437467e-06,0.000000000000000e+00,5.508338373223082e-03,1.860880842363505e+05,1.860813600398985e+05,1.895723669456952e+03,2.256164870437467e-06,0.000000000000000e+00,-1.000000000000000e+03,1.240542400265990e+05,6.724196452016976e+00,3.350588168177375e+05,8.065011915027244e-03,8.288537245568196e+08,0.000000000000000e+00,-2.427096641004600e-09,1.010379696545719e+11,1.010379696545719e+11,-5.646629167230819e+00,2.256164870437467e-06,1.000000000000000e+00,0.000000000000000e+00,2.441460925750087e+03,2.441460925750087e+03,8.405565006629994e+02,5.508338373223082e-03,1.000000000000000e+03,1.000000000000000e+00,
2.493554521364326e-05,0.000000000000000e+00,6.196704373703024e-02,2.000499760935632e+06,2.000422764132943e+06,1.545715983568095e+03,2.493554521364326e-05,0.000000000000000e+00,-1.000000000000000e+03,1.333615176088629e+06,7.699680268883884e+01,3.025508540101676e+05,8.559098769212454e-03,7.295486550242875e+08,0.000000000000000e+00,1.333268548790784e-06,8.238331733605356e+10,8.238331733605356e+10,-4.603181131528711e+00,2.493554521364326e-05,1.000000000000000e+00,0.000000000000000e+00,2.566510053866491e+03,2.566510053866491e+03,-9.607083797633766e+00,6.196704373703024e-02,1.000000000000000e+03,1.000000000000000e+00,
2.752525472024935e-04,0.000000000000000e+00,6.547742769961352e-01,2.202422480127231e+07,2.202344600856326e+07,1.505040092105513e+03,2.752525472024935e-04,0.000000000000000e+00,-1.000000000000000e+03,1.468229733904218e+07,7.787927090469589e+02,2.985434647952300e+05,8.317052644889793e-03,6.427589867203428e+08,0.000000000000000e+00,1.040692900908880e-06,8.021538033474667e+10,8.021538033474667e+10,-3.560268653352147e+00,2.752525472024935e-04,1.000000000000000e+00,0.000000000000000e+00,2.483001713489731e+03,2.483001713489731e+03,-1.120846364145732e+03,6.547742769961352e-01,1.000000000000000e+03,1.000000000000000e+00,
2.999049609891899e-03,0.000000000000000e+00,7.017690378953169e+00,2.419176357984006e+08,2.419094252009346e+08,1.513420323435230e+03,2.999049609891899e-03,0.000000000000000e+00,-1.000000000000000e+03,1.612729501339564e+08,8.210597466013080e+03,2.993734726829983e+05,7.974636110663062e-03,5.572978111092188e+08,0.000000000000000e+00,5.303614495323928e-07,8.066202853165016e+10,8.066202853165016e+10,-2.523016350137739e+00,2.999049609891899e-03,1.000000000000000e+00,0.000000000000000e+00,2.377744693181514e+03,2.377744693181514e+03,-1.687874172962610e+03,7.017690378953169e+00,1.000000000000000e+03,1.000000000000000e+00,
7.506786762554398e-08,0.000000000000000e+00,-7.506090016838253e-08,3.393197460390952e+03,3.393197460353405e+03,8.480969001558445e+02,7.506786762554398e-08,0.000000000000000e+00,-1.000000000000000e+03,2.262131640235603e+03,3.754704812384315e-08,2.241074387278890e+05,4.462924969448741e-06,8.198078993310341e+08,0.000000000000000e+00,7.363465699794513e-12,4.520172968385707e+10,4.520172968385707e+10,-7.124545920507832e+00,7.506786762554398e-08,1.000000000000000e+00,0.000000000000000e+00,-1.000000368294574e+00,1.000174684137900e+00,-7.090696427628510e-01,7.508098079128411e-08,1.000000000000000e+03,1.000000000000000e+00,
7.779487467576754e-08,0.000000000000000e+00,-7.508296893627463e-08,3.686831142857227e+03,3.686831142819312e+03,8.891861385153106e+02,7.779487467576754e-08,0.000000000000000e+00,-1.000000000000000e+03,2.457887428546208e+03,3.795909258965695e-08,2.294720926638562e+05,4.463537873767947e-06,8.210616278014741e+08,0.000000000000000e+00,1.864016829261628e-11,4.739169718037646e+10,4.739169718037646e+10,-7.109049014493016e+00,7.779487467576754e-08,1.000000000000000e+00,0.000000000000000e+00,-9.872827553311769e-01,1.001090530563977e+00,-5.501132920498190e-01,7.680553822053538e-08,1.000000000000000e+03,1.000000000000000e+00,
1.786112031602732e-07,0.000000000000000e+00,-3.517640211630511e-08,1.746877396537783e+04,1.746877396537436e+04,1.845639741860335e+03,1.786112031602732e-07,0.000000000000000e+00,-1.000000000000000e+03,1.164584931024958e+04,3.789479731137721e-08,3.306031603738067e+05,4.287570248506777e-06,8.447717179284869e+08,0.000000000000000e+00,-5.047067015227086e-10,9.836860468423405e+10,9.836860468423404e+10,-6.748091304024778e+00,1.786112031602732e-07,1.000000000000000e+00,0.000000000000000e+00,-1.969439850015471e-01,9.857092828539716e-01,-6.286362930679421e-02,7.805199802437340e-08,1.000000000000000e+03,1.000000000000000e+00,
2.256164870437467e-06,0.000000000000000e+00,5.508338373223082e-03,1.860880842363505e+05,1.860813600398985e+05,1.895723669456952e+03,2.256164870437467e-06,0.000000000000000e+00,-1.000000000000000e+03,1.240542400265990e+05,6.724196452016976e+00,3.350588168177375e+05,8.065011915027244e-03,8.288537245568196e+08,0.000000000000000e+00,-2.427096641004600e-09,1.010379696545719e+11,1.010379696545719e+11,-5.646629167230819e+00,2.256164870437467e-06,1.000000000000000e+00,0.000000000000000e+00,2.441460925750087e+03,2.441460925750087e+03,4.678825003943682e+02,5.508338373223082e-03,1.000000000000000e+03,1.000000000000000e+00,
2.493554521364326e-05,0.000000000000000e+00,6.196704373703024e-02,2.000499760935632e+06,2.000422764132943e+06,1.545715983568095e+03,2.493554521364326e-05,0.000000000000000e+00,-1.000000000000000e+03,1.333615176088629e+06,7.699680268883884e+01,3.025508540101676e+05,8.559098769212454e-03,7.295486550242875e+08,0.000000000000000e+00,1.333268548790784e-06,8.238331733605356e+10,8.238331733605356e+10,-4.603181131528711e+00,2.493554521364326e-05,1.000000000000000e+00,0.000000000000000e+00,2.566510053866491e+03,2.566510053866491e+03,-6.396388656346720e+00,6.196704373703024e-02,1.000000000000000e+03,1.000000000000000e+00,
2.752525472024935e-04,0.000000000000000e+00,6.547742769961352e-01,2.202422480127231e+07,2.202344600856326e+07,1.505040092105513e+03,2.752525472024935e-04,0.000000000000000e+00,-1.000000000000000e+03,1.468229733904218e+07,7.787927090469589e+02,2.985434647952300e+05,8.317052644889793e-03,6.427589867203428e+08,0.000000000000000e+00,1.040692900908880e-06,8.021538033474667e+10,8.021538033474667e+10,-3.560268653352147e+00,2.752525472024935e-04,1.000000000000000e+00,0.000000000000000e+00,2.483001713489731e+03,2.483001713489731e+03,-7.925629172362239e+02,6.547742769961352e-01,1.000000000000000e+03,1.000000000000000e+00,
2.999049609891899e-03,0.000000000000000e+00,7.017690378953169e+00,2.419176357984006e+08,2.419094252009346e+08,1.513420323435230e+03,2.999049609891899e-03,0.000000000000000e+00,-1.000000000000000e+03,1.612729501339564e+08,8.210597466013080e+03,2.993734726829983e+05,7.974636110663062e-03,5.572978111092188e+08,0.000000000000000e+00,5.303614495323928e-07,8.066202853165016e+10,8.066202853165016e+10,-2.523016350137739e+00,2.999049609891899e-03,1.000000000000000e+00,0.000000000000000e+00,2.377744693181514e+03,2.377744693181514e+03,-1.324877755391666e+03,7.017690378953169e+00,1.000000000000000e+03,1.000000000000000e+00,

