1
0
28
0
(64 0
((0,0) (63,63) (0,0))
((448,0) (511,63) (0,0))
((384,0) (447,63) (0,0))
((320,0) (383,63) (0,0))
((256,0) (319,63) (0,0))
((192,0) (255,63) (0,0))
((128,0) (191,63) (0,0))
((64,0) (127,63) (0,0))
((0,448) (63,511) (0,0))
((0,384) (63,447) (0,0))
((0,320) (63,383) (0,0))
((0,256) (63,319) (0,0))
((0,192) (63,255) (0,0))
((0,128) (63,191) (0,0))
((0,64) (63,127) (0,0))
((448,448) (511,511) (0,0))
((448,384) (511,447) (0,0))
((448,320) (511,383) (0,0))
((448,256) (511,319) (0,0))
((448,192) (511,255) (0,0))
((448,128) (511,191) (0,0))
((448,64) (511,127) (0,0))
((384,448) (447,511) (0,0))
((384,384) (447,447) (0,0))
((384,320) (447,383) (0,0))
((384,256) (447,319) (0,0))
((384,192) (447,255) (0,0))
((384,128) (447,191) (0,0))
((384,64) (447,127) (0,0))
((320,448) (383,511) (0,0))
((320,384) (383,447) (0,0))
((320,320) (383,383) (0,0))
((320,256) (383,319) (0,0))
((320,192) (383,255) (0,0))
((320,128) (383,191) (0,0))
((320,64) (383,127) (0,0))
((256,448) (319,511) (0,0))
((256,384) (319,447) (0,0))
((256,320) (319,383) (0,0))
((256,256) (319,319) (0,0))
((256,192) (319,255) (0,0))
((256,128) (319,191) (0,0))
((256,64) (319,127) (0,0))
((192,448) (255,511) (0,0))
((192,384) (255,447) (0,0))
((192,320) (255,383) (0,0))
((192,256) (255,319) (0,0))
((192,192) (255,255) (0,0))
((192,128) (255,191) (0,0))
((192,64) (255,127) (0,0))
((128,448) (191,511) (0,0))
((128,384) (191,447) (0,0))
((128,320) (191,383) (0,0))
((128,256) (191,319) (0,0))
((128,192) (191,255) (0,0))
((128,128) (191,191) (0,0))
((128,64) (191,127) (0,0))
((64,448) (127,511) (0,0))
((64,384) (127,447) (0,0))
((64,320) (127,383) (0,0))
((64,256) (127,319) (0,0))
((64,192) (127,255) (0,0))
((64,128) (127,191) (0,0))
((64,64) (127,127) (0,0))
)
64
FabOnDisk: Cell_D_0000 0
FabOnDisk: Cell_D_0001 0
FabOnDisk: Cell_D_0001 917590
FabOnDisk: Cell_D_0001 1835180
FabOnDisk: Cell_D_0001 2752770
FabOnDisk: Cell_D_0000 917587
FabOnDisk: Cell_D_0000 1835177
FabOnDisk: Cell_D_0000 2752767
FabOnDisk: Cell_D_0002 0
FabOnDisk: Cell_D_0002 917590
FabOnDisk: Cell_D_0002 1835180
FabOnDisk: Cell_D_0002 2752770
FabOnDisk: Cell_D_0000 3670356
FabOnDisk: Cell_D_0000 4587946
FabOnDisk: Cell_D_0000 5505536
FabOnDisk: Cell_D_0003 0
FabOnDisk: Cell_D_0003 917593
FabOnDisk: Cell_D_0003 1835186
FabOnDisk: Cell_D_0003 2752779
FabOnDisk: Cell_D_0001 3670360
FabOnDisk: Cell_D_0001 4587953
FabOnDisk: Cell_D_0001 5505546
FabOnDisk: Cell_D_0003 3670372
FabOnDisk: Cell_D_0003 4587965
FabOnDisk: Cell_D_0003 5505558
FabOnDisk: Cell_D_0003 6423151
FabOnDisk: Cell_D_0001 6423138
FabOnDisk: Cell_D_0001 7340731
FabOnDisk: Cell_D_0001 8258324
FabOnDisk: Cell_D_0003 7340744
FabOnDisk: Cell_D_0003 8258337
FabOnDisk: Cell_D_0003 9175930
FabOnDisk: Cell_D_0003 10093523
FabOnDisk: Cell_D_0001 9175916
FabOnDisk: Cell_D_0001 10093509
FabOnDisk: Cell_D_0001 11011102
FabOnDisk: Cell_D_0003 11011116
FabOnDisk: Cell_D_0003 11928709
FabOnDisk: Cell_D_0003 12846302
FabOnDisk: Cell_D_0003 13763895
FabOnDisk: Cell_D_0001 11928694
FabOnDisk: Cell_D_0001 12846287
FabOnDisk: Cell_D_0001 13763880
FabOnDisk: Cell_D_0002 3670360
FabOnDisk: Cell_D_0002 4587953
FabOnDisk: Cell_D_0002 5505546
FabOnDisk: Cell_D_0002 6423139
FabOnDisk: Cell_D_0000 6423125
FabOnDisk: Cell_D_0000 7340718
FabOnDisk: Cell_D_0000 8258311
FabOnDisk: Cell_D_0002 7340732
FabOnDisk: Cell_D_0002 8258325
FabOnDisk: Cell_D_0002 9175918
FabOnDisk: Cell_D_0002 10093511
FabOnDisk: Cell_D_0000 9175903
FabOnDisk: Cell_D_0000 10093496
FabOnDisk: Cell_D_0000 11011089
FabOnDisk: Cell_D_0002 11011104
FabOnDisk: Cell_D_0002 11928696
FabOnDisk: Cell_D_0002 12846288
FabOnDisk: Cell_D_0002 13763880
FabOnDisk: Cell_D_0000 11928681
FabOnDisk: Cell_D_0000 12846273
FabOnDisk: Cell_D_0000 13763865

64,28
3.332345211788120e-03,0.000000000000000e+00,7.958673042939872e+00,2.693537313223884e+08,2.693442274335985e+08,1.516519883340103e+03,3.332345211788120e-03,0.000000000000000e+00,-1.000000000000000e+03,1.795628182890657e+08,9.503888789845638e+03,2.996798817401599e+05,7.222429765815776e-03,4.125096682782326e+08,0.000000000000000e+00,-1.467031590614170e-07,8.082722836781657e+10,8.082722836781659e+10,-2.477250014525517e+00,3.332345211788120e-03,1.000000000000000e+00,0.000000000000000e+00,2.388309895021137e+03,2.388309895021137e+03,-1.911806241722959e+03,7.958673042939872e+00,1.000000000000000e+03,1.000000000000000e+00,
3.332345211788120e-03,0.000000000000000e+00,7.958673042939872e+00,2.693537313223884e+08,2.693442274335985e+08,1.516519883340103e+03,3.332345211788120e-03,0.000000000000000e+00,-1.000000000000000e+03,1.795628182890657e+08,9.503888789845638e+03,2.996798817401599e+05,7.222429765815776e-03,4.125096682782326e+08,0.000000000000000e+00,-1.467031590614170e-07,8.082722836781657e+10,8.082722836781659e+10,-2.477250014525517e+00,3.332345211788120e-03,1.000000000000000e+00,0.000000000000000e+00,2.388309895021137e+03,2.388309895021137e+03,-1.911806241722959e+03,7.958673042939872e+00,1.000000000000000e+03,1.000000000000000e+00,
3.332345211788120e-03,0.000000000000000e+00,7.958673042939872e+00,2.693537313223884e+08,2.693442274335985e+08,1.516519883340103e+03,3.332345211788120e-03,0.000000000000000e+00,-1.000000000000000e+03,1.795628182890657e+08,9.503888789845638e+03,2.996798817401599e+05,7.222429765815776e-03,4.125096682782326e+08,0.000000000000000e+00,-1.467031590614170e-07,8.082722836781657e+10,8.082722836781659e+10,-2.477250014525517e+00,3.332345211788120e-03,1.000000000000000e+00,0.000000000000000e+00,2.388309895021137e+03,2.388309895021137e+03,-2.138466314932759e+03,7.958673042939872e+00,1.000000000000000e+03,1.000000000000000e+00,
3.332345211788120e-03,0.000000000000000e+00,7.958673042939872e+00,2.693537313223884e+08,2.693442274335985e+08,1.516519883340103e+03,3.332345211788120e-03,0.000000000000000e+00,-1.000000000000000e+03,1.795628182890657e+08,9.503888789845638e+03,2.996798817401599e+05,7.222429765815776e-03,4.125096682782326e+08,0.000000000000000e+00,-1.467031590614170e-07,8.082722836781657e+10,8.082722836781659e+10,-2.477250014525517e+00,3.332345211788120e-03,1.000000000000000e+00,0.000000000000000e+00,2.388309895021137e+03,2.388309895021137e+03,-2.320880263465054e+03,7.958673042939872e+00,1.000000000000000e+03,1.000000000000000e+00,
3.332345211788120e-03,0.000000000000000e+00,7.958673042939872e+00,2.693537313223884e+08,2.693442274335985e+08,1.516519883340103e+03,3.332345211788120e-03,0.000000000000000e+00,-1.000000000000000e+03,1.795628182890657e+08,9.503888789845638e+03,2.996798817401599e+05,7.222429765815776e-03,4.125096682782326e+08,0.000000000000000e+00,-1.467031590614170e-07,8.082722836781657e+10,8.082722836781659e+10,-2.477250014525517e+00,3.332345211788120e-03,1.000000000000000e+00,0.000000000000000e+00,2.388309895021137e+03,2.388309895021137e+03,-2.395208178119307e+03,7.958673042939872e+00,1.000000000000000e+03,1.000000000000000e+00,
3.332345211788120e-03,0.000000000000000e+00,7.958673042939872e+00,2.693537313223884e+08,2.693442274335985e+08,1.516519883340103e+03,3.332345211788120e-03,0.000000000000000e+00,-1.000000000000000e+03,1.795628182890657e+08,9.503888789845638e+03,2.996798817401599e+05,7.222429765815776e-03,4.125096682782326e+08,0.000000000000000e+00,-1.467031590614170e-07,8.082722836781657e+10,8.082722836781659e+10,-2.477250014525517e+00,3.332345211788120e-03,1.000000000000000e+00,0.000000000000000e+00,2.388309895021137e+03,2.388309895021137e+03,-2.395208178119307e+03,7.958673042939872e+00,1.000000000000000e+03,1.000000000000000e+00,
3.332345211788120e-03,0.000000000000000e+00,7.958673042939872e+00,2.693537313223884e+08,2.693442274335985e+08,1.516519883340103e+03,3.332345211788120e-03,0.000000000000000e+00,-1.000000000000000e+03,1.795628182890657e+08,9.503888789845638e+03,2.996798817401599e+05,7.222429765815776e-03,4.125096682782326e+08,0.000000000000000e+00,-1.467031590614170e-07,8.082722836781657e+10,8.082722836781659e+10,-2.477250014525517e+00,3.332345211788120e-03,1.000000000000000e+00,0.000000000000000e+00,2.388309895021137e+03,2.388309895021137e+03,-2.320880263465054e+03,7.958673042939872e+00,1.000000000000000e+03,1.000000000000000e+00,
3.332345211788120e-03,0.000000000000000e+00,7.958673042939872e+00,2.693537313223884e+08,2.693442274335985e+08,1.516519883340103e+03,3.332345211788120e-03,0.000000000000000e+00,-1.000000000000000e+03,1.795628182890657e+08,9.503888789845638e+03,2.996798817401599e+05,7.222429765815776e-03,4.125096682782326e+08,0.000000000000000e+00,-1.467031590614170e-07,8.082722836781657e+10,8.082722836781659e+10,-2.477250014525517e+00,3.332345211788120e-03,1.000000000000000e+00,0.000000000000000e+00,2.388309895021137e+03,2.388309895021137e+03,-2.138466314932759e+03,7.958673042939872e+00,1.000000000000000e+03,1.000000000000000e+00,
7.506087790902687e-08,0.000000000000000e+00,-7.508391439521036e-08,3.073529454640831e+03,3.073529454603301e+03,7.682705078088344e+02,7.506087790902687e-08,0.000000000000000e+00,-1.000000000000000e+03,2.049019636402201e+03,3.753050127190517e-08,2.132998820087459e+05,4.688238868991615e-06,8.145425567400596e+08,0.000000000000000e+00,-2.361252288141102e-14,4.094715569845042e+10,4.094715569845042e+10,-7.124586360402335e+00,7.506087790902687e-08,1.000000000000000e+00,0.000000000000000e+00,-1.000147256936774e+00,1.000000817982357e+00,-7.986859479895501e-01,7.506094092280750e-08,1.000000000000000e+03,1.000000000000000e+00,
7.507421223423567e-08,0.000000000000000e+00,-7.674285585259826e-08,3.074720943633271e+03,3.074720943595722e+03,7.684318272350755e+02,7.507421223423567e-08,0.000000000000000e+00,-1.000000000000000e+03,2.049813962397148e+03,3.747599390497824e-08,2.133222749082020e+05,4.431919625946815e-06,8.145474353388096e+08,0.000000000000000e+00,-1.033299222947981e-09,4.095575367480944e+10,4.095575367480945e+10,-7.124509216226810e+00,7.507421223423567e-08,1.000000000000000e+00,0.000000000000000e+00,-1.000307451299032e+00,9.766640422389082e-01,-7.053737197053642e-01,7.508600182074289e-08,1.000000000000000e+03,1.000000000000000e+00,
7.883684002981338e-08,0.000000000000000e+00,-7.781527083478770e-08,3.462759908898301e+03,3.462759908860865e+03,8.241069834736790e+02,7.883684002981338e-08,0.000000000000000e+00,-1.000000000000000e+03,2.308506605907244e+03,1.831669997606763e-10,2.209150642053810e+05,1.307248150736165e-07,8.165379133326492e+08,0.000000000000000e+00,-2.702033572236978e-08,4.392311903358086e+10,4.392311903358086e+10,-7.103270791611244e+00,7.883684002981338e-08,1.000000000000000e+00,0.000000000000000e+00,-9.745184750522552e-01,4.391471061400326e-02,-5.381281827826699e-01,8.341942697546506e-09,1.000000000000000e+03,1.000000000000000e+00,
1.973825425778068e-07,0.000000000000000e+00,-2.021214170921492e-08,2.008649785813460e+04,2.008649785813357e+04,1.549979550353613e+03,1.973825425778068e-07,0.000000000000000e+00,-1.000000000000000e+03,1.339099857208905e+04,1.332397883452022e-10,3.029678314795968e+05,1.027729538896027e-07,7.285138864281511e+08,0.000000000000000e+00,-3.838132639848279e-04,8.261055622030446e+10,8.261055622030446e+10,-6.704691260974363e+00,1.973825425778068e-07,1.000000000000000e+00,0.000000000000000e+00,-1.024008579748000e-01,3.465701494487555e-02,-3.207873081652453e-02,7.689051613771677e-09,1.000000000000000e+03,1.000000000000000e+00,
2.514461994017224e-06,0.000000000000000e+00,5.289994715633422e-03,2.074837542620259e+05,2.074781896434001e+05,1.505538657426096e+03,2.514461994017224e-06,0.000000000000000e+00,-1.000000000000000e+03,1.383187930956001e+05,5.564618625776261e+00,2.985929090241399e+05,6.948126714103041e-03,6.415852104021745e+08,0.000000000000000e+00,-3.482755211227300e-06,8.024195278754848e+10,8.024195278754846e+10,-5.599554924335494e+00,2.514461994017224e-06,1.000000000000000e+00,0.000000000000000e+00,2.103827668988496e+03,2.103827668988496e+03,-7.253810275304872e+02,5.289994715633422e-03,1.000000000000000e+03,1.000000000000000e+00,
2.779581567324495e-05,0.000000000000000e+00,6.440467090429657e-02,2.230219425451049e+06,2.230144810593852e+06,1.501317921362931e+03,2.779581567324495e-05,0.000000000000000e+00,-1.000000000000000e+03,1.486763207062568e+06,7.461485719743409e+01,2.981740667762946e+05,7.760369078974791e-03,5.561141595047259e+08,0.000000000000000e+00,-8.961927265238500e-07,8.001699668812277e+10,8.001699668812277e+10,-4.556020576988198e+00,2.779581567324495e-05,1.000000000000000e+00,0.000000000000000e+00,2.317063534361027e+03,2.317063534361027e+03,-1.313305919852239e+03,6.440467090429657e-02,1.000000000000000e+03,1.000000000000000e+00,
3.067791938739225e-04,0.000000000000000e+00,7.295275348185283e-01,2.454831349615474e+07,2.454744608005436e+07,1.501297816593673e+03,3.067791938739225e-04,0.000000000000000e+00,-1.000000000000000e+03,1.636496405336957e+07,8.674161003844387e+02,2.981720702834813e+05,7.971950397154919e-03,4.718181589202356e+08,0.000000000000000e+00,-1.292716157122413e-07,8.001592514742357e+10,8.001592514742357e+10,-3.513174098087313e+00,3.067791938739225e-04,1.000000000000000e+00,0.000000000000000e+00,2.377108268072239e+03,2.377108268072239e+03,-1.684277520731317e+03,7.295275348185283e-01,1.000000000000000e+03,1.000000000000000e+00,
7.506087790902687e-08,0.000000000000000e+00,-7.508391439521036e-08,3.073529454640831e+03,3.073529454603301e+03,7.682705078088344e+02,7.506087790902687e-08,0.000000000000000e+00,-1.000000000000000e+03,2.049019636402201e+03,3.753050127190517e-08,2.132998820087459e+05,4.688238868991615e-06,8.145425567400596e+08,0.000000000000000e+00,-2.361252288141102e-14,4.094715569845042e+10,4.094715569845042e+10,-7.124586360402335e+00,7.506087790902687e-08,1.000000000000000e+00,0.000000000000000e+00,-1.000147256936774e+00,1.000000817982357e+00,-7.986859479895501e-01,7.506094092280750e-08,1.000000000000000e+03,1.000000000000000e+00,
7.507421223423567e-08,0.000000000000000e+00,-7.674285585259826e-08,3.074720943633271e+03,3.074720943595722e+03,7.684318272350755e+02,7.507421223423567e-08,0.000000000000000e+00,-1.000000000000000e+03,2.049813962397148e+03,3.747599390497824e-08,2.133222749082020e+05,4.431919625946815e-06,8.145474353388096e+08,0.000000000000000e+00,-1.033299222947981e-09,4.095575367480944e+10,4.095575367480945e+10,-7.124509216226810e+00,7.507421223423567e-08,1.000000000000000e+00,0.000000000000000e+00,-1.000307451299032e+00,9.766640422389082e-01,-7.053737197053642e-01,7.508600182074289e-08,1.000000000000000e+03,1.000000000000000e+00,
7.883684002981338e-08,0.000000000000000e+00,-7.781527083478770e-08,3.462759908898301e+03,3.462759908860865e+03,8.241069834736790e+02,7.883684002981338e-08,0.000000000000000e+00,-1.000000000000000e+03,2.308506605907244e+03,1.831669997606763e-10,2.209150642053810e+05,1.307248150736165e-07,8.165379133326492e+08,0.000000000000000e+00,-2.702033572236978e-08,4.392311903358086e+10,4.392311903358086e+10,-7.103270791611244e+00,7.883684002981338e-08,1.000000000000000e+00,0.000000000000000e+00,-9.745184750522552e-01,4.391471061400326e-02,-5.381281827826699e-01,8.341942697546506e-09,1.000000000000000e+03,1.000000000000000e+00,
1.973825425778068e-07,0.000000000000000e+00,-2.021214170921492e-08,2.008649785813460e+04,2.008649785813357e+04,1.549979550353613e+03,1.973825425778068e-07,0.000000000000000e+00,-1.000000000000000e+03,1.339099857208905e+04,1.332397883452022e-10,3.029678314795968e+05,1.027729538896027e-07,7.285138864281511e+08,0.000000000000000e+00,-3.838132639848279e-04,8.261055622030446e+10,8.261055622030446e+10,-6.704691260974363e+00,1.973825425778068e-07,1.000000000000000e+00,0.000000000000000e+00,-1.024008579748000e-01,3.465701494487555e-02,-3.207873081652453e-02,7.689051613771677e-09,1.000000000000000e+03,1.000000000000000e+00,
2.514461994017224e-06,0.000000000000000e+00,5.289994715633422e-03,2.074837542620259e+05,2.074781896434001e+05,1.505538657426096e+03,2.514461994017224e-06,0.000000000000000e+00,-1.000000000000000e+03,1.383187930956001e+05,5.564618625776261e+00,2.985929090241399e+05,6.948126714103041e-03,6.415852104021745e+08,0.000000000000000e+00,-3.482755211227300e-06,8.024195278754848e+10,8.024195278754846e+10,-5.599554924335494e+00,2.514461994017224e-06,1.000000000000000e+00,0.000000000000000e+00,2.103827668988496e+03,2.103827668988496e+03,-7.253810275304872e+02,5.289994715633422e-03,1.000000000000000e+03,1.000000000000000e+00,
2.779581567324495e-05,0.000000000000000e+00,6.440467090429657e-02,2.230219425451049e+06,2.230144810593852e+06,1.501317921362931e+03,2.779581567324495e-05,0.000000000000000e+00,-1.000000000000000e+03,1.486763207062568e+06,7.461485719743409e+01,2.981740667762946e+05,7.760369078974791e-03,5.561141595047259e+08,0.000000000000000e+00,-8.961927265238500e-07,8.001699668812277e+10,8.001699668812277e+10,-4.556020576988198e+00,2.779581567324495e-05,1.000000000000000e+00,0.000000000000000e+00,2.317063534361027e+03,2.317063534361027e+03,-1.313305919852239e+03,6.440467090429657e-02,1.000000000000000e+03,1.000000000000000e+00,
3.067791938739225e-04,0.000000000000000e+00,7.295275348185283e-01,2.454831349615474e+07,2.454744608005436e+07,1.501297816593673e+03,3.067791938739225e-04,0.000000000000000e+00,-1.000000000000000e+03,1.636496405336957e+07,8.674161003844387e+02,2.981720702834813e+05,7.971950397154919e-03,4.718181589202356e+08,0.000000000000000e+00,-1.292716157122413e-07,8.001592514742357e+10,8.001592514742357e+10,-3.513174098087313e+00,3.067791938739225e-04,1.000000000000000e+00,0.000000000000000e+00,2.377108268072239e+03,2.377108268072239e+03,-1.684277520731317e+03,7.295275348185283e-01,1.000000000000000e+03,1.000000000000000e+00,
7.506087790902687e-08,0.000000000000000e+00,-7.508391439521036e-08,3.073529454640831e+03,3.073529454603301e+03,7.682705078088344e+02,7.506087790902687e-08,0.000000000000000e+00,-1.000000000000000e+03,2.049019636402201e+03,3.753050127190517e-08,2.132998820087459e+05,4.688238868991615e-06,8.145425567400596e+08,0.000000000000000e+00,-2.361252288141102e-14,4.094715569845042e+10,4.094715569845042e+10,-7.124586360402335e+00,7.506087790902687e-08,1.000000000000000e+00,0.000000000000000e+00,-1.000147256936774e+00,1.000000817982357e+00,-8.933766187762516e-01,7.506094092280750e-08,1.000000000000000e+03,1.000000000000000e+00,
7.507421223423567e-08,0.000000000000000e+00,-7.674285585259826e-08,3.074720943633271e+03,3.074720943595722e+03,7.684318272350755e+02,7.507421223423567e-08,0.000000000000000e+00,-1.000000000000000e+03,2.049813962397148e+03,3.747599390497824e-08,2.133222749082020e+05,4.431919625946815e-06,8.145474353388096e+08,0.000000000000000e+00,-1.033299222947981e-09,4.095575367480944e+10,4.095575367480945e+10,-7.124509216226810e+00,7.507421223423567e-08,1.000000000000000e+00,0.000000000000000e+00,-1.000307451299032e+00,9.766640422389082e-01,-8.305091733965108e-01,7.508600182074289e-08,1.000000000000000e+03,1.000000000000000e+00,
7.883684002981338e-08,0.000000000000000e+00,-7.781527083478770e-08,3.462759908898301e+03,3.462759908860865e+03,8.241069834736790e+02,7.883684002981338e-08,0.000000000000000e+00,-1.000000000000000e+03,2.308506605907244e+03,1.831669997606763e-10,2.209150642053810e+05,1.307248150736165e-07,8.165379133326492e+08,0.000000000000000e+00,-2.702033572236978e-08,4.392311903358086e+10,4.392311903358086e+10,-7.103270791611244e+00,7.883684002981338e-08,1.000000000000000e+00,0.000000000000000e+00,-9.745184750522552e-01,4.391471061400326e-02,-6.863916329383466e-01,8.341942697546506e-09,1.000000000000000e+03,1.000000000000000e+00,
1.973825425778068e-07,0.000000000000000e+00,-2.021214170921492e-08,2.008649785813460e+04,2.008649785813357e+04,1.549979550353613e+03,1.973825425778068e-07,0.000000000000000e+00,-1.000000000000000e+03,1.339099857208905e+04,1.332397883452022e-10,3.029678314795968e+05,1.027729538896027e-07,7.285138864281511e+08,0.000000000000000e+00,-3.838132639848279e-04,8.261055622030446e+10,8.261055622030446e+10,-6.704691260974363e+00,1.973825425778068e-07,1.000000000000000e+00,0.000000000000000e+00,-1.024008579748000e-01,3.465701494487555e-02,-4.536590015975323e-02,7.689051613771677e-09,1.000000000000000e+03,1.000000000000000e+00,
2.514461994017224e-06,0.000000000000000e+00,5.289994715633422e-03,2.074837542620259e+05,2.074781896434001e+05,1.505538657426096e+03,2.514461994017224e-06,0.000000000000000e+00,-1.000000000000000e+03,1.383187930956001e+05,5.564618625776261e+00,2.985929090241399e+05,6.948126714103041e-03,6.415852104021745e+08,0.000000000000000e+00,-3.482755211227300e-06,8.024195278754848e+10,8.024195278754846e+10,-5.599554924335494e+00,2.514461994017224e-06,1.000000000000000e+00,0.000000000000000e+00,2.103827668988496e+03,2.103827668988496e+03,-1.025837445407155e+03,5.289994715633422e-03,1.000000000000000e+03,1.000000000000000e+00,
2.779581567324495e-05,0.000000000000000e+00,6.440467090429657e-02,2.230219425451049e+06,2.230144810593852e+06,1.501317921362931e+03,2.779581567324495e-05,0.000000000000000e+00,-1.000000000000000e+03,1.486763207062568e+06,7.461485719743409e+01,2.981740667762946e+05,7.760369078974791e-03,5.561141595047259e+08,0.000000000000000e+00,-8.961927265238500e-07,8.001699668812277e+10,8.001699668812277e+10,-4.556020576988198e+00,2.779581567324495e-05,1.000000000000000e+00,0.000000000000000e+00,2.317063534361027e+03,2.317063534361027e+03,-1.675143996758547e+03,6.440467090429657e-02,1.000000000000000e+03,1.000000000000000e+00,
3.067791938739225e-04,0.000000000000000e+00,7.295275348185283e-01,2.454831349615474e+07,2.454744608005436e+07,1.501297816593673e+03,3.067791938739225e-04,0.000000000000000e+00,-1.000000000000000e+03,1.636496405336957e+07,8.674161003844387e+02,2.981720702834813e+05,7.971950397154919e-03,4.718181589202356e+08,0.000000000000000e+00,-1.292716157122413e-07,8.001592514742357e+10,8.001592514742357e+10,-3.513174098087313e+00,3.067791938739225e-04,1.000000000000000e+00,0.000000000000000e+00,2.377108268072239e+03,2.377108268072239e+03,-1.983073500522779e+03,7.295275348185283e-01,1.000000000000000e+03,1.000000000000000e+00,
7.506087790902687e-08,0.000000000000000e+00,-7.508391439521036e-08,3.073529454640831e+03,3.073529454603301e+03,7.682705078088344e+02,7.506087790902687e-08,0.000000000000000e+00,-1.000000000000000e+03,2.049019636402201e+03,3.753050127190517e-08,2.132998820087459e+05,4.688238868991615e-06,8.145425567400596e+08,0.000000000000000e+00,-2.361252288141102e-14,4.094715569845042e+10,4.094715569845042e+10,-7.124586360402335e+00,7.506087790902687e-08,1.000000000000000e+00,0.000000000000000e+00,-1.000147256936774e+00,1.000000817982357e+00,-9.695828023478319e-01,7.506094092280750e-08,1.000000000000000e+03,1.000000000000000e+00,
7.507421223423567e-08,0.000000000000000e+00,-7.674285585259826e-08,3.074720943633271e+03,3.074720943595722e+03,7.684318272350755e+02,7.507421223423567e-08,0.000000000000000e+00,-1.000000000000000e+03,2.049813962397148e+03,3.747599390497824e-08,2.133222749082020e+05,4.431919625946815e-06,8.145474353388096e+08,0.000000000000000e+00,-1.033299222947981e-09,4.095575367480944e+10,4.095575367480945e+10,-7.124509216226810e+00,7.507421223423567e-08,1.000000000000000e+00,0.000000000000000e+00,-1.000307451299032e+00,9.766640422389082e-01,-9.478377221229352e-01,7.508600182074289e-08,1.000000000000000e+03,1.000000000000000e+00,
7.883684002981338e-08,0.000000000000000e+00,-7.781527083478770e-08,3.462759908898301e+03,3.462759908860865e+03,8.241069834736790e+02,7.883684002981338e-08,0.000000000000000e+00,-1.000000000000000e+03,2.308506605907244e+03,1.831669997606763e-10,2.209150642053810e+05,1.307248150736165e-07,8.165379133326492e+08,0.000000000000000e+00,-2.702033572236978e-08,4.392311903358086e+10,4.392311903358086e+10,-7.103270791611244e+00,7.883684002981338e-08,1.000000000000000e+00,0.000000000000000e+00,-9.745184750522552e-01,4.391471061400326e-02,-8.695801453743407e-01,8.341942697546506e-09,1.000000000000000e+03,1.000000000000000e+00,
1.973825425778068e-07,0.000000000000000e+00,-2.021214170921492e-08,2.008649785813460e+04,2.008649785813357e+04,1.549979550353613e+03,1.973825425778068e-07,0.000000000000000e+00,-1.000000000000000e+03,1.339099857208905e+04,1.332397883452022e-10,3.029678314795968e+05,1.027729538896027e-07,7.285138864281511e+08,0.000000000000000e+00,-3.838132639848279e-04,8.261055622030446e+10,8.261055622030446e+10,-6.704691260974363e+00,1.973825425778068e-07,1.000000000000000e+00,0.000000000000000e+00,-1.024008579748000e-01,3.465701494487555e-02,-7.184045854531260e-02,7.689051613771677e-09,1.000000000000000e+03,1.000000000000000e+00,
2.514461994017224e-06,0.000000000000000e+00,5.289994715633422e-03,2.074837542620259e+05,2.074781896434001e+05,1.505538657426096e+03,2.514461994017224e-06,0.000000000000000e+00,-1.000000000000000e+03,1.383187930956001e+05,5.564618625776261e+00,2.985929090241399e+05,6.948126714103041e-03,6.415852104021745e+08,0.000000000000000e+00,-3.482755211227300e-06,8.024195278754848e+10,8.024195278754846e+10,-5.599554924335494e+00,2.514461994017224e-06,1.000000000000000e+00,0.000000000000000e+00,2.103827668988496e+03,2.103827668988496e+03,-1.624493996845294e+03,5.289994715633422e-03,1.000000000000000e+03,1.000000000000000e+00,
2.779581567324495e-05,0.000000000000000e+00,6.440467090429657e-02,2.230219425451049e+06,2.230144810593852e+06,1.501317921362931e+03,2.779581567324495e-05,0.000000000000000e+00,-1.000000000000000e+03,1.486763207062568e+06,7.461485719743409e+01,2.981740667762946e+05,7.760369078974791e-03,5.561141595047259e+08,0.000000000000000e+00,-8.961927265238500e-07,8.001699668812277e+10,8.001699668812277e+10,-4.556020576988198e+00,2.779581567324495e-05,1.000000000000000e+00,0.000000000000000e+00,2.317063534361027e+03,2.317063534361027e+03,-2.122216953590244e+03,6.440467090429657e-02,1.000000000000000e+03,1.000000000000000e+00,
3.067791938739225e-04,0.000000000000000e+00,7.295275348185283e-01,2.454831349615474e+07,2.454744608005436e+07,1.501297816593673e+03,3.067791938739225e-04,0.000000000000000e+00,-1.000000000000000e+03,1.636496405336957e+07,8.674161003844387e+02,2.981720702834813e+05,7.971950397154919e-03,4.718181589202356e+08,0.000000000000000e+00,-1.292716157122413e-07,8.001592514742357e+10,8.001592514742357e+10,-3.513174098087313e+00,3.067791938739225e-04,1.000000000000000e+00,0.000000000000000e+00,2.377108268072239e+03,2.377108268072239e+03,-2.263228305896715e+03,7.295275348185283e-01,1.000000000000000e+03,1.000000000000000e+00,
7.506087790902687e-08,0.000000000000000e+00,-7.508391439521036e-08,3.073529454640831e+03,3.073529454603301e+03,7.682705078088344e+02,7.506087790902687e-08,0.000000000000000e+00,-1.000000000000000e+03,2.049019636402201e+03,3.753050127190517e-08,2.132998820087459e+05,4.688238868991615e-06,8.145425567400596e+08,0.000000000000000e+00,-2.361252288141102e-14,4.094715569845042e+10,4.094715569845042e+10,-7.124586360402335e+00,7.506087790902687e-08,1.000000000000000e+00,0.000000000000000e+00,-1.000147256936774e+00,1.000000817982357e+00,-1.000143883206983e+00,7.506094092280750e-08,1.000000000000000e+03,1.000000000000000e+00,
7.507421223423567e-08,0.000000000000000e+00,-7.674285585259826e-08,3.074720943633271e+03,3.074720943595722e+03,7.684318272350755e+02,7.507421223423567e-08,0.000000000000000e+00,-1.000000000000000e+03,2.049813962397148e+03,3.747599390497824e-08,2.133222749082020e+05,4.431919625946815e-06,8.145474353388096e+08,0.000000000000000e+00,-1.033299222947981e-09,4.095575367480944e+10,4.095575367480945e+10,-7.124509216226810e+00,7.507421223423567e-08,1.000000000000000e+00,0.000000000000000e+00,-1.000307451299032e+00,9.766640422389082e-01,-1.000303345005603e+00,7.508600182074289e-08,1.000000000000000e+03,1.000000000000000e+00,
7.883684002981338e-08,0.000000000000000e+00,-7.781527083478770e-08,3.462759908898301e+03,3.462759908860865e+03,8.241069834736790e+02,7.883684002981338e-08,0.000000000000000e+00,-1.000000000000000e+03,2.308506605907244e+03,1.831669997606763e-10,2.209150642053810e+05,1.307248150736165e-07,8.165379133326492e+08,0.000000000000000e+00,-2.702033572236978e-08,4.392311903358086e+10,4.392311903358086e+10,-7.103270791611244e+00,7.883684002981338e-08,1.000000000000000e+00,0.000000000000000e+00,-9.745184750522552e-01,4.391471061400326e-02,-9.745109817248035e-01,8.341942697546506e-09,1.000000000000000e+03,1.000000000000000e+00,
1.973825425778068e-07,0.000000000000000e+00,-2.021214170921492e-08,2.008649785813460e+04,2.008649785813357e+04,1.549979550353613e+03,1.973825425778068e-07,0.000000000000000e+00,-1.000000000000000e+03,1.339099857208905e+04,1.332397883452022e-10,3.029678314795968e+05,1.027729538896027e-07,7.285138864281511e+08,0.000000000000000e+00,-3.838132639848279e-04,8.261055622030446e+10,8.261055622030446e+10,-6.704691260974363e+00,1.973825425778068e-07,1.000000000000000e+00,0.000000000000000e+00,-1.024008579748000e-01,3.465701494487555e-02,-1.023976836894578e-01,7.689051613771677e-09,1.000000000000000e+03,1.000000000000000e+00,
2.514461994017224e-06,0.000000000000000e+00,5.289994715633422e-03,2.074837542620259e+05,2.074781896434001e+05,1.505538657426096e+03,2.514461994017224e-06,0.000000000000000e+00,-1.000000000000000e+03,1.383187930956001e+05,5.564618625776261e+00,2.985929090241399e+05,6.948126714103041e-03,6.415852104021745e+08,0.000000000000000e+00,-3.482755211227300e-06,8.024195278754848e+10,8.024195278754846e+10,-5.599554924335494e+00,2.514461994017224e-06,1.000000000000000e+00,0.000000000000000e+00,2.103827668988496e+03,2.103827668988496e+03,-2.315469942879992e+03,5.289994715633422e-03,1.000000000000000e+03,1.000000000000000e+00,
2.779581567324495e-05,0.000000000000000e+00,6.440467090429657e-02,2.230219425451049e+06,2.230144810593852e+06,1.501317921362931e+03,2.779581567324495e-05,0.000000000000000e+00,-1.000000000000000e+03,1.486763207062568e+06,7.461485719743409e+01,2.981740667762946e+05,7.760369078974791e-03,5.561141595047259e+08,0.000000000000000e+00,-8.961927265238500e-07,8.001699668812277e+10,8.001699668812277e+10,-4.556020576988198e+00,2.779581567324495e-05,1.000000000000000e+00,0.000000000000000e+00,2.317063534361027e+03,2.317063534361027e+03,-2.379123288147284e+03,6.440467090429657e-02,1.000000000000000e+03,1.000000000000000e+00,
3.067791938739225e-04,0.000000000000000e+00,7.295275348185283e-01,2.454831349615474e+07,2.454744608005436e+07,1.501297816593673e+03,3.067791938739225e-04,0.000000000000000e+00,-1.000000000000000e+03,1.636496405336957e+07,8.674161003844387e+02,2.981720702834813e+05,7.971950397154919e-03,4.718181589202356e+08,0.000000000000000e+00,-1.292716157122413e-07,8.001592514742357e+10,8.001592514742357e+10,-3.513174098087313e+00,3.067791938739225e-04,1.000000000000000e+00,0.000000000000000e+00,2.377108268072239e+03,2.377108268072239e+03,-2.388147203730437e+03,7.295275348185283e-01,1.000000000000000e+03,1.000000000000000e+00,
7.506087790902687e-08,0.000000000000000e+00,-7.508391439521036e-08,3.073529454640831e+03,3.073529454603301e+03,7.682705078088344e+02,7.506087790902687e-08,0.000000000000000e+00,-1.000000000000000e+03,2.049019636402201e+03,3.753050127190517e-08,2.132998820087459e+05,4.688238868991615e-06,8.145425567400596e+08,0.000000000000000e+00,-2.361252288141102e-14,4.094715569845042e+10,4.094715569845042e+10,-7.124586360402335e+00,7.506087790902687e-08,1.000000000000000e+00,0.000000000000000e+00,-1.000147256936774e+00,1.000000817982357e+00,-1.000143883206983e+00,7.506094092280750e-08,1.000000000000000e+03,1.000000000000000e+00,
7.507421223423567e-08,0.000000000000000e+00,-7.674285585259826e-08,3.074720943633271e+03,3.074720943595722e+03,7.684318272350755e+02,7.507421223423567e-08,0.000000000000000e+00,-1.000000000000000e+03,2.049813962397148e+03,3.747599390497824e-08,2.133222749082020e+05,4.431919625946815e-06,8.145474353388096e+08,0.000000000000000e+00,-1.033299222947981e-09,4.095575367480944e+10,4.095575367480945e+10,-7.124509216226810e+00,7.507421223423567e-08,1.000000000000000e+00,0.000000000000000e+00,-1.000307451299032e+00,9.766640422389082e-01,-1.000303345005603e+00,7.508600182074289e-08,1.000000000000000e+03,1.000000000000000e+00,
7.883684002981338e-08,0.000000000000000e+00,-7.781527083478770e-08,3.462759908898301e+03,3.462759908860865e+03,8.241069834736790e+02,7.883684002981338e-08,0.000000000000000e+00,-1.000000000000000e+03,2.308506605907244e+03,1.831669997606763e-10,2.209150642053810e+05,1.307248150736165e-07,8.165379133326492e+08,0.000000000000000e+00,-2.702033572236978e-08,4.392311903358086e+10,4.392311903358086e+10,-7.103270791611244e+00,7.883684002981338e-08,1.000000000000000e+00,0.000000000000000e+00,-9.745184750522552e-01,4.391471061400326e-02,-9.745109817248035e-01,8.341942697546506e-09,1.000000000000000e+03,1.000000000000000e+00,
1.973825425778068e-07,0.000000000000000e+00,-2.021214170921492e-08,2.008649785813460e+04,2.008649785813357e+04,1.549979550353613e+03,1.973825425778068e-07,0.000000000000000e+00,-1.000000000000000e+03,1.339099857208905e+04,1.332397883452022e-10,3.029678314795968e+05,1.027729538896027e-07,7.285138864281511e+08,0.000000000000000e+00,-3.838132639848279e-04,8.261055622030446e+10,8.261055622030446e+10,-6.704691260974363e+00,1.973825425778068e-07,1.000000000000000e+00,0.000000000000000e+00,-1.024008579748000e-01,3.465701494487555e-02,-1.023976836894578e-01,7.689051613771677e-09,1.000000000000000e+03,1.000000000000000e+00,
2.514461994017224e-06,0.000000000000000e+00,5.289994715633422e-03,2.074837542620259e+05,2.074781896434001e+05,1.505538657426096e+03,2.514461994017224e-06,0.000000000000000e+00,-1.000000000000000e+03,1.383187930956001e+05,5.564618625776261e+00,2.985929090241399e+05,6.948126714103041e-03,6.415852104021745e+08,0.000000000000000e+00,-3.482755211227300e-06,8.024195278754848e+10,8.024195278754846e+10,-5.599554924335494e+00,2.514461994017224e-06,1.000000000000000e+00,0.000000000000000e+00,2.103827668988496e+03,2.103827668988496e+03,-2.315469942879992e+03,5.289994715633422e-03,1.000000000000000e+03,1.000000000000000e+00,
2.779581567324495e-05,0.000000000000000e+00,6.440467090429657e-02,2.230219425451049e+06,2.230144810593852e+06,1.501317921362931e+03,2.779581567324495e-05,0.000000000000000e+00,-1.000000000000000e+03,1.486763207062568e+06,7.461485719743409e+01,2.981740667762946e+05,7.760369078974791e-03,5.561141595047259e+08,0.000000000000000e+00,-8.961927265238500e-07,8.001699668812277e+10,8.001699668812277e+10,-4.556020576988198e+00,2.779581567324495e-05,1.000000000000000e+00,0.000000000000000e+00,2.317063534361027e+03,2.317063534361027e+03,-2.379123288147284e+03,6.440467090429657e-02,1.000000000000000e+03,1.000000000000000e+00,
3.067791938739225e-04,0.000000000000000e+00,7.295275348185283e-01,2.454831349615474e+07,2.454744608005436e+07,1.501297816593673e+03,3.067791938739225e-04,0.000000000000000e+00,-1.000000000000000e+03,1.636496405336957e+07,8.674161003844387e+02,2.981720702834813e+05,7.971950397154919e-03,4.718181589202356e+08,0.000000000000000e+00,-1.292716157122413e-07,8.001592514742357e+10,8.001592514742357e+10,-3.513174098087313e+00,3.067791938739225e-04,1.000000000000000e+00,0.000000000000000e+00,2.377108268072239e+03,2.377108268072239e+03,-2.388147203730437e+03,7.295275348185283e-01,1.000000000000000e+03,1.000000000000000e+00,
7.506087790902687e-08,0.000000000000000e+00,-7.508391439521036e-08,3.073529454640831e+03,3.073529454603301e+03,7.682705078088344e+02,7.506087790902687e-08,0.000000000000000e+00,-1.000000000000000e+03,2.049019636402201e+03,3.753050127190517e-08,2.132998820087459e+05,4.688238868991615e-06,8.145425567400596e+08,0.000000000000000e+00,-2.361252288141102e-14,4.094715569845042e+10,4.094715569845042e+10,-7.124586360402335e+00,7.506087790902687e-08,1.000000000000000e+00,0.000000000000000e+00,-1.000147256936774e+00,1.000000817982357e+00,-9.695828023478319e-01,7.506094092280750e-08,1.000000000000000e+03,1.000000000000000e+00,
7.507421223423567e-08,0.000000000000000e+00,-7.674285585259826e-08,3.074720943633271e+03,3.074720943595722e+03,7.684318272350755e+02,7.507421223423567e-08,0.000000000000000e+00,-1.000000000000000e+03,2.049813962397148e+03,3.747599390497824e-08,2.133222749082020e+05,4.431919625946815e-06,8.145474353388096e+08,0.000000000000000e+00,-1.033299222947981e-09,4.095575367480944e+10,4.095575367480945e+10,-7.124509216226810e+00,7.507421223423567e-08,1.000000000000000e+00,0.000000000000000e+00,-1.000307451299032e+00,9.766640422389082e-01,-9.478377221229352e-01,7.508600182074289e-08,1.000000000000000e+03,1.000000000000000e+00,
7.883684002981338e-08,0.000000000000000e+00,-7.781527083478770e-08,3.462759908898301e+03,3.462759908860865e+03,8.241069834736790e+02,7.883684002981338e-08,0.000000000000000e+00,-1.000000000000000e+03,2.308506605907244e+03,1.831669997606763e-10,2.209150642053810e+05,1.307248150736165e-07,8.165379133326492e+08,0.000000000000000e+00,-2.702033572236978e-08,4.392311903358086e+10,4.392311903358086e+10,-7.103270791611244e+00,7.883684002981338e-08,1.000000000000000e+00,0.000000000000000e+00,-9.745184750522552e-01,4.391471061400326e-02,-8.695801453743407e-01,8.341942697546506e-09,1.000000000000000e+03,1.000000000000000e+00,
1.973825425778068e-07,0.000000000000000e+00,-2.021214170921492e-08,2.008649785813460e+04,2.008649785813357e+04,1.549979550353613e+03,1.973825425778068e-07,0.000000000000000e+00,-1.000000000000000e+03,1.339099857208905e+04,1.332397883452022e-10,3.029678314795968e+05,1.027729538896027e-07,7.285138864281511e+08,0.000000000000000e+00,-3.838132639848279e-04,8.261055622030446e+10,8.261055622030446e+10,-6.704691260974363e+00,1.973825425778068e-07,1.000000000000000e+00,0.000000000000000e+00,-1.024008579748000e-01,3.465701494487555e-02,-7.184045854531260e-02,7.689051613771677e-09,1.000000000000000e+03,1.000000000000000e+00,
2.514461994017224e-06,0.000000000000000e+00,5.289994715633422e-03,2.074837542620259e+05,2.074781896434001e+05,1.505538657426096e+03,2.514461994017224e-06,0.000000000000000e+00,-1.000000000000000e+03,1.383187930956001e+05,5.564618625776261e+00,2.985929090241399e+05,6.948126714103041e-03,6.415852104021745e+08,0.000000000000000e+00,-3.482755211227300e-06,8.024195278754848e+10,8.024195278754846e+10,-5.599554924335494e+00,2.514461994017224e-06,1.000000000000000e+00,0.000000000000000e+00,2.103827668988496e+03,2.103827668988496e+03,-1.624493996845294e+03,5.289994715633422e-03,1.000000000000000e+03,1.000000000000000e+00,
2.779581567324495e-05,0.000000000000000e+00,6.440467090429657e-02,2.230219425451049e+06,2.230144810593852e+06,1.501317921362931e+03,2.779581567324495e-05,0.000000000000000e+00,-1.000000000000000e+03,1.486763207062568e+06,7.461485719743409e+01,2.981740667762946e+05,7.760369078974791e-03,5.561141595047259e+08,0.000000000000000e+00,-8.961927265238500e-07,8.001699668812277e+10,8.001699668812277e+10,-4.556020576988198e+00,2.779581567324495e-05,1.000000000000000e+00,0.000000000000000e+00,2.317063534361027e+03,2.317063534361027e+03,-2.122216953590244e+03,6.440467090429657e-02,1.000000000000000e+03,1.000000000000000e+00,
3.067791938739225e-04,0.000000000000000e+00,7.295275348185283e-01,2.454831349615474e+07,2.454744608005436e+07,1.501297816593673e+03,3.067791938739225e-04,0.000000000000000e+00,-1.000000000000000e+03,1.636496405336957e+07,8.674161003844387e+02,2.981720702834813e+05,7.971950397154919e-03,4.718181589202356e+08,0.000000000000000e+00,-1.292716157122413e-07,8.001592514742357e+10,8.001592514742357e+10,-3.513174098087313e+00,3.067791938739225e-04,1.000000000000000e+00,0.000000000000000e+00,2.377108268072239e+03,2.377108268072239e+03,-2.263228305896715e+03,7.295275348185283e-01,1.000000000000000e+03,1.000000000000000e+00,
7.506087790902687e-08,0.000000000000000e+00,-7.508391439521036e-08,3.073529454640831e+03,3.073529454603301e+03,7.682705078088344e+02,7.506087790902687e-08,0.000000000000000e+00,-1.000000000000000e+03,2.049019636402201e+03,3.753050127190517e-08,2.132998820087459e+05,4.688238868991615e-06,8.145425567400596e+08,0.000000000000000e+00,-2.361252288141102e-14,4.094715569845042e+10,4.094715569845042e+10,-7.124586360402335e+00,7.506087790902687e-08,1.000000000000000e+00,0.000000000000000e+00,-1.000147256936774e+00,1.000000817982357e+00,-8.933766187762516e-01,7.506094092280750e-08,1.000000000000000e+03,1.000000000000000e+00,
7.507421223423567e-08,0.000000000000000e+00,-7.674285585259826e-08,3.074720943633271e+03,3.074720943595722e+03,7.684318272350755e+02,7.507421223423567e-08,0.000000000000000e+00,-1.000000000000000e+03,2.049813962397148e+03,3.747599390497824e-08,2.133222749082020e+05,4.431919625946815e-06,8.145474353388096e+08,0.000000000000000e+00,-1.033299222947981e-09,4.095575367480944e+10,4.095575367480945e+10,-7.124509216226810e+00,7.507421223423567e-08,1.000000000000000e+00,0.000000000000000e+00,-1.000307451299032e+00,9.766640422389082e-01,-8.305091733965108e-01,7.508600182074289e-08,1.000000000000000e+03,1.000000000000000e+00,
7.883684002981338e-08,0.000000000000000e+00,-7.781527083478770e-08,3.462759908898301e+03,3.462759908860865e+03,8.241069834736790e+02,7.883684002981338e-08,0.000000000000000e+00,-1.000000000000000e+03,2.308506605907244e+03,1.831669997606763e-10,2.209150642053810e+05,1.307248150736165e-07,8.165379133326492e+08,0.000000000000000e+00,-2.702033572236978e-08,4.392311903358086e+10,4.392311903358086e+10,-7.103270791611244e+00,7.883684002981338e-08,1.000000000000000e+00,0.000000000000000e+00,-9.745184750522552e-01,4.391471061400326e-02,-6.863916329383466e-01,8.341942697546506e-09,1.000000000000000e+03,1.000000000000000e+00,
1.973825425778068e-07,0.000000000000000e+00,-2.021214170921492e-08,2.008649785813460e+04,2.008649785813357e+04,1.549979550353613e+03,1.973825425778068e-07,0.000000000000000e+00,-1.000000000000000e+03,1.339099857208905e+04,1.332397883452022e-10,3.029678314795968e+05,1.027729538896027e-07,7.285138864281511e+08,0.000000000000000e+00,-3.838132639848279e-04,8.261055622030446e+10,8.261055622030446e+10,-6.704691260974363e+00,1.973825425778068e-07,1.000000000000000e+00,0.000000000000000e+00,-1.024008579748000e-01,3.465701494487555e-02,-4.536590015975323e-02,7.689051613771677e-09,1.000000000000000e+03,1.000000000000000e+00,
2.514461994017224e-06,0.000000000000000e+00,5.289994715633422e-03,2.074837542620259e+05,2.074781896434001e+05,1.505538657426096e+03,2.514461994017224e-06,0.000000000000000e+00,-1.000000000000000e+03,1.383187930956001e+05,5.564618625776261e+00,2.985929090241399e+05,6.948126714103041e-03,6.415852104021745e+08,0.000000000000000e+00,-3.482755211227300e-06,8.024195278754848e+10,8.024195278754846e+10,-5.599554924335494e+00,2.514461994017224e-06,1.000000000000000e+00,0.000000000000000e+00,2.103827668988496e+03,2.103827668988496e+03,-1.025837445407155e+03,5.289994715633422e-03,1.000000000000000e+03,1.000000000000000e+00,
2.779581567324495e-05,0.000000000000000e+00,6.440467090429657e-02,2.230219425451049e+06,2.230144810593852e+06,1.501317921362931e+03,2.779581567324495e-05,0.000000000000000e+00,-1.000000000000000e+03,1.486763207062568e+06,7.461485719743409e+01,2.981740667762946e+05,7.760369078974791e-03,5.561141595047259e+08,0.000000000000000e+00,-8.961927265238500e-07,8.001699668812277e+10,8.001699668812277e+10,-4.556020576988198e+00,2.779581567324495e-05,1.000000000000000e+00,0.000000000000000e+00,2.317063534361027e+03,2.317063534361027e+03,-1.675143996758547e+03,6.440467090429657e-02,1.000000000000000e+03,1.000000000000000e+00,
3.067791938739225e-04,0.000000000000000e+00,7.295275348185283e-01,2.454831349615474e+07,2.454744608005436e+07,1.501297816593673e+03,3.067791938739225e-04,0.000000000000000e+00,-1.000000000000000e+03,1.636496405336957e+07,8.674161003844387e+02,2.981720702834813e+05,7.971950397154919e-03,4.718181589202356e+08,0.000000000000000e+00,-1.292716157122413e-07,8.001592514742357e+10,8.001592514742357e+10,-3.513174098087313e+00,3.067791938739225e-04,1.000000000000000e+00,0.000000000000000e+00,2.377108268072239e+03,2.377108268072239e+03,-1.983073500522779e+03,7.295275348185283e-01,1.000000000000000e+03,1.000000000000000e+00,

64,28
2.304002669802868e-02,0.000000000000000e+00,5.515072532430300e+01,2.274168857414409e+09,2.274102850492115e+09,1.854263741632266e+03,2.304002669802868e-02,0.000000000000000e+00,-1.000000000000000e+03,1.516068566994744e+09,6.600692229356135e+04,3.313746540492707e+05,7.969536964419727e-03,4.705640041434216e+08,2.500000000000000e-07,5.981538244874976e-04,9.882824521164647e+10,9.882824521164645e+10,-1.637517022002306e+00,2.304002669802868e-02,1.000000000000000e+00,0.000000000000000e+00,2.395213397773964e+03,2.395213397773964e+03,-1.437163345172679e+03,5.515072532430300e+01,1.000000000000000e+03,1.000000000000000e+00,
2.304002669802868e-02,0.000000000000000e+00,5.515072532430300e+01,2.274168857414409e+09,2.274102850492115e+09,1.854263741632266e+03,2.304002669802868e-02,0.000000000000000e+00,-1.000000000000000e+03,1.516068566994744e+09,6.600692229356135e+04,3.313746540492707e+05,7.969536964419727e-03,4.705640041434216e+08,2.500000000000000e-07,5.981538244874976e-04,9.882824521164647e+10,9.882824521164645e+10,-1.637517022002306e+00,2.304002669802868e-02,1.000000000000000e+00,0.000000000000000e+00,2.395213397773964e+03,2.395213397773964e+03,-1.437163345172679e+03,5.515072532430300e+01,1.000000000000000e+03,1.000000000000000e+00,
2.304002669802868e-02,0.000000000000000e+00,5.515072532430300e+01,2.274168857414409e+09,2.274102850492115e+09,1.854263741632266e+03,2.304002669802868e-02,0.000000000000000e+00,-1.000000000000000e+03,1.516068566994744e+09,6.600692229356135e+04,3.313746540492707e+05,7.969536964419727e-03,4.705640041434216e+08,2.500000000000000e-07,5.981538244874976e-04,9.882824521164647e+10,9.882824521164645e+10,-1.637517022002306e+00,2.304002669802868e-02,1.000000000000000e+00,0.000000000000000e+00,2.395213397773964e+03,2.395213397773964e+03,-1.693182271984131e+03,5.515072532430300e+01,1.000000000000000e+03,1.000000000000000e+00,
2.304002669802868e-02,0.000000000000000e+00,5.515072532430300e+01,2.274168857414409e+09,2.274102850492115e+09,1.854263741632266e+03,2.304002669802868e-02,0.000000000000000e+00,-1.000000000000000e+03,1.516068566994744e+09,6.600692229356135e+04,3.313746540492707e+05,7.969536964419727e-03,4.705640041434216e+08,2.500000000000000e-07,5.981538244874976e-04,9.882824521164647e+10,9.882824521164645e+10,-1.637517022002306e+00,2.304002669802868e-02,1.000000000000000e+00,0.000000000000000e+00,2.395213397773964e+03,2.395213397773964e+03,-1.991163339228662e+03,5.515072532430300e+01,1.000000000000000e+03,1.000000000000000e+00,
2.304002669802868e-02,0.000000000000000e+00,5.515072532430300e+01,2.274168857414409e+09,2.274102850492115e+09,1.854263741632266e+03,2.304002669802868e-02,0.000000000000000e+00,-1.000000000000000e+03,1.516068566994744e+09,6.600692229356135e+04,3.313746540492707e+05,7.969536964419727e-03,4.705640041434216e+08,2.500000000000000e-07,5.981538244874976e-04,9.882824521164647e+10,9.882824521164645e+10,-1.637517022002306e+00,2.304002669802868e-02,1.000000000000000e+00,0.000000000000000e+00,2.395213397773964e+03,2.395213397773964e+03,-2.268095141801581e+03,5.515072532430300e+01,1.000000000000000e+03,1.000000000000000e+00,
2.304002669802868e-02,0.000000000000000e+00,5.515072532430300e+01,2.274168857414409e+09,2.274102850492115e+09,1.854263741632266e+03,2.304002669802868e-02,0.000000000000000e+00,-1.000000000000000e+03,1.516068566994744e+09,6.600692229356135e+04,3.313746540492707e+05,7.969536964419727e-03,4.705640041434216e+08,2.500000000000000e-07,5.981538244874976e-04,9.882824521164647e+10,9.882824521164645e+10,-1.637517022002306e+00,2.304002669802868e-02,1.000000000000000e+00,0.000000000000000e+00,2.395213397773964e+03,2.395213397773964e+03,-2.268095141801581e+03,5.515072532430300e+01,1.000000000000000e+03,1.000000000000000e+00,
2.304002669802868e-02,0.000000000000000e+00,5.515072532430300e+01,2.274168857414409e+09,2.274102850492115e+09,1.854263741632266e+03,2.304002669802868e-02,0.000000000000000e+00,-1.000000000000000e+03,1.516068566994744e+09,6.600692229356135e+04,3.313746540492707e+05,7.969536964419727e-03,4.705640041434216e+08,2.500000000000000e-07,5.981538244874976e-04,9.882824521164647e+10,9.882824521164645e+10,-1.637517022002306e+00,2.304002669802868e-02,1.000000000000000e+00,0.000000000000000e+00,2.395213397773964e+03,2.395213397773964e+03,-1.991163339228662e+03,5.515072532430300e+01,1.000000000000000e+03,1.000000000000000e+00,
2.304002669802868e-02,0.000000000000000e+00,5.515072532430300e+01,2.274168857414409e+09,2.274102850492115e+09,1.854263741632266e+03,2.304002669802868e-02,0.000000000000000e+00,-1.000000000000000e+03,1.516068566994744e+09,6.600692229356135e+04,3.313746540492707e+05,7.969536964419727e-03,4.705640041434216e+08,2.500000000000000e-07,5.981538244874976e-04,9.882824521164647e+10,9.882824521164645e+10,-1.637517022002306e+00,2.304002669802868e-02,1.000000000000000e+00,0.000000000000000e+00,2.395213397773964e+03,2.395213397773964e+03,-1.693182271984131e+03,5.515072532430300e+01,1.000000000000000e+03,1.000000000000000e+00,
7.507285939590087e-08,0.000000000000000e+00,-7.506094092280750e-08,3.074598536118665e+03,3.074598536081118e+03,7.684150820961308e+02,7.507285939590087e-08,0.000000000000000e+00,-1.000000000000000e+03,2.049732357387412e+03,3.754748551122258e-08,2.133199506092419e+05,4.688486218527402e-06,8.145469141872195e+08,0.000000000000000e+00,4.802443461904282e-12,4.095486119513648e+10,4.095486119513648e+10,-7.124517042289847e+00,7.507285939590087e-08,1.000000000000000e+00,0.000000000000000e+00,-1.000000817982357e+00,1.000147256936774e+00,-6.018377181457903e-01,7.508391439521036e-08,1.000000000000000e+03,1.000000000000000e+00,
7.857651406585284e-08,0.000000000000000e+00,-7.508600182074289e-08,3.434329127608885e+03,3.434329127571409e+03,8.200485730821247e+02,7.857651406585284e-08,0.000000000000000e+00,-1.000000000000000e+03,2.289552751714273e+03,3.770312098665866e-08,2.203704319277357e+05,4.688479154497699e-06,8.163923170181007e+08,0.000000000000000e+00,5.510294609822885e-12,4.370681454121509e+10,4.370681454121509e+10,-7.104707241947544e+00,7.857651406585284e-08,1.000000000000000e+00,0.000000000000000e+00,-9.766640422389082e-01,1.000307451299032e+00,-4.388252257895544e-01,7.674285585259826e-08,1.000000000000000e+03,1.000000000000000e+00,
1.899578200769579e-07,0.000000000000000e+00,-8.341942697546506e-09,1.929317326857553e+04,1.929317326857535e+04,1.909152523640263e+03,1.899578200769579e-07,0.000000000000000e+00,-1.000000000000000e+03,1.286211551238357e+04,3.743513180882907e-08,3.362434609450368e+05,4.411281225015338e-06,8.447419920646124e+08,0.000000000000000e+00,6.840920077062177e-09,1.017536985254668e+11,1.017536985254668e+11,-6.721342822949676e+00,1.899578200769579e-07,1.000000000000000e+00,0.000000000000000e+00,-4.391471061400326e-02,9.745184750522552e-01,-1.074888261714370e-02,7.781527083478770e-08,1.000000000000000e+03,1.000000000000000e+00,
2.421760377686408e-06,0.000000000000000e+00,5.077849815465281e-03,2.000682953486613e+05,2.000629718329688e+05,1.959378194371626e+03,2.421760377686408e-06,0.000000000000000e+00,-1.000000000000000e+03,1.333753145553125e+05,5.323515692550407e+00,3.406376668970936e+05,6.920734105707013e-03,8.287098830198622e+08,0.000000000000000e+00,1.066462738414067e-09,1.044306180981857e+11,1.044306180981857e+11,-5.615868830555819e+00,2.421760377686408e-06,1.000000000000000e+00,0.000000000000000e+00,2.096759804252941e+03,2.096759804252941e+03,3.635535485588380e+02,5.077849815465281e-03,1.000000000000000e+03,1.000000000000000e+00,
2.677197276408651e-05,0.000000000000000e+00,6.199161990154788e-02,2.148307146656496e+06,2.148235374565363e+06,1.548166965329707e+03,2.677197276408651e-05,0.000000000000000e+00,-1.000000000000000e+03,1.432156916376909e+06,7.177209113205805e+01,3.027906305620805e+05,7.754844979563885e-03,7.271167965925720e+08,0.000000000000000e+00,-7.665426219518849e-07,8.251394936056406e+10,8.251394936056406e+10,-4.572319625488833e+00,2.677197276408651e-05,1.000000000000000e+00,0.000000000000000e+00,2.315541721479227e+03,2.315541721479227e+03,-4.117071703613423e+00,6.199161990154788e-02,1.000000000000000e+03,1.000000000000000e+00,
2.954852008275029e-04,0.000000000000000e+00,7.027582873946665e-01,2.364467402795893e+07,2.364383833600359e+07,1.505372794780041e+03,2.954852008275029e-04,0.000000000000000e+00,-1.000000000000000e+03,1.576255889066906e+07,8.356919553311124e+02,2.985764608333719e+05,7.978902763985518e-03,6.402458283989480e+08,0.000000000000000e+00,1.430759039824352e-07,8.023311266740384e+10,8.023311266740385e+10,-3.529464265577651e+00,2.954852008275029e-04,1.000000000000000e+00,0.000000000000000e+00,2.379143105834742e+03,2.379143105834742e+03,-5.671412517373840e+02,7.027582873946665e-01,1.000000000000000e+03,1.000000000000000e+00,
3.213231820874464e-03,0.000000000000000e+00,7.673696744172190e+00,2.595349635941145e+08,2.595258006041710e+08,1.515405650764655e+03,3.213231820874464e-03,0.000000000000000e+00,-1.000000000000000e+03,1.730172004027807e+08,9.162989943485227e+03,2.995697696187698e+05,7.989750955423728e-03,5.547811510908347e+08,0.000000000000000e+00,1.466185520843055e-07,8.076784218249852e+10,8.076784218249852e+10,-2.493057940836680e+00,3.213231820874464e-03,1.000000000000000e+00,0.000000000000000e+00,2.388155343887960e+03,2.388155343887960e+03,-1.068469606204306e+03,7.673696744172190e+00,1.000000000000000e+03,1.000000000000000e+00,
7.507285939590087e-08,0.000000000000000e+00,-7.506094092280750e-08,3.074598536118665e+03,3.074598536081118e+03,7.684150820961308e+02,7.507285939590087e-08,0.000000000000000e+00,-1.000000000000000e+03,2.049732357387412e+03,3.754748551122258e-08,2.133199506092419e+05,4.688486218527402e-06,8.145469141872195e+08,0.000000000000000e+00,4.802443461904282e-12,4.095486119513648e+10,4.095486119513648e+10,-7.124517042289847e+00,7.507285939590087e-08,1.000000000000000e+00,0.000000000000000e+00,-1.000000817982357e+00,1.000147256936774e+00,-6.018377181457903e-01,7.508391439521036e-08,1.000000000000000e+03,1.000000000000000e+00,
7.857651406585284e-08,0.000000000000000e+00,-7.508600182074289e-08,3.434329127608885e+03,3.434329127571409e+03,8.200485730821247e+02,7.857651406585284e-08,0.000000000000000e+00,-1.000000000000000e+03,2.289552751714273e+03,3.770312098665866e-08,2.203704319277357e+05,4.688479154497699e-06,8.163923170181007e+08,0.000000000000000e+00,5.510294609822885e-12,4.370681454121509e+10,4.370681454121509e+10,-7.104707241947544e+00,7.857651406585284e-08,1.000000000000000e+00,0.000000000000000e+00,-9.766640422389082e-01,1.000307451299032e+00,-4.388252257895544e-01,7.674285585259826e-08,1.000000000000000e+03,1.000000000000000e+00,
1.899578200769579e-07,0.000000000000000e+00,-8.341942697546506e-09,1.929317326857553e+04,1.929317326857535e+04,1.909152523640263e+03,1.899578200769579e-07,0.000000000000000e+00,-1.000000000000000e+03,1.286211551238357e+04,3.743513180882907e-08,3.362434609450368e+05,4.411281225015338e-06,8.447419920646124e+08,0.000000000000000e+00,6.840920077062177e-09,1.017536985254668e+11,1.017536985254668e+11,-6.721342822949676e+00,1.899578200769579e-07,1.000000000000000e+00,0.000000000000000e+00,-4.391471061400326e-02,9.745184750522552e-01,-1.074888261714370e-02,7.781527083478770e-08,1.000000000000000e+03,1.000000000000000e+00,
2.421760377686408e-06,0.000000000000000e+00,5.077849815465281e-03,2.000682953486613e+05,2.000629718329688e+05,1.959378194371626e+03,2.421760377686408e-06,0.000000000000000e+00,-1.000000000000000e+03,1.333753145553125e+05,5.323515692550407e+00,3.406376668970936e+05,6.920734105707013e-03,8.287098830198622e+08,0.000000000000000e+00,1.066462738414067e-09,1.044306180981857e+11,1.044306180981857e+11,-5.615868830555819e+00,2.421760377686408e-06,1.000000000000000e+00,0.000000000000000e+00,2.096759804252941e+03,2.096759804252941e+03,3.635535485588380e+02,5.077849815465281e-03,1.000000000000000e+03,1.000000000000000e+00,
2.677197276408651e-05,0.000000000000000e+00,6.199161990154788e-02,2.148307146656496e+06,2.148235374565363e+06,1.548166965329707e+03,2.677197276408651e-05,0.000000000000000e+00,-1.000000000000000e+03,1.432156916376909e+06,7.177209113205805e+01,3.027906305620805e+05,7.754844979563885e-03,7.271167965925720e+08,0.000000000000000e+00,-7.665426219518849e-07,8.251394936056406e+10,8.251394936056406e+10,-4.572319625488833e+00,2.677197276408651e-05,1.000000000000000e+00,0.000000000000000e+00,2.315541721479227e+03,2.315541721479227e+03,-4.117071703613423e+00,6.199161990154788e-02,1.000000000000000e+03,1.000000000000000e+00,
2.954852008275029e-04,0.000000000000000e+00,7.027582873946665e-01,2.364467402795893e+07,2.364383833600359e+07,1.505372794780041e+03,2.954852008275029e-04,0.000000000000000e+00,-1.000000000000000e+03,1.576255889066906e+07,8.356919553311124e+02,2.985764608333719e+05,7.978902763985518e-03,6.402458283989480e+08,0.000000000000000e+00,1.430759039824352e-07,8.023311266740384e+10,8.023311266740385e+10,-3.529464265577651e+00,2.954852008275029e-04,1.000000000000000e+00,0.000000000000000e+00,2.379143105834742e+03,2.379143105834742e+03,-5.671412517373840e+02,7.027582873946665e-01,1.000000000000000e+03,1.000000000000000e+00,
3.213231820874464e-03,0.000000000000000e+00,7.673696744172190e+00,2.595349635941145e+08,2.595258006041710e+08,1.515405650764655e+03,3.213231820874464e-03,0.000000000000000e+00,-1.000000000000000e+03,1.730172004027807e+08,9.162989943485227e+03,2.995697696187698e+05,7.989750955423728e-03,5.547811510908347e+08,0.000000000000000e+00,1.466185520843055e-07,8.076784218249852e+10,8.076784218249852e+10,-2.493057940836680e+00,3.213231820874464e-03,1.000000000000000e+00,0.000000000000000e+00,2.388155343887960e+03,2.388155343887960e+03,-1.068469606204306e+03,7.673696744172190e+00,1.000000000000000e+03,1.000000000000000e+00,
7.507285939590087e-08,0.000000000000000e+00,-7.506094092280750e-08,3.074598536118665e+03,3.074598536081118e+03,7.684150820961308e+02,7.507285939590087e-08,0.000000000000000e+00,-1.000000000000000e+03,2.049732357387412e+03,3.754748551122258e-08,2.133199506092419e+05,4.688486218527402e-06,8.145469141872195e+08,0.000000000000000e+00,4.802443461904282e-12,4.095486119513648e+10,4.095486119513648e+10,-7.124517042289847e+00,7.507285939590087e-08,1.000000000000000e+00,0.000000000000000e+00,-1.000000817982357e+00,1.000147256936774e+00,-7.090501983637748e-01,7.508391439521036e-08,1.000000000000000e+03,1.000000000000000e+00,
7.857651406585284e-08,0.000000000000000e+00,-7.508600182074289e-08,3.434329127608885e+03,3.434329127571409e+03,8.200485730821247e+02,7.857651406585284e-08,0.000000000000000e+00,-1.000000000000000e+03,2.289552751714273e+03,3.770312098665866e-08,2.203704319277357e+05,4.688479154497699e-06,8.163923170181007e+08,0.000000000000000e+00,5.510294609822885e-12,4.370681454121509e+10,4.370681454121509e+10,-7.104707241947544e+00,7.857651406585284e-08,1.000000000000000e+00,0.000000000000000e+00,-9.766640422389082e-01,1.000307451299032e+00,-5.441965522050508e-01,7.674285585259826e-08,1.000000000000000e+03,1.000000000000000e+00,
1.899578200769579e-07,0.000000000000000e+00,-8.341942697546506e-09,1.929317326857553e+04,1.929317326857535e+04,1.909152523640263e+03,1.899578200769579e-07,0.000000000000000e+00,-1.000000000000000e+03,1.286211551238357e+04,3.743513180882907e-08,3.362434609450368e+05,4.411281225015338e-06,8.447419920646124e+08,0.000000000000000e+00,6.840920077062177e-09,1.017536985254668e+11,1.017536985254668e+11,-6.721342822949676e+00,1.899578200769579e-07,1.000000000000000e+00,0.000000000000000e+00,-4.391471061400326e-02,9.745184750522552e-01,-1.401737701779598e-02,7.781527083478770e-08,1.000000000000000e+03,1.000000000000000e+00,
2.421760377686408e-06,0.000000000000000e+00,5.077849815465281e-03,2.000682953486613e+05,2.000629718329688e+05,1.959378194371626e+03,2.421760377686408e-06,0.000000000000000e+00,-1.000000000000000e+03,1.333753145553125e+05,5.323515692550407e+00,3.406376668970936e+05,6.920734105707013e-03,8.287098830198622e+08,0.000000000000000e+00,1.066462738414067e-09,1.044306180981857e+11,1.044306180981857e+11,-5.615868830555819e+00,2.421760377686408e-06,1.000000000000000e+00,0.000000000000000e+00,2.096759804252941e+03,2.096759804252941e+03,5.275356544743320e+02,5.077849815465281e-03,1.000000000000000e+03,1.000000000000000e+00,
2.677197276408651e-05,0.000000000000000e+00,6.199161990154788e-02,2.148307146656496e+06,2.148235374565363e+06,1.548166965329707e+03,2.677197276408651e-05,0.000000000000000e+00,-1.000000000000000e+03,1.432156916376909e+06,7.177209113205805e+01,3.027906305620805e+05,7.754844979563885e-03,7.271167965925720e+08,0.000000000000000e+00,-7.665426219518849e-07,8.251394936056406e+10,8.251394936056406e+10,-4.572319625488833e+00,2.677197276408651e-05,1.000000000000000e+00,0.000000000000000e+00,2.315541721479227e+03,2.315541721479227e+03,-5.493003911167976e+00,6.199161990154788e-02,1.000000000000000e+03,1.000000000000000e+00,
2.954852008275029e-04,0.000000000000000e+00,7.027582873946665e-01,2.364467402795893e+07,2.364383833600359e+07,1.505372794780041e+03,2.954852008275029e-04,0.000000000000000e+00,-1.000000000000000e+03,1.576255889066906e+07,8.356919553311124e+02,2.985764608333719e+05,7.978902763985518e-03,6.402458283989480e+08,0.000000000000000e+00,1.430759039824352e-07,8.023311266740384e+10,8.023311266740385e+10,-3.529464265577651e+00,2.954852008275029e-04,1.000000000000000e+00,0.000000000000000e+00,2.379143105834742e+03,2.379143105834742e+03,-7.395962009361079e+02,7.027582873946665e-01,1.000000000000000e+03,1.000000000000000e+00,
3.213231820874464e-03,0.000000000000000e+00,7.673696744172190e+00,2.595349635941145e+08,2.595258006041710e+08,1.515405650764655e+03,3.213231820874464e-03,0.000000000000000e+00,-1.000000000000000e+03,1.730172004027807e+08,9.162989943485227e+03,2.995697696187698e+05,7.989750955423728e-03,5.547811510908347e+08,0.000000000000000e+00,1.466185520843055e-07,8.076784218249852e+10,8.076784218249852e+10,-2.493057940836680e+00,3.213231820874464e-03,1.000000000000000e+00,0.000000000000000e+00,2.388155343887960e+03,2.388155343887960e+03,-1.325032021087864e+03,7.673696744172190e+00,1.000000000000000e+03,1.000000000000000e+00,
7.507285939590087e-08,0.000000000000000e+00,-7.506094092280750e-08,3.074598536118665e+03,3.074598536081118e+03,7.684150820961308e+02,7.507285939590087e-08,0.000000000000000e+00,-1.000000000000000e+03,2.049732357387412e+03,3.754748551122258e-08,2.133199506092419e+05,4.688486218527402e-06,8.145469141872195e+08,0.000000000000000e+00,4.802443461904282e-12,4.095486119513648e+10,4.095486119513648e+10,-7.124517042289847e+00,7.507285939590087e-08,1.000000000000000e+00,0.000000000000000e+00,-1.000000817982357e+00,1.000147256936774e+00,-8.338350714009788e-01,7.508391439521036e-08,1.000000000000000e+03,1.000000000000000e+00,
7.857651406585284e-08,0.000000000000000e+00,-7.508600182074289e-08,3.434329127608885e+03,3.434329127571409e+03,8.200485730821247e+02,7.857651406585284e-08,0.000000000000000e+00,-1.000000000000000e+03,2.289552751714273e+03,3.770312098665866e-08,2.203704319277357e+05,4.688479154497699e-06,8.163923170181007e+08,0.000000000000000e+00,5.510294609822885e-12,4.370681454121509e+10,4.370681454121509e+10,-7.104707241947544e+00,7.857651406585284e-08,1.000000000000000e+00,0.000000000000000e+00,-9.766640422389082e-01,1.000307451299032e+00,-6.932981565613670e-01,7.674285585259826e-08,1.000000000000000e+03,1.000000000000000e+00,
1.899578200769579e-07,0.000000000000000e+00,-8.341942697546506e-09,1.929317326857553e+04,1.929317326857535e+04,1.909152523640263e+03,1.899578200769579e-07,0.000000000000000e+00,-1.000000000000000e+03,1.286211551238357e+04,3.743513180882907e-08,3.362434609450368e+05,4.411281225015338e-06,8.447419920646124e+08,0.000000000000000e+00,6.840920077062177e-09,1.017536985254668e+11,1.017536985254668e+11,-6.721342822949676e+00,1.899578200769579e-07,1.000000000000000e+00,0.000000000000000e+00,-4.391471061400326e-02,9.745184750522552e-01,-1.982344331733829e-02,7.781527083478770e-08,1.000000000000000e+03,1.000000000000000e+00,
2.421760377686408e-06,0.000000000000000e+00,5.077849815465281e-03,2.000682953486613e+05,2.000629718329688e+05,1.959378194371626e+03,2.421760377686408e-06,0.000000000000000e+00,-1.000000000000000e+03,1.333753145553125e+05,5.323515692550407e+00,3.406376668970936e+05,6.920734105707013e-03,8.287098830198622e+08,0.000000000000000e+00,1.066462738414067e-09,1.044306180981857e+11,1.044306180981857e+11,-5.615868830555819e+00,2.421760377686408e-06,1.000000000000000e+00,0.000000000000000e+00,2.096759804252941e+03,2.096759804252941e+03,9.110504733807321e+02,5.077849815465281e-03,1.000000000000000e+03,1.000000000000000e+00,
2.677197276408651e-05,0.000000000000000e+00,6.199161990154788e-02,2.148307146656496e+06,2.148235374565363e+06,1.548166965329707e+03,2.677197276408651e-05,0.000000000000000e+00,-1.000000000000000e+03,1.432156916376909e+06,7.177209113205805e+01,3.027906305620805e+05,7.754844979563885e-03,7.271167965925720e+08,0.000000000000000e+00,-7.665426219518849e-07,8.251394936056406e+10,8.251394936056406e+10,-4.572319625488833e+00,2.677197276408651e-05,1.000000000000000e+00,0.000000000000000e+00,2.315541721479227e+03,2.315541721479227e+03,-8.250241145518698e+00,6.199161990154788e-02,1.000000000000000e+03,1.000000000000000e+00,
2.954852008275029e-04,0.000000000000000e+00,7.027582873946665e-01,2.364467402795893e+07,2.364383833600359e+07,1.505372794780041e+03,2.954852008275029e-04,0.000000000000000e+00,-1.000000000000000e+03,1.576255889066906e+07,8.356919553311124e+02,2.985764608333719e+05,7.978902763985518e-03,6.402458283989480e+08,0.000000000000000e+00,1.430759039824352e-07,8.023311266740384e+10,8.023311266740385e+10,-3.529464265577651e+00,2.954852008275029e-04,1.000000000000000e+00,0.000000000000000e+00,2.379143105834742e+03,2.379143105834742e+03,-1.045940574214573e+03,7.027582873946665e-01,1.000000000000000e+03,1.000000000000000e+00,
3.213231820874464e-03,0.000000000000000e+00,7.673696744172190e+00,2.595349635941145e+08,2.595258006041710e+08,1.515405650764655e+03,3.213231820874464e-03,0.000000000000000e+00,-1.000000000000000e+03,1.730172004027807e+08,9.162989943485227e+03,2.995697696187698e+05,7.989750955423728e-03,5.547811510908347e+08,0.000000000000000e+00,1.466185520843055e-07,8.076784218249852e+10,8.076784218249852e+10,-2.493057940836680e+00,3.213231820874464e-03,1.000000000000000e+00,0.000000000000000e+00,2.388155343887960e+03,2.388155343887960e+03,-1.688070705120635e+03,7.673696744172190e+00,1.000000000000000e+03,1.000000000000000e+00,
7.507285939590087e-08,0.000000000000000e+00,-7.506094092280750e-08,3.074598536118665e+03,3.074598536081118e+03,7.684150820961308e+02,7.507285939590087e-08,0.000000000000000e+00,-1.000000000000000e+03,2.049732357387412e+03,3.754748551122258e-08,2.133199506092419e+05,4.688486218527402e-06,8.145469141872195e+08,0.000000000000000e+00,4.802443461904282e-12,4.095486119513648e+10,4.095486119513648e+10,-7.124517042289847e+00,7.507285939590087e-08,1.000000000000000e+00,0.000000000000000e+00,-1.000000817982357e+00,1.000147256936774e+00,-9.498051903873214e-01,7.508391439521036e-08,1.000000000000000e+03,1.000000000000000e+00,
7.857651406585284e-08,0.000000000000000e+00,-7.508600182074289e-08,3.434329127608885e+03,3.434329127571409e+03,8.200485730821247e+02,7.857651406585284e-08,0.000000000000000e+00,-1.000000000000000e+03,2.289552751714273e+03,3.770312098665866e-08,2.203704319277357e+05,4.688479154497699e-06,8.163923170181007e+08,0.000000000000000e+00,5.510294609822885e-12,4.370681454121509e+10,4.370681454121509e+10,-7.104707241947544e+00,7.857651406585284e-08,1.000000000000000e+00,0.000000000000000e+00,-9.766640422389082e-01,1.000307451299032e+00,-8.755894865576471e-01,7.674285585259826e-08,1.000000000000000e+03,1.000000000000000e+00,
1.899578200769579e-07,0.000000000000000e+00,-8.341942697546506e-09,1.929317326857553e+04,1.929317326857535e+04,1.909152523640263e+03,1.899578200769579e-07,0.000000000000000e+00,-1.000000000000000e+03,1.286211551238357e+04,3.743513180882907e-08,3.362434609450368e+05,4.411281225015338e-06,8.447419920646124e+08,0.000000000000000e+00,6.840920077062177e-09,1.017536985254668e+11,1.017536985254668e+11,-6.721342822949676e+00,1.899578200769579e-07,1.000000000000000e+00,0.000000000000000e+00,-4.391471061400326e-02,9.745184750522552e-01,-3.129403145981773e-02,7.781527083478770e-08,1.000000000000000e+03,1.000000000000000e+00,
2.421760377686408e-06,0.000000000000000e+00,5.077849815465281e-03,2.000682953486613e+05,2.000629718329688e+05,1.959378194371626e+03,2.421760377686408e-06,0.000000000000000e+00,-1.000000000000000e+03,1.333753145553125e+05,5.323515692550407e+00,3.406376668970936e+05,6.920734105707013e-03,8.287098830198622e+08,0.000000000000000e+00,1.066462738414067e-09,1.044306180981857e+11,1.044306180981857e+11,-5.615868830555819e+00,2.421760377686408e-06,1.000000000000000e+00,0.000000000000000e+00,2.096759804252941e+03,2.096759804252941e+03,2.053903026644671e+03,5.077849815465281e-03,1.000000000000000e+03,1.000000000000000e+00,
2.677197276408651e-05,0.000000000000000e+00,6.199161990154788e-02,2.148307146656496e+06,2.148235374565363e+06,1.548166965329707e+03,2.677197276408651e-05,0.000000000000000e+00,-1.000000000000000e+03,1.432156916376909e+06,7.177209113205805e+01,3.027906305620805e+05,7.754844979563885e-03,7.271167965925720e+08,0.000000000000000e+00,-7.665426219518849e-07,8.251394936056406e+10,8.251394936056406e+10,-4.572319625488833e+00,2.677197276408651e-05,1.000000000000000e+00,0.000000000000000e+00,2.315541721479227e+03,2.315541721479227e+03,-1.656505868687278e+01,6.199161990154788e-02,1.000000000000000e+03,1.000000000000000e+00,
2.954852008275029e-04,0.000000000000000e+00,7.027582873946665e-01,2.364467402795893e+07,2.364383833600359e+07,1.505372794780041e+03,2.954852008275029e-04,0.000000000000000e+00,-1.000000000000000e+03,1.576255889066906e+07,8.356919553311124e+02,2.985764608333719e+05,7.978902763985518e-03,6.402458283989480e+08,0.000000000000000e+00,1.430759039824352e-07,8.023311266740384e+10,8.023311266740385e+10,-3.529464265577651e+00,2.954852008275029e-04,1.000000000000000e+00,0.000000000000000e+00,2.379143105834742e+03,2.379143105834742e+03,-1.651161037494547e+03,7.027582873946665e-01,1.000000000000000e+03,1.000000000000000e+00,
3.213231820874464e-03,0.000000000000000e+00,7.673696744172190e+00,2.595349635941145e+08,2.595258006041710e+08,1.515405650764655e+03,3.213231820874464e-03,0.000000000000000e+00,-1.000000000000000e+03,1.730172004027807e+08,9.162989943485227e+03,2.995697696187698e+05,7.989750955423728e-03,5.547811510908347e+08,0.000000000000000e+00,1.466185520843055e-07,8.076784218249852e+10,8.076784218249852e+10,-2.493057940836680e+00,3.213231820874464e-03,1.000000000000000e+00,0.000000000000000e+00,2.388155343887960e+03,2.388155343887960e+03,-2.131921090487931e+03,7.673696744172190e+00,1.000000000000000e+03,1.000000000000000e+00,
7.507285939590087e-08,0.000000000000000e+00,-7.506094092280750e-08,3.074598536118665e+03,3.074598536081118e+03,7.684150820961308e+02,7.507285939590087e-08,0.000000000000000e+00,-1.000000000000000e+03,2.049732357387412e+03,3.754748551122258e-08,2.133199506092419e+05,4.688486218527402e-06,8.145469141872195e+08,0.000000000000000e+00,4.802443461904282e-12,4.095486119513648e+10,4.095486119513648e+10,-7.124517042289847e+00,7.507285939590087e-08,1.000000000000000e+00,0.000000000000000e+00,-1.000000817982357e+00,1.000147256936774e+00,-9.498051903873214e-01,7.508391439521036e-08,1.000000000000000e+03,1.000000000000000e+00,
7.857651406585284e-08,0.000000000000000e+00,-7.508600182074289e-08,3.434329127608885e+03,3.434329127571409e+03,8.200485730821247e+02,7.857651406585284e-08,0.000000000000000e+00,-1.000000000000000e+03,2.289552751714273e+03,3.770312098665866e-08,2.203704319277357e+05,4.688479154497699e-06,8.163923170181007e+08,0.000000000000000e+00,5.510294609822885e-12,4.370681454121509e+10,4.370681454121509e+10,-7.104707241947544e+00,7.857651406585284e-08,1.000000000000000e+00,0.000000000000000e+00,-9.766640422389082e-01,1.000307451299032e+00,-8.755894865576471e-01,7.674285585259826e-08,1.000000000000000e+03,1.000000000000000e+00,
1.899578200769579e-07,0.000000000000000e+00,-8.341942697546506e-09,1.929317326857553e+04,1.929317326857535e+04,1.909152523640263e+03,1.899578200769579e-07,0.000000000000000e+00,-1.000000000000000e+03,1.286211551238357e+04,3.743513180882907e-08,3.362434609450368e+05,4.411281225015338e-06,8.447419920646124e+08,0.000000000000000e+00,6.840920077062177e-09,1.017536985254668e+11,1.017536985254668e+11,-6.721342822949676e+00,1.899578200769579e-07,1.000000000000000e+00,0.000000000000000e+00,-4.391471061400326e-02,9.745184750522552e-01,-3.129403145981773e-02,7.781527083478770e-08,1.000000000000000e+03,1.000000000000000e+00,
2.421760377686408e-06,0.000000000000000e+00,5.077849815465281e-03,2.000682953486613e+05,2.000629718329688e+05,1.959378194371626e+03,2.421760377686408e-06,0.000000000000000e+00,-1.000000000000000e+03,1.333753145553125e+05,5.323515692550407e+00,3.406376668970936e+05,6.920734105707013e-03,8.287098830198622e+08,0.000000000000000e+00,1.066462738414067e-09,1.044306180981857e+11,1.044306180981857e+11,-5.615868830555819e+00,2.421760377686408e-06,1.000000000000000e+00,0.000000000000000e+00,2.096759804252941e+03,2.096759804252941e+03,2.053903026644671e+03,5.077849815465281e-03,1.000000000000000e+03,1.000000000000000e+00,
2.677197276408651e-05,0.000000000000000e+00,6.199161990154788e-02,2.148307146656496e+06,2.148235374565363e+06,1.548166965329707e+03,2.677197276408651e-05,0.000000000000000e+00,-1.000000000000000e+03,1.432156916376909e+06,7.177209113205805e+01,3.027906305620805e+05,7.754844979563885e-03,7.271167965925720e+08,0.000000000000000e+00,-7.665426219518849e-07,8.251394936056406e+10,8.251394936056406e+10,-4.572319625488833e+00,2.677197276408651e-05,1.000000000000000e+00,0.000000000000000e+00,2.315541721479227e+03,2.315541721479227e+03,-1.656505868687278e+01,6.199161990154788e-02,1.000000000000000e+03,1.000000000000000e+00,
2.954852008275029e-04,0.000000000000000e+00,7.027582873946665e-01,2.364467402795893e+07,2.364383833600359e+07,1.505372794780041e+03,2.954852008275029e-04,0.000000000000000e+00,-1.000000000000000e+03,1.576255889066906e+07,8.356919553311124e+02,2.985764608333719e+05,7.978902763985518e-03,6.402458283989480e+08,0.000000000000000e+00,1.430759039824352e-07,8.023311266740384e+10,8.023311266740385e+10,-3.529464265577651e+00,2.954852008275029e-04,1.000000000000000e+00,0.000000000000000e+00,2.379143105834742e+03,2.379143105834742e+03,-1.651161037494547e+03,7.027582873946665e-01,1.000000000000000e+03,1.000000000000000e+00,
3.213231820874464e-03,0.000000000000000e+00,7.673696744172190e+00,2.595349635941145e+08,2.595258006041710e+08,1.515405650764655e+03,3.213231820874464e-03,0.000000000000000e+00,-1.000000000000000e+03,1.730172004027807e+08,9.162989943485227e+03,2.995697696187698e+05,7.989750955423728e-03,5.547811510908347e+08,0.000000000000000e+00,1.466185520843055e-07,8.076784218249852e+10,8.076784218249852e+10,-2.493057940836680e+00,3.213231820874464e-03,1.000000000000000e+00,0.000000000000000e+00,2.388155343887960e+03,2.388155343887960e+03,-2.131921090487931e+03,7.673696744172190e+00,1.000000000000000e+03,1.000000000000000e+00,
7.507285939590087e-08,0.000000000000000e+00,-7.506094092280750e-08,3.074598536118665e+03,3.074598536081118e+03,7.684150820961308e+02,7.507285939590087e-08,0.000000000000000e+00,-1.000000000000000e+03,2.049732357387412e+03,3.754748551122258e-08,2.133199506092419e+05,4.688486218527402e-06,8.145469141872195e+08,0.000000000000000e+00,4.802443461904282e-12,4.095486119513648e+10,4.095486119513648e+10,-7.124517042289847e+00,7.507285939590087e-08,1.000000000000000e+00,0.000000000000000e+00,-1.000000817982357e+00,1.000147256936774e+00,-8.338350714009788e-01,7.508391439521036e-08,1.000000000000000e+03,1.000000000000000e+00,
7.857651406585284e-08,0.000000000000000e+00,-7.508600182074289e-08,3.434329127608885e+03,3.434329127571409e+03,8.200485730821247e+02,7.857651406585284e-08,0.000000000000000e+00,-1.000000000000000e+03,2.289552751714273e+03,3.770312098665866e-08,2.203704319277357e+05,4.688479154497699e-06,8.163923170181007e+08,0.000000000000000e+00,5.510294609822885e-12,4.370681454121509e+10,4.370681454121509e+10,-7.104707241947544e+00,7.857651406585284e-08,1.000000000000000e+00,0.000000000000000e+00,-9.766640422389082e-01,1.000307451299032e+00,-6.932981565613670e-01,7.674285585259826e-08,1.000000000000000e+03,1.000000000000000e+00,
1.899578200769579e-07,0.000000000000000e+00,-8.341942697546506e-09,1.929317326857553e+04,1.929317326857535e+04,1.909152523640263e+03,1.899578200769579e-07,0.000000000000000e+00,-1.000000000000000e+03,1.286211551238357e+04,3.743513180882907e-08,3.362434609450368e+05,4.411281225015338e-06,8.447419920646124e+08,0.000000000000000e+00,6.840920077062177e-09,1.017536985254668e+11,1.017536985254668e+11,-6.721342822949676e+00,1.899578200769579e-07,1.000000000000000e+00,0.000000000000000e+00,-4.391471061400326e-02,9.745184750522552e-01,-1.982344331733829e-02,7.781527083478770e-08,1.000000000000000e+03,1.000000000000000e+00,
2.421760377686408e-06,0.000000000000000e+00,5.077849815465281e-03,2.000682953486613e+05,2.000629718329688e+05,1.959378194371626e+03,2.421760377686408e-06,0.000000000000000e+00,-1.000000000000000e+03,1.333753145553125e+05,5.323515692550407e+00,3.406376668970936e+05,6.920734105707013e-03,8.287098830198622e+08,0.000000000000000e+00,1.066462738414067e-09,1.044306180981857e+11,1.044306180981857e+11,-5.615868830555819e+00,2.421760377686408e-06,1.000000000000000e+00,0.000000000000000e+00,2.096759804252941e+03,2.096759804252941e+03,9.110504733807321e+02,5.077849815465281e-03,1.000000000000000e+03,1.000000000000000e+00,
2.677197276408651e-05,0.000000000000000e+00,6.199161990154788e-02,2.148307146656496e+06,2.148235374565363e+06,1.548166965329707e+03,2.677197276408651e-05,0.000000000000000e+00,-1.000000000000000e+03,1.432156916376909e+06,7.177209113205805e+01,3.027906305620805e+05,7.754844979563885e-03,7.271167965925720e+08,0.000000000000000e+00,-7.665426219518849e-07,8.251394936056406e+10,8.251394936056406e+10,-4.572319625488833e+00,2.677197276408651e-05,1.000000000000000e+00,0.000000000000000e+00,2.315541721479227e+03,2.315541721479227e+03,-8.250241145518698e+00,6.199161990154788e-02,1.000000000000000e+03,1.000000000000000e+00,
2.954852008275029e-04,0.000000000000000e+00,7.027582873946665e-01,2.364467402795893e+07,2.364383833600359e+07,1.505372794780041e+03,2.954852008275029e-04,0.000000000000000e+00,-1.000000000000000e+03,1.576255889066906e+07,8.356919553311124e+02,2.985764608333719e+05,7.978902763985518e-03,6.402458283989480e+08,0.000000000000000e+00,1.430759039824352e-07,8.023311266740384e+10,8.023311266740385e+10,-3.529464265577651e+00,2.954852008275029e-04,1.000000000000000e+00,0.000000000000000e+00,2.379143105834742e+03,2.379143105834742e+03,-1.045940574214573e+03,7.027582873946665e-01,1.000000000000000e+03,1.000000000000000e+00,
3.213231820874464e-03,0.000000000000000e+00,7.673696744172190e+00,2.595349635941145e+08,2.595258006041710e+08,1.515405650764655e+03,3.213231820874464e-03,0.000000000000000e+00,-1.000000000000000e+03,1.730172004027807e+08,9.162989943485227e+03,2.995697696187698e+05,7.989750955423728e-03,5.547811510908347e+08,0.000000000000000e+00,1.466185520843055e-07,8.076784218249852e+10,8.076784218249852e+10,-2.493057940836680e+00,3.213231820874464e-03,1.000000000000000e+00,0.000000000000000e+00,2.388155343887960e+03,2.388155343887960e+03,-1.688070705120635e+03,7.673696744172190e+00,1.000000000000000e+03,1.000000000000000e+00,
7.507285939590087e-08,0.000000000000000e+00,-7.506094092280750e-08,3.074598536118665e+03,3.074598536081118e+03,7.684150820961308e+02,7.507285939590087e-08,0.000000000000000e+00,-1.000000000000000e+03,2.049732357387412e+03,3.754748551122258e-08,2.133199506092419e+05,4.688486218527402e-06,8.145469141872195e+08,0.000000000000000e+00,4.802443461904282e-12,4.095486119513648e+10,4.095486119513648e+10,-7.124517042289847e+00,7.507285939590087e-08,1.000000000000000e+00,0.000000000000000e+00,-1.000000817982357e+00,1.000147256936774e+00,-7.090501983637748e-01,7.508391439521036e-08,1.000000000000000e+03,1.000000000000000e+00,
7.857651406585284e-08,0.000000000000000e+00,-7.508600182074289e-08,3.434329127608885e+03,3.434329127571409e+03,8.200485730821247e+02,7.857651406585284e-08,0.000000000000000e+00,-1.000000000000000e+03,2.289552751714273e+03,3.770312098665866e-08,2.203704319277357e+05,4.688479154497699e-06,8.163923170181007e+08,0.000000000000000e+00,5.510294609822885e-12,4.370681454121509e+10,4.370681454121509e+10,-7.104707241947544e+00,7.857651406585284e-08,1.000000000000000e+00,0.000000000000000e+00,-9.766640422389082e-01,1.000307451299032e+00,-5.441965522050508e-01,7.674285585259826e-08,1.000000000000000e+03,1.000000000000000e+00,
1.899578200769579e-07,0.000000000000000e+00,-8.341942697546506e-09,1.929317326857553e+04,1.929317326857535e+04,1.909152523640263e+03,1.899578200769579e-07,0.000000000000000e+00,-1.000000000000000e+03,1.286211551238357e+04,3.743513180882907e-08,3.362434609450368e+05,4.411281225015338e-06,8.447419920646124e+08,0.000000000000000e+00,6.840920077062177e-09,1.017536985254668e+11,1.017536985254668e+11,-6.721342822949676e+00,1.899578200769579e-07,1.000000000000000e+00,0.000000000000000e+00,-4.391471061400326e-02,9.745184750522552e-01,-1.401737701779598e-02,7.781527083478770e-08,1.000000000000000e+03,1.000000000000000e+00,
2.421760377686408e-06,0.000000000000000e+00,5.077849815465281e-03,2.000682953486613e+05,2.000629718329688e+05,1.959378194371626e+03,2.421760377686408e-06,0.000000000000000e+00,-1.000000000000000e+03,1.333753145553125e+05,5.323515692550407e+00,3.406376668970936e+05,6.920734105707013e-03,8.287098830198622e+08,0.000000000000000e+00,1.066462738414067e-09,1.044306180981857e+11,1.044306180981857e+11,-5.615868830555819e+00,2.421760377686408e-06,1.000000000000000e+00,0.000000000000000e+00,2.096759804252941e+03,2.096759804252941e+03,5.275356544743320e+02,5.077849815465281e-03,1.000000000000000e+03,1.000000000000000e+00,
2.677197276408651e-05,0.000000000000000e+00,6.199161990154788e-02,2.148307146656496e+06,2.148235374565363e+06,1.548166965329707e+03,2.677197276408651e-05,0.000000000000000e+00,-1.000000000000000e+03,1.432156916376909e+06,7.177209113205805e+01,3.027906305620805e+05,7.754844979563885e-03,7.271167965925720e+08,0.000000000000000e+00,-7.665426219518849e-07,8.251394936056406e+10,8.251394936056406e+10,-4.572319625488833e+00,2.677197276408651e-05,1.000000000000000e+00,0.000000000000000e+00,2.315541721479227e+03,2.315541721479227e+03,-5.493003911167976e+00,6.199161990154788e-02,1.000000000000000e+03,1.000000000000000e+00,
2.954852008275029e-04,0.000000000000000e+00,7.027582873946665e-01,2.364467402795893e+07,2.364383833600359e+07,1.505372794780041e+03,2.954852008275029e-04,0.000000000000000e+00,-1.000000000000000e+03,1.576255889066906e+07,8.356919553311124e+02,2.985764608333719e+05,7.978902763985518e-03,6.402458283989480e+08,0.000000000000000e+00,1.430759039824352e-07,8.023311266740384e+10,8.023311266740385e+10,-3.529464265577651e+00,2.954852008275029e-04,1.000000000000000e+00,0.000000000000000e+00,2.379143105834742e+03,2.379143105834742e+03,-7.395962009361079e+02,7.027582873946665e-01,1.000000000000000e+03,1.000000000000000e+00,
3.213231820874464e-03,0.000000000000000e+00,7.673696744172190e+00,2.595349635941145e+08,2.595258006041710e+08,1.515405650764655e+03,3.213231820874464e-03,0.000000000000000e+00,-1.000000000000000e+03,1.730172004027807e+08,9.162989943485227e+03,2.995697696187698e+05,7.989750955423728e-03,5.547811510908347e+08,0.000000000000000e+00,1.466185520843055e-07,8.076784218249852e+10,8.076784218249852e+10,-2.493057940836680e+00,3.213231820874464e-03,1.000000000000000e+00,0.000000000000000e+00,2.388155343887960e+03,2.388155343887960e+03,-1.325032021087864e+03,7.673696744172190e+00,1.000000000000000e+03,1.000000000000000e+00,

