1
0
28
0
(64 0
((0,0) (63,63) (0,0))
((448,0) (511,63) (0,0))
((384,0) (447,63) (0,0))
((320,0) (383,63) (0,0))
((256,0) (319,63) (0,0))
((192,0) (255,63) (0,0))
((128,0) (191,63) (0,0))
((64,0) (127,63) (0,0))
((0,448) (63,511) (0,0))
((0,384) (63,447) (0,0))
((0,320) (63,383) (0,0))
((0,256) (63,319) (0,0))
((0,192) (63,255) (0,0))
((0,128) (63,191) (0,0))
((0,64) (63,127) (0,0))
((448,448) (511,511) (0,0))
((448,384) (511,447) (0,0))
((448,320) (511,383) (0,0))
((448,256) (511,319) (0,0))
((448,192) (511,255) (0,0))
((448,128) (511,191) (0,0))
((448,64) (511,127) (0,0))
((384,448) (447,511) (0,0))
((384,384) (447,447) (0,0))
((384,320) (447,383) (0,0))
((384,256) (447,319) (0,0))
((384,192) (447,255) (0,0))
((384,128) (447,191) (0,0))
((384,64) (447,127) (0,0))
((320,448) (383,511) (0,0))
((320,384) (383,447) (0,0))
((320,320) (383,383) (0,0))
((320,256) (383,319) (0,0))
((320,192) (383,255) (0,0))
((320,128) (383,191) (0,0))
((320,64) (383,127) (0,0))
((256,448) (319,511) (0,0))
((256,384) (319,447) (0,0))
((256,320) (319,383) (0,0))
((256,256) (319,319) (0,0))
((256,192) (319,255) (0,0))
((256,128) (319,191) (0,0))
((256,64) (319,127) (0,0))
((192,448) (255,511) (0,0))
((192,384) (255,447) (0,0))
((192,320) (255,383) (0,0))
((192,256) (255,319) (0,0))
((192,192) (255,255) (0,0))
((192,128) (255,191) (0,0))
((192,64) (255,127) (0,0))
((128,448) (191,511) (0,0))
((128,384) (191,447) (0,0))
((128,320) (191,383) (0,0))
((128,256) (191,319) (0,0))
((128,192) (191,255) (0,0))
((128,128) (191,191) (0,0))
((128,64) (191,127) (0,0))
((64,448) (127,511) (0,0))
((64,384) (127,447) (0,0))
((64,320) (127,383) (0,0))
((64,256) (127,319) (0,0))
((64,192) (127,255) (0,0))
((64,128) (127,191) (0,0))
((64,64) (127,127) (0,0))
)
64
FabOnDisk: Cell_D_0000 0
FabOnDisk: Cell_D_0000 917587
FabOnDisk: Cell_D_0000 1835177
FabOnDisk: Cell_D_0000 2752767
FabOnDisk: Cell_D_0000 3670357
FabOnDisk: Cell_D_0000 4587947
FabOnDisk: Cell_D_0000 5505537
FabOnDisk: Cell_D_0000 6423127
FabOnDisk: Cell_D_0000 7340716
FabOnDisk: Cell_D_0000 8258306
FabOnDisk: Cell_D_0000 9175896
FabOnDisk: Cell_D_0000 10093486
FabOnDisk: Cell_D_0000 11011076
FabOnDisk: Cell_D_0000 11928666
FabOnDisk: Cell_D_0000 12846256
FabOnDisk: Cell_D_0000 13763845
FabOnDisk: Cell_D_0000 14681438
FabOnDisk: Cell_D_0000 15599031
FabOnDisk: Cell_D_0000 16516624
FabOnDisk: Cell_D_0000 17434217
FabOnDisk: Cell_D_0000 18351810
FabOnDisk: Cell_D_0000 19269403
FabOnDisk: Cell_D_0000 20186995
FabOnDisk: Cell_D_0000 21104588
FabOnDisk: Cell_D_0000 22022181
FabOnDisk: Cell_D_0000 22939774
FabOnDisk: Cell_D_0000 23857367
FabOnDisk: Cell_D_0000 24774960
FabOnDisk: Cell_D_0000 25692553
FabOnDisk: Cell_D_0000 26610145
FabOnDisk: Cell_D_0000 27527738
FabOnDisk: Cell_D_0000 28445331
FabOnDisk: Cell_D_0000 29362924
FabOnDisk: Cell_D_0000 30280517
FabOnDisk: Cell_D_0000 31198110
FabOnDisk: Cell_D_0000 32115703
FabOnDisk: Cell_D_0000 33033295
FabOnDisk: Cell_D_0000 33950888
FabOnDisk: Cell_D_0000 34868481
FabOnDisk: Cell_D_0000 35786074
FabOnDisk: Cell_D_0000 36703667
FabOnDisk: Cell_D_0000 37621260
FabOnDisk: Cell_D_0000 38538853
FabOnDisk: Cell_D_0000 39456445
FabOnDisk: Cell_D_0000 40374038
FabOnDisk: Cell_D_0000 41291631
FabOnDisk: Cell_D_0000 42209224
FabOnDisk: Cell_D_0000 43126817
FabOnDisk: Cell_D_0000 44044410
FabOnDisk: Cell_D_0000 44962003
FabOnDisk: Cell_D_0000 45879595
FabOnDisk: Cell_D_0000 46797188
FabOnDisk: Cell_D_0000 47714781
FabOnDisk: Cell_D_0000 48632374
FabOnDisk: Cell_D_0000 49549967
FabOnDisk: Cell_D_0000 50467560
FabOnDisk: Cell_D_0000 51385153
FabOnDisk: Cell_D_0000 52302745
FabOnDisk: Cell_D_0000 53220337
FabOnDisk: Cell_D_0000 54137929
FabOnDisk: Cell_D_0000 55055521
FabOnDisk: Cell_D_0000 55973113
FabOnDisk: Cell_D_0000 56890705
FabOnDisk: Cell_D_0000 57808297

64,28
1.976724739897796e-03,0.000000000000000e+00,0.000000000000000e+00,1.586183398291604e+08,1.586183398291604e+08,1.505558462592468e+03,1.976724739897796e-03,0.000000000000000e+00,-1.000000000000000e+03,1.057455598861070e+08,0.000000000000000e+00,2.985948729932361e+05,0.000000000000000e+00,4.275427469014747e+08,0.000000000000000e+00,-2.500000000000000e-07,8.024300836006210e+10,8.024300836006210e+10,-2.704053802242409e+00,1.976724739897796e-03,1.000000000000000e+00,0.000000000000000e+00,0.000000000000000e+00,0.000000000000000e+00,0.000000000000000e+00,0.000000000000000e+00,1.000000000000000e+03,1.000000000000000e+00,
1.976724739897796e-03,0.000000000000000e+00,0.000000000000000e+00,1.586183398291604e+08,1.586183398291604e+08,1.505558462592468e+03,1.976724739897796e-03,0.000000000000000e+00,-1.000000000000000e+03,1.057455598861070e+08,0.000000000000000e+00,2.985948729932361e+05,0.000000000000000e+00,4.275427469014747e+08,0.000000000000000e+00,-2.500000000000000e-07,8.024300836006210e+10,8.024300836006210e+10,-2.704053802242409e+00,1.976724739897796e-03,1.000000000000000e+00,0.000000000000000e+00,0.000000000000000e+00,0.000000000000000e+00,0.000000000000000e+00,0.000000000000000e+00,1.000000000000000e+03,1.000000000000000e+00,
1.976724739897796e-03,0.000000000000000e+00,0.000000000000000e+00,1.586183398291604e+08,1.586183398291604e+08,1.505558462592468e+03,1.976724739897796e-03,0.000000000000000e+00,-1.000000000000000e+03,1.057455598861070e+08,0.000000000000000e+00,2.985948729932361e+05,0.000000000000000e+00,4.275427469014747e+08,0.000000000000000e+00,-2.500000000000000e-07,8.024300836006210e+10,8.024300836006210e+10,-2.704053802242409e+00,1.976724739897796e-03,1.000000000000000e+00,0.000000000000000e+00,0.000000000000000e+00,0.000000000000000e+00,0.000000000000000e+00,0.000000000000000e+00,1.000000000000000e+03,1.000000000000000e+00,
1.976724739897796e-03,0.000000000000000e+00,0.000000000000000e+00,1.586183398291604e+08,1.586183398291604e+08,1.505558462592468e+03,1.976724739897796e-03,0.000000000000000e+00,-1.000000000000000e+03,1.057455598861070e+08,0.000000000000000e+00,2.985948729932361e+05,0.000000000000000e+00,4.275427469014747e+08,0.000000000000000e+00,-2.500000000000000e-07,8.024300836006210e+10,8.024300836006210e+10,-2.704053802242409e+00,1.976724739897796e-03,1.000000000000000e+00,0.000000000000000e+00,0.000000000000000e+00,0.000000000000000e+00,0.000000000000000e+00,0.000000000000000e+00,1.000000000000000e+03,1.000000000000000e+00,
1.976724739897796e-03,0.000000000000000e+00,0.000000000000000e+00,1.586183398291604e+08,1.586183398291604e+08,1.505558462592468e+03,1.976724739897796e-03,0.000000000000000e+00,-1.000000000000000e+03,1.057455598861070e+08,0.000000000000000e+00,2.985948729932361e+05,0.000000000000000e+00,4.275427469014747e+08,0.000000000000000e+00,-2.500000000000000e-07,8.024300836006210e+10,8.024300836006210e+10,-2.704053802242409e+00,1.976724739897796e-03,1.000000000000000e+00,0.000000000000000e+00,0.000000000000000e+00,0.000000000000000e+00,0.000000000000000e+00,0.000000000000000e+00,1.000000000000000e+03,1.000000000000000e+00,
1.976724739897796e-03,0.000000000000000e+00,0.000000000000000e+00,1.586183398291604e+08,1.586183398291604e+08,1.505558462592468e+03,1.976724739897796e-03,0.000000000000000e+00,-1.000000000000000e+03,1.057455598861070e+08,0.000000000000000e+00,2.985948729932361e+05,0.000000000000000e+00,4.275427469014747e+08,0.000000000000000e+00,-2.500000000000000e-07,8.024300836006210e+10,8.024300836006210e+10,-2.704053802242409e+00,1.976724739897796e-03,1.000000000000000e+00,0.000000000000000e+00,0.000000000000000e+00,0.000000000000000e+00,0.000000000000000e+00,0.000000000000000e+00,1.000000000000000e+03,1.000000000000000e+00,
1.976724739897796e-03,0.000000000000000e+00,0.000000000000000e+00,1.586183398291604e+08,1.586183398291604e+08,1.505558462592468e+03,1.976724739897796e-03,0.000000000000000e+00,-1.000000000000000e+03,1.057455598861070e+08,0.000000000000000e+00,2.985948729932361e+05,0.000000000000000e+00,4.275427469014747e+08,0.000000000000000e+00,-2.500000000000000e-07,8.024300836006210e+10,8.024300836006210e+10,-2.704053802242409e+00,1.976724739897796e-03,1.000000000000000e+00,0.000000000000000e+00,0.000000000000000e+00,0.000000000000000e+00,0.000000000000000e+00,0.000000000000000e+00,1.000000000000000e+03,1.000000000000000e+00,
1.976724739897796e-03,0.000000000000000e+00,0.000000000000000e+00,1.586183398291604e+08,1.586183398291604e+08,1.505558462592468e+03,1.976724739897796e-03,0.000000000000000e+00,-1.000000000000000e+03,1.057455598861070e+08,0.000000000000000e+00,2.985948729932361e+05,0.000000000000000e+00,4.275427469014747e+08,0.000000000000000e+00,-2.500000000000000e-07,8.024300836006210e+10,8.024300836006210e+10,-2.704053802242409e+00,1.976724739897796e-03,1.000000000000000e+00,0.000000000000000e+00,0.000000000000000e+00,0.000000000000000e+00,0.000000000000000e+00,0.000000000000000e+00,1.000000000000000e+03,1.000000000000000e+00,
7.506086956000001e-08,0.000000000000000e+00,0.000000000000000e+00,6.000872898597271e+03,6.000872898597271e+03,1.500000000000000e+03,7.506086956000001e-08,0.000000000000000e+00,-1.000000000000000e+03,4.000581932398180e+03,0.000000000000000e+00,2.980431630395715e+05,0.000000000000000e+00,8.502029965910302e+08,0.000000000000000e+00,0.000000000000000e+00,7.994675433116939e+10,7.994675433116939e+10,-7.124586408708945e+00,7.506086956000001e-08,1.000000000000000e+00,0.000000000000000e+00,0.000000000000000e+00,0.000000000000000e+00,0.000000000000000e+00,0.000000000000000e+00,1.000000000000000e+03,1.000000000000000e+00,
7.506086956000001e-08,0.000000000000000e+00,0.000000000000000e+00,6.000872898597271e+03,6.000872898597271e+03,1.500000000000000e+03,7.506086956000001e-08,0.000000000000000e+00,-1.000000000000000e+03,4.000581932398180e+03,0.000000000000000e+00,2.980431630395715e+05,0.000000000000000e+00,8.502029965910302e+08,0.000000000000000e+00,0.000000000000000e+00,7.994675433116939e+10,7.994675433116939e+10,-7.124586408708945e+00,7.506086956000001e-08,1.000000000000000e+00,0.000000000000000e+00,0.000000000000000e+00,0.000000000000000e+00,0.000000000000000e+00,0.000000000000000e+00,1.000000000000000e+03,1.000000000000000e+00,
7.506086956000001e-08,0.000000000000000e+00,0.000000000000000e+00,6.000872898597271e+03,6.000872898597271e+03,1.500000000000000e+03,7.506086956000001e-08,0.000000000000000e+00,-1.000000000000000e+03,4.000581932398180e+03,0.000000000000000e+00,2.980431630395715e+05,0.000000000000000e+00,8.304320796833467e+08,0.000000000000000e+00,0.000000000000000e+00,7.994675433116937e+10,7.994675433116937e+10,-7.124586408708945e+00,7.506086956000001e-08,1.000000000000000e+00,0.000000000000000e+00,0.000000000000000e+00,0.000000000000000e+00,0.000000000000000e+00,0.000000000000000e+00,1.000000000000000e+03,1.000000000000000e+00,
1.357676283451903e-07,0.000000000000000e+00,0.000000000000000e+00,1.085418122943843e+04,1.085418122943843e+04,1.500000000000000e+03,1.357676283451903e-07,0.000000000000000e+00,-1.000000000000000e+03,7.236120819625623e+03,0.000000000000000e+00,2.980431630395715e+05,0.000000000000000e+00,7.457060445610904e+08,0.000000000000000e+00,0.000000000000000e+00,7.994675433116937e+10,7.994675433116937e+10,-6.867203768398479e+00,1.357676283451903e-07,1.000000000000000e+00,0.000000000000000e+00,0.000000000000000e+00,0.000000000000000e+00,0.000000000000000e+00,0.000000000000000e+00,1.000000000000000e+03,1.000000000000000e+00,
1.475553688577455e-06,0.000000000000000e+00,0.000000000000000e+00,1.179657284790840e+05,1.179657284790840e+05,1.500000003000000e+03,1.475553688577455e-06,0.000000000000000e+00,-1.000000000000000e+03,7.864381898605604e+04,0.000000000000000e+00,2.980431633376148e+05,0.000000000000000e+00,6.603638012432510e+08,0.000000000000000e+00,0.000000000000000e+00,7.994675449106290e+10,7.994675449106290e+10,-5.831044983908019e+00,1.475553688577455e-06,1.000000000000000e+00,0.000000000000000e+00,0.000000000000000e+00,0.000000000000000e+00,0.000000000000000e+00,0.000000000000000e+00,1.000000000000000e+03,1.000000000000000e+00,
1.629499732931648e-05,0.000000000000000e+00,0.000000000000000e+00,1.302732475891129e+06,1.302732475891129e+06,1.500000377180992e+03,1.629499732931648e-05,0.000000000000000e+00,-1.000000000000000e+03,8.684883172607528e+05,0.000000000000000e+00,2.980432005116413e+05,0.000000000000000e+00,5.750210923593671e+08,0.000000000000000e+00,0.000000000000000e+00,7.994677443410016e+10,7.994677443410016e+10,-4.787945706377923e+00,1.629499732931648e-05,1.000000000000000e+00,0.000000000000000e+00,0.000000000000000e+00,0.000000000000000e+00,0.000000000000000e+00,0.000000000000000e+00,1.000000000000000e+03,1.000000000000000e+00,
1.799644870412606e-04,0.000000000000000e+00,0.000000000000000e+00,1.438801773636930e+07,1.438801773636930e+07,1.500045987857228e+03,1.799644870412606e-04,0.000000000000000e+00,-1.000000000000000e+03,9.592011824246204e+06,0.000000000000000e+00,2.980477317933639e+05,0.000000000000000e+00,4.900386315168151e+08,0.000000000000000e+00,0.000000000000000e+00,7.994920538445207e+10,7.994920538445207e+10,-3.744813187139245e+00,1.799644870412606e-04,1.000000000000000e+00,0.000000000000000e+00,0.000000000000000e+00,0.000000000000000e+00,0.000000000000000e+00,0.000000000000000e+00,1.000000000000000e+03,1.000000000000000e+00,
7.506086956000001e-08,0.000000000000000e+00,0.000000000000000e+00,6.000872898597271e+03,6.000872898597271e+03,1.500000000000000e+03,7.506086956000001e-08,0.000000000000000e+00,-1.000000000000000e+03,4.000581932398180e+03,0.000000000000000e+00,2.980431630395715e+05,0.000000000000000e+00,8.502029965910302e+08,0.000000000000000e+00,0.000000000000000e+00,7.994675433116939e+10,7.994675433116939e+10,-7.124586408708945e+00,7.506086956000001e-08,1.000000000000000e+00,0.000000000000000e+00,0.000000000000000e+00,0.000000000000000e+00,0.000000000000000e+00,0.000000000000000e+00,1.000000000000000e+03,1.000000000000000e+00,
7.506086956000001e-08,0.000000000000000e+00,0.000000000000000e+00,6.000872898597271e+03,6.000872898597271e+03,1.500000000000000e+03,7.506086956000001e-08,0.000000000000000e+00,-1.000000000000000e+03,4.000581932398180e+03,0.000000000000000e+00,2.980431630395715e+05,0.000000000000000e+00,8.502029965910302e+08,0.000000000000000e+00,0.000000000000000e+00,7.994675433116939e+10,7.994675433116939e+10,-7.124586408708945e+00,7.506086956000001e-08,1.000000000000000e+00,0.000000000000000e+00,0.000000000000000e+00,0.000000000000000e+00,0.000000000000000e+00,0.000000000000000e+00,1.000000000000000e+03,1.000000000000000e+00,
7.506086956000001e-08,0.000000000000000e+00,0.000000000000000e+00,6.000872898597271e+03,6.000872898597271e+03,1.500000000000000e+03,7.506086956000001e-08,0.000000000000000e+00,-1.000000000000000e+03,4.000581932398180e+03,0.000000000000000e+00,2.980431630395715e+05,0.000000000000000e+00,8.304320796833467e+08,0.000000000000000e+00,0.000000000000000e+00,7.994675433116937e+10,7.994675433116937e+10,-7.124586408708945e+00,7.506086956000001e-08,1.000000000000000e+00,0.000000000000000e+00,0.000000000000000e+00,0.000000000000000e+00,0.000000000000000e+00,0.000000000000000e+00,1.000000000000000e+03,1.000000000000000e+00,
1.357676283451903e-07,0.000000000000000e+00,0.000000000000000e+00,1.085418122943843e+04,1.085418122943843e+04,1.500000000000000e+03,1.357676283451903e-07,0.000000000000000e+00,-1.000000000000000e+03,7.236120819625623e+03,0.000000000000000e+00,2.980431630395715e+05,0.000000000000000e+00,7.457060445610904e+08,0.000000000000000e+00,0.000000000000000e+00,7.994675433116937e+10,7.994675433116937e+10,-6.867203768398479e+00,1.357676283451903e-07,1.000000000000000e+00,0.000000000000000e+00,0.000000000000000e+00,0.000000000000000e+00,0.000000000000000e+00,0.000000000000000e+00,1.000000000000000e+03,1.000000000000000e+00,
1.475553688577455e-06,0.000000000000000e+00,0.000000000000000e+00,1.179657284790840e+05,1.179657284790840e+05,1.500000003000000e+03,1.475553688577455e-06,0.000000000000000e+00,-1.000000000000000e+03,7.864381898605604e+04,0.000000000000000e+00,2.980431633376148e+05,0.000000000000000e+00,6.603638012432510e+08,0.000000000000000e+00,0.000000000000000e+00,7.994675449106290e+10,7.994675449106290e+10,-5.831044983908019e+00,1.475553688577455e-06,1.000000000000000e+00,0.000000000000000e+00,0.000000000000000e+00,0.000000000000000e+00,0.000000000000000e+00,0.000000000000000e+00,1.000000000000000e+03,1.000000000000000e+00,
1.629499732931648e-05,0.000000000000000e+00,0.000000000000000e+00,1.302732475891129e+06,1.302732475891129e+06,1.500000377180992e+03,1.629499732931648e-05,0.000000000000000e+00,-1.000000000000000e+03,8.684883172607528e+05,0.000000000000000e+00,2.980432005116413e+05,0.000000000000000e+00,5.750210923593671e+08,0.000000000000000e+00,0.000000000000000e+00,7.994677443410016e+10,7.994677443410016e+10,-4.787945706377923e+00,1.629499732931648e-05,1.000000000000000e+00,0.000000000000000e+00,0.000000000000000e+00,0.000000000000000e+00,0.000000000000000e+00,0.000000000000000e+00,1.000000000000000e+03,1.000000000000000e+00,
1.799644870412606e-04,0.000000000000000e+00,0.000000000000000e+00,1.438801773636930e+07,1.438801773636930e+07,1.500045987857228e+03,1.799644870412606e-04,0.000000000000000e+00,-1.000000000000000e+03,9.592011824246204e+06,0.000000000000000e+00,2.980477317933639e+05,0.000000000000000e+00,4.900386315168151e+08,0.000000000000000e+00,0.000000000000000e+00,7.994920538445207e+10,7.994920538445207e+10,-3.744813187139245e+00,1.799644870412606e-04,1.000000000000000e+00,0.000000000000000e+00,0.000000000000000e+00,0.000000000000000e+00,0.000000000000000e+00,0.000000000000000e+00,1.000000000000000e+03,1.000000000000000e+00,
7.506086956000001e-08,0.000000000000000e+00,0.000000000000000e+00,6.000872898597271e+03,6.000872898597271e+03,1.500000000000000e+03,7.506086956000001e-08,0.000000000000000e+00,-1.000000000000000e+03,4.000581932398180e+03,0.000000000000000e+00,2.980431630395715e+05,0.000000000000000e+00,8.502029965910302e+08,0.000000000000000e+00,0.000000000000000e+00,7.994675433116939e+10,7.994675433116939e+10,-7.124586408708945e+00,7.506086956000001e-08,1.000000000000000e+00,0.000000000000000e+00,0.000000000000000e+00,0.000000000000000e+00,0.000000000000000e+00,0.000000000000000e+00,1.000000000000000e+03,1.000000000000000e+00,
7.506086956000001e-08,0.000000000000000e+00,0.000000000000000e+00,6.000872898597271e+03,6.000872898597271e+03,1.500000000000000e+03,7.506086956000001e-08,0.000000000000000e+00,-1.000000000000000e+03,4.000581932398180e+03,0.000000000000000e+00,2.980431630395715e+05,0.000000000000000e+00,8.502029965910302e+08,0.000000000000000e+00,0.000000000000000e+00,7.994675433116939e+10,7.994675433116939e+10,-7.124586408708945e+00,7.506086956000001e-08,1.000000000000000e+00,0.000000000000000e+00,0.000000000000000e+00,0.000000000000000e+00,0.000000000000000e+00,0.000000000000000e+00,1.000000000000000e+03,1.000000000000000e+00,
7.506086956000001e-08,0.000000000000000e+00,0.000000000000000e+00,6.000872898597271e+03,6.000872898597271e+03,1.500000000000000e+03,7.506086956000001e-08,0.000000000000000e+00,-1.000000000000000e+03,4.000581932398180e+03,0.000000000000000e+00,2.980431630395715e+05,0.000000000000000e+00,8.304320796833467e+08,0.000000000000000e+00,0.000000000000000e+00,7.994675433116937e+10,7.994675433116937e+10,-7.124586408708945e+00,7.506086956000001e-08,1.000000000000000e+00,0.000000000000000e+00,0.000000000000000e+00,0.000000000000000e+00,0.000000000000000e+00,0.000000000000000e+00,1.000000000000000e+03,1.000000000000000e+00,
1.357676283451903e-07,0.000000000000000e+00,0.000000000000000e+00,1.085418122943843e+04,1.085418122943843e+04,1.500000000000000e+03,1.357676283451903e-07,0.000000000000000e+00,-1.000000000000000e+03,7.236120819625623e+03,0.000000000000000e+00,2.980431630395715e+05,0.000000000000000e+00,7.457060445610904e+08,0.000000000000000e+00,0.000000000000000e+00,7.994675433116937e+10,7.994675433116937e+10,-6.867203768398479e+00,1.357676283451903e-07,1.000000000000000e+00,0.000000000000000e+00,0.000000000000000e+00,0.000000000000000e+00,0.000000000000000e+00,0.000000000000000e+00,1.000000000000000e+03,1.000000000000000e+00,
1.475553688577455e-06,0.000000000000000e+00,0.000000000000000e+00,1.179657284790840e+05,1.179657284790840e+05,1.500000003000000e+03,1.475553688577455e-06,0.000000000000000e+00,-1.000000000000000e+03,7.864381898605604e+04,0.000000000000000e+00,2.980431633376148e+05,0.000000000000000e+00,6.603638012432510e+08,0.000000000000000e+00,0.000000000000000e+00,7.994675449106290e+10,7.994675449106290e+10,-5.831044983908019e+00,1.475553688577455e-06,1.000000000000000e+00,0.000000000000000e+00,0.000000000000000e+00,0.000000000000000e+00,0.000000000000000e+00,0.000000000000000e+00,1.000000000000000e+03,1.000000000000000e+00,
1.629499732931648e-05,0.000000000000000e+00,0.000000000000000e+00,1.302732475891129e+06,1.302732475891129e+06,1.500000377180992e+03,1.629499732931648e-05,0.000000000000000e+00,-1.000000000000000e+03,8.684883172607528e+05,0.000000000000000e+00,2.980432005116413e+05,0.000000000000000e+00,5.750210923593671e+08,0.000000000000000e+00,0.000000000000000e+00,7.994677443410016e+10,7.994677443410016e+10,-4.787945706377923e+00,1.629499732931648e-05,1.000000000000000e+00,0.000000000000000e+00,0.000000000000000e+00,0.000000000000000e+00,0.000000000000000e+00,0.000000000000000e+00,1.000000000000000e+03,1.000000000000000e+00,
1.799644870412606e-04,0.000000000000000e+00,0.000000000000000e+00,1.438801773636930e+07,1.438801773636930e+07,1.500045987857228e+03,1.799644870412606e-04,0.000000000000000e+00,-1.000000000000000e+03,9.592011824246204e+06,0.000000000000000e+00,2.980477317933639e+05,0.000000000000000e+00,4.900386315168151e+08,0.000000000000000e+00,0.000000000000000e+00,7.994920538445207e+10,7.994920538445207e+10,-3.744813187139245e+00,1.799644870412606e-04,1.000000000000000e+00,0.000000000000000e+00,0.000000000000000e+00,0.000000000000000e+00,0.000000000000000e+00,0.000000000000000e+00,1.000000000000000e+03,1.000000000000000e+00,
7.506086956000001e-08,0.000000000000000e+00,0.000000000000000e+00,6.000872898597271e+03,6.000872898597271e+03,1.500000000000000e+03,7.506086956000001e-08,0.000000000000000e+00,-1.000000000000000e+03,4.000581932398180e+03,0.000000000000000e+00,2.980431630395715e+05,0.000000000000000e+00,8.502029965910302e+08,0.000000000000000e+00,0.000000000000000e+00,7.994675433116939e+10,7.994675433116939e+10,-7.124586408708945e+00,7.506086956000001e-08,1.000000000000000e+00,0.000000000000000e+00,0.000000000000000e+00,0.000000000000000e+00,0.000000000000000e+00,0.000000000000000e+00,1.000000000000000e+03,1.000000000000000e+00,
7.506086956000001e-08,0.000000000000000e+00,0.000000000000000e+00,6.000872898597271e+03,6.000872898597271e+03,1.500000000000000e+03,7.506086956000001e-08,0.000000000000000e+00,-1.000000000000000e+03,4.000581932398180e+03,0.000000000000000e+00,2.980431630395715e+05,0.000000000000000e+00,8.502029965910302e+08,0.000000000000000e+00,0.000000000000000e+00,7.994675433116939e+10,7.994675433116939e+10,-7.124586408708945e+00,7.506086956000001e-08,1.000000000000000e+00,0.000000000000000e+00,0.000000000000000e+00,0.000000000000000e+00,0.000000000000000e+00,0.000000000000000e+00,1.000000000000000e+03,1.000000000000000e+00,
7.506086956000001e-08,0.000000000000000e+00,0.000000000000000e+00,6.000872898597271e+03,6.000872898597271e+03,1.500000000000000e+03,7.506086956000001e-08,0.000000000000000e+00,-1.000000000000000e+03,4.000581932398180e+03,0.000000000000000e+00,2.980431630395715e+05,0.000000000000000e+00,8.304320796833467e+08,0.000000000000000e+00,0.000000000000000e+00,7.994675433116937e+10,7.994675433116937e+10,-7.124586408708945e+00,7.506086956000001e-08,1.000000000000000e+00,0.000000000000000e+00,0.000000000000000e+00,0.000000000000000e+00,0.000000000000000e+00,0.000000000000000e+00,1.000000000000000e+03,1.000000000000000e+00,
1.357676283451903e-07,0.000000000000000e+00,0.000000000000000e+00,1.085418122943843e+04,1.085418122943843e+04,1.500000000000000e+03,1.357676283451903e-07,0.000000000000000e+00,-1.000000000000000e+03,7.236120819625623e+03,0.000000000000000e+00,2.980431630395715e+05,0.000000000000000e+00,7.457060445610904e+08,0.000000000000000e+00,0.000000000000000e+00,7.994675433116937e+10,7.994675433116937e+10,-6.867203768398479e+00,1.357676283451903e-07,1.000000000000000e+00,0.000000000000000e+00,0.000000000000000e+00,0.000000000000000e+00,0.000000000000000e+00,0.000000000000000e+00,1.000000000000000e+03,1.000000000000000e+00,
1.475553688577455e-06,0.000000000000000e+00,0.000000000000000e+00,1.179657284790840e+05,1.179657284790840e+05,1.500000003000000e+03,1.475553688577455e-06,0.000000000000000e+00,-1.000000000000000e+03,7.864381898605604e+04,0.000000000000000e+00,2.980431633376148e+05,0.000000000000000e+00,6.603638012432510e+08,0.000000000000000e+00,0.000000000000000e+00,7.994675449106290e+10,7.994675449106290e+10,-5.831044983908019e+00,1.475553688577455e-06,1.000000000000000e+00,0.000000000000000e+00,0.000000000000000e+00,0.000000000000000e+00,0.000000000000000e+00,0.000000000000000e+00,1.000000000000000e+03,1.000000000000000e+00,
1.629499732931648e-05,0.000000000000000e+00,0.000000000000000e+00,1.302732475891129e+06,1.302732475891129e+06,1.500000377180992e+03,1.629499732931648e-05,0.000000000000000e+00,-1.000000000000000e+03,8.684883172607528e+05,0.000000000000000e+00,2.980432005116413e+05,0.000000000000000e+00,5.750210923593671e+08,0.000000000000000e+00,0.000000000000000e+00,7.994677443410016e+10,7.994677443410016e+10,-4.787945706377923e+00,1.629499732931648e-05,1.000000000000000e+00,0.000000000000000e+00,0.000000000000000e+00,0.000000000000000e+00,0.000000000000000e+00,0.000000000000000e+00,1.000000000000000e+03,1.000000000000000e+00,
1.799644870412606e-04,0.000000000000000e+00,0.000000000000000e+00,1.438801773636930e+07,1.438801773636930e+07,1.500045987857228e+03,1.799644870412606e-04,0.000000000000000e+00,-1.000000000000000e+03,9.592011824246204e+06,0.000000000000000e+00,2.980477317933639e+05,0.000000000000000e+00,4.900386315168151e+08,0.000000000000000e+00,0.000000000000000e+00,7.994920538445207e+10,7.994920538445207e+10,-3.744813187139245e+00,1.799644870412606e-04,1.000000000000000e+00,0.000000000000000e+00,0.000000000000000e+00,0.000000000000000e+00,0.000000000000000e+00,0.000000000000000e+00,1.000000000000000e+03,1.000000000000000e+00,
7.506086956000001e-08,0.000000000000000e+00,0.000000000000000e+00,6.000872898597271e+03,6.000872898597271e+03,1.500000000000000e+03,7.506086956000001e-08,0.000000000000000e+00,-1.000000000000000e+03,4.000581932398180e+03,0.000000000000000e+00,2.980431630395715e+05,0.000000000000000e+00,8.502029965910302e+08,0.000000000000000e+00,0.000000000000000e+00,7.994675433116939e+10,7.994675433116939e+10,-7.124586408708945e+00,7.506086956000001e-08,1.000000000000000e+00,0.000000000000000e+00,0.000000000000000e+00,0.000000000000000e+00,0.000000000000000e+00,0.000000000000000e+00,1.000000000000000e+03,1.000000000000000e+00,
7.506086956000001e-08,0.000000000000000e+00,0.000000000000000e+00,6.000872898597271e+03,6.000872898597271e+03,1.500000000000000e+03,7.506086956000001e-08,0.000000000000000e+00,-1.000000000000000e+03,4.000581932398180e+03,0.000000000000000e+00,2.980431630395715e+05,0.000000000000000e+00,8.502029965910302e+08,0.000000000000000e+00,0.000000000000000e+00,7.994675433116939e+10,7.994675433116939e+10,-7.124586408708945e+00,7.506086956000001e-08,1.000000000000000e+00,0.000000000000000e+00,0.000000000000000e+00,0.000000000000000e+00,0.000000000000000e+00,0.000000000000000e+00,1.000000000000000e+03,1.000000000000000e+00,
7.506086956000001e-08,0.000000000000000e+00,0.000000000000000e+00,6.000872898597271e+03,6.000872898597271e+03,1.500000000000000e+03,7.506086956000001e-08,0.000000000000000e+00,-1.000000000000000e+03,4.000581932398180e+03,0.000000000000000e+00,2.980431630395715e+05,0.000000000000000e+00,8.304320796833467e+08,0.000000000000000e+00,0.000000000000000e+00,7.994675433116937e+10,7.994675433116937e+10,-7.124586408708945e+00,7.506086956000001e-08,1.000000000000000e+00,0.000000000000000e+00,0.000000000000000e+00,0.000000000000000e+00,0.000000000000000e+00,0.000000000000000e+00,1.000000000000000e+03,1.000000000000000e+00,
1.357676283451903e-07,0.000000000000000e+00,0.000000000000000e+00,1.085418122943843e+04,1.085418122943843e+04,1.500000000000000e+03,1.357676283451903e-07,0.000000000000000e+00,-1.000000000000000e+03,7.236120819625623e+03,0.000000000000000e+00,2.980431630395715e+05,0.000000000000000e+00,7.457060445610904e+08,0.000000000000000e+00,0.000000000000000e+00,7.994675433116937e+10,7.994675433116937e+10,-6.867203768398479e+00,1.357676283451903e-07,1.000000000000000e+00,0.000000000000000e+00,0.000000000000000e+00,0.000000000000000e+00,0.000000000000000e+00,0.000000000000000e+00,1.000000000000000e+03,1.000000000000000e+00,
1.475553688577455e-06,0.000000000000000e+00,0.000000000000000e+00,1.179657284790840e+05,1.179657284790840e+05,1.500000003000000e+03,1.475553688577455e-06,0.000000000000000e+00,-1.000000000000000e+03,7.864381898605604e+04,0.000000000000000e+00,2.980431633376148e+05,0.000000000000000e+00,6.603638012432510e+08,0.000000000000000e+00,0.000000000000000e+00,7.994675449106290e+10,7.994675449106290e+10,-5.831044983908019e+00,1.475553688577455e-06,1.000000000000000e+00,0.000000000000000e+00,0.000000000000000e+00,0.000000000000000e+00,0.000000000000000e+00,0.000000000000000e+00,1.000000000000000e+03,1.000000000000000e+00,
1.629499732931648e-05,0.000000000000000e+00,0.000000000000000e+00,1.302732475891129e+06,1.302732475891129e+06,1.500000377180992e+03,1.629499732931648e-05,0.000000000000000e+00,-1.000000000000000e+03,8.684883172607528e+05,0.000000000000000e+00,2.980432005116413e+05,0.000000000000000e+00,5.750210923593671e+08,0.000000000000000e+00,0.000000000000000e+00,7.994677443410016e+10,7.994677443410016e+10,-4.787945706377923e+00,1.629499732931648e-05,1.000000000000000e+00,0.000000000000000e+00,0.000000000000000e+00,0.000000000000000e+00,0.000000000000000e+00,0.000000000000000e+00,1.000000000000000e+03,1.000000000000000e+00,
1.799644870412606e-04,0.000000000000000e+00,0.000000000000000e+00,1.438801773636930e+07,1.438801773636930e+07,1.500045987857228e+03,1.799644870412606e-04,0.000000000000000e+00,-1.000000000000000e+03,9.592011824246204e+06,0.000000000000000e+00,2.980477317933639e+05,0.000000000000000e+00,4.900386315168151e+08,0.000000000000000e+00,0.000000000000000e+00,7.994920538445207e+10,7.994920538445207e+10,-3.744813187139245e+00,1.799644870412606e-04,1.000000000000000e+00,0.000000000000000e+00,0.000000000000000e+00,0.000000000000000e+00,0.000000000000000e+00,0.000000000000000e+00,1.000000000000000e+03,1.000000000000000e+00,
7.506086956000001e-08,0.000000000000000e+00,0.000000000000000e+00,6.000872898597271e+03,6.000872898597271e+03,1.500000000000000e+03,7.506086956000001e-08,0.000000000000000e+00,-1.000000000000000e+03,4.000581932398180e+03,0.000000000000000e+00,2.980431630395715e+05,0.000000000000000e+00,8.502029965910302e+08,0.000000000000000e+00,0.000000000000000e+00,7.994675433116939e+10,7.994675433116939e+10,-7.124586408708945e+00,7.506086956000001e-08,1.000000000000000e+00,0.000000000000000e+00,0.000000000000000e+00,0.000000000000000e+00,0.000000000000000e+00,0.000000000000000e+00,1.000000000000000e+03,1.000000000000000e+00,
7.506086956000001e-08,0.000000000000000e+00,0.000000000000000e+00,6.000872898597271e+03,6.000872898597271e+03,1.500000000000000e+03,7.506086956000001e-08,0.000000000000000e+00,-1.000000000000000e+03,4.000581932398180e+03,0.000000000000000e+00,2.980431630395715e+05,0.000000000000000e+00,8.502029965910302e+08,0.000000000000000e+00,0.000000000000000e+00,7.994675433116939e+10,7.994675433116939e+10,-7.124586408708945e+00,7.506086956000001e-08,1.000000000000000e+00,0.000000000000000e+00,0.000000000000000e+00,0.000000000000000e+00,0.000000000000000e+00,0.000000000000000e+00,1.000000000000000e+03,1.000000000000000e+00,
7.506086956000001e-08,0.000000000000000e+00,0.000000000000000e+00,6.000872898597271e+03,6.000872898597271e+03,1.500000000000000e+03,7.506086956000001e-08,0.000000000000000e+00,-1.000000000000000e+03,4.000581932398180e+03,0.000000000000000e+00,2.980431630395715e+05,0.000000000000000e+00,8.304320796833467e+08,0.000000000000000e+00,0.000000000000000e+00,7.994675433116937e+10,7.994675433116937e+10,-7.124586408708945e+00,7.506086956000001e-08,1.000000000000000e+00,0.000000000000000e+00,0.000000000000000e+00,0.000000000000000e+00,0.000000000000000e+00,0.000000000000000e+00,1.000000000000000e+03,1.000000000000000e+00,
1.357676283451903e-07,0.000000000000000e+00,0.000000000000000e+00,1.085418122943843e+04,1.085418122943843e+04,1.500000000000000e+03,1.357676283451903e-07,0.000000000000000e+00,-1.000000000000000e+03,7.236120819625623e+03,0.000000000000000e+00,2.980431630395715e+05,0.000000000000000e+00,7.457060445610904e+08,0.000000000000000e+00,0.000000000000000e+00,7.994675433116937e+10,7.994675433116937e+10,-6.867203768398479e+00,1.357676283451903e-07,1.000000000000000e+00,0.000000000000000e+00,0.000000000000000e+00,0.000000000000000e+00,0.000000000000000e+00,0.000000000000000e+00,1.000000000000000e+03,1.000000000000000e+00,
1.475553688577455e-06,0.000000000000000e+00,0.000000000000000e+00,1.179657284790840e+05,1.179657284790840e+05,1.500000003000000e+03,1.475553688577455e-06,0.000000000000000e+00,-1.000000000000000e+03,7.864381898605604e+04,0.000000000000000e+00,2.980431633376148e+05,0.000000000000000e+00,6.603638012432510e+08,0.000000000000000e+00,0.000000000000000e+00,7.994675449106290e+10,7.994675449106290e+10,-5.831044983908019e+00,1.475553688577455e-06,1.000000000000000e+00,0.000000000000000e+00,0.000000000000000e+00,0.000000000000000e+00,0.000000000000000e+00,0.000000000000000e+00,1.000000000000000e+03,1.000000000000000e+00,
1.629499732931648e-05,0.000000000000000e+00,0.000000000000000e+00,1.302732475891129e+06,1.302732475891129e+06,1.500000377180992e+03,1.629499732931648e-05,0.000000000000000e+00,-1.000000000000000e+03,8.684883172607528e+05,0.000000000000000e+00,2.980432005116413e+05,0.000000000000000e+00,5.750210923593671e+08,0.000000000000000e+00,0.000000000000000e+00,7.994677443410016e+10,7.994677443410016e+10,-4.787945706377923e+00,1.629499732931648e-05,1.000000000000000e+00,0.000000000000000e+00,0.000000000000000e+00,0.000000000000000e+00,0.000000000000000e+00,0.000000000000000e+00,1.000000000000000e+03,1.000000000000000e+00,
1.799644870412606e-04,0.000000000000000e+00,0.000000000000000e+00,1.438801773636930e+07,1.438801773636930e+07,1.500045987857228e+03,1.799644870412606e-04,0.000000000000000e+00,-1.000000000000000e+03,9.592011824246204e+06,0.000000000000000e+00,2.980477317933639e+05,0.000000000000000e+00,4.900386315168151e+08,0.000000000000000e+00,0.000000000000000e+00,7.994920538445207e+10,7.994920538445207e+10,-3.744813187139245e+00,1.799644870412606e-04,1.000000000000000e+00,0.000000000000000e+00,0.000000000000000e+00,0.000000000000000e+00,0.000000000000000e+00,0.000000000000000e+00,1.000000000000000e+03,1.000000000000000e+00,
7.506086956000001e-08,0.000000000000000e+00,0.000000000000000e+00,6.000872898597271e+03,6.000872898597271e+03,1.500000000000000e+03,7.506086956000001e-08,0.000000000000000e+00,-1.000000000000000e+03,4.000581932398180e+03,0.000000000000000e+00,2.980431630395715e+05,0.000000000000000e+00,8.502029965910302e+08,0.000000000000000e+00,0.000000000000000e+00,7.994675433116939e+10,7.994675433116939e+10,-7.124586408708945e+00,7.506086956000001e-08,1.000000000000000e+00,0.000000000000000e+00,0.000000000000000e+00,0.000000000000000e+00,0.000000000000000e+00,0.000000000000000e+00,1.000000000000000e+03,1.000000000000000e+00,
7.506086956000001e-08,0.000000000000000e+00,0.000000000000000e+00,6.000872898597271e+03,6.000872898597271e+03,1.500000000000000e+03,7.506086956000001e-08,0.000000000000000e+00,-1.000000000000000e+03,4.000581932398180e+03,0.000000000000000e+00,2.980431630395715e+05,0.000000000000000e+00,8.502029965910302e+08,0.000000000000000e+00,0.000000000000000e+00,7.994675433116939e+10,7.994675433116939e+10,-7.124586408708945e+00,7.506086956000001e-08,1.000000000000000e+00,0.000000000000000e+00,0.000000000000000e+00,0.000000000000000e+00,0.000000000000000e+00,0.000000000000000e+00,1.000000000000000e+03,1.000000000000000e+00,
7.506086956000001e-08,0.000000000000000e+00,0.000000000000000e+00,6.000872898597271e+03,6.000872898597271e+03,1.500000000000000e+03,7.506086956000001e-08,0.000000000000000e+00,-1.000000000000000e+03,4.000581932398180e+03,0.000000000000000e+00,2.980431630395715e+05,0.000000000000000e+00,8.304320796833467e+08,0.000000000000000e+00,0.000000000000000e+00,7.994675433116937e+10,7.994675433116937e+10,-7.124586408708945e+00,7.506086956000001e-08,1.000000000000000e+00,0.000000000000000e+00,0.000000000000000e+00,0.000000000000000e+00,0.000000000000000e+00,0.000000000000000e+00,1.000000000000000e+03,1.000000000000000e+00,
1.357676283451903e-07,0.000000000000000e+00,0.000000000000000e+00,1.085418122943843e+04,1.085418122943843e+04,1.500000000000000e+03,1.357676283451903e-07,0.000000000000000e+00,-1.000000000000000e+03,7.236120819625623e+03,0.000000000000000e+00,2.980431630395715e+05,0.000000000000000e+00,7.457060445610904e+08,0.000000000000000e+00,0.000000000000000e+00,7.994675433116937e+10,7.994675433116937e+10,-6.867203768398479e+00,1.357676283451903e-07,1.000000000000000e+00,0.000000000000000e+00,0.000000000000000e+00,0.000000000000000e+00,0.000000000000000e+00,0.000000000000000e+00,1.000000000000000e+03,1.000000000000000e+00,
1.475553688577455e-06,0.000000000000000e+00,0.000000000000000e+00,1.179657284790840e+05,1.179657284790840e+05,1.500000003000000e+03,1.475553688577455e-06,0.000000000000000e+00,-1.000000000000000e+03,7.864381898605604e+04,0.000000000000000e+00,2.980431633376148e+05,0.000000000000000e+00,6.603638012432510e+08,0.000000000000000e+00,0.000000000000000e+00,7.994675449106290e+10,7.994675449106290e+10,-5.831044983908019e+00,1.475553688577455e-06,1.000000000000000e+00,0.000000000000000e+00,0.000000000000000e+00,0.000000000000000e+00,0.000000000000000e+00,0.000000000000000e+00,1.000000000000000e+03,1.000000000000000e+00,
1.629499732931648e-05,0.000000000000000e+00,0.000000000000000e+00,1.302732475891129e+06,1.302732475891129e+06,1.500000377180992e+03,1.629499732931648e-05,0.000000000000000e+00,-1.000000000000000e+03,8.684883172607528e+05,0.000000000000000e+00,2.980432005116413e+05,0.000000000000000e+00,5.750210923593671e+08,0.000000000000000e+00,0.000000000000000e+00,7.994677443410016e+10,7.994677443410016e+10,-4.787945706377923e+00,1.629499732931648e-05,1.000000000000000e+00,0.000000000000000e+00,0.000000000000000e+00,0.000000000000000e+00,0.000000000000000e+00,0.000000000000000e+00,1.000000000000000e+03,1.000000000000000e+00,
1.799644870412606e-04,0.000000000000000e+00,0.000000000000000e+00,1.438801773636930e+07,1.438801773636930e+07,1.500045987857228e+03,1.799644870412606e-04,0.000000000000000e+00,-1.000000000000000e+03,9.592011824246204e+06,0.000000000000000e+00,2.980477317933639e+05,0.000000000000000e+00,4.900386315168151e+08,0.000000000000000e+00,0.000000000000000e+00,7.994920538445207e+10,7.994920538445207e+10,-3.744813187139245e+00,1.799644870412606e-04,1.000000000000000e+00,0.000000000000000e+00,0.000000000000000e+00,0.000000000000000e+00,0.000000000000000e+00,0.000000000000000e+00,1.000000000000000e+03,1.000000000000000e+00,
7.506086956000001e-08,0.000000000000000e+00,0.000000000000000e+00,6.000872898597271e+03,6.000872898597271e+03,1.500000000000000e+03,7.506086956000001e-08,0.000000000000000e+00,-1.000000000000000e+03,4.000581932398180e+03,0.000000000000000e+00,2.980431630395715e+05,0.000000000000000e+00,8.502029965910302e+08,0.000000000000000e+00,0.000000000000000e+00,7.994675433116939e+10,7.994675433116939e+10,-7.124586408708945e+00,7.506086956000001e-08,1.000000000000000e+00,0.000000000000000e+00,0.000000000000000e+00,0.000000000000000e+00,0.000000000000000e+00,0.000000000000000e+00,1.000000000000000e+03,1.000000000000000e+00,
7.506086956000001e-08,0.000000000000000e+00,0.000000000000000e+00,6.000872898597271e+03,6.000872898597271e+03,1.500000000000000e+03,7.506086956000001e-08,0.000000000000000e+00,-1.000000000000000e+03,4.000581932398180e+03,0.000000000000000e+00,2.980431630395715e+05,0.000000000000000e+00,8.502029965910302e+08,0.000000000000000e+00,0.000000000000000e+00,7.994675433116939e+10,7.994675433116939e+10,-7.124586408708945e+00,7.506086956000001e-08,1.000000000000000e+00,0.000000000000000e+00,0.000000000000000e+00,0.000000000000000e+00,0.000000000000000e+00,0.000000000000000e+00,1.000000000000000e+03,1.000000000000000e+00,
7.506086956000001e-08,0.000000000000000e+00,0.000000000000000e+00,6.000872898597271e+03,6.000872898597271e+03,1.500000000000000e+03,7.506086956000001e-08,0.000000000000000e+00,-1.000000000000000e+03,4.000581932398180e+03,0.000000000000000e+00,2.980431630395715e+05,0.000000000000000e+00,8.304320796833467e+08,0.000000000000000e+00,0.000000000000000e+00,7.994675433116937e+10,7.994675433116937e+10,-7.124586408708945e+00,7.506086956000001e-08,1.000000000000000e+00,0.000000000000000e+00,0.000000000000000e+00,0.000000000000000e+00,0.000000000000000e+00,0.000000000000000e+00,1.000000000000000e+03,1.000000000000000e+00,
1.357676283451903e-07,0.000000000000000e+00,0.000000000000000e+00,1.085418122943843e+04,1.085418122943843e+04,1.500000000000000e+03,1.357676283451903e-07,0.000000000000000e+00,-1.000000000000000e+03,7.236120819625623e+03,0.000000000000000e+00,2.980431630395715e+05,0.000000000000000e+00,7.457060445610904e+08,0.000000000000000e+00,0.000000000000000e+00,7.994675433116937e+10,7.994675433116937e+10,-6.867203768398479e+00,1.357676283451903e-07,1.000000000000000e+00,0.000000000000000e+00,0.000000000000000e+00,0.000000000000000e+00,0.000000000000000e+00,0.000000000000000e+00,1.000000000000000e+03,1.000000000000000e+00,
1.475553688577455e-06,0.000000000000000e+00,0.000000000000000e+00,1.179657284790840e+05,1.179657284790840e+05,1.500000003000000e+03,1.475553688577455e-06,0.000000000000000e+00,-1.000000000000000e+03,7.864381898605604e+04,0.000000000000000e+00,2.980431633376148e+05,0.000000000000000e+00,6.603638012432510e+08,0.000000000000000e+00,0.000000000000000e+00,7.994675449106290e+10,7.994675449106290e+10,-5.831044983908019e+00,1.475553688577455e-06,1.000000000000000e+00,0.000000000000000e+00,0.000000000000000e+00,0.000000000000000e+00,0.000000000000000e+00,0.000000000000000e+00,1.000000000000000e+03,1.000000000000000e+00,
1.629499732931648e-05,0.000000000000000e+00,0.000000000000000e+00,1.302732475891129e+06,1.302732475891129e+06,1.500000377180992e+03,1.629499732931648e-05,0.000000000000000e+00,-1.000000000000000e+03,8.684883172607528e+05,0.000000000000000e+00,2.980432005116413e+05,0.000000000000000e+00,5.750210923593671e+08,0.000000000000000e+00,0.000000000000000e+00,7.994677443410016e+10,7.994677443410016e+10,-4.787945706377923e+00,1.629499732931648e-05,1.000000000000000e+00,0.000000000000000e+00,0.000000000000000e+00,0.000000000000000e+00,0.000000000000000e+00,0.000000000000000e+00,1.000000000000000e+03,1.000000000000000e+00,
1.799644870412606e-04,0.000000000000000e+00,0.000000000000000e+00,1.438801773636930e+07,1.438801773636930e+07,1.500045987857228e+03,1.799644870412606e-04,0.000000000000000e+00,-1.000000000000000e+03,9.592011824246204e+06,0.000000000000000e+00,2.980477317933639e+05,0.000000000000000e+00,4.900386315168151e+08,0.000000000000000e+00,0.000000000000000e+00,7.994920538445207e+10,7.994920538445207e+10,-3.744813187139245e+00,1.799644870412606e-04,1.000000000000000e+00,0.000000000000000e+00,0.000000000000000e+00,0.000000000000000e+00,0.000000000000000e+00,0.000000000000000e+00,1.000000000000000e+03,1.000000000000000e+00,

64,28
1.501851282910017e-02,0.000000000000000e+00,0.000000000000000e+00,1.477563775473450e+09,1.477563775473450e+09,1.845906620380945e+03,1.501851282910017e-02,0.000000000000000e+00,-1.000000000000000e+03,9.850425169823002e+08,0.000000000000000e+00,3.306270620299762e+05,0.000000000000000e+00,4.887333655923648e+08,2.500000000000000e-07,0.000000000000000e+00,9.838282873191635e+10,9.838282873191635e+10,-1.823373070134263e+00,1.501851282910017e-02,1.000000000000000e+00,0.000000000000000e+00,0.000000000000000e+00,0.000000000000000e+00,0.000000000000000e+00,0.000000000000000e+00,1.000000000000000e+03,1.000000000000000e+00,
1.501851282910017e-02,0.000000000000000e+00,0.000000000000000e+00,1.477563775473450e+09,1.477563775473450e+09,1.845906620380945e+03,1.501851282910017e-02,0.000000000000000e+00,-1.000000000000000e+03,9.850425169823002e+08,0.000000000000000e+00,3.306270620299762e+05,0.000000000000000e+00,4.887333655923648e+08,2.500000000000000e-07,0.000000000000000e+00,9.838282873191635e+10,9.838282873191635e+10,-1.823373070134263e+00,1.501851282910017e-02,1.000000000000000e+00,0.000000000000000e+00,0.000000000000000e+00,0.000000000000000e+00,0.000000000000000e+00,0.000000000000000e+00,1.000000000000000e+03,1.000000000000000e+00,
1.501851282910017e-02,0.000000000000000e+00,0.000000000000000e+00,1.477563775473450e+09,1.477563775473450e+09,1.845906620380945e+03,1.501851282910017e-02,0.000000000000000e+00,-1.000000000000000e+03,9.850425169823002e+08,0.000000000000000e+00,3.306270620299762e+05,0.000000000000000e+00,4.887333655923648e+08,2.500000000000000e-07,0.000000000000000e+00,9.838282873191635e+10,9.838282873191635e+10,-1.823373070134263e+00,1.501851282910017e-02,1.000000000000000e+00,0.000000000000000e+00,0.000000000000000e+00,0.000000000000000e+00,0.000000000000000e+00,0.000000000000000e+00,1.000000000000000e+03,1.000000000000000e+00,
1.501851282910017e-02,0.000000000000000e+00,0.000000000000000e+00,1.477563775473450e+09,1.477563775473450e+09,1.845906620380945e+03,1.501851282910017e-02,0.000000000000000e+00,-1.000000000000000e+03,9.850425169823002e+08,0.000000000000000e+00,3.306270620299762e+05,0.000000000000000e+00,4.887333655923648e+08,2.500000000000000e-07,0.000000000000000e+00,9.838282873191635e+10,9.838282873191635e+10,-1.823373070134263e+00,1.501851282910017e-02,1.000000000000000e+00,0.000000000000000e+00,0.000000000000000e+00,0.000000000000000e+00,0.000000000000000e+00,0.000000000000000e+00,1.000000000000000e+03,1.000000000000000e+00,
1.501851282910017e-02,0.000000000000000e+00,0.000000000000000e+00,1.477563775473450e+09,1.477563775473450e+09,1.845906620380945e+03,1.501851282910017e-02,0.000000000000000e+00,-1.000000000000000e+03,9.850425169823002e+08,0.000000000000000e+00,3.306270620299762e+05,0.000000000000000e+00,4.887333655923648e+08,2.500000000000000e-07,0.000000000000000e+00,9.838282873191635e+10,9.838282873191635e+10,-1.823373070134263e+00,1.501851282910017e-02,1.000000000000000e+00,0.000000000000000e+00,0.000000000000000e+00,0.000000000000000e+00,0.000000000000000e+00,0.000000000000000e+00,1.000000000000000e+03,1.000000000000000e+00,
1.501851282910017e-02,0.000000000000000e+00,0.000000000000000e+00,1.477563775473450e+09,1.477563775473450e+09,1.845906620380945e+03,1.501851282910017e-02,0.000000000000000e+00,-1.000000000000000e+03,9.850425169823002e+08,0.000000000000000e+00,3.306270620299762e+05,0.000000000000000e+00,4.887333655923648e+08,2.500000000000000e-07,0.000000000000000e+00,9.838282873191635e+10,9.838282873191635e+10,-1.823373070134263e+00,1.501851282910017e-02,1.000000000000000e+00,0.000000000000000e+00,0.000000000000000e+00,0.000000000000000e+00,0.000000000000000e+00,0.000000000000000e+00,1.000000000000000e+03,1.000000000000000e+00,
1.501851282910017e-02,0.000000000000000e+00,0.000000000000000e+00,1.477563775473450e+09,1.477563775473450e+09,1.845906620380945e+03,1.501851282910017e-02,0.000000000000000e+00,-1.000000000000000e+03,9.850425169823002e+08,0.000000000000000e+00,3.306270620299762e+05,0.000000000000000e+00,4.887333655923648e+08,2.500000000000000e-07,0.000000000000000e+00,9.838282873191635e+10,9.838282873191635e+10,-1.823373070134263e+00,1.501851282910017e-02,1.000000000000000e+00,0.000000000000000e+00,0.000000000000000e+00,0.000000000000000e+00,0.000000000000000e+00,0.000000000000000e+00,1.000000000000000e+03,1.000000000000000e+00,
1.501851282910017e-02,0.000000000000000e+00,0.000000000000000e+00,1.477563775473450e+09,1.477563775473450e+09,1.845906620380945e+03,1.501851282910017e-02,0.000000000000000e+00,-1.000000000000000e+03,9.850425169823002e+08,0.000000000000000e+00,3.306270620299762e+05,0.000000000000000e+00,4.887333655923648e+08,2.500000000000000e-07,0.000000000000000e+00,9.838282873191635e+10,9.838282873191635e+10,-1.823373070134263e+00,1.501851282910017e-02,1.000000000000000e+00,0.000000000000000e+00,0.000000000000000e+00,0.000000000000000e+00,0.000000000000000e+00,0.000000000000000e+00,1.000000000000000e+03,1.000000000000000e+00,
7.506086956000001e-08,0.000000000000000e+00,0.000000000000000e+00,6.000872898597271e+03,6.000872898597271e+03,1.500000000000000e+03,7.506086956000001e-08,0.000000000000000e+00,-1.000000000000000e+03,4.000581932398180e+03,0.000000000000000e+00,2.980431630395715e+05,0.000000000000000e+00,8.502029965910302e+08,0.000000000000000e+00,0.000000000000000e+00,7.994675433116939e+10,7.994675433116939e+10,-7.124586408708945e+00,7.506086956000001e-08,1.000000000000000e+00,0.000000000000000e+00,0.000000000000000e+00,0.000000000000000e+00,0.000000000000000e+00,0.000000000000000e+00,1.000000000000000e+03,1.000000000000000e+00,
7.506086956000001e-08,0.000000000000000e+00,0.000000000000000e+00,6.000872898597271e+03,6.000872898597271e+03,1.500000000000000e+03,7.506086956000001e-08,0.000000000000000e+00,-1.000000000000000e+03,4.000581932398180e+03,0.000000000000000e+00,2.980431630395715e+05,0.000000000000000e+00,8.502029965910302e+08,0.000000000000000e+00,0.000000000000000e+00,7.994675433116939e+10,7.994675433116939e+10,-7.124586408708945e+00,7.506086956000001e-08,1.000000000000000e+00,0.000000000000000e+00,0.000000000000000e+00,0.000000000000000e+00,0.000000000000000e+00,0.000000000000000e+00,1.000000000000000e+03,1.000000000000000e+00,
1.309383705103957e-07,0.000000000000000e+00,0.000000000000000e+00,1.046809773971824e+04,1.046809773971824e+04,1.500000000000000e+03,1.309383705103957e-07,0.000000000000000e+00,-1.000000000000000e+03,6.978731826478825e+03,0.000000000000000e+00,2.980431630395717e+05,0.000000000000000e+00,8.502029965910302e+08,0.000000000000000e+00,0.000000000000000e+00,7.994675433116940e+10,7.994675433116940e+10,-6.882933068047800e+00,1.309383705103957e-07,1.000000000000000e+00,0.000000000000000e+00,0.000000000000000e+00,0.000000000000000e+00,0.000000000000000e+00,0.000000000000000e+00,1.000000000000000e+03,1.000000000000000e+00,
1.421166876890032e-06,0.000000000000000e+00,0.000000000000000e+00,1.136176793975580e+05,1.136176793975580e+05,1.500000003000000e+03,1.421166876890032e-06,0.000000000000000e+00,-1.000000000000000e+03,7.574511959837201e+04,0.000000000000000e+00,2.980431633376147e+05,0.000000000000000e+00,8.291451838534280e+08,0.000000000000000e+00,0.000000000000000e+00,7.994675449106290e+10,7.994675449106290e+10,-5.847354923158166e+00,1.421166876890032e-06,1.000000000000000e+00,0.000000000000000e+00,0.000000000000000e+00,0.000000000000000e+00,0.000000000000000e+00,0.000000000000000e+00,1.000000000000000e+03,1.000000000000000e+00,
1.569477444384605e-05,0.000000000000000e+00,0.000000000000000e+00,1.254746568997461e+06,1.254746568997461e+06,1.500000349376034e+03,1.569477444384605e-05,0.000000000000000e+00,-1.000000000000000e+03,8.364977126649742e+05,0.000000000000000e+00,2.980431977492824e+05,0.000000000000000e+00,7.443716435848746e+08,0.000000000000000e+00,0.000000000000000e+00,7.994677295215605e+10,7.994677295215605e+10,-4.804244921346348e+00,1.569477444384605e-05,1.000000000000000e+00,0.000000000000000e+00,0.000000000000000e+00,0.000000000000000e+00,0.000000000000000e+00,0.000000000000000e+00,1.000000000000000e+03,1.000000000000000e+00,
1.733360903779412e-04,0.000000000000000e+00,0.000000000000000e+00,1.385805197271030e+07,1.385805197271030e+07,1.500042662895603e+03,1.733360903779412e-04,0.000000000000000e+00,-1.000000000000000e+03,9.238701315140203e+06,0.000000000000000e+00,2.980474014708846e+05,0.000000000000000e+00,6.590302786642743e+08,0.000000000000000e+00,0.000000000000000e+00,7.994902817119197e+10,7.994902817119197e+10,-3.761111003240227e+00,1.733360903779412e-04,1.000000000000000e+00,0.000000000000000e+00,0.000000000000000e+00,0.000000000000000e+00,0.000000000000000e+00,0.000000000000000e+00,1.000000000000000e+03,1.000000000000000e+00,
1.904670734833715e-03,0.000000000000000e+00,0.000000000000000e+00,1.527960543034867e+08,1.527960543034867e+08,1.505159945495143e+03,1.904670734833715e-03,0.000000000000000e+00,-1.000000000000000e+03,1.018640362023245e+08,0.000000000000000e+00,2.985553517655714e+05,0.000000000000000e+00,5.736878013797330e+08,0.000000000000000e+00,0.000000000000000e+00,8.022176826107767e+10,8.022176826107765e+10,-2.720180091066736e+00,1.904670734833715e-03,1.000000000000000e+00,0.000000000000000e+00,0.000000000000000e+00,0.000000000000000e+00,0.000000000000000e+00,0.000000000000000e+00,1.000000000000000e+03,1.000000000000000e+00,
7.506086956000001e-08,0.000000000000000e+00,0.000000000000000e+00,6.000872898597271e+03,6.000872898597271e+03,1.500000000000000e+03,7.506086956000001e-08,0.000000000000000e+00,-1.000000000000000e+03,4.000581932398180e+03,0.000000000000000e+00,2.980431630395715e+05,0.000000000000000e+00,8.502029965910302e+08,0.000000000000000e+00,0.000000000000000e+00,7.994675433116939e+10,7.994675433116939e+10,-7.124586408708945e+00,7.506086956000001e-08,1.000000000000000e+00,0.000000000000000e+00,0.000000000000000e+00,0.000000000000000e+00,0.000000000000000e+00,0.000000000000000e+00,1.000000000000000e+03,1.000000000000000e+00,
7.506086956000001e-08,0.000000000000000e+00,0.000000000000000e+00,6.000872898597271e+03,6.000872898597271e+03,1.500000000000000e+03,7.506086956000001e-08,0.000000000000000e+00,-1.000000000000000e+03,4.000581932398180e+03,0.000000000000000e+00,2.980431630395715e+05,0.000000000000000e+00,8.502029965910302e+08,0.000000000000000e+00,0.000000000000000e+00,7.994675433116939e+10,7.994675433116939e+10,-7.124586408708945e+00,7.506086956000001e-08,1.000000000000000e+00,0.000000000000000e+00,0.000000000000000e+00,0.000000000000000e+00,0.000000000000000e+00,0.000000000000000e+00,1.000000000000000e+03,1.000000000000000e+00,
1.309383705103957e-07,0.000000000000000e+00,0.000000000000000e+00,1.046809773971824e+04,1.046809773971824e+04,1.500000000000000e+03,1.309383705103957e-07,0.000000000000000e+00,-1.000000000000000e+03,6.978731826478825e+03,0.000000000000000e+00,2.980431630395717e+05,0.000000000000000e+00,8.502029965910302e+08,0.000000000000000e+00,0.000000000000000e+00,7.994675433116940e+10,7.994675433116940e+10,-6.882933068047800e+00,1.309383705103957e-07,1.000000000000000e+00,0.000000000000000e+00,0.000000000000000e+00,0.000000000000000e+00,0.000000000000000e+00,0.000000000000000e+00,1.000000000000000e+03,1.000000000000000e+00,
1.421166876890032e-06,0.000000000000000e+00,0.000000000000000e+00,1.136176793975580e+05,1.136176793975580e+05,1.500000003000000e+03,1.421166876890032e-06,0.000000000000000e+00,-1.000000000000000e+03,7.574511959837201e+04,0.000000000000000e+00,2.980431633376147e+05,0.000000000000000e+00,8.291451838534280e+08,0.000000000000000e+00,0.000000000000000e+00,7.994675449106290e+10,7.994675449106290e+10,-5.847354923158166e+00,1.421166876890032e-06,1.000000000000000e+00,0.000000000000000e+00,0.000000000000000e+00,0.000000000000000e+00,0.000000000000000e+00,0.000000000000000e+00,1.000000000000000e+03,1.000000000000000e+00,
1.569477444384605e-05,0.000000000000000e+00,0.000000000000000e+00,1.254746568997461e+06,1.254746568997461e+06,1.500000349376034e+03,1.569477444384605e-05,0.000000000000000e+00,-1.000000000000000e+03,8.364977126649742e+05,0.000000000000000e+00,2.980431977492824e+05,0.000000000000000e+00,7.443716435848746e+08,0.000000000000000e+00,0.000000000000000e+00,7.994677295215605e+10,7.994677295215605e+10,-4.804244921346348e+00,1.569477444384605e-05,1.000000000000000e+00,0.000000000000000e+00,0.000000000000000e+00,0.000000000000000e+00,0.000000000000000e+00,0.000000000000000e+00,1.000000000000000e+03,1.000000000000000e+00,
1.733360903779412e-04,0.000000000000000e+00,0.000000000000000e+00,1.385805197271030e+07,1.385805197271030e+07,1.500042662895603e+03,1.733360903779412e-04,0.000000000000000e+00,-1.000000000000000e+03,9.238701315140203e+06,0.000000000000000e+00,2.980474014708846e+05,0.000000000000000e+00,6.590302786642743e+08,0.000000000000000e+00,0.000000000000000e+00,7.994902817119197e+10,7.994902817119197e+10,-3.761111003240227e+00,1.733360903779412e-04,1.000000000000000e+00,0.000000000000000e+00,0.000000000000000e+00,0.000000000000000e+00,0.000000000000000e+00,0.000000000000000e+00,1.000000000000000e+03,1.000000000000000e+00,
1.904670734833715e-03,0.000000000000000e+00,0.000000000000000e+00,1.527960543034867e+08,1.527960543034867e+08,1.505159945495143e+03,1.904670734833715e-03,0.000000000000000e+00,-1.000000000000000e+03,1.018640362023245e+08,0.000000000000000e+00,2.985553517655714e+05,0.000000000000000e+00,5.736878013797330e+08,0.000000000000000e+00,0.000000000000000e+00,8.022176826107767e+10,8.022176826107765e+10,-2.720180091066736e+00,1.904670734833715e-03,1.000000000000000e+00,0.000000000000000e+00,0.000000000000000e+00,0.000000000000000e+00,0.000000000000000e+00,0.000000000000000e+00,1.000000000000000e+03,1.000000000000000e+00,
7.506086956000001e-08,0.000000000000000e+00,0.000000000000000e+00,6.000872898597271e+03,6.000872898597271e+03,1.500000000000000e+03,7.506086956000001e-08,0.000000000000000e+00,-1.000000000000000e+03,4.000581932398180e+03,0.000000000000000e+00,2.980431630395715e+05,0.000000000000000e+00,8.502029965910302e+08,0.000000000000000e+00,0.000000000000000e+00,7.994675433116939e+10,7.994675433116939e+10,-7.124586408708945e+00,7.506086956000001e-08,1.000000000000000e+00,0.000000000000000e+00,0.000000000000000e+00,0.000000000000000e+00,0.000000000000000e+00,0.000000000000000e+00,1.000000000000000e+03,1.000000000000000e+00,
7.506086956000001e-08,0.000000000000000e+00,0.000000000000000e+00,6.000872898597271e+03,6.000872898597271e+03,1.500000000000000e+03,7.506086956000001e-08,0.000000000000000e+00,-1.000000000000000e+03,4.000581932398180e+03,0.000000000000000e+00,2.980431630395715e+05,0.000000000000000e+00,8.502029965910302e+08,0.000000000000000e+00,0.000000000000000e+00,7.994675433116939e+10,7.994675433116939e+10,-7.124586408708945e+00,7.506086956000001e-08,1.000000000000000e+00,0.000000000000000e+00,0.000000000000000e+00,0.000000000000000e+00,0.000000000000000e+00,0.000000000000000e+00,1.000000000000000e+03,1.000000000000000e+00,
1.309383705103957e-07,0.000000000000000e+00,0.000000000000000e+00,1.046809773971824e+04,1.046809773971824e+04,1.500000000000000e+03,1.309383705103957e-07,0.000000000000000e+00,-1.000000000000000e+03,6.978731826478825e+03,0.000000000000000e+00,2.980431630395717e+05,0.000000000000000e+00,8.502029965910302e+08,0.000000000000000e+00,0.000000000000000e+00,7.994675433116940e+10,7.994675433116940e+10,-6.882933068047800e+00,1.309383705103957e-07,1.000000000000000e+00,0.000000000000000e+00,0.000000000000000e+00,0.000000000000000e+00,0.000000000000000e+00,0.000000000000000e+00,1.000000000000000e+03,1.000000000000000e+00,
1.421166876890032e-06,0.000000000000000e+00,0.000000000000000e+00,1.136176793975580e+05,1.136176793975580e+05,1.500000003000000e+03,1.421166876890032e-06,0.000000000000000e+00,-1.000000000000000e+03,7.574511959837201e+04,0.000000000000000e+00,2.980431633376147e+05,0.000000000000000e+00,8.291451838534280e+08,0.000000000000000e+00,0.000000000000000e+00,7.994675449106290e+10,7.994675449106290e+10,-5.847354923158166e+00,1.421166876890032e-06,1.000000000000000e+00,0.000000000000000e+00,0.000000000000000e+00,0.000000000000000e+00,0.000000000000000e+00,0.000000000000000e+00,1.000000000000000e+03,1.000000000000000e+00,
1.569477444384605e-05,0.000000000000000e+00,0.000000000000000e+00,1.254746568997461e+06,1.254746568997461e+06,1.500000349376034e+03,1.569477444384605e-05,0.000000000000000e+00,-1.000000000000000e+03,8.364977126649742e+05,0.000000000000000e+00,2.980431977492824e+05,0.000000000000000e+00,7.443716435848746e+08,0.000000000000000e+00,0.000000000000000e+00,7.994677295215605e+10,7.994677295215605e+10,-4.804244921346348e+00,1.569477444384605e-05,1.000000000000000e+00,0.000000000000000e+00,0.000000000000000e+00,0.000000000000000e+00,0.000000000000000e+00,0.000000000000000e+00,1.000000000000000e+03,1.000000000000000e+00,
1.733360903779412e-04,0.000000000000000e+00,0.000000000000000e+00,1.385805197271030e+07,1.385805197271030e+07,1.500042662895603e+03,1.733360903779412e-04,0.000000000000000e+00,-1.000000000000000e+03,9.238701315140203e+06,0.000000000000000e+00,2.980474014708846e+05,0.000000000000000e+00,6.590302786642743e+08,0.000000000000000e+00,0.000000000000000e+00,7.994902817119197e+10,7.994902817119197e+10,-3.761111003240227e+00,1.733360903779412e-04,1.000000000000000e+00,0.000000000000000e+00,0.000000000000000e+00,0.000000000000000e+00,0.000000000000000e+00,0.000000000000000e+00,1.000000000000000e+03,1.000000000000000e+00,
1.904670734833715e-03,0.000000000000000e+00,0.000000000000000e+00,1.527960543034867e+08,1.527960543034867e+08,1.505159945495143e+03,1.904670734833715e-03,0.000000000000000e+00,-1.000000000000000e+03,1.018640362023245e+08,0.000000000000000e+00,2.985553517655714e+05,0.000000000000000e+00,5.736878013797330e+08,0.000000000000000e+00,0.000000000000000e+00,8.022176826107767e+10,8.022176826107765e+10,-2.720180091066736e+00,1.904670734833715e-03,1.000000000000000e+00,0.000000000000000e+00,0.000000000000000e+00,0.000000000000000e+00,0.000000000000000e+00,0.000000000000000e+00,1.000000000000000e+03,1.000000000000000e+00,
7.506086956000001e-08,0.000000000000000e+00,0.000000000000000e+00,6.000872898597271e+03,6.000872898597271e+03,1.500000000000000e+03,7.506086956000001e-08,0.000000000000000e+00,-1.000000000000000e+03,4.000581932398180e+03,0.000000000000000e+00,2.980431630395715e+05,0.000000000000000e+00,8.502029965910302e+08,0.000000000000000e+00,0.000000000000000e+00,7.994675433116939e+10,7.994675433116939e+10,-7.124586408708945e+00,7.506086956000001e-08,1.000000000000000e+00,0.000000000000000e+00,0.000000000000000e+00,0.000000000000000e+00,0.000000000000000e+00,0.000000000000000e+00,1.000000000000000e+03,1.000000000000000e+00,
7.506086956000001e-08,0.000000000000000e+00,0.000000000000000e+00,6.000872898597271e+03,6.000872898597271e+03,1.500000000000000e+03,7.506086956000001e-08,0.000000000000000e+00,-1.000000000000000e+03,4.000581932398180e+03,0.000000000000000e+00,2.980431630395715e+05,0.000000000000000e+00,8.502029965910302e+08,0.000000000000000e+00,0.000000000000000e+00,7.994675433116939e+10,7.994675433116939e+10,-7.124586408708945e+00,7.506086956000001e-08,1.000000000000000e+00,0.000000000000000e+00,0.000000000000000e+00,0.000000000000000e+00,0.000000000000000e+00,0.000000000000000e+00,1.000000000000000e+03,1.000000000000000e+00,
1.309383705103957e-07,0.000000000000000e+00,0.000000000000000e+00,1.046809773971824e+04,1.046809773971824e+04,1.500000000000000e+03,1.309383705103957e-07,0.000000000000000e+00,-1.000000000000000e+03,6.978731826478825e+03,0.000000000000000e+00,2.980431630395717e+05,0.000000000000000e+00,8.502029965910302e+08,0.000000000000000e+00,0.000000000000000e+00,7.994675433116940e+10,7.994675433116940e+10,-6.882933068047800e+00,1.309383705103957e-07,1.000000000000000e+00,0.000000000000000e+00,0.000000000000000e+00,0.000000000000000e+00,0.000000000000000e+00,0.000000000000000e+00,1.000000000000000e+03,1.000000000000000e+00,
1.421166876890032e-06,0.000000000000000e+00,0.000000000000000e+00,1.136176793975580e+05,1.136176793975580e+05,1.500000003000000e+03,1.421166876890032e-06,0.000000000000000e+00,-1.000000000000000e+03,7.574511959837201e+04,0.000000000000000e+00,2.980431633376147e+05,0.000000000000000e+00,8.291451838534280e+08,0.000000000000000e+00,0.000000000000000e+00,7.994675449106290e+10,7.994675449106290e+10,-5.847354923158166e+00,1.421166876890032e-06,1.000000000000000e+00,0.000000000000000e+00,0.000000000000000e+00,0.000000000000000e+00,0.000000000000000e+00,0.000000000000000e+00,1.000000000000000e+03,1.000000000000000e+00,
1.569477444384605e-05,0.000000000000000e+00,0.000000000000000e+00,1.254746568997461e+06,1.254746568997461e+06,1.500000349376034e+03,1.569477444384605e-05,0.000000000000000e+00,-1.000000000000000e+03,8.364977126649742e+05,0.000000000000000e+00,2.980431977492824e+05,0.000000000000000e+00,7.443716435848746e+08,0.000000000000000e+00,0.000000000000000e+00,7.994677295215605e+10,7.994677295215605e+10,-4.804244921346348e+00,1.569477444384605e-05,1.000000000000000e+00,0.000000000000000e+00,0.000000000000000e+00,0.000000000000000e+00,0.000000000000000e+00,0.000000000000000e+00,1.000000000000000e+03,1.000000000000000e+00,
1.733360903779412e-04,0.000000000000000e+00,0.000000000000000e+00,1.385805197271030e+07,1.385805197271030e+07,1.500042662895603e+03,1.733360903779412e-04,0.000000000000000e+00,-1.000000000000000e+03,9.238701315140203e+06,0.000000000000000e+00,2.980474014708846e+05,0.000000000000000e+00,6.590302786642743e+08,0.000000000000000e+00,0.000000000000000e+00,7.994902817119197e+10,7.994902817119197e+10,-3.761111003240227e+00,1.733360903779412e-04,1.000000000000000e+00,0.000000000000000e+00,0.000000000000000e+00,0.000000000000000e+00,0.000000000000000e+00,0.000000000000000e+00,1.000000000000000e+03,1.000000000000000e+00,
1.904670734833715e-03,0.000000000000000e+00,0.000000000000000e+00,1.527960543034867e+08,1.527960543034867e+08,1.505159945495143e+03,1.904670734833715e-03,0.000000000000000e+00,-1.000000000000000e+03,1.018640362023245e+08,0.000000000000000e+00,2.985553517655714e+05,0.000000000000000e+00,5.736878013797330e+08,0.000000000000000e+00,0.000000000000000e+00,8.022176826107767e+10,8.022176826107765e+10,-2.720180091066736e+00,1.904670734833715e-03,1.000000000000000e+00,0.000000000000000e+00,0.000000000000000e+00,0.000000000000000e+00,0.000000000000000e+00,0.000000000000000e+00,1.000000000000000e+03,1.000000000000000e+00,
7.506086956000001e-08,0.000000000000000e+00,0.000000000000000e+00,6.000872898597271e+03,6.000872898597271e+03,1.500000000000000e+03,7.506086956000001e-08,0.000000000000000e+00,-1.000000000000000e+03,4.000581932398180e+03,0.000000000000000e+00,2.980431630395715e+05,0.000000000000000e+00,8.502029965910302e+08,0.000000000000000e+00,0.000000000000000e+00,7.994675433116939e+10,7.994675433116939e+10,-7.124586408708945e+00,7.506086956000001e-08,1.000000000000000e+00,0.000000000000000e+00,0.000000000000000e+00,0.000000000000000e+00,0.000000000000000e+00,0.000000000000000e+00,1.000000000000000e+03,1.000000000000000e+00,
7.506086956000001e-08,0.000000000000000e+00,0.000000000000000e+00,6.000872898597271e+03,6.000872898597271e+03,1.500000000000000e+03,7.506086956000001e-08,0.000000000000000e+00,-1.000000000000000e+03,4.000581932398180e+03,0.000000000000000e+00,2.980431630395715e+05,0.000000000000000e+00,8.502029965910302e+08,0.000000000000000e+00,0.000000000000000e+00,7.994675433116939e+10,7.994675433116939e+10,-7.124586408708945e+00,7.506086956000001e-08,1.000000000000000e+00,0.000000000000000e+00,0.000000000000000e+00,0.000000000000000e+00,0.000000000000000e+00,0.000000000000000e+00,1.000000000000000e+03,1.000000000000000e+00,
1.309383705103957e-07,0.000000000000000e+00,0.000000000000000e+00,1.046809773971824e+04,1.046809773971824e+04,1.500000000000000e+03,1.309383705103957e-07,0.000000000000000e+00,-1.000000000000000e+03,6.978731826478825e+03,0.000000000000000e+00,2.980431630395717e+05,0.000000000000000e+00,8.502029965910302e+08,0.000000000000000e+00,0.000000000000000e+00,7.994675433116940e+10,7.994675433116940e+10,-6.882933068047800e+00,1.309383705103957e-07,1.000000000000000e+00,0.000000000000000e+00,0.000000000000000e+00,0.000000000000000e+00,0.000000000000000e+00,0.000000000000000e+00,1.000000000000000e+03,1.000000000000000e+00,
1.421166876890032e-06,0.000000000000000e+00,0.000000000000000e+00,1.136176793975580e+05,1.136176793975580e+05,1.500000003000000e+03,1.421166876890032e-06,0.000000000000000e+00,-1.000000000000000e+03,7.574511959837201e+04,0.000000000000000e+00,2.980431633376147e+05,0.000000000000000e+00,8.291451838534280e+08,0.000000000000000e+00,0.000000000000000e+00,7.994675449106290e+10,7.994675449106290e+10,-5.847354923158166e+00,1.421166876890032e-06,1.000000000000000e+00,0.000000000000000e+00,0.000000000000000e+00,0.000000000000000e+00,0.000000000000000e+00,0.000000000000000e+00,1.000000000000000e+03,1.000000000000000e+00,
1.569477444384605e-05,0.000000000000000e+00,0.000000000000000e+00,1.254746568997461e+06,1.254746568997461e+06,1.500000349376034e+03,1.569477444384605e-05,0.000000000000000e+00,-1.000000000000000e+03,8.364977126649742e+05,0.000000000000000e+00,2.980431977492824e+05,0.000000000000000e+00,7.443716435848746e+08,0.000000000000000e+00,0.000000000000000e+00,7.994677295215605e+10,7.994677295215605e+10,-4.804244921346348e+00,1.569477444384605e-05,1.000000000000000e+00,0.000000000000000e+00,0.000000000000000e+00,0.000000000000000e+00,0.000000000000000e+00,0.000000000000000e+00,1.000000000000000e+03,1.000000000000000e+00,
1.733360903779412e-04,0.000000000000000e+00,0.000000000000000e+00,1.385805197271030e+07,1.385805197271030e+07,1.500042662895603e+03,1.733360903779412e-04,0.000000000000000e+00,-1.000000000000000e+03,9.238701315140203e+06,0.000000000000000e+00,2.980474014708846e+05,0.000000000000000e+00,6.590302786642743e+08,0.000000000000000e+00,0.000000000000000e+00,7.994902817119197e+10,7.994902817119197e+10,-3.761111003240227e+00,1.733360903779412e-04,1.000000000000000e+00,0.000000000000000e+00,0.000000000000000e+00,0.000000000000000e+00,0.000000000000000e+00,0.000000000000000e+00,1.000000000000000e+03,1.000000000000000e+00,
1.904670734833715e-03,0.000000000000000e+00,0.000000000000000e+00,1.527960543034867e+08,1.527960543034867e+08,1.505159945495143e+03,1.904670734833715e-03,0.000000000000000e+00,-1.000000000000000e+03,1.018640362023245e+08,0.000000000000000e+00,2.985553517655714e+05,0.000000000000000e+00,5.736878013797330e+08,0.000000000000000e+00,0.000000000000000e+00,8.022176826107767e+10,8.022176826107765e+10,-2.720180091066736e+00,1.904670734833715e-03,1.000000000000000e+00,0.000000000000000e+00,0.000000000000000e+00,0.000000000000000e+00,0.000000000000000e+00,0.000000000000000e+00,1.000000000000000e+03,1.000000000000000e+00,
7.506086956000001e-08,0.000000000000000e+00,0.000000000000000e+00,6.000872898597271e+03,6.000872898597271e+03,1.500000000000000e+03,7.506086956000001e-08,0.000000000000000e+00,-1.000000000000000e+03,4.000581932398180e+03,0.000000000000000e+00,2.980431630395715e+05,0.000000000000000e+00,8.502029965910302e+08,0.000000000000000e+00,0.000000000000000e+00,7.994675433116939e+10,7.994675433116939e+10,-7.124586408708945e+00,7.506086956000001e-08,1.000000000000000e+00,0.000000000000000e+00,0.000000000000000e+00,0.000000000000000e+00,0.000000000000000e+00,0.000000000000000e+00,1.000000000000000e+03,1.000000000000000e+00,
7.506086956000001e-08,0.000000000000000e+00,0.000000000000000e+00,6.000872898597271e+03,6.000872898597271e+03,1.500000000000000e+03,7.506086956000001e-08,0.000000000000000e+00,-1.000000000000000e+03,4.000581932398180e+03,0.000000000000000e+00,2.980431630395715e+05,0.000000000000000e+00,8.502029965910302e+08,0.000000000000000e+00,0.000000000000000e+00,7.994675433116939e+10,7.994675433116939e+10,-7.124586408708945e+00,7.506086956000001e-08,1.000000000000000e+00,0.000000000000000e+00,0.000000000000000e+00,0.000000000000000e+00,0.000000000000000e+00,0.000000000000000e+00,1.000000000000000e+03,1.000000000000000e+00,
1.309383705103957e-07,0.000000000000000e+00,0.000000000000000e+00,1.046809773971824e+04,1.046809773971824e+04,1.500000000000000e+03,1.309383705103957e-07,0.000000000000000e+00,-1.000000000000000e+03,6.978731826478825e+03,0.000000000000000e+00,2.980431630395717e+05,0.000000000000000e+00,8.502029965910302e+08,0.000000000000000e+00,0.000000000000000e+00,7.994675433116940e+10,7.994675433116940e+10,-6.882933068047800e+00,1.309383705103957e-07,1.000000000000000e+00,0.000000000000000e+00,0.000000000000000e+00,0.000000000000000e+00,0.000000000000000e+00,0.000000000000000e+00,1.000000000000000e+03,1.000000000000000e+00,
1.421166876890032e-06,0.000000000000000e+00,0.000000000000000e+00,1.136176793975580e+05,1.136176793975580e+05,1.500000003000000e+03,1.421166876890032e-06,0.000000000000000e+00,-1.000000000000000e+03,7.574511959837201e+04,0.000000000000000e+00,2.980431633376147e+05,0.000000000000000e+00,8.291451838534280e+08,0.000000000000000e+00,0.000000000000000e+00,7.994675449106290e+10,7.994675449106290e+10,-5.847354923158166e+00,1.421166876890032e-06,1.000000000000000e+00,0.000000000000000e+00,0.000000000000000e+00,0.000000000000000e+00,0.000000000000000e+00,0.000000000000000e+00,1.000000000000000e+03,1.000000000000000e+00,
1.569477444384605e-05,0.000000000000000e+00,0.000000000000000e+00,1.254746568997461e+06,1.254746568997461e+06,1.500000349376034e+03,1.569477444384605e-05,0.000000000000000e+00,-1.000000000000000e+03,8.364977126649742e+05,0.000000000000000e+00,2.980431977492824e+05,0.000000000000000e+00,7.443716435848746e+08,0.000000000000000e+00,0.000000000000000e+00,7.994677295215605e+10,7.994677295215605e+10,-4.804244921346348e+00,1.569477444384605e-05,1.000000000000000e+00,0.000000000000000e+00,0.000000000000000e+00,0.000000000000000e+00,0.000000000000000e+00,0.000000000000000e+00,1.000000000000000e+03,1.000000000000000e+00,
1.733360903779412e-04,0.000000000000000e+00,0.000000000000000e+00,1.385805197271030e+07,1.385805197271030e+07,1.500042662895603e+03,1.733360903779412e-04,0.000000000000000e+00,-1.000000000000000e+03,9.238701315140203e+06,0.000000000000000e+00,2.980474014708846e+05,0.000000000000000e+00,6.590302786642743e+08,0.000000000000000e+00,0.000000000000000e+00,7.994902817119197e+10,7.994902817119197e+10,-3.761111003240227e+00,1.733360903779412e-04,1.000000000000000e+00,0.000000000000000e+00,0.000000000000000e+00,0.000000000000000e+00,0.000000000000000e+00,0.000000000000000e+00,1.000000000000000e+03,1.000000000000000e+00,
1.904670734833715e-03,0.000000000000000e+00,0.000000000000000e+00,1.527960543034867e+08,1.527960543034867e+08,1.505159945495143e+03,1.904670734833715e-03,0.000000000000000e+00,-1.000000000000000e+03,1.018640362023245e+08,0.000000000000000e+00,2.985553517655714e+05,0.000000000000000e+00,5.736878013797330e+08,0.000000000000000e+00,0.000000000000000e+00,8.022176826107767e+10,8.022176826107765e+10,-2.720180091066736e+00,1.904670734833715e-03,1.000000000000000e+00,0.000000000000000e+00,0.000000000000000e+00,0.000000000000000e+00,0.000000000000000e+00,0.000000000000000e+00,1.000000000000000e+03,1.000000000000000e+00,
7.506086956000001e-08,0.000000000000000e+00,0.000000000000000e+00,6.000872898597271e+03,6.000872898597271e+03,1.500000000000000e+03,7.506086956000001e-08,0.000000000000000e+00,-1.000000000000000e+03,4.000581932398180e+03,0.000000000000000e+00,2.980431630395715e+05,0.000000000000000e+00,8.502029965910302e+08,0.000000000000000e+00,0.000000000000000e+00,7.994675433116939e+10,7.994675433116939e+10,-7.124586408708945e+00,7.506086956000001e-08,1.000000000000000e+00,0.000000000000000e+00,0.000000000000000e+00,0.000000000000000e+00,0.000000000000000e+00,0.000000000000000e+00,1.000000000000000e+03,1.000000000000000e+00,
7.506086956000001e-08,0.000000000000000e+00,0.000000000000000e+00,6.000872898597271e+03,6.000872898597271e+03,1.500000000000000e+03,7.506086956000001e-08,0.000000000000000e+00,-1.000000000000000e+03,4.000581932398180e+03,0.000000000000000e+00,2.980431630395715e+05,0.000000000000000e+00,8.502029965910302e+08,0.000000000000000e+00,0.000000000000000e+00,7.994675433116939e+10,7.994675433116939e+10,-7.124586408708945e+00,7.506086956000001e-08,1.000000000000000e+00,0.000000000000000e+00,0.000000000000000e+00,0.000000000000000e+00,0.000000000000000e+00,0.000000000000000e+00,1.000000000000000e+03,1.000000000000000e+00,
1.309383705103957e-07,0.000000000000000e+00,0.000000000000000e+00,1.046809773971824e+04,1.046809773971824e+04,1.500000000000000e+03,1.309383705103957e-07,0.000000000000000e+00,-1.000000000000000e+03,6.978731826478825e+03,0.000000000000000e+00,2.980431630395717e+05,0.000000000000000e+00,8.502029965910302e+08,0.000000000000000e+00,0.000000000000000e+00,7.994675433116940e+10,7.994675433116940e+10,-6.882933068047800e+00,1.309383705103957e-07,1.000000000000000e+00,0.000000000000000e+00,0.000000000000000e+00,0.000000000000000e+00,0.000000000000000e+00,0.000000000000000e+00,1.000000000000000e+03,1.000000000000000e+00,
1.421166876890032e-06,0.000000000000000e+00,0.000000000000000e+00,1.136176793975580e+05,1.136176793975580e+05,1.500000003000000e+03,1.421166876890032e-06,0.000000000000000e+00,-1.000000000000000e+03,7.574511959837201e+04,0.000000000000000e+00,2.980431633376147e+05,0.000000000000000e+00,8.291451838534280e+08,0.000000000000000e+00,0.000000000000000e+00,7.994675449106290e+10,7.994675449106290e+10,-5.847354923158166e+00,1.421166876890032e-06,1.000000000000000e+00,0.000000000000000e+00,0.000000000000000e+00,0.000000000000000e+00,0.000000000000000e+00,0.000000000000000e+00,1.000000000000000e+03,1.000000000000000e+00,
1.569477444384605e-05,0.000000000000000e+00,0.000000000000000e+00,1.254746568997461e+06,1.254746568997461e+06,1.500000349376034e+03,1.569477444384605e-05,0.000000000000000e+00,-1.000000000000000e+03,8.364977126649742e+05,0.000000000000000e+00,2.980431977492824e+05,0.000000000000000e+00,7.443716435848746e+08,0.000000000000000e+00,0.000000000000000e+00,7.994677295215605e+10,7.994677295215605e+10,-4.804244921346348e+00,1.569477444384605e-05,1.000000000000000e+00,0.000000000000000e+00,0.000000000000000e+00,0.000000000000000e+00,0.000000000000000e+00,0.000000000000000e+00,1.000000000000000e+03,1.000000000000000e+00,
1.733360903779412e-04,0.000000000000000e+00,0.000000000000000e+00,1.385805197271030e+07,1.385805197271030e+07,1.500042662895603e+03,1.733360903779412e-04,0.000000000000000e+00,-1.000000000000000e+03,9.238701315140203e+06,0.000000000000000e+00,2.980474014708846e+05,0.000000000000000e+00,6.590302786642743e+08,0.000000000000000e+00,0.000000000000000e+00,7.994902817119197e+10,7.994902817119197e+10,-3.761111003240227e+00,1.733360903779412e-04,1.000000000000000e+00,0.000000000000000e+00,0.000000000000000e+00,0.000000000000000e+00,0.000000000000000e+00,0.000000000000000e+00,1.000000000000000e+03,1.000000000000000e+00,
1.904670734833715e-03,0.000000000000000e+00,0.000000000000000e+00,1.527960543034867e+08,1.527960543034867e+08,1.505159945495143e+03,1.904670734833715e-03,0.000000000000000e+00,-1.000000000000000e+03,1.018640362023245e+08,0.000000000000000e+00,2.985553517655714e+05,0.000000000000000e+00,5.736878013797330e+08,0.000000000000000e+00,0.000000000000000e+00,8.022176826107767e+10,8.022176826107765e+10,-2.720180091066736e+00,1.904670734833715e-03,1.000000000000000e+00,0.000000000000000e+00,0.000000000000000e+00,0.000000000000000e+00,0.000000000000000e+00,0.000000000000000e+00,1.000000000000000e+03,1.000000000000000e+00,
7.506086956000001e-08,0.000000000000000e+00,0.000000000000000e+00,6.000872898597271e+03,6.000872898597271e+03,1.500000000000000e+03,7.506086956000001e-08,0.000000000000000e+00,-1.000000000000000e+03,4.000581932398180e+03,0.000000000000000e+00,2.980431630395715e+05,0.000000000000000e+00,8.502029965910302e+08,0.000000000000000e+00,0.000000000000000e+00,7.994675433116939e+10,7.994675433116939e+10,-7.124586408708945e+00,7.506086956000001e-08,1.000000000000000e+00,0.000000000000000e+00,0.000000000000000e+00,0.000000000000000e+00,0.000000000000000e+00,0.000000000000000e+00,1.000000000000000e+03,1.000000000000000e+00,
7.506086956000001e-08,0.000000000000000e+00,0.000000000000000e+00,6.000872898597271e+03,6.000872898597271e+03,1.500000000000000e+03,7.506086956000001e-08,0.000000000000000e+00,-1.000000000000000e+03,4.000581932398180e+03,0.000000000000000e+00,2.980431630395715e+05,0.000000000000000e+00,8.502029965910302e+08,0.000000000000000e+00,0.000000000000000e+00,7.994675433116939e+10,7.994675433116939e+10,-7.124586408708945e+00,7.506086956000001e-08,1.000000000000000e+00,0.000000000000000e+00,0.000000000000000e+00,0.000000000000000e+00,0.000000000000000e+00,0.000000000000000e+00,1.000000000000000e+03,1.000000000000000e+00,
1.309383705103957e-07,0.000000000000000e+00,0.000000000000000e+00,1.046809773971824e+04,1.046809773971824e+04,1.500000000000000e+03,1.309383705103957e-07,0.000000000000000e+00,-1.000000000000000e+03,6.978731826478825e+03,0.000000000000000e+00,2.980431630395717e+05,0.000000000000000e+00,8.502029965910302e+08,0.000000000000000e+00,0.000000000000000e+00,7.994675433116940e+10,7.994675433116940e+10,-6.882933068047800e+00,1.309383705103957e-07,1.000000000000000e+00,0.000000000000000e+00,0.000000000000000e+00,0.000000000000000e+00,0.000000000000000e+00,0.000000000000000e+00,1.000000000000000e+03,1.000000000000000e+00,
1.421166876890032e-06,0.000000000000000e+00,0.000000000000000e+00,1.136176793975580e+05,1.136176793975580e+05,1.500000003000000e+03,1.421166876890032e-06,0.000000000000000e+00,-1.000000000000000e+03,7.574511959837201e+04,0.000000000000000e+00,2.980431633376147e+05,0.000000000000000e+00,8.291451838534280e+08,0.000000000000000e+00,0.000000000000000e+00,7.994675449106290e+10,7.994675449106290e+10,-5.847354923158166e+00,1.421166876890032e-06,1.000000000000000e+00,0.000000000000000e+00,0.000000000000000e+00,0.000000000000000e+00,0.000000000000000e+00,0.000000000000000e+00,1.000000000000000e+03,1.000000000000000e+00,
1.569477444384605e-05,0.000000000000000e+00,0.000000000000000e+00,1.254746568997461e+06,1.254746568997461e+06,1.500000349376034e+03,1.569477444384605e-05,0.000000000000000e+00,-1.000000000000000e+03,8.364977126649742e+05,0.000000000000000e+00,2.980431977492824e+05,0.000000000000000e+00,7.443716435848746e+08,0.000000000000000e+00,0.000000000000000e+00,7.994677295215605e+10,7.994677295215605e+10,-4.804244921346348e+00,1.569477444384605e-05,1.000000000000000e+00,0.000000000000000e+00,0.000000000000000e+00,0.000000000000000e+00,0.000000000000000e+00,0.000000000000000e+00,1.000000000000000e+03,1.000000000000000e+00,
1.733360903779412e-04,0.000000000000000e+00,0.000000000000000e+00,1.385805197271030e+07,1.385805197271030e+07,1.500042662895603e+03,1.733360903779412e-04,0.000000000000000e+00,-1.000000000000000e+03,9.238701315140203e+06,0.000000000000000e+00,2.980474014708846e+05,0.000000000000000e+00,6.590302786642743e+08,0.000000000000000e+00,0.000000000000000e+00,7.994902817119197e+10,7.994902817119197e+10,-3.761111003240227e+00,1.733360903779412e-04,1.000000000000000e+00,0.000000000000000e+00,0.000000000000000e+00,0.000000000000000e+00,0.000000000000000e+00,0.000000000000000e+00,1.000000000000000e+03,1.000000000000000e+00,
1.904670734833715e-03,0.000000000000000e+00,0.000000000000000e+00,1.527960543034867e+08,1.527960543034867e+08,1.505159945495143e+03,1.904670734833715e-03,0.000000000000000e+00,-1.000000000000000e+03,1.018640362023245e+08,0.000000000000000e+00,2.985553517655714e+05,0.000000000000000e+00,5.736878013797330e+08,0.000000000000000e+00,0.000000000000000e+00,8.022176826107767e+10,8.022176826107765e+10,-2.720180091066736e+00,1.904670734833715e-03,1.000000000000000e+00,0.000000000000000e+00,0.000000000000000e+00,0.000000000000000e+00,0.000000000000000e+00,0.000000000000000e+00,1.000000000000000e+03,1.000000000000000e+00,

