1
0
28
0
(64 0
((0,0) (63,63) (0,0))
((448,0) (511,63) (0,0))
((384,0) (447,63) (0,0))
((320,0) (383,63) (0,0))
((256,0) (319,63) (0,0))
((192,0) (255,63) (0,0))
((128,0) (191,63) (0,0))
((64,0) (127,63) (0,0))
((0,448) (63,511) (0,0))
((0,384) (63,447) (0,0))
((0,320) (63,383) (0,0))
((0,256) (63,319) (0,0))
((0,192) (63,255) (0,0))
((0,128) (63,191) (0,0))
((0,64) (63,127) (0,0))
((448,448) (511,511) (0,0))
((448,384) (511,447) (0,0))
((448,320) (511,383) (0,0))
((448,256) (511,319) (0,0))
((448,192) (511,255) (0,0))
((448,128) (511,191) (0,0))
((448,64) (511,127) (0,0))
((384,448) (447,511) (0,0))
((384,384) (447,447) (0,0))
((384,320) (447,383) (0,0))
((384,256) (447,319) (0,0))
((384,192) (447,255) (0,0))
((384,128) (447,191) (0,0))
((384,64) (447,127) (0,0))
((320,448) (383,511) (0,0))
((320,384) (383,447) (0,0))
((320,320) (383,383) (0,0))
((320,256) (383,319) (0,0))
((320,192) (383,255) (0,0))
((320,128) (383,191) (0,0))
((320,64) (383,127) (0,0))
((256,448) (319,511) (0,0))
((256,384) (319,447) (0,0))
((256,320) (319,383) (0,0))
((256,256) (319,319) (0,0))
((256,192) (319,255) (0,0))
((256,128) (319,191) (0,0))
((256,64) (319,127) (0,0))
((192,448) (255,511) (0,0))
((192,384) (255,447) (0,0))
((192,320) (255,383) (0,0))
((192,256) (255,319) (0,0))
((192,192) (255,255) (0,0))
((192,128) (255,191) (0,0))
((192,64) (255,127) (0,0))
((128,448) (191,511) (0,0))
((128,384) (191,447) (0,0))
((128,320) (191,383) (0,0))
((128,256) (191,319) (0,0))
((128,192) (191,255) (0,0))
((128,128) (191,191) (0,0))
((128,64) (191,127) (0,0))
((64,448) (127,511) (0,0))
((64,384) (127,447) (0,0))
((64,320) (127,383) (0,0))
((64,256) (127,319) (0,0))
((64,192) (127,255) (0,0))
((64,128) (127,191) (0,0))
((64,64) (127,127) (0,0))
)
64
FabOnDisk: Cell_D_0000 0
FabOnDisk: Cell_D_0001 0
FabOnDisk: Cell_D_0001 917590
FabOnDisk: Cell_D_0001 1835180
FabOnDisk: Cell_D_0001 2752770
FabOnDisk: Cell_D_0000 917587
FabOnDisk: Cell_D_0000 1835177
FabOnDisk: Cell_D_0000 2752767
FabOnDisk: Cell_D_0002 0
FabOnDisk: Cell_D_0002 917590
FabOnDisk: Cell_D_0002 1835180
FabOnDisk: Cell_D_0002 2752770
FabOnDisk: Cell_D_0000 3670356
FabOnDisk: Cell_D_0000 4587946
FabOnDisk: Cell_D_0000 5505536
FabOnDisk: Cell_D_0003 0
FabOnDisk: Cell_D_0003 917593
FabOnDisk: Cell_D_0003 1835186
FabOnDisk: Cell_D_0003 2752779
FabOnDisk: Cell_D_0001 3670360
FabOnDisk: Cell_D_0001 4587953
FabOnDisk: Cell_D_0001 5505546
FabOnDisk: Cell_D_0003 3670372
FabOnDisk: Cell_D_0003 4587965
FabOnDisk: Cell_D_0003 5505558
FabOnDisk: Cell_D_0003 6423151
FabOnDisk: Cell_D_0001 6423138
FabOnDisk: Cell_D_0001 7340731
FabOnDisk: Cell_D_0001 8258324
FabOnDisk: Cell_D_0003 7340744
FabOnDisk: Cell_D_0003 8258337
FabOnDisk: Cell_D_0003 9175930
FabOnDisk: Cell_D_0003 10093523
FabOnDisk: Cell_D_0001 9175916
FabOnDisk: Cell_D_0001 10093509
FabOnDisk: Cell_D_0001 11011102
FabOnDisk: Cell_D_0003 11011116
FabOnDisk: Cell_D_0003 11928709
FabOnDisk: Cell_D_0003 12846302
FabOnDisk: Cell_D_0003 13763895
FabOnDisk: Cell_D_0001 11928694
FabOnDisk: Cell_D_0001 12846287
FabOnDisk: Cell_D_0001 13763880
FabOnDisk: Cell_D_0002 3670360
FabOnDisk: Cell_D_0002 4587953
FabOnDisk: Cell_D_0002 5505546
FabOnDisk: Cell_D_0002 6423139
FabOnDisk: Cell_D_0000 6423125
FabOnDisk: Cell_D_0000 7340718
FabOnDisk: Cell_D_0000 8258311
FabOnDisk: Cell_D_0002 7340732
FabOnDisk: Cell_D_0002 8258325
FabOnDisk: Cell_D_0002 9175918
FabOnDisk: Cell_D_0002 10093511
FabOnDisk: Cell_D_0000 9175903
FabOnDisk: Cell_D_0000 10093496
FabOnDisk: Cell_D_0000 11011089
FabOnDisk: Cell_D_0002 11011104
FabOnDisk: Cell_D_0002 11928696
FabOnDisk: Cell_D_0002 12846288
FabOnDisk: Cell_D_0002 13763880
FabOnDisk: Cell_D_0000 11928681
FabOnDisk: Cell_D_0000 12846273
FabOnDisk: Cell_D_0000 13763865

64,28
2.905579600086089e-03,0.000000000000000e+00,6.636353211653280e+00,2.342395327236300e+08,2.342319539975217e+08,1.512529262990954e+03,2.905579600086089e-03,0.000000000000000e+00,-1.000000000000000e+03,1.561546359983478e+08,7.578726108297963e+03,2.992853282553630e+05,6.828304154693231e-03,4.165583722021130e+08,0.000000000000000e+00,-5.733848930924523e-08,8.061453693802835e+10,8.061453693802834e+10,-2.536767222305878e+00,2.905579600086089e-03,1.000000000000000e+00,0.000000000000000e+00,2.261342058299237e+03,2.261342058299237e+03,-1.806100383461225e+03,6.636353211653280e+00,1.000000000000000e+03,1.000000000000000e+00,
2.905579600086089e-03,0.000000000000000e+00,6.636353211653280e+00,2.342395327236300e+08,2.342319539975217e+08,1.512529262990954e+03,2.905579600086089e-03,0.000000000000000e+00,-1.000000000000000e+03,1.561546359983478e+08,7.578726108297963e+03,2.992853282553630e+05,6.828304154693231e-03,4.165583722021130e+08,0.000000000000000e+00,-5.733848930924523e-08,8.061453693802835e+10,8.061453693802834e+10,-2.536767222305878e+00,2.905579600086089e-03,1.000000000000000e+00,0.000000000000000e+00,2.261342058299237e+03,2.261342058299237e+03,-1.806100383461225e+03,6.636353211653280e+00,1.000000000000000e+03,1.000000000000000e+00,
2.905579600086089e-03,0.000000000000000e+00,6.636353211653280e+00,2.342395327236300e+08,2.342319539975217e+08,1.512529262990954e+03,2.905579600086089e-03,0.000000000000000e+00,-1.000000000000000e+03,1.561546359983478e+08,7.578726108297963e+03,2.992853282553630e+05,6.828304154693231e-03,4.165583722021130e+08,0.000000000000000e+00,-5.733848930924523e-08,8.061453693802835e+10,8.061453693802834e+10,-2.536767222305878e+00,2.905579600086089e-03,1.000000000000000e+00,0.000000000000000e+00,2.261342058299237e+03,2.261342058299237e+03,-2.020228173299716e+03,6.636353211653280e+00,1.000000000000000e+03,1.000000000000000e+00,
2.905579600086089e-03,0.000000000000000e+00,6.636353211653280e+00,2.342395327236300e+08,2.342319539975217e+08,1.512529262990954e+03,2.905579600086089e-03,0.000000000000000e+00,-1.000000000000000e+03,1.561546359983478e+08,7.578726108297963e+03,2.992853282553630e+05,6.828304154693231e-03,4.165583722021130e+08,0.000000000000000e+00,-5.733848930924523e-08,8.061453693802835e+10,8.061453693802834e+10,-2.536767222305878e+00,2.905579600086089e-03,1.000000000000000e+00,0.000000000000000e+00,2.261342058299237e+03,2.261342058299237e+03,-2.192556255091069e+03,6.636353211653280e+00,1.000000000000000e+03,1.000000000000000e+00,
2.905579600086089e-03,0.000000000000000e+00,6.636353211653280e+00,2.342395327236300e+08,2.342319539975217e+08,1.512529262990954e+03,2.905579600086089e-03,0.000000000000000e+00,-1.000000000000000e+03,1.561546359983478e+08,7.578726108297963e+03,2.992853282553630e+05,6.828304154693231e-03,4.165583722021130e+08,0.000000000000000e+00,-5.733848930924523e-08,8.061453693802835e+10,8.061453693802834e+10,-2.536767222305878e+00,2.905579600086089e-03,1.000000000000000e+00,0.000000000000000e+00,2.261342058299237e+03,2.261342058299237e+03,-2.283995532419972e+03,6.636353211653280e+00,1.000000000000000e+03,1.000000000000000e+00,
2.905579600086089e-03,0.000000000000000e+00,6.636353211653280e+00,2.342395327236300e+08,2.342319539975217e+08,1.512529262990954e+03,2.905579600086089e-03,0.000000000000000e+00,-1.000000000000000e+03,1.561546359983478e+08,7.578726108297963e+03,2.992853282553630e+05,6.828304154693231e-03,4.165583722021130e+08,0.000000000000000e+00,-5.733848930924523e-08,8.061453693802835e+10,8.061453693802834e+10,-2.536767222305878e+00,2.905579600086089e-03,1.000000000000000e+00,0.000000000000000e+00,2.261342058299237e+03,2.261342058299237e+03,-2.283995532419972e+03,6.636353211653280e+00,1.000000000000000e+03,1.000000000000000e+00,
2.905579600086089e-03,0.000000000000000e+00,6.636353211653280e+00,2.342395327236300e+08,2.342319539975217e+08,1.512529262990954e+03,2.905579600086089e-03,0.000000000000000e+00,-1.000000000000000e+03,1.561546359983478e+08,7.578726108297963e+03,2.992853282553630e+05,6.828304154693231e-03,4.165583722021130e+08,0.000000000000000e+00,-5.733848930924523e-08,8.061453693802835e+10,8.061453693802834e+10,-2.536767222305878e+00,2.905579600086089e-03,1.000000000000000e+00,0.000000000000000e+00,2.261342058299237e+03,2.261342058299237e+03,-2.192556255091069e+03,6.636353211653280e+00,1.000000000000000e+03,1.000000000000000e+00,
2.905579600086089e-03,0.000000000000000e+00,6.636353211653280e+00,2.342395327236300e+08,2.342319539975217e+08,1.512529262990954e+03,2.905579600086089e-03,0.000000000000000e+00,-1.000000000000000e+03,1.561546359983478e+08,7.578726108297963e+03,2.992853282553630e+05,6.828304154693231e-03,4.165583722021130e+08,0.000000000000000e+00,-5.733848930924523e-08,8.061453693802835e+10,8.061453693802834e+10,-2.536767222305878e+00,2.905579600086089e-03,1.000000000000000e+00,0.000000000000000e+00,2.261342058299237e+03,2.261342058299237e+03,-2.020228173299716e+03,6.636353211653280e+00,1.000000000000000e+03,1.000000000000000e+00,
7.506087013049189e-08,0.000000000000000e+00,-7.507505029966713e-08,3.719859146759698e+03,3.719859146722168e+03,9.298295051339916e+02,7.506087013049189e-08,0.000000000000000e+00,-1.000000000000000e+03,2.479906097814779e+03,3.753044335040684e-08,2.346579086383695e+05,4.261523146726879e-06,8.247149506231422e+08,0.000000000000000e+00,-2.037903068519143e-15,4.955790067788001e+10,4.955790067788002e+10,-7.124586405408137e+00,7.506087013049189e-08,1.000000000000000e+00,0.000000000000000e+00,-1.000143066126641e+00,1.000000109898935e+00,-7.986852721261901e-01,7.506087843513629e-08,1.000000000000000e+03,1.000000000000000e+00,
7.506476355254102e-08,0.000000000000000e+00,-7.671391961077495e-08,3.720249822061390e+03,3.720249822023846e+03,9.298789267493418e+02,7.506476355254102e-08,0.000000000000000e+00,-1.000000000000000e+03,2.480166548015898e+03,3.754422501354386e-08,2.346641447379655e+05,4.170419080397284e-06,8.247159403969852e+08,0.000000000000000e+00,-5.472542654181290e-10,4.956053474304072e+10,4.956053474304072e+10,-7.124563879052437e+00,7.506476355254102e-08,1.000000000000000e+00,0.000000000000000e+00,-1.002410174499004e+00,9.949417952530684e-01,-7.053742289399099e-01,7.507660585568671e-08,1.000000000000000e+03,1.000000000000000e+00,
7.726699132403193e-08,0.000000000000000e+00,-7.778371237966059e-08,3.968798714127558e+03,3.968798714089402e+03,9.637302558225141e+02,7.726699132403193e-08,0.000000000000000e+00,-1.000000000000000e+03,2.645865809392935e+03,6.029104371233026e-09,2.388973218208060e+05,8.274499852921849e-07,8.255942880500827e+08,0.000000000000000e+00,-1.341269216266547e-08,5.136473733583837e+10,5.136473733583837e+10,-7.112005998287003e+00,7.726699132403193e-08,1.000000000000000e+00,0.000000000000000e+00,-9.937882675303236e-01,2.677272489331449e-01,-5.487689440142782e-01,4.503915380491265e-08,1.000000000000000e+03,1.000000000000000e+00,
1.747394848102929e-07,0.000000000000000e+00,-4.195477400572467e-08,1.647740572399733e+04,1.647740572399229e+04,1.544423372742735e+03,1.747394848102929e-07,0.000000000000000e+00,-1.000000000000000e+03,1.098493714932820e+04,8.663763103070743e-11,3.024243229048041e+05,8.439280449334755e-08,7.332439495767659e+08,0.000000000000000e+00,-3.824719363738979e-04,8.231442397598628e+10,8.231442397598630e+10,-6.757608949065924e+00,1.747394848102929e-07,1.000000000000000e+00,0.000000000000000e+00,-2.400989910853472e-01,2.748017243562327e-02,-7.521490597511778e-02,6.209404279682890e-09,1.000000000000000e+03,1.000000000000000e+00,
2.189157977421610e-06,0.000000000000000e+00,5.302721406342954e-03,1.800131643816975e+05,1.800067420826667e+05,1.504221259573580e+03,2.189157977421610e-06,0.000000000000000e+00,-1.000000000000000e+03,1.200044947217778e+05,6.422299030791322e+00,2.984622409257296e+05,8.013774694907218e-03,6.465277763510656e+08,0.000000000000000e+00,-4.636112084996284e-06,8.017173833256741e+10,8.017173833256743e+10,-5.659722897067570e+00,2.189157977421610e-06,1.000000000000000e+00,0.000000000000000e+00,2.422265300647009e+03,2.422265300647009e+03,-7.947690542991746e+02,5.302721406342954e-03,1.000000000000000e+03,1.000000000000000e+00,
2.415401499159310e-05,0.000000000000000e+00,6.122652205336029e-02,1.936360863537944e+06,1.936283263871717e+06,1.500844552608957e+03,2.415401499159310e-05,0.000000000000000e+00,-1.000000000000000e+03,1.290855509247812e+06,7.759966622640914e+01,2.981270556095941e+05,7.971473402819911e-03,5.611045609315776e+08,0.000000000000000e+00,1.093477191864622e-06,7.999176715780139e+10,7.999176715780139e+10,-4.617010668483328e+00,2.415401499159310e-05,1.000000000000000e+00,0.000000000000000e+00,2.376511894452892e+03,2.376511894452892e+03,-1.312307626650957e+03,6.122652205336029e-02,1.000000000000000e+03,1.000000000000000e+00,
2.664552407610816e-04,0.000000000000000e+00,6.326281851403432e-01,2.131492492462131e+07,2.131417391965047e+07,1.500836103009551e+03,2.664552407610816e-04,0.000000000000000e+00,-1.000000000000000e+03,1.420944927976698e+07,7.510049708364007e+02,2.981262163961882e+05,7.636169324779058e-03,4.765657221171696e+08,0.000000000000000e+00,3.772850175042777e-07,7.999131681243614e+10,7.999131681243614e+10,-3.574375733440575e+00,2.664552407610816e-04,1.000000000000000e+00,0.000000000000000e+00,2.284749152830447e+03,2.284749152830447e+03,-1.611348963739260e+03,6.326281851403432e-01,1.000000000000000e+03,1.000000000000000e+00,
7.506087013049189e-08,0.000000000000000e+00,-7.507505029966713e-08,3.719859146759698e+03,3.719859146722168e+03,9.298295051339916e+02,7.506087013049189e-08,0.000000000000000e+00,-1.000000000000000e+03,2.479906097814779e+03,3.753044335040684e-08,2.346579086383695e+05,4.261523146726879e-06,8.247149506231422e+08,0.000000000000000e+00,-2.037903068519143e-15,4.955790067788001e+10,4.955790067788002e+10,-7.124586405408137e+00,7.506087013049189e-08,1.000000000000000e+00,0.000000000000000e+00,-1.000143066126641e+00,1.000000109898935e+00,-7.986852721261901e-01,7.506087843513629e-08,1.000000000000000e+03,1.000000000000000e+00,
7.506476355254102e-08,0.000000000000000e+00,-7.671391961077495e-08,3.720249822061390e+03,3.720249822023846e+03,9.298789267493418e+02,7.506476355254102e-08,0.000000000000000e+00,-1.000000000000000e+03,2.480166548015898e+03,3.754422501354386e-08,2.346641447379655e+05,4.170419080397284e-06,8.247159403969852e+08,0.000000000000000e+00,-5.472542654181290e-10,4.956053474304072e+10,4.956053474304072e+10,-7.124563879052437e+00,7.506476355254102e-08,1.000000000000000e+00,0.000000000000000e+00,-1.002410174499004e+00,9.949417952530684e-01,-7.053742289399099e-01,7.507660585568671e-08,1.000000000000000e+03,1.000000000000000e+00,
7.726699132403193e-08,0.000000000000000e+00,-7.778371237966059e-08,3.968798714127558e+03,3.968798714089402e+03,9.637302558225141e+02,7.726699132403193e-08,0.000000000000000e+00,-1.000000000000000e+03,2.645865809392935e+03,6.029104371233026e-09,2.388973218208060e+05,8.274499852921849e-07,8.255942880500827e+08,0.000000000000000e+00,-1.341269216266547e-08,5.136473733583837e+10,5.136473733583837e+10,-7.112005998287003e+00,7.726699132403193e-08,1.000000000000000e+00,0.000000000000000e+00,-9.937882675303236e-01,2.677272489331449e-01,-5.487689440142782e-01,4.503915380491265e-08,1.000000000000000e+03,1.000000000000000e+00,
1.747394848102929e-07,0.000000000000000e+00,-4.195477400572467e-08,1.647740572399733e+04,1.647740572399229e+04,1.544423372742735e+03,1.747394848102929e-07,0.000000000000000e+00,-1.000000000000000e+03,1.098493714932820e+04,8.663763103070743e-11,3.024243229048041e+05,8.439280449334755e-08,7.332439495767659e+08,0.000000000000000e+00,-3.824719363738979e-04,8.231442397598628e+10,8.231442397598630e+10,-6.757608949065924e+00,1.747394848102929e-07,1.000000000000000e+00,0.000000000000000e+00,-2.400989910853472e-01,2.748017243562327e-02,-7.521490597511778e-02,6.209404279682890e-09,1.000000000000000e+03,1.000000000000000e+00,
2.189157977421610e-06,0.000000000000000e+00,5.302721406342954e-03,1.800131643816975e+05,1.800067420826667e+05,1.504221259573580e+03,2.189157977421610e-06,0.000000000000000e+00,-1.000000000000000e+03,1.200044947217778e+05,6.422299030791322e+00,2.984622409257296e+05,8.013774694907218e-03,6.465277763510656e+08,0.000000000000000e+00,-4.636112084996284e-06,8.017173833256741e+10,8.017173833256743e+10,-5.659722897067570e+00,2.189157977421610e-06,1.000000000000000e+00,0.000000000000000e+00,2.422265300647009e+03,2.422265300647009e+03,-7.947690542991746e+02,5.302721406342954e-03,1.000000000000000e+03,1.000000000000000e+00,
2.415401499159310e-05,0.000000000000000e+00,6.122652205336029e-02,1.936360863537944e+06,1.936283263871717e+06,1.500844552608957e+03,2.415401499159310e-05,0.000000000000000e+00,-1.000000000000000e+03,1.290855509247812e+06,7.759966622640914e+01,2.981270556095941e+05,7.971473402819911e-03,5.611045609315776e+08,0.000000000000000e+00,1.093477191864622e-06,7.999176715780139e+10,7.999176715780139e+10,-4.617010668483328e+00,2.415401499159310e-05,1.000000000000000e+00,0.000000000000000e+00,2.376511894452892e+03,2.376511894452892e+03,-1.312307626650957e+03,6.122652205336029e-02,1.000000000000000e+03,1.000000000000000e+00,
2.664552407610816e-04,0.000000000000000e+00,6.326281851403432e-01,2.131492492462131e+07,2.131417391965047e+07,1.500836103009551e+03,2.664552407610816e-04,0.000000000000000e+00,-1.000000000000000e+03,1.420944927976698e+07,7.510049708364007e+02,2.981262163961882e+05,7.636169324779058e-03,4.765657221171696e+08,0.000000000000000e+00,3.772850175042777e-07,7.999131681243614e+10,7.999131681243614e+10,-3.574375733440575e+00,2.664552407610816e-04,1.000000000000000e+00,0.000000000000000e+00,2.284749152830447e+03,2.284749152830447e+03,-1.611348963739260e+03,6.326281851403432e-01,1.000000000000000e+03,1.000000000000000e+00,
7.506087013049189e-08,0.000000000000000e+00,-7.507505029966713e-08,3.719859146759698e+03,3.719859146722168e+03,9.298295051339916e+02,7.506087013049189e-08,0.000000000000000e+00,-1.000000000000000e+03,2.479906097814779e+03,3.753044335040684e-08,2.346579086383695e+05,4.261523146726879e-06,8.247149506231422e+08,0.000000000000000e+00,-2.037903068519143e-15,4.955790067788001e+10,4.955790067788002e+10,-7.124586405408137e+00,7.506087013049189e-08,1.000000000000000e+00,0.000000000000000e+00,-1.000143066126641e+00,1.000000109898935e+00,-8.933758627838310e-01,7.506087843513629e-08,1.000000000000000e+03,1.000000000000000e+00,
7.506476355254102e-08,0.000000000000000e+00,-7.671391961077495e-08,3.720249822061390e+03,3.720249822023846e+03,9.298789267493418e+02,7.506476355254102e-08,0.000000000000000e+00,-1.000000000000000e+03,2.480166548015898e+03,3.754422501354386e-08,2.346641447379655e+05,4.170419080397284e-06,8.247159403969852e+08,0.000000000000000e+00,-5.472542654181290e-10,4.956053474304072e+10,4.956053474304072e+10,-7.124563879052437e+00,7.506476355254102e-08,1.000000000000000e+00,0.000000000000000e+00,-1.002410174499004e+00,9.949417952530684e-01,-8.305097729708211e-01,7.507660585568671e-08,1.000000000000000e+03,1.000000000000000e+00,
7.726699132403193e-08,0.000000000000000e+00,-7.778371237966059e-08,3.968798714127558e+03,3.968798714089402e+03,9.637302558225141e+02,7.726699132403193e-08,0.000000000000000e+00,-1.000000000000000e+03,2.645865809392935e+03,6.029104371233026e-09,2.388973218208060e+05,8.274499852921849e-07,8.255942880500827e+08,0.000000000000000e+00,-1.341269216266547e-08,5.136473733583837e+10,5.136473733583837e+10,-7.112005998287003e+00,7.726699132403193e-08,1.000000000000000e+00,0.000000000000000e+00,-9.937882675303236e-01,2.677272489331449e-01,-6.999641045374050e-01,4.503915380491265e-08,1.000000000000000e+03,1.000000000000000e+00,
1.747394848102929e-07,0.000000000000000e+00,-4.195477400572467e-08,1.647740572399733e+04,1.647740572399229e+04,1.544423372742735e+03,1.747394848102929e-07,0.000000000000000e+00,-1.000000000000000e+03,1.098493714932820e+04,8.663763103070743e-11,3.024243229048041e+05,8.439280449334755e-08,7.332439495767659e+08,0.000000000000000e+00,-3.824719363738979e-04,8.231442397598628e+10,8.231442397598630e+10,-6.757608949065924e+00,1.747394848102929e-07,1.000000000000000e+00,0.000000000000000e+00,-2.400989910853472e-01,2.748017243562327e-02,-1.063692929283448e-01,6.209404279682890e-09,1.000000000000000e+03,1.000000000000000e+00,
2.189157977421610e-06,0.000000000000000e+00,5.302721406342954e-03,1.800131643816975e+05,1.800067420826667e+05,1.504221259573580e+03,2.189157977421610e-06,0.000000000000000e+00,-1.000000000000000e+03,1.200044947217778e+05,6.422299030791322e+00,2.984622409257296e+05,8.013774694907218e-03,6.465277763510656e+08,0.000000000000000e+00,-4.636112084996284e-06,8.017173833256741e+10,8.017173833256743e+10,-5.659722897067570e+00,2.189157977421610e-06,1.000000000000000e+00,0.000000000000000e+00,2.422265300647009e+03,2.422265300647009e+03,-1.123966336873429e+03,5.302721406342954e-03,1.000000000000000e+03,1.000000000000000e+00,
2.415401499159310e-05,0.000000000000000e+00,6.122652205336029e-02,1.936360863537944e+06,1.936283263871717e+06,1.500844552608957e+03,2.415401499159310e-05,0.000000000000000e+00,-1.000000000000000e+03,1.290855509247812e+06,7.759966622640914e+01,2.981270556095941e+05,7.971473402819911e-03,5.611045609315776e+08,0.000000000000000e+00,1.093477191864622e-06,7.999176715780139e+10,7.999176715780139e+10,-4.617010668483328e+00,2.415401499159310e-05,1.000000000000000e+00,0.000000000000000e+00,2.376511894452892e+03,2.376511894452892e+03,-1.673870656832294e+03,6.122652205336029e-02,1.000000000000000e+03,1.000000000000000e+00,
2.664552407610816e-04,0.000000000000000e+00,6.326281851403432e-01,2.131492492462131e+07,2.131417391965047e+07,1.500836103009551e+03,2.664552407610816e-04,0.000000000000000e+00,-1.000000000000000e+03,1.420944927976698e+07,7.510049708364007e+02,2.981262163961882e+05,7.636169324779058e-03,4.765657221171696e+08,0.000000000000000e+00,3.772850175042777e-07,7.999131681243614e+10,7.999131681243614e+10,-3.574375733440575e+00,2.664552407610816e-04,1.000000000000000e+00,0.000000000000000e+00,2.284749152830447e+03,2.284749152830447e+03,-1.897207194630674e+03,6.326281851403432e-01,1.000000000000000e+03,1.000000000000000e+00,
7.506087013049189e-08,0.000000000000000e+00,-7.507505029966713e-08,3.719859146759698e+03,3.719859146722168e+03,9.298295051339916e+02,7.506087013049189e-08,0.000000000000000e+00,-1.000000000000000e+03,2.479906097814779e+03,3.753044335040684e-08,2.346579086383695e+05,4.261523146726879e-06,8.247149506231422e+08,0.000000000000000e+00,-2.037903068519143e-15,4.955790067788001e+10,4.955790067788002e+10,-7.124586405408137e+00,7.506087013049189e-08,1.000000000000000e+00,0.000000000000000e+00,-1.000143066126641e+00,1.000000109898935e+00,-9.695819818682778e-01,7.506087843513629e-08,1.000000000000000e+03,1.000000000000000e+00,
7.506476355254102e-08,0.000000000000000e+00,-7.671391961077495e-08,3.720249822061390e+03,3.720249822023846e+03,9.298789267493418e+02,7.506476355254102e-08,0.000000000000000e+00,-1.000000000000000e+03,2.480166548015898e+03,3.754422501354386e-08,2.346641447379655e+05,4.170419080397284e-06,8.247159403969852e+08,0.000000000000000e+00,-5.472542654181290e-10,4.956053474304072e+10,4.956053474304072e+10,-7.124563879052437e+00,7.506476355254102e-08,1.000000000000000e+00,0.000000000000000e+00,-1.002410174499004e+00,9.949417952530684e-01,-9.478384064009260e-01,7.507660585568671e-08,1.000000000000000e+03,1.000000000000000e+00,
7.726699132403193e-08,0.000000000000000e+00,-7.778371237966059e-08,3.968798714127558e+03,3.968798714089402e+03,9.637302558225141e+02,7.726699132403193e-08,0.000000000000000e+00,-1.000000000000000e+03,2.645865809392935e+03,6.029104371233026e-09,2.388973218208060e+05,8.274499852921849e-07,8.255942880500827e+08,0.000000000000000e+00,-1.341269216266547e-08,5.136473733583837e+10,5.136473733583837e+10,-7.112005998287003e+00,7.726699132403193e-08,1.000000000000000e+00,0.000000000000000e+00,-9.937882675303236e-01,2.677272489331449e-01,-8.867749234861806e-01,4.503915380491265e-08,1.000000000000000e+03,1.000000000000000e+00,
1.747394848102929e-07,0.000000000000000e+00,-4.195477400572467e-08,1.647740572399733e+04,1.647740572399229e+04,1.544423372742735e+03,1.747394848102929e-07,0.000000000000000e+00,-1.000000000000000e+03,1.098493714932820e+04,8.663763103070743e-11,3.024243229048041e+05,8.439280449334755e-08,7.332439495767659e+08,0.000000000000000e+00,-3.824719363738979e-04,8.231442397598628e+10,8.231442397598630e+10,-6.757608949065924e+00,1.747394848102929e-07,1.000000000000000e+00,0.000000000000000e+00,-2.400989910853472e-01,2.748017243562327e-02,-1.684441122561985e-01,6.209404279682890e-09,1.000000000000000e+03,1.000000000000000e+00,
2.189157977421610e-06,0.000000000000000e+00,5.302721406342954e-03,1.800131643816975e+05,1.800067420826667e+05,1.504221259573580e+03,2.189157977421610e-06,0.000000000000000e+00,-1.000000000000000e+03,1.200044947217778e+05,6.422299030791322e+00,2.984622409257296e+05,8.013774694907218e-03,6.465277763510656e+08,0.000000000000000e+00,-4.636112084996284e-06,8.017173833256741e+10,8.017173833256743e+10,-5.659722897067570e+00,2.189157977421610e-06,1.000000000000000e+00,0.000000000000000e+00,2.422265300647009e+03,2.422265300647009e+03,-1.779888787528506e+03,5.302721406342954e-03,1.000000000000000e+03,1.000000000000000e+00,
2.415401499159310e-05,0.000000000000000e+00,6.122652205336029e-02,1.936360863537944e+06,1.936283263871717e+06,1.500844552608957e+03,2.415401499159310e-05,0.000000000000000e+00,-1.000000000000000e+03,1.290855509247812e+06,7.759966622640914e+01,2.981270556095941e+05,7.971473402819911e-03,5.611045609315776e+08,0.000000000000000e+00,1.093477191864622e-06,7.999176715780139e+10,7.999176715780139e+10,-4.617010668483328e+00,2.415401499159310e-05,1.000000000000000e+00,0.000000000000000e+00,2.376511894452892e+03,2.376511894452892e+03,-2.120603776702523e+03,6.122652205336029e-02,1.000000000000000e+03,1.000000000000000e+00,
2.664552407610816e-04,0.000000000000000e+00,6.326281851403432e-01,2.131492492462131e+07,2.131417391965047e+07,1.500836103009551e+03,2.664552407610816e-04,0.000000000000000e+00,-1.000000000000000e+03,1.420944927976698e+07,7.510049708364007e+02,2.981262163961882e+05,7.636169324779058e-03,4.765657221171696e+08,0.000000000000000e+00,3.772850175042777e-07,7.999131681243614e+10,7.999131681243614e+10,-3.574375733440575e+00,2.664552407610816e-04,1.000000000000000e+00,0.000000000000000e+00,2.284749152830447e+03,2.284749152830447e+03,-2.165231406655932e+03,6.326281851403432e-01,1.000000000000000e+03,1.000000000000000e+00,
7.506087013049189e-08,0.000000000000000e+00,-7.507505029966713e-08,3.719859146759698e+03,3.719859146722168e+03,9.298295051339916e+02,7.506087013049189e-08,0.000000000000000e+00,-1.000000000000000e+03,2.479906097814779e+03,3.753044335040684e-08,2.346579086383695e+05,4.261523146726879e-06,8.247149506231422e+08,0.000000000000000e+00,-2.037903068519143e-15,4.955790067788001e+10,4.955790067788002e+10,-7.124586405408137e+00,7.506087013049189e-08,1.000000000000000e+00,0.000000000000000e+00,-1.000143066126641e+00,1.000000109898935e+00,-1.000139692410987e+00,7.506087843513629e-08,1.000000000000000e+03,1.000000000000000e+00,
7.506476355254102e-08,0.000000000000000e+00,-7.671391961077495e-08,3.720249822061390e+03,3.720249822023846e+03,9.298789267493418e+02,7.506476355254102e-08,0.000000000000000e+00,-1.000000000000000e+03,2.480166548015898e+03,3.754422501354386e-08,2.346641447379655e+05,4.170419080397284e-06,8.247159403969852e+08,0.000000000000000e+00,-5.472542654181290e-10,4.956053474304072e+10,4.956053474304072e+10,-7.124563879052437e+00,7.506476355254102e-08,1.000000000000000e+00,0.000000000000000e+00,-1.002410174499004e+00,9.949417952530684e-01,-1.002404415225602e+00,7.507660585568671e-08,1.000000000000000e+03,1.000000000000000e+00,
7.726699132403193e-08,0.000000000000000e+00,-7.778371237966059e-08,3.968798714127558e+03,3.968798714089402e+03,9.637302558225141e+02,7.726699132403193e-08,0.000000000000000e+00,-1.000000000000000e+03,2.645865809392935e+03,6.029104371233026e-09,2.388973218208060e+05,8.274499852921849e-07,8.255942880500827e+08,0.000000000000000e+00,-1.341269216266547e-08,5.136473733583837e+10,5.136473733583837e+10,-7.112005998287003e+00,7.726699132403193e-08,1.000000000000000e+00,0.000000000000000e+00,-9.937882675303236e-01,2.677272489331449e-01,-9.937806260323974e-01,4.503915380491265e-08,1.000000000000000e+03,1.000000000000000e+00,
1.747394848102929e-07,0.000000000000000e+00,-4.195477400572467e-08,1.647740572399733e+04,1.647740572399229e+04,1.544423372742735e+03,1.747394848102929e-07,0.000000000000000e+00,-1.000000000000000e+03,1.098493714932820e+04,8.663763103070743e-11,3.024243229048041e+05,8.439280449334755e-08,7.332439495767659e+08,0.000000000000000e+00,-3.824719363738979e-04,8.231442397598628e+10,8.231442397598630e+10,-6.757608949065924e+00,1.747394848102929e-07,1.000000000000000e+00,0.000000000000000e+00,-2.400989910853472e-01,2.748017243562327e-02,-2.400915483478236e-01,6.209404279682890e-09,1.000000000000000e+03,1.000000000000000e+00,
2.189157977421610e-06,0.000000000000000e+00,5.302721406342954e-03,1.800131643816975e+05,1.800067420826667e+05,1.504221259573580e+03,2.189157977421610e-06,0.000000000000000e+00,-1.000000000000000e+03,1.200044947217778e+05,6.422299030791322e+00,2.984622409257296e+05,8.013774694907218e-03,6.465277763510656e+08,0.000000000000000e+00,-4.636112084996284e-06,8.017173833256741e+10,8.017173833256743e+10,-5.659722897067570e+00,2.189157977421610e-06,1.000000000000000e+00,0.000000000000000e+00,2.422265300647009e+03,2.422265300647009e+03,-2.569360408828287e+03,5.302721406342954e-03,1.000000000000000e+03,1.000000000000000e+00,
2.415401499159310e-05,0.000000000000000e+00,6.122652205336029e-02,1.936360863537944e+06,1.936283263871717e+06,1.500844552608957e+03,2.415401499159310e-05,0.000000000000000e+00,-1.000000000000000e+03,1.290855509247812e+06,7.759966622640914e+01,2.981270556095941e+05,7.971473402819911e-03,5.611045609315776e+08,0.000000000000000e+00,1.093477191864622e-06,7.999176715780139e+10,7.999176715780139e+10,-4.617010668483328e+00,2.415401499159310e-05,1.000000000000000e+00,0.000000000000000e+00,2.376511894452892e+03,2.376511894452892e+03,-2.534762130804623e+03,6.122652205336029e-02,1.000000000000000e+03,1.000000000000000e+00,
2.664552407610816e-04,0.000000000000000e+00,6.326281851403432e-01,2.131492492462131e+07,2.131417391965047e+07,1.500836103009551e+03,2.664552407610816e-04,0.000000000000000e+00,-1.000000000000000e+03,1.420944927976698e+07,7.510049708364007e+02,2.981262163961882e+05,7.636169324779058e-03,4.765657221171696e+08,0.000000000000000e+00,3.772850175042777e-07,7.999131681243614e+10,7.999131681243614e+10,-3.574375733440575e+00,2.664552407610816e-04,1.000000000000000e+00,0.000000000000000e+00,2.284749152830447e+03,2.284749152830447e+03,-2.374220129075011e+03,6.326281851403432e-01,1.000000000000000e+03,1.000000000000000e+00,
7.506087013049189e-08,0.000000000000000e+00,-7.507505029966713e-08,3.719859146759698e+03,3.719859146722168e+03,9.298295051339916e+02,7.506087013049189e-08,0.000000000000000e+00,-1.000000000000000e+03,2.479906097814779e+03,3.753044335040684e-08,2.346579086383695e+05,4.261523146726879e-06,8.247149506231422e+08,0.000000000000000e+00,-2.037903068519143e-15,4.955790067788001e+10,4.955790067788002e+10,-7.124586405408137e+00,7.506087013049189e-08,1.000000000000000e+00,0.000000000000000e+00,-1.000143066126641e+00,1.000000109898935e+00,-1.000139692410987e+00,7.506087843513629e-08,1.000000000000000e+03,1.000000000000000e+00,
7.506476355254102e-08,0.000000000000000e+00,-7.671391961077495e-08,3.720249822061390e+03,3.720249822023846e+03,9.298789267493418e+02,7.506476355254102e-08,0.000000000000000e+00,-1.000000000000000e+03,2.480166548015898e+03,3.754422501354386e-08,2.346641447379655e+05,4.170419080397284e-06,8.247159403969852e+08,0.000000000000000e+00,-5.472542654181290e-10,4.956053474304072e+10,4.956053474304072e+10,-7.124563879052437e+00,7.506476355254102e-08,1.000000000000000e+00,0.000000000000000e+00,-1.002410174499004e+00,9.949417952530684e-01,-1.002404415225602e+00,7.507660585568671e-08,1.000000000000000e+03,1.000000000000000e+00,
7.726699132403193e-08,0.000000000000000e+00,-7.778371237966059e-08,3.968798714127558e+03,3.968798714089402e+03,9.637302558225141e+02,7.726699132403193e-08,0.000000000000000e+00,-1.000000000000000e+03,2.645865809392935e+03,6.029104371233026e-09,2.388973218208060e+05,8.274499852921849e-07,8.255942880500827e+08,0.000000000000000e+00,-1.341269216266547e-08,5.136473733583837e+10,5.136473733583837e+10,-7.112005998287003e+00,7.726699132403193e-08,1.000000000000000e+00,0.000000000000000e+00,-9.937882675303236e-01,2.677272489331449e-01,-9.937806260323974e-01,4.503915380491265e-08,1.000000000000000e+03,1.000000000000000e+00,
1.747394848102929e-07,0.000000000000000e+00,-4.195477400572467e-08,1.647740572399733e+04,1.647740572399229e+04,1.544423372742735e+03,1.747394848102929e-07,0.000000000000000e+00,-1.000000000000000e+03,1.098493714932820e+04,8.663763103070743e-11,3.024243229048041e+05,8.439280449334755e-08,7.332439495767659e+08,0.000000000000000e+00,-3.824719363738979e-04,8.231442397598628e+10,8.231442397598630e+10,-6.757608949065924e+00,1.747394848102929e-07,1.000000000000000e+00,0.000000000000000e+00,-2.400989910853472e-01,2.748017243562327e-02,-2.400915483478236e-01,6.209404279682890e-09,1.000000000000000e+03,1.000000000000000e+00,
2.189157977421610e-06,0.000000000000000e+00,5.302721406342954e-03,1.800131643816975e+05,1.800067420826667e+05,1.504221259573580e+03,2.189157977421610e-06,0.000000000000000e+00,-1.000000000000000e+03,1.200044947217778e+05,6.422299030791322e+00,2.984622409257296e+05,8.013774694907218e-03,6.465277763510656e+08,0.000000000000000e+00,-4.636112084996284e-06,8.017173833256741e+10,8.017173833256743e+10,-5.659722897067570e+00,2.189157977421610e-06,1.000000000000000e+00,0.000000000000000e+00,2.422265300647009e+03,2.422265300647009e+03,-2.569360408828287e+03,5.302721406342954e-03,1.000000000000000e+03,1.000000000000000e+00,
2.415401499159310e-05,0.000000000000000e+00,6.122652205336029e-02,1.936360863537944e+06,1.936283263871717e+06,1.500844552608957e+03,2.415401499159310e-05,0.000000000000000e+00,-1.000000000000000e+03,1.290855509247812e+06,7.759966622640914e+01,2.981270556095941e+05,7.971473402819911e-03,5.611045609315776e+08,0.000000000000000e+00,1.093477191864622e-06,7.999176715780139e+10,7.999176715780139e+10,-4.617010668483328e+00,2.415401499159310e-05,1.000000000000000e+00,0.000000000000000e+00,2.376511894452892e+03,2.376511894452892e+03,-2.534762130804623e+03,6.122652205336029e-02,1.000000000000000e+03,1.000000000000000e+00,
2.664552407610816e-04,0.000000000000000e+00,6.326281851403432e-01,2.131492492462131e+07,2.131417391965047e+07,1.500836103009551e+03,2.664552407610816e-04,0.000000000000000e+00,-1.000000000000000e+03,1.420944927976698e+07,7.510049708364007e+02,2.981262163961882e+05,7.636169324779058e-03,4.765657221171696e+08,0.000000000000000e+00,3.772850175042777e-07,7.999131681243614e+10,7.999131681243614e+10,-3.574375733440575e+00,2.664552407610816e-04,1.000000000000000e+00,0.000000000000000e+00,2.284749152830447e+03,2.284749152830447e+03,-2.374220129075011e+03,6.326281851403432e-01,1.000000000000000e+03,1.000000000000000e+00,
7.506087013049189e-08,0.000000000000000e+00,-7.507505029966713e-08,3.719859146759698e+03,3.719859146722168e+03,9.298295051339916e+02,7.506087013049189e-08,0.000000000000000e+00,-1.000000000000000e+03,2.479906097814779e+03,3.753044335040684e-08,2.346579086383695e+05,4.261523146726879e-06,8.247149506231422e+08,0.000000000000000e+00,-2.037903068519143e-15,4.955790067788001e+10,4.955790067788002e+10,-7.124586405408137e+00,7.506087013049189e-08,1.000000000000000e+00,0.000000000000000e+00,-1.000143066126641e+00,1.000000109898935e+00,-9.695819818682778e-01,7.506087843513629e-08,1.000000000000000e+03,1.000000000000000e+00,
7.506476355254102e-08,0.000000000000000e+00,-7.671391961077495e-08,3.720249822061390e+03,3.720249822023846e+03,9.298789267493418e+02,7.506476355254102e-08,0.000000000000000e+00,-1.000000000000000e+03,2.480166548015898e+03,3.754422501354386e-08,2.346641447379655e+05,4.170419080397284e-06,8.247159403969852e+08,0.000000000000000e+00,-5.472542654181290e-10,4.956053474304072e+10,4.956053474304072e+10,-7.124563879052437e+00,7.506476355254102e-08,1.000000000000000e+00,0.000000000000000e+00,-1.002410174499004e+00,9.949417952530684e-01,-9.478384064009260e-01,7.507660585568671e-08,1.000000000000000e+03,1.000000000000000e+00,
7.726699132403193e-08,0.000000000000000e+00,-7.778371237966059e-08,3.968798714127558e+03,3.968798714089402e+03,9.637302558225141e+02,7.726699132403193e-08,0.000000000000000e+00,-1.000000000000000e+03,2.645865809392935e+03,6.029104371233026e-09,2.388973218208060e+05,8.274499852921849e-07,8.255942880500827e+08,0.000000000000000e+00,-1.341269216266547e-08,5.136473733583837e+10,5.136473733583837e+10,-7.112005998287003e+00,7.726699132403193e-08,1.000000000000000e+00,0.000000000000000e+00,-9.937882675303236e-01,2.677272489331449e-01,-8.867749234861806e-01,4.503915380491265e-08,1.000000000000000e+03,1.000000000000000e+00,
1.747394848102929e-07,0.000000000000000e+00,-4.195477400572467e-08,1.647740572399733e+04,1.647740572399229e+04,1.544423372742735e+03,1.747394848102929e-07,0.000000000000000e+00,-1.000000000000000e+03,1.098493714932820e+04,8.663763103070743e-11,3.024243229048041e+05,8.439280449334755e-08,7.332439495767659e+08,0.000000000000000e+00,-3.824719363738979e-04,8.231442397598628e+10,8.231442397598630e+10,-6.757608949065924e+00,1.747394848102929e-07,1.000000000000000e+00,0.000000000000000e+00,-2.400989910853472e-01,2.748017243562327e-02,-1.684441122561985e-01,6.209404279682890e-09,1.000000000000000e+03,1.000000000000000e+00,
2.189157977421610e-06,0.000000000000000e+00,5.302721406342954e-03,1.800131643816975e+05,1.800067420826667e+05,1.504221259573580e+03,2.189157977421610e-06,0.000000000000000e+00,-1.000000000000000e+03,1.200044947217778e+05,6.422299030791322e+00,2.984622409257296e+05,8.013774694907218e-03,6.465277763510656e+08,0.000000000000000e+00,-4.636112084996284e-06,8.017173833256741e+10,8.017173833256743e+10,-5.659722897067570e+00,2.189157977421610e-06,1.000000000000000e+00,0.000000000000000e+00,2.422265300647009e+03,2.422265300647009e+03,-1.779888787528506e+03,5.302721406342954e-03,1.000000000000000e+03,1.000000000000000e+00,
2.415401499159310e-05,0.000000000000000e+00,6.122652205336029e-02,1.936360863537944e+06,1.936283263871717e+06,1.500844552608957e+03,2.415401499159310e-05,0.000000000000000e+00,-1.000000000000000e+03,1.290855509247812e+06,7.759966622640914e+01,2.981270556095941e+05,7.971473402819911e-03,5.611045609315776e+08,0.000000000000000e+00,1.093477191864622e-06,7.999176715780139e+10,7.999176715780139e+10,-4.617010668483328e+00,2.415401499159310e-05,1.000000000000000e+00,0.000000000000000e+00,2.376511894452892e+03,2.376511894452892e+03,-2.120603776702523e+03,6.122652205336029e-02,1.000000000000000e+03,1.000000000000000e+00,
2.664552407610816e-04,0.000000000000000e+00,6.326281851403432e-01,2.131492492462131e+07,2.131417391965047e+07,1.500836103009551e+03,2.664552407610816e-04,0.000000000000000e+00,-1.000000000000000e+03,1.420944927976698e+07,7.510049708364007e+02,2.981262163961882e+05,7.636169324779058e-03,4.765657221171696e+08,0.000000000000000e+00,3.772850175042777e-07,7.999131681243614e+10,7.999131681243614e+10,-3.574375733440575e+00,2.664552407610816e-04,1.000000000000000e+00,0.000000000000000e+00,2.284749152830447e+03,2.284749152830447e+03,-2.165231406655932e+03,6.326281851403432e-01,1.000000000000000e+03,1.000000000000000e+00,
7.506087013049189e-08,0.000000000000000e+00,-7.507505029966713e-08,3.719859146759698e+03,3.719859146722168e+03,9.298295051339916e+02,7.506087013049189e-08,0.000000000000000e+00,-1.000000000000000e+03,2.479906097814779e+03,3.753044335040684e-08,2.346579086383695e+05,4.261523146726879e-06,8.247149506231422e+08,0.000000000000000e+00,-2.037903068519143e-15,4.955790067788001e+10,4.955790067788002e+10,-7.124586405408137e+00,7.506087013049189e-08,1.000000000000000e+00,0.000000000000000e+00,-1.000143066126641e+00,1.000000109898935e+00,-8.933758627838310e-01,7.506087843513629e-08,1.000000000000000e+03,1.000000000000000e+00,
7.506476355254102e-08,0.000000000000000e+00,-7.671391961077495e-08,3.720249822061390e+03,3.720249822023846e+03,9.298789267493418e+02,7.506476355254102e-08,0.000000000000000e+00,-1.000000000000000e+03,2.480166548015898e+03,3.754422501354386e-08,2.346641447379655e+05,4.170419080397284e-06,8.247159403969852e+08,0.000000000000000e+00,-5.472542654181290e-10,4.956053474304072e+10,4.956053474304072e+10,-7.124563879052437e+00,7.506476355254102e-08,1.000000000000000e+00,0.000000000000000e+00,-1.002410174499004e+00,9.949417952530684e-01,-8.305097729708211e-01,7.507660585568671e-08,1.000000000000000e+03,1.000000000000000e+00,
7.726699132403193e-08,0.000000000000000e+00,-7.778371237966059e-08,3.968798714127558e+03,3.968798714089402e+03,9.637302558225141e+02,7.726699132403193e-08,0.000000000000000e+00,-1.000000000000000e+03,2.645865809392935e+03,6.029104371233026e-09,2.388973218208060e+05,8.274499852921849e-07,8.255942880500827e+08,0.000000000000000e+00,-1.341269216266547e-08,5.136473733583837e+10,5.136473733583837e+10,-7.112005998287003e+00,7.726699132403193e-08,1.000000000000000e+00,0.000000000000000e+00,-9.937882675303236e-01,2.677272489331449e-01,-6.999641045374050e-01,4.503915380491265e-08,1.000000000000000e+03,1.000000000000000e+00,
1.747394848102929e-07,0.000000000000000e+00,-4.195477400572467e-08,1.647740572399733e+04,1.647740572399229e+04,1.544423372742735e+03,1.747394848102929e-07,0.000000000000000e+00,-1.000000000000000e+03,1.098493714932820e+04,8.663763103070743e-11,3.024243229048041e+05,8.439280449334755e-08,7.332439495767659e+08,0.000000000000000e+00,-3.824719363738979e-04,8.231442397598628e+10,8.231442397598630e+10,-6.757608949065924e+00,1.747394848102929e-07,1.000000000000000e+00,0.000000000000000e+00,-2.400989910853472e-01,2.748017243562327e-02,-1.063692929283448e-01,6.209404279682890e-09,1.000000000000000e+03,1.000000000000000e+00,
2.189157977421610e-06,0.000000000000000e+00,5.302721406342954e-03,1.800131643816975e+05,1.800067420826667e+05,1.504221259573580e+03,2.189157977421610e-06,0.000000000000000e+00,-1.000000000000000e+03,1.200044947217778e+05,6.422299030791322e+00,2.984622409257296e+05,8.013774694907218e-03,6.465277763510656e+08,0.000000000000000e+00,-4.636112084996284e-06,8.017173833256741e+10,8.017173833256743e+10,-5.659722897067570e+00,2.189157977421610e-06,1.000000000000000e+00,0.000000000000000e+00,2.422265300647009e+03,2.422265300647009e+03,-1.123966336873429e+03,5.302721406342954e-03,1.000000000000000e+03,1.000000000000000e+00,
2.415401499159310e-05,0.000000000000000e+00,6.122652205336029e-02,1.936360863537944e+06,1.936283263871717e+06,1.500844552608957e+03,2.415401499159310e-05,0.000000000000000e+00,-1.000000000000000e+03,1.290855509247812e+06,7.759966622640914e+01,2.981270556095941e+05,7.971473402819911e-03,5.611045609315776e+08,0.000000000000000e+00,1.093477191864622e-06,7.999176715780139e+10,7.999176715780139e+10,-4.617010668483328e+00,2.415401499159310e-05,1.000000000000000e+00,0.000000000000000e+00,2.376511894452892e+03,2.376511894452892e+03,-1.673870656832294e+03,6.122652205336029e-02,1.000000000000000e+03,1.000000000000000e+00,
2.664552407610816e-04,0.000000000000000e+00,6.326281851403432e-01,2.131492492462131e+07,2.131417391965047e+07,1.500836103009551e+03,2.664552407610816e-04,0.000000000000000e+00,-1.000000000000000e+03,1.420944927976698e+07,7.510049708364007e+02,2.981262163961882e+05,7.636169324779058e-03,4.765657221171696e+08,0.000000000000000e+00,3.772850175042777e-07,7.999131681243614e+10,7.999131681243614e+10,-3.574375733440575e+00,2.664552407610816e-04,1.000000000000000e+00,0.000000000000000e+00,2.284749152830447e+03,2.284749152830447e+03,-1.897207194630674e+03,6.326281851403432e-01,1.000000000000000e+03,1.000000000000000e+00,

64,28
2.055758128008931e-02,0.000000000000000e+00,4.648772316557103e+01,2.029054554678889e+09,2.029001992357094e+09,1.853747007868345e+03,2.055758128008931e-02,0.000000000000000e+00,-1.000000000000000e+03,1.352667994904730e+09,5.256232179443874e+04,3.313284782007246e+05,7.631524238790577e-03,4.752929819931070e+08,2.500000000000000e-07,5.651216262644717e-04,9.880070442012724e+10,9.880070442012724e+10,-1.687027983961931e+00,2.055758128008931e-02,1.000000000000000e+00,0.000000000000000e+00,2.284003236895197e+03,2.284003236895197e+03,-1.374396906852190e+03,4.648772316557103e+01,1.000000000000000e+03,1.000000000000000e+00,
2.055758128008931e-02,0.000000000000000e+00,4.648772316557103e+01,2.029054554678889e+09,2.029001992357094e+09,1.853747007868345e+03,2.055758128008931e-02,0.000000000000000e+00,-1.000000000000000e+03,1.352667994904730e+09,5.256232179443874e+04,3.313284782007246e+05,7.631524238790577e-03,4.752929819931070e+08,2.500000000000000e-07,5.651216262644717e-04,9.880070442012724e+10,9.880070442012724e+10,-1.687027983961931e+00,2.055758128008931e-02,1.000000000000000e+00,0.000000000000000e+00,2.284003236895197e+03,2.284003236895197e+03,-1.374396906852190e+03,4.648772316557103e+01,1.000000000000000e+03,1.000000000000000e+00,
2.055758128008931e-02,0.000000000000000e+00,4.648772316557103e+01,2.029054554678889e+09,2.029001992357094e+09,1.853747007868345e+03,2.055758128008931e-02,0.000000000000000e+00,-1.000000000000000e+03,1.352667994904730e+09,5.256232179443874e+04,3.313284782007246e+05,7.631524238790577e-03,4.752929819931070e+08,2.500000000000000e-07,5.651216262644717e-04,9.880070442012724e+10,9.880070442012724e+10,-1.687027983961931e+00,2.055758128008931e-02,1.000000000000000e+00,0.000000000000000e+00,2.284003236895197e+03,2.284003236895197e+03,-1.619234504670967e+03,4.648772316557103e+01,1.000000000000000e+03,1.000000000000000e+00,
2.055758128008931e-02,0.000000000000000e+00,4.648772316557103e+01,2.029054554678889e+09,2.029001992357094e+09,1.853747007868345e+03,2.055758128008931e-02,0.000000000000000e+00,-1.000000000000000e+03,1.352667994904730e+09,5.256232179443874e+04,3.313284782007246e+05,7.631524238790577e-03,4.752929819931070e+08,2.500000000000000e-07,5.651216262644717e-04,9.880070442012724e+10,9.880070442012724e+10,-1.687027983961931e+00,2.055758128008931e-02,1.000000000000000e+00,0.000000000000000e+00,2.284003236895197e+03,2.284003236895197e+03,-1.904201595222661e+03,4.648772316557103e+01,1.000000000000000e+03,1.000000000000000e+00,
2.055758128008931e-02,0.000000000000000e+00,4.648772316557103e+01,2.029054554678889e+09,2.029001992357094e+09,1.853747007868345e+03,2.055758128008931e-02,0.000000000000000e+00,-1.000000000000000e+03,1.352667994904730e+09,5.256232179443874e+04,3.313284782007246e+05,7.631524238790577e-03,4.752929819931070e+08,2.500000000000000e-07,5.651216262644717e-04,9.880070442012724e+10,9.880070442012724e+10,-1.687027983961931e+00,2.055758128008931e-02,1.000000000000000e+00,0.000000000000000e+00,2.284003236895197e+03,2.284003236895197e+03,-2.169038723266368e+03,4.648772316557103e+01,1.000000000000000e+03,1.000000000000000e+00,
2.055758128008931e-02,0.000000000000000e+00,4.648772316557103e+01,2.029054554678889e+09,2.029001992357094e+09,1.853747007868345e+03,2.055758128008931e-02,0.000000000000000e+00,-1.000000000000000e+03,1.352667994904730e+09,5.256232179443874e+04,3.313284782007246e+05,7.631524238790577e-03,4.752929819931070e+08,2.500000000000000e-07,5.651216262644717e-04,9.880070442012724e+10,9.880070442012724e+10,-1.687027983961931e+00,2.055758128008931e-02,1.000000000000000e+00,0.000000000000000e+00,2.284003236895197e+03,2.284003236895197e+03,-2.169038723266368e+03,4.648772316557103e+01,1.000000000000000e+03,1.000000000000000e+00,
2.055758128008931e-02,0.000000000000000e+00,4.648772316557103e+01,2.029054554678889e+09,2.029001992357094e+09,1.853747007868345e+03,2.055758128008931e-02,0.000000000000000e+00,-1.000000000000000e+03,1.352667994904730e+09,5.256232179443874e+04,3.313284782007246e+05,7.631524238790577e-03,4.752929819931070e+08,2.500000000000000e-07,5.651216262644717e-04,9.880070442012724e+10,9.880070442012724e+10,-1.687027983961931e+00,2.055758128008931e-02,1.000000000000000e+00,0.000000000000000e+00,2.284003236895197e+03,2.284003236895197e+03,-1.904201595222661e+03,4.648772316557103e+01,1.000000000000000e+03,1.000000000000000e+00,
2.055758128008931e-02,0.000000000000000e+00,4.648772316557103e+01,2.029054554678889e+09,2.029001992357094e+09,1.853747007868345e+03,2.055758128008931e-02,0.000000000000000e+00,-1.000000000000000e+03,1.352667994904730e+09,5.256232179443874e+04,3.313284782007246e+05,7.631524238790577e-03,4.752929819931070e+08,2.500000000000000e-07,5.651216262644717e-04,9.880070442012724e+10,9.880070442012724e+10,-1.687027983961931e+00,2.055758128008931e-02,1.000000000000000e+00,0.000000000000000e+00,2.284003236895197e+03,2.284003236895197e+03,-1.619234504670967e+03,4.648772316557103e+01,1.000000000000000e+03,1.000000000000000e+00,
7.506431113942347e-08,0.000000000000000e+00,-7.506087843513629e-08,3.720204027727966e+03,3.720204027690423e+03,9.298730847428047e+02,7.506431113942347e-08,0.000000000000000e+00,-1.000000000000000e+03,2.480136018460282e+03,3.754289549816042e-08,2.346634075927408e+05,4.262032484682879e-06,8.247158197001637e+08,0.000000000000000e+00,7.043198982981113e-12,4.956022337673312e+10,4.956022337673312e+10,-7.124566496540368e+00,7.506431113942347e-08,1.000000000000000e+00,0.000000000000000e+00,-1.000000109898935e+00,1.000143066126641e+00,-6.018351963295376e-01,7.507505029966713e-08,1.000000000000000e+03,1.000000000000000e+00,
7.710392706064015e-08,0.000000000000000e+00,-7.507660585568671e-08,3.949616783664403e+03,3.949616783626240e+03,9.611006780684131e+02,7.710392706064015e-08,0.000000000000000e+00,-1.000000000000000e+03,2.633077855750827e+03,3.816724420799191e-08,2.385711785968253e+05,4.264803249191913e-06,8.255237296863036e+08,0.000000000000000e+00,4.112290407426444e-11,5.122458653137049e+10,5.122458653137049e+10,-7.112923501879872e+00,7.710392706064015e-08,1.000000000000000e+00,0.000000000000000e+00,-9.949417952530684e-01,1.002410174499004e+00,-4.470376087037218e-01,7.671391961077495e-08,1.000000000000000e+03,1.000000000000000e+00,
1.682277541206107e-07,0.000000000000000e+00,-4.503915380491265e-08,1.585045750185596e+04,1.585045750184993e+04,1.786030678316172e+03,1.682277541206107e-07,0.000000000000000e+00,-1.000000000000000e+03,1.056697166789995e+04,3.815502448056777e-08,3.252205586268139e+05,4.159897063541599e-06,8.447902840201638e+08,0.000000000000000e+00,-6.086222658595597e-10,9.519157057818320e+10,9.519157057818321e+10,-6.774102352966823e+00,1.682277541206107e-07,1.000000000000000e+00,0.000000000000000e+00,-2.677272489331449e-01,9.937882675303236e-01,-6.553086043280314e-02,7.778371237966059e-08,1.000000000000000e+03,1.000000000000000e+00,
2.108520251890281e-06,0.000000000000000e+00,5.087416585649127e-03,1.735677674099904e+05,1.735616299760500e+05,1.839540220178513e+03,2.108520251890281e-06,0.000000000000000e+00,-1.000000000000000e+03,1.157077533173667e+05,6.137433940398455e+00,3.300564150037438e+05,7.978161214640143e-03,8.289775119413495e+08,0.000000000000000e+00,-4.421446774549474e-10,9.804351337661121e+10,9.804351337661121e+10,-5.676022223322602e+00,2.108520251890281e-06,1.000000000000000e+00,0.000000000000000e+00,2.412790003362916e+03,2.412790003362916e+03,3.384171312362401e+02,5.087416585649127e-03,1.000000000000000e+03,1.000000000000000e+00,
2.326476937426215e-05,0.000000000000000e+00,5.902365761607518e-02,1.865251875340068e+06,1.865177002640874e+06,1.542773217282323e+03,2.326476937426215e-05,0.000000000000000e+00,-1.000000000000000e+03,1.243451335093916e+06,7.487269919455538e+01,3.022627154949050e+05,8.593655026689807e-03,7.318534398246956e+08,0.000000000000000e+00,1.090771590749227e-06,8.222647426051846e+10,8.222647426051846e+10,-4.633301248309385e+00,2.326476937426215e-05,1.000000000000000e+00,0.000000000000000e+00,2.569566245833130e+03,2.569566245833130e+03,-4.740236130050152e+00,5.902365761607518e-02,1.000000000000000e+03,1.000000000000000e+00,
2.566458726967922e-04,0.000000000000000e+00,6.099219691261692e-01,2.053028163417970e+07,2.052955689077254e+07,1.504076695359076e+03,2.566458726967922e-04,0.000000000000000e+00,-1.000000000000000e+03,1.368637126051502e+07,7.247434071582353e+02,2.984478986220756e+05,8.493403041248796e-03,6.451898367988338e+08,0.000000000000000e+00,1.387415805033470e-06,8.016403337273941e+10,8.016403337273941e+10,-3.590665715542790e+00,2.566458726967922e-04,1.000000000000000e+00,0.000000000000000e+00,2.534838289811049e+03,2.534838289811049e+03,-6.204453780900469e+02,6.099219691261692e-01,1.000000000000000e+03,1.000000000000000e+00,
2.800974418421344e-03,0.000000000000000e+00,6.399523929587920e+00,2.256792712380851e+08,2.256719605846468e+08,1.511676569251770e+03,2.800974418421344e-03,0.000000000000000e+00,-1.000000000000000e+03,1.504479737230979e+08,7.310653438322085e+03,2.992009547793196e+05,7.963856129859823e-03,5.597716635803392e+08,0.000000000000000e+00,1.128640989691007e-06,8.056909020677084e+10,8.056909020677083e+10,-2.552690857613127e+00,2.800974418421344e-03,1.000000000000000e+00,0.000000000000000e+00,2.374238102179392e+03,2.374238102179392e+03,-1.066769663065137e+03,6.399523929587920e+00,1.000000000000000e+03,1.000000000000000e+00,
7.506431113942347e-08,0.000000000000000e+00,-7.506087843513629e-08,3.720204027727966e+03,3.720204027690423e+03,9.298730847428047e+02,7.506431113942347e-08,0.000000000000000e+00,-1.000000000000000e+03,2.480136018460282e+03,3.754289549816042e-08,2.346634075927408e+05,4.262032484682879e-06,8.247158197001637e+08,0.000000000000000e+00,7.043198982981113e-12,4.956022337673312e+10,4.956022337673312e+10,-7.124566496540368e+00,7.506431113942347e-08,1.000000000000000e+00,0.000000000000000e+00,-1.000000109898935e+00,1.000143066126641e+00,-6.018351963295376e-01,7.507505029966713e-08,1.000000000000000e+03,1.000000000000000e+00,
7.710392706064015e-08,0.000000000000000e+00,-7.507660585568671e-08,3.949616783664403e+03,3.949616783626240e+03,9.611006780684131e+02,7.710392706064015e-08,0.000000000000000e+00,-1.000000000000000e+03,2.633077855750827e+03,3.816724420799191e-08,2.385711785968253e+05,4.264803249191913e-06,8.255237296863036e+08,0.000000000000000e+00,4.112290407426444e-11,5.122458653137049e+10,5.122458653137049e+10,-7.112923501879872e+00,7.710392706064015e-08,1.000000000000000e+00,0.000000000000000e+00,-9.949417952530684e-01,1.002410174499004e+00,-4.470376087037218e-01,7.671391961077495e-08,1.000000000000000e+03,1.000000000000000e+00,
1.682277541206107e-07,0.000000000000000e+00,-4.503915380491265e-08,1.585045750185596e+04,1.585045750184993e+04,1.786030678316172e+03,1.682277541206107e-07,0.000000000000000e+00,-1.000000000000000e+03,1.056697166789995e+04,3.815502448056777e-08,3.252205586268139e+05,4.159897063541599e-06,8.447902840201638e+08,0.000000000000000e+00,-6.086222658595597e-10,9.519157057818320e+10,9.519157057818321e+10,-6.774102352966823e+00,1.682277541206107e-07,1.000000000000000e+00,0.000000000000000e+00,-2.677272489331449e-01,9.937882675303236e-01,-6.553086043280314e-02,7.778371237966059e-08,1.000000000000000e+03,1.000000000000000e+00,
2.108520251890281e-06,0.000000000000000e+00,5.087416585649127e-03,1.735677674099904e+05,1.735616299760500e+05,1.839540220178513e+03,2.108520251890281e-06,0.000000000000000e+00,-1.000000000000000e+03,1.157077533173667e+05,6.137433940398455e+00,3.300564150037438e+05,7.978161214640143e-03,8.289775119413495e+08,0.000000000000000e+00,-4.421446774549474e-10,9.804351337661121e+10,9.804351337661121e+10,-5.676022223322602e+00,2.108520251890281e-06,1.000000000000000e+00,0.000000000000000e+00,2.412790003362916e+03,2.412790003362916e+03,3.384171312362401e+02,5.087416585649127e-03,1.000000000000000e+03,1.000000000000000e+00,
2.326476937426215e-05,0.000000000000000e+00,5.902365761607518e-02,1.865251875340068e+06,1.865177002640874e+06,1.542773217282323e+03,2.326476937426215e-05,0.000000000000000e+00,-1.000000000000000e+03,1.243451335093916e+06,7.487269919455538e+01,3.022627154949050e+05,8.593655026689807e-03,7.318534398246956e+08,0.000000000000000e+00,1.090771590749227e-06,8.222647426051846e+10,8.222647426051846e+10,-4.633301248309385e+00,2.326476937426215e-05,1.000000000000000e+00,0.000000000000000e+00,2.569566245833130e+03,2.569566245833130e+03,-4.740236130050152e+00,5.902365761607518e-02,1.000000000000000e+03,1.000000000000000e+00,
2.566458726967922e-04,0.000000000000000e+00,6.099219691261692e-01,2.053028163417970e+07,2.052955689077254e+07,1.504076695359076e+03,2.566458726967922e-04,0.000000000000000e+00,-1.000000000000000e+03,1.368637126051502e+07,7.247434071582353e+02,2.984478986220756e+05,8.493403041248796e-03,6.451898367988338e+08,0.000000000000000e+00,1.387415805033470e-06,8.016403337273941e+10,8.016403337273941e+10,-3.590665715542790e+00,2.566458726967922e-04,1.000000000000000e+00,0.000000000000000e+00,2.534838289811049e+03,2.534838289811049e+03,-6.204453780900469e+02,6.099219691261692e-01,1.000000000000000e+03,1.000000000000000e+00,
2.800974418421344e-03,0.000000000000000e+00,6.399523929587920e+00,2.256792712380851e+08,2.256719605846468e+08,1.511676569251770e+03,2.800974418421344e-03,0.000000000000000e+00,-1.000000000000000e+03,1.504479737230979e+08,7.310653438322085e+03,2.992009547793196e+05,7.963856129859823e-03,5.597716635803392e+08,0.000000000000000e+00,1.128640989691007e-06,8.056909020677084e+10,8.056909020677083e+10,-2.552690857613127e+00,2.800974418421344e-03,1.000000000000000e+00,0.000000000000000e+00,2.374238102179392e+03,2.374238102179392e+03,-1.066769663065137e+03,6.399523929587920e+00,1.000000000000000e+03,1.000000000000000e+00,
7.506431113942347e-08,0.000000000000000e+00,-7.506087843513629e-08,3.720204027727966e+03,3.720204027690423e+03,9.298730847428047e+02,7.506431113942347e-08,0.000000000000000e+00,-1.000000000000000e+03,2.480136018460282e+03,3.754289549816042e-08,2.346634075927408e+05,4.262032484682879e-06,8.247158197001637e+08,0.000000000000000e+00,7.043198982981113e-12,4.956022337673312e+10,4.956022337673312e+10,-7.124566496540368e+00,7.506431113942347e-08,1.000000000000000e+00,0.000000000000000e+00,-1.000000109898935e+00,1.000143066126641e+00,-7.090472273065274e-01,7.507505029966713e-08,1.000000000000000e+03,1.000000000000000e+00,
7.710392706064015e-08,0.000000000000000e+00,-7.507660585568671e-08,3.949616783664403e+03,3.949616783626240e+03,9.611006780684131e+02,7.710392706064015e-08,0.000000000000000e+00,-1.000000000000000e+03,2.633077855750827e+03,3.816724420799191e-08,2.385711785968253e+05,4.264803249191913e-06,8.255237296863036e+08,0.000000000000000e+00,4.112290407426444e-11,5.122458653137049e+10,5.122458653137049e+10,-7.112923501879872e+00,7.710392706064015e-08,1.000000000000000e+00,0.000000000000000e+00,-9.949417952530684e-01,1.002410174499004e+00,-5.543809039802627e-01,7.671391961077495e-08,1.000000000000000e+03,1.000000000000000e+00,
1.682277541206107e-07,0.000000000000000e+00,-4.503915380491265e-08,1.585045750185596e+04,1.585045750184993e+04,1.786030678316172e+03,1.682277541206107e-07,0.000000000000000e+00,-1.000000000000000e+03,1.056697166789995e+04,3.815502448056777e-08,3.252205586268139e+05,4.159897063541599e-06,8.447902840201638e+08,0.000000000000000e+00,-6.086222658595597e-10,9.519157057818320e+10,9.519157057818321e+10,-6.774102352966823e+00,1.682277541206107e-07,1.000000000000000e+00,0.000000000000000e+00,-2.677272489331449e-01,9.937882675303236e-01,-8.545732702691494e-02,7.778371237966059e-08,1.000000000000000e+03,1.000000000000000e+00,
2.108520251890281e-06,0.000000000000000e+00,5.087416585649127e-03,1.735677674099904e+05,1.735616299760500e+05,1.839540220178513e+03,2.108520251890281e-06,0.000000000000000e+00,-1.000000000000000e+03,1.157077533173667e+05,6.137433940398455e+00,3.300564150037438e+05,7.978161214640143e-03,8.289775119413495e+08,0.000000000000000e+00,-4.421446774549474e-10,9.804351337661121e+10,9.804351337661121e+10,-5.676022223322602e+00,2.108520251890281e-06,1.000000000000000e+00,0.000000000000000e+00,2.412790003362916e+03,2.412790003362916e+03,4.929158152312195e+02,5.087416585649127e-03,1.000000000000000e+03,1.000000000000000e+00,
2.326476937426215e-05,0.000000000000000e+00,5.902365761607518e-02,1.865251875340068e+06,1.865177002640874e+06,1.542773217282323e+03,2.326476937426215e-05,0.000000000000000e+00,-1.000000000000000e+03,1.243451335093916e+06,7.487269919455538e+01,3.022627154949050e+05,8.593655026689807e-03,7.318534398246956e+08,0.000000000000000e+00,1.090771590749227e-06,8.222647426051846e+10,8.222647426051846e+10,-4.633301248309385e+00,2.326476937426215e-05,1.000000000000000e+00,0.000000000000000e+00,2.569566245833130e+03,2.569566245833130e+03,-6.324430924866427e+00,5.902365761607518e-02,1.000000000000000e+03,1.000000000000000e+00,
2.566458726967922e-04,0.000000000000000e+00,6.099219691261692e-01,2.053028163417970e+07,2.052955689077254e+07,1.504076695359076e+03,2.566458726967922e-04,0.000000000000000e+00,-1.000000000000000e+03,1.368637126051502e+07,7.247434071582353e+02,2.984478986220756e+05,8.493403041248796e-03,6.451898367988338e+08,0.000000000000000e+00,1.387415805033470e-06,8.016403337273941e+10,8.016403337273941e+10,-3.590665715542790e+00,2.566458726967922e-04,1.000000000000000e+00,0.000000000000000e+00,2.534838289811049e+03,2.534838289811049e+03,-8.091089179600901e+02,6.099219691261692e-01,1.000000000000000e+03,1.000000000000000e+00,
2.800974418421344e-03,0.000000000000000e+00,6.399523929587920e+00,2.256792712380851e+08,2.256719605846468e+08,1.511676569251770e+03,2.800974418421344e-03,0.000000000000000e+00,-1.000000000000000e+03,1.504479737230979e+08,7.310653438322085e+03,2.992009547793196e+05,7.963856129859823e-03,5.597716635803392e+08,0.000000000000000e+00,1.128640989691007e-06,8.056909020677084e+10,8.056909020677083e+10,-2.552690857613127e+00,2.800974418421344e-03,1.000000000000000e+00,0.000000000000000e+00,2.374238102179392e+03,2.374238102179392e+03,-1.322923885226678e+03,6.399523929587920e+00,1.000000000000000e+03,1.000000000000000e+00,
7.506431113942347e-08,0.000000000000000e+00,-7.506087843513629e-08,3.720204027727966e+03,3.720204027690423e+03,9.298730847428047e+02,7.506431113942347e-08,0.000000000000000e+00,-1.000000000000000e+03,2.480136018460282e+03,3.754289549816042e-08,2.346634075927408e+05,4.262032484682879e-06,8.247158197001637e+08,0.000000000000000e+00,7.043198982981113e-12,4.956022337673312e+10,4.956022337673312e+10,-7.124566496540368e+00,7.506431113942347e-08,1.000000000000000e+00,0.000000000000000e+00,-1.000000109898935e+00,1.000143066126641e+00,-8.338315774710175e-01,7.507505029966713e-08,1.000000000000000e+03,1.000000000000000e+00,
7.710392706064015e-08,0.000000000000000e+00,-7.507660585568671e-08,3.949616783664403e+03,3.949616783626240e+03,9.611006780684131e+02,7.710392706064015e-08,0.000000000000000e+00,-1.000000000000000e+03,2.633077855750827e+03,3.816724420799191e-08,2.385711785968253e+05,4.264803249191913e-06,8.255237296863036e+08,0.000000000000000e+00,4.112290407426444e-11,5.122458653137049e+10,5.122458653137049e+10,-7.112923501879872e+00,7.710392706064015e-08,1.000000000000000e+00,0.000000000000000e+00,-9.949417952530684e-01,1.002410174499004e+00,-7.062728663108444e-01,7.671391961077495e-08,1.000000000000000e+03,1.000000000000000e+00,
1.682277541206107e-07,0.000000000000000e+00,-4.503915380491265e-08,1.585045750185596e+04,1.585045750184993e+04,1.786030678316172e+03,1.682277541206107e-07,0.000000000000000e+00,-1.000000000000000e+03,1.056697166789995e+04,3.815502448056777e-08,3.252205586268139e+05,4.159897063541599e-06,8.447902840201638e+08,0.000000000000000e+00,-6.086222658595597e-10,9.519157057818320e+10,9.519157057818321e+10,-6.774102352966823e+00,1.682277541206107e-07,1.000000000000000e+00,0.000000000000000e+00,-2.677272489331449e-01,9.937882675303236e-01,-1.208541709492847e-01,7.778371237966059e-08,1.000000000000000e+03,1.000000000000000e+00,
2.108520251890281e-06,0.000000000000000e+00,5.087416585649127e-03,1.735677674099904e+05,1.735616299760500e+05,1.839540220178513e+03,2.108520251890281e-06,0.000000000000000e+00,-1.000000000000000e+03,1.157077533173667e+05,6.137433940398455e+00,3.300564150037438e+05,7.978161214640143e-03,8.289775119413495e+08,0.000000000000000e+00,-4.421446774549474e-10,9.804351337661121e+10,9.804351337661121e+10,-5.676022223322602e+00,2.108520251890281e-06,1.000000000000000e+00,0.000000000000000e+00,2.412790003362916e+03,2.412790003362916e+03,8.636899868934656e+02,5.087416585649127e-03,1.000000000000000e+03,1.000000000000000e+00,
2.326476937426215e-05,0.000000000000000e+00,5.902365761607518e-02,1.865251875340068e+06,1.865177002640874e+06,1.542773217282323e+03,2.326476937426215e-05,0.000000000000000e+00,-1.000000000000000e+03,1.243451335093916e+06,7.487269919455538e+01,3.022627154949050e+05,8.593655026689807e-03,7.318534398246956e+08,0.000000000000000e+00,1.090771590749227e-06,8.222647426051846e+10,8.222647426051846e+10,-4.633301248309385e+00,2.326476937426215e-05,1.000000000000000e+00,0.000000000000000e+00,2.569566245833130e+03,2.569566245833130e+03,-9.499006569472707e+00,5.902365761607518e-02,1.000000000000000e+03,1.000000000000000e+00,
2.566458726967922e-04,0.000000000000000e+00,6.099219691261692e-01,2.053028163417970e+07,2.052955689077254e+07,1.504076695359076e+03,2.566458726967922e-04,0.000000000000000e+00,-1.000000000000000e+03,1.368637126051502e+07,7.247434071582353e+02,2.984478986220756e+05,8.493403041248796e-03,6.451898367988338e+08,0.000000000000000e+00,1.387415805033470e-06,8.016403337273941e+10,8.016403337273941e+10,-3.590665715542790e+00,2.566458726967922e-04,1.000000000000000e+00,0.000000000000000e+00,2.534838289811049e+03,2.534838289811049e+03,-1.144245799508124e+03,6.099219691261692e-01,1.000000000000000e+03,1.000000000000000e+00,
2.800974418421344e-03,0.000000000000000e+00,6.399523929587920e+00,2.256792712380851e+08,2.256719605846468e+08,1.511676569251770e+03,2.800974418421344e-03,0.000000000000000e+00,-1.000000000000000e+03,1.504479737230979e+08,7.310653438322085e+03,2.992009547793196e+05,7.963856129859823e-03,5.597716635803392e+08,0.000000000000000e+00,1.128640989691007e-06,8.056909020677084e+10,8.056909020677083e+10,-2.552690857613127e+00,2.800974418421344e-03,1.000000000000000e+00,0.000000000000000e+00,2.374238102179392e+03,2.374238102179392e+03,-1.685384971996418e+03,6.399523929587920e+00,1.000000000000000e+03,1.000000000000000e+00,
7.506431113942347e-08,0.000000000000000e+00,-7.506087843513629e-08,3.720204027727966e+03,3.720204027690423e+03,9.298730847428047e+02,7.506431113942347e-08,0.000000000000000e+00,-1.000000000000000e+03,2.480136018460282e+03,3.754289549816042e-08,2.346634075927408e+05,4.262032484682879e-06,8.247158197001637e+08,0.000000000000000e+00,7.043198982981113e-12,4.956022337673312e+10,4.956022337673312e+10,-7.124566496540368e+00,7.506431113942347e-08,1.000000000000000e+00,0.000000000000000e+00,-1.000000109898935e+00,1.000143066126641e+00,-9.498012105201681e-01,7.507505029966713e-08,1.000000000000000e+03,1.000000000000000e+00,
7.710392706064015e-08,0.000000000000000e+00,-7.507660585568671e-08,3.949616783664403e+03,3.949616783626240e+03,9.611006780684131e+02,7.710392706064015e-08,0.000000000000000e+00,-1.000000000000000e+03,2.633077855750827e+03,3.816724420799191e-08,2.385711785968253e+05,4.264803249191913e-06,8.255237296863036e+08,0.000000000000000e+00,4.112290407426444e-11,5.122458653137049e+10,5.122458653137049e+10,-7.112923501879872e+00,7.710392706064015e-08,1.000000000000000e+00,0.000000000000000e+00,-9.949417952530684e-01,1.002410174499004e+00,-8.919756825113845e-01,7.671391961077495e-08,1.000000000000000e+03,1.000000000000000e+00,
1.682277541206107e-07,0.000000000000000e+00,-4.503915380491265e-08,1.585045750185596e+04,1.585045750184993e+04,1.786030678316172e+03,1.682277541206107e-07,0.000000000000000e+00,-1.000000000000000e+03,1.056697166789995e+04,3.815502448056777e-08,3.252205586268139e+05,4.159897063541599e-06,8.447902840201638e+08,0.000000000000000e+00,-6.086222658595597e-10,9.519157057818320e+10,9.519157057818321e+10,-6.774102352966823e+00,1.682277541206107e-07,1.000000000000000e+00,0.000000000000000e+00,-2.677272489331449e-01,9.937882675303236e-01,-1.907849290960072e-01,7.778371237966059e-08,1.000000000000000e+03,1.000000000000000e+00,
2.108520251890281e-06,0.000000000000000e+00,5.087416585649127e-03,1.735677674099904e+05,1.735616299760500e+05,1.839540220178513e+03,2.108520251890281e-06,0.000000000000000e+00,-1.000000000000000e+03,1.157077533173667e+05,6.137433940398455e+00,3.300564150037438e+05,7.978161214640143e-03,8.289775119413495e+08,0.000000000000000e+00,-4.421446774549474e-10,9.804351337661121e+10,9.804351337661121e+10,-5.676022223322602e+00,2.108520251890281e-06,1.000000000000000e+00,0.000000000000000e+00,2.412790003362916e+03,2.412790003362916e+03,2.357885477429560e+03,5.087416585649127e-03,1.000000000000000e+03,1.000000000000000e+00,
2.326476937426215e-05,0.000000000000000e+00,5.902365761607518e-02,1.865251875340068e+06,1.865177002640874e+06,1.542773217282323e+03,2.326476937426215e-05,0.000000000000000e+00,-1.000000000000000e+03,1.243451335093916e+06,7.487269919455538e+01,3.022627154949050e+05,8.593655026689807e-03,7.318534398246956e+08,0.000000000000000e+00,1.090771590749227e-06,8.222647426051846e+10,8.222647426051846e+10,-4.633301248309385e+00,2.326476937426215e-05,1.000000000000000e+00,0.000000000000000e+00,2.569566245833130e+03,2.569566245833130e+03,-1.907236388790581e+01,5.902365761607518e-02,1.000000000000000e+03,1.000000000000000e+00,
2.566458726967922e-04,0.000000000000000e+00,6.099219691261692e-01,2.053028163417970e+07,2.052955689077254e+07,1.504076695359076e+03,2.566458726967922e-04,0.000000000000000e+00,-1.000000000000000e+03,1.368637126051502e+07,7.247434071582353e+02,2.984478986220756e+05,8.493403041248796e-03,6.451898367988338e+08,0.000000000000000e+00,1.387415805033470e-06,8.016403337273941e+10,8.016403337273941e+10,-3.590665715542790e+00,2.566458726967922e-04,1.000000000000000e+00,0.000000000000000e+00,2.534838289811049e+03,2.534838289811049e+03,-1.806349354869772e+03,6.099219691261692e-01,1.000000000000000e+03,1.000000000000000e+00,
2.800974418421344e-03,0.000000000000000e+00,6.399523929587920e+00,2.256792712380851e+08,2.256719605846468e+08,1.511676569251770e+03,2.800974418421344e-03,0.000000000000000e+00,-1.000000000000000e+03,1.504479737230979e+08,7.310653438322085e+03,2.992009547793196e+05,7.963856129859823e-03,5.597716635803392e+08,0.000000000000000e+00,1.128640989691007e-06,8.056909020677084e+10,8.056909020677083e+10,-2.552690857613127e+00,2.800974418421344e-03,1.000000000000000e+00,0.000000000000000e+00,2.374238102179392e+03,2.374238102179392e+03,-2.128529188079122e+03,6.399523929587920e+00,1.000000000000000e+03,1.000000000000000e+00,
7.506431113942347e-08,0.000000000000000e+00,-7.506087843513629e-08,3.720204027727966e+03,3.720204027690423e+03,9.298730847428047e+02,7.506431113942347e-08,0.000000000000000e+00,-1.000000000000000e+03,2.480136018460282e+03,3.754289549816042e-08,2.346634075927408e+05,4.262032484682879e-06,8.247158197001637e+08,0.000000000000000e+00,7.043198982981113e-12,4.956022337673312e+10,4.956022337673312e+10,-7.124566496540368e+00,7.506431113942347e-08,1.000000000000000e+00,0.000000000000000e+00,-1.000000109898935e+00,1.000143066126641e+00,-9.498012105201681e-01,7.507505029966713e-08,1.000000000000000e+03,1.000000000000000e+00,
7.710392706064015e-08,0.000000000000000e+00,-7.507660585568671e-08,3.949616783664403e+03,3.949616783626240e+03,9.611006780684131e+02,7.710392706064015e-08,0.000000000000000e+00,-1.000000000000000e+03,2.633077855750827e+03,3.816724420799191e-08,2.385711785968253e+05,4.264803249191913e-06,8.255237296863036e+08,0.000000000000000e+00,4.112290407426444e-11,5.122458653137049e+10,5.122458653137049e+10,-7.112923501879872e+00,7.710392706064015e-08,1.000000000000000e+00,0.000000000000000e+00,-9.949417952530684e-01,1.002410174499004e+00,-8.919756825113845e-01,7.671391961077495e-08,1.000000000000000e+03,1.000000000000000e+00,
1.682277541206107e-07,0.000000000000000e+00,-4.503915380491265e-08,1.585045750185596e+04,1.585045750184993e+04,1.786030678316172e+03,1.682277541206107e-07,0.000000000000000e+00,-1.000000000000000e+03,1.056697166789995e+04,3.815502448056777e-08,3.252205586268139e+05,4.159897063541599e-06,8.447902840201638e+08,0.000000000000000e+00,-6.086222658595597e-10,9.519157057818320e+10,9.519157057818321e+10,-6.774102352966823e+00,1.682277541206107e-07,1.000000000000000e+00,0.000000000000000e+00,-2.677272489331449e-01,9.937882675303236e-01,-1.907849290960072e-01,7.778371237966059e-08,1.000000000000000e+03,1.000000000000000e+00,
2.108520251890281e-06,0.000000000000000e+00,5.087416585649127e-03,1.735677674099904e+05,1.735616299760500e+05,1.839540220178513e+03,2.108520251890281e-06,0.000000000000000e+00,-1.000000000000000e+03,1.157077533173667e+05,6.137433940398455e+00,3.300564150037438e+05,7.978161214640143e-03,8.289775119413495e+08,0.000000000000000e+00,-4.421446774549474e-10,9.804351337661121e+10,9.804351337661121e+10,-5.676022223322602e+00,2.108520251890281e-06,1.000000000000000e+00,0.000000000000000e+00,2.412790003362916e+03,2.412790003362916e+03,2.357885477429560e+03,5.087416585649127e-03,1.000000000000000e+03,1.000000000000000e+00,
2.326476937426215e-05,0.000000000000000e+00,5.902365761607518e-02,1.865251875340068e+06,1.865177002640874e+06,1.542773217282323e+03,2.326476937426215e-05,0.000000000000000e+00,-1.000000000000000e+03,1.243451335093916e+06,7.487269919455538e+01,3.022627154949050e+05,8.593655026689807e-03,7.318534398246956e+08,0.000000000000000e+00,1.090771590749227e-06,8.222647426051846e+10,8.222647426051846e+10,-4.633301248309385e+00,2.326476937426215e-05,1.000000000000000e+00,0.000000000000000e+00,2.569566245833130e+03,2.569566245833130e+03,-1.907236388790581e+01,5.902365761607518e-02,1.000000000000000e+03,1.000000000000000e+00,
2.566458726967922e-04,0.000000000000000e+00,6.099219691261692e-01,2.053028163417970e+07,2.052955689077254e+07,1.504076695359076e+03,2.566458726967922e-04,0.000000000000000e+00,-1.000000000000000e+03,1.368637126051502e+07,7.247434071582353e+02,2.984478986220756e+05,8.493403041248796e-03,6.451898367988338e+08,0.000000000000000e+00,1.387415805033470e-06,8.016403337273941e+10,8.016403337273941e+10,-3.590665715542790e+00,2.566458726967922e-04,1.000000000000000e+00,0.000000000000000e+00,2.534838289811049e+03,2.534838289811049e+03,-1.806349354869772e+03,6.099219691261692e-01,1.000000000000000e+03,1.000000000000000e+00,
2.800974418421344e-03,0.000000000000000e+00,6.399523929587920e+00,2.256792712380851e+08,2.256719605846468e+08,1.511676569251770e+03,2.800974418421344e-03,0.000000000000000e+00,-1.000000000000000e+03,1.504479737230979e+08,7.310653438322085e+03,2.992009547793196e+05,7.963856129859823e-03,5.597716635803392e+08,0.000000000000000e+00,1.128640989691007e-06,8.056909020677084e+10,8.056909020677083e+10,-2.552690857613127e+00,2.800974418421344e-03,1.000000000000000e+00,0.000000000000000e+00,2.374238102179392e+03,2.374238102179392e+03,-2.128529188079122e+03,6.399523929587920e+00,1.000000000000000e+03,1.000000000000000e+00,
7.506431113942347e-08,0.000000000000000e+00,-7.506087843513629e-08,3.720204027727966e+03,3.720204027690423e+03,9.298730847428047e+02,7.506431113942347e-08,0.000000000000000e+00,-1.000000000000000e+03,2.480136018460282e+03,3.754289549816042e-08,2.346634075927408e+05,4.262032484682879e-06,8.247158197001637e+08,0.000000000000000e+00,7.043198982981113e-12,4.956022337673312e+10,4.956022337673312e+10,-7.124566496540368e+00,7.506431113942347e-08,1.000000000000000e+00,0.000000000000000e+00,-1.000000109898935e+00,1.000143066126641e+00,-8.338315774710175e-01,7.507505029966713e-08,1.000000000000000e+03,1.000000000000000e+00,
7.710392706064015e-08,0.000000000000000e+00,-7.507660585568671e-08,3.949616783664403e+03,3.949616783626240e+03,9.611006780684131e+02,7.710392706064015e-08,0.000000000000000e+00,-1.000000000000000e+03,2.633077855750827e+03,3.816724420799191e-08,2.385711785968253e+05,4.264803249191913e-06,8.255237296863036e+08,0.000000000000000e+00,4.112290407426444e-11,5.122458653137049e+10,5.122458653137049e+10,-7.112923501879872e+00,7.710392706064015e-08,1.000000000000000e+00,0.000000000000000e+00,-9.949417952530684e-01,1.002410174499004e+00,-7.062728663108444e-01,7.671391961077495e-08,1.000000000000000e+03,1.000000000000000e+00,
1.682277541206107e-07,0.000000000000000e+00,-4.503915380491265e-08,1.585045750185596e+04,1.585045750184993e+04,1.786030678316172e+03,1.682277541206107e-07,0.000000000000000e+00,-1.000000000000000e+03,1.056697166789995e+04,3.815502448056777e-08,3.252205586268139e+05,4.159897063541599e-06,8.447902840201638e+08,0.000000000000000e+00,-6.086222658595597e-10,9.519157057818320e+10,9.519157057818321e+10,-6.774102352966823e+00,1.682277541206107e-07,1.000000000000000e+00,0.000000000000000e+00,-2.677272489331449e-01,9.937882675303236e-01,-1.208541709492847e-01,7.778371237966059e-08,1.000000000000000e+03,1.000000000000000e+00,
2.108520251890281e-06,0.000000000000000e+00,5.087416585649127e-03,1.735677674099904e+05,1.735616299760500e+05,1.839540220178513e+03,2.108520251890281e-06,0.000000000000000e+00,-1.000000000000000e+03,1.157077533173667e+05,6.137433940398455e+00,3.300564150037438e+05,7.978161214640143e-03,8.289775119413495e+08,0.000000000000000e+00,-4.421446774549474e-10,9.804351337661121e+10,9.804351337661121e+10,-5.676022223322602e+00,2.108520251890281e-06,1.000000000000000e+00,0.000000000000000e+00,2.412790003362916e+03,2.412790003362916e+03,8.636899868934656e+02,5.087416585649127e-03,1.000000000000000e+03,1.000000000000000e+00,
2.326476937426215e-05,0.000000000000000e+00,5.902365761607518e-02,1.865251875340068e+06,1.865177002640874e+06,1.542773217282323e+03,2.326476937426215e-05,0.000000000000000e+00,-1.000000000000000e+03,1.243451335093916e+06,7.487269919455538e+01,3.022627154949050e+05,8.593655026689807e-03,7.318534398246956e+08,0.000000000000000e+00,1.090771590749227e-06,8.222647426051846e+10,8.222647426051846e+10,-4.633301248309385e+00,2.326476937426215e-05,1.000000000000000e+00,0.000000000000000e+00,2.569566245833130e+03,2.569566245833130e+03,-9.499006569472707e+00,5.902365761607518e-02,1.000000000000000e+03,1.000000000000000e+00,
2.566458726967922e-04,0.000000000000000e+00,6.099219691261692e-01,2.053028163417970e+07,2.052955689077254e+07,1.504076695359076e+03,2.566458726967922e-04,0.000000000000000e+00,-1.000000000000000e+03,1.368637126051502e+07,7.247434071582353e+02,2.984478986220756e+05,8.493403041248796e-03,6.451898367988338e+08,0.000000000000000e+00,1.387415805033470e-06,8.016403337273941e+10,8.016403337273941e+10,-3.590665715542790e+00,2.566458726967922e-04,1.000000000000000e+00,0.000000000000000e+00,2.534838289811049e+03,2.534838289811049e+03,-1.144245799508124e+03,6.099219691261692e-01,1.000000000000000e+03,1.000000000000000e+00,
2.800974418421344e-03,0.000000000000000e+00,6.399523929587920e+00,2.256792712380851e+08,2.256719605846468e+08,1.511676569251770e+03,2.800974418421344e-03,0.000000000000000e+00,-1.000000000000000e+03,1.504479737230979e+08,7.310653438322085e+03,2.992009547793196e+05,7.963856129859823e-03,5.597716635803392e+08,0.000000000000000e+00,1.128640989691007e-06,8.056909020677084e+10,8.056909020677083e+10,-2.552690857613127e+00,2.800974418421344e-03,1.000000000000000e+00,0.000000000000000e+00,2.374238102179392e+03,2.374238102179392e+03,-1.685384971996418e+03,6.399523929587920e+00,1.000000000000000e+03,1.000000000000000e+00,
7.506431113942347e-08,0.000000000000000e+00,-7.506087843513629e-08,3.720204027727966e+03,3.720204027690423e+03,9.298730847428047e+02,7.506431113942347e-08,0.000000000000000e+00,-1.000000000000000e+03,2.480136018460282e+03,3.754289549816042e-08,2.346634075927408e+05,4.262032484682879e-06,8.247158197001637e+08,0.000000000000000e+00,7.043198982981113e-12,4.956022337673312e+10,4.956022337673312e+10,-7.124566496540368e+00,7.506431113942347e-08,1.000000000000000e+00,0.000000000000000e+00,-1.000000109898935e+00,1.000143066126641e+00,-7.090472273065274e-01,7.507505029966713e-08,1.000000000000000e+03,1.000000000000000e+00,
7.710392706064015e-08,0.000000000000000e+00,-7.507660585568671e-08,3.949616783664403e+03,3.949616783626240e+03,9.611006780684131e+02,7.710392706064015e-08,0.000000000000000e+00,-1.000000000000000e+03,2.633077855750827e+03,3.816724420799191e-08,2.385711785968253e+05,4.264803249191913e-06,8.255237296863036e+08,0.000000000000000e+00,4.112290407426444e-11,5.122458653137049e+10,5.122458653137049e+10,-7.112923501879872e+00,7.710392706064015e-08,1.000000000000000e+00,0.000000000000000e+00,-9.949417952530684e-01,1.002410174499004e+00,-5.543809039802627e-01,7.671391961077495e-08,1.000000000000000e+03,1.000000000000000e+00,
1.682277541206107e-07,0.000000000000000e+00,-4.503915380491265e-08,1.585045750185596e+04,1.585045750184993e+04,1.786030678316172e+03,1.682277541206107e-07,0.000000000000000e+00,-1.000000000000000e+03,1.056697166789995e+04,3.815502448056777e-08,3.252205586268139e+05,4.159897063541599e-06,8.447902840201638e+08,0.000000000000000e+00,-6.086222658595597e-10,9.519157057818320e+10,9.519157057818321e+10,-6.774102352966823e+00,1.682277541206107e-07,1.000000000000000e+00,0.000000000000000e+00,-2.677272489331449e-01,9.937882675303236e-01,-8.545732702691494e-02,7.778371237966059e-08,1.000000000000000e+03,1.000000000000000e+00,
2.108520251890281e-06,0.000000000000000e+00,5.087416585649127e-03,1.735677674099904e+05,1.735616299760500e+05,1.839540220178513e+03,2.108520251890281e-06,0.000000000000000e+00,-1.000000000000000e+03,1.157077533173667e+05,6.137433940398455e+00,3.300564150037438e+05,7.978161214640143e-03,8.289775119413495e+08,0.000000000000000e+00,-4.421446774549474e-10,9.804351337661121e+10,9.804351337661121e+10,-5.676022223322602e+00,2.108520251890281e-06,1.000000000000000e+00,0.000000000000000e+00,2.412790003362916e+03,2.412790003362916e+03,4.929158152312195e+02,5.087416585649127e-03,1.000000000000000e+03,1.000000000000000e+00,
2.326476937426215e-05,0.000000000000000e+00,5.902365761607518e-02,1.865251875340068e+06,1.865177002640874e+06,1.542773217282323e+03,2.326476937426215e-05,0.000000000000000e+00,-1.000000000000000e+03,1.243451335093916e+06,7.487269919455538e+01,3.022627154949050e+05,8.593655026689807e-03,7.318534398246956e+08,0.000000000000000e+00,1.090771590749227e-06,8.222647426051846e+10,8.222647426051846e+10,-4.633301248309385e+00,2.326476937426215e-05,1.000000000000000e+00,0.000000000000000e+00,2.569566245833130e+03,2.569566245833130e+03,-6.324430924866427e+00,5.902365761607518e-02,1.000000000000000e+03,1.000000000000000e+00,
2.566458726967922e-04,0.000000000000000e+00,6.099219691261692e-01,2.053028163417970e+07,2.052955689077254e+07,1.504076695359076e+03,2.566458726967922e-04,0.000000000000000e+00,-1.000000000000000e+03,1.368637126051502e+07,7.247434071582353e+02,2.984478986220756e+05,8.493403041248796e-03,6.451898367988338e+08,0.000000000000000e+00,1.387415805033470e-06,8.016403337273941e+10,8.016403337273941e+10,-3.590665715542790e+00,2.566458726967922e-04,1.000000000000000e+00,0.000000000000000e+00,2.534838289811049e+03,2.534838289811049e+03,-8.091089179600901e+02,6.099219691261692e-01,1.000000000000000e+03,1.000000000000000e+00,
2.800974418421344e-03,0.000000000000000e+00,6.399523929587920e+00,2.256792712380851e+08,2.256719605846468e+08,1.511676569251770e+03,2.800974418421344e-03,0.000000000000000e+00,-1.000000000000000e+03,1.504479737230979e+08,7.310653438322085e+03,2.992009547793196e+05,7.963856129859823e-03,5.597716635803392e+08,0.000000000000000e+00,1.128640989691007e-06,8.056909020677084e+10,8.056909020677083e+10,-2.552690857613127e+00,2.800974418421344e-03,1.000000000000000e+00,0.000000000000000e+00,2.374238102179392e+03,2.374238102179392e+03,-1.322923885226678e+03,6.399523929587920e+00,1.000000000000000e+03,1.000000000000000e+00,

