1
0
28
0
(64 0
((0,0) (63,63) (0,0))
((448,0) (511,63) (0,0))
((384,0) (447,63) (0,0))
((320,0) (383,63) (0,0))
((256,0) (319,63) (0,0))
((192,0) (255,63) (0,0))
((128,0) (191,63) (0,0))
((64,0) (127,63) (0,0))
((0,448) (63,511) (0,0))
((0,384) (63,447) (0,0))
((0,320) (63,383) (0,0))
((0,256) (63,319) (0,0))
((0,192) (63,255) (0,0))
((0,128) (63,191) (0,0))
((0,64) (63,127) (0,0))
((448,448) (511,511) (0,0))
((448,384) (511,447) (0,0))
((448,320) (511,383) (0,0))
((448,256) (511,319) (0,0))
((448,192) (511,255) (0,0))
((448,128) (511,191) (0,0))
((448,64) (511,127) (0,0))
((384,448) (447,511) (0,0))
((384,384) (447,447) (0,0))
((384,320) (447,383) (0,0))
((384,256) (447,319) (0,0))
((384,192) (447,255) (0,0))
((384,128) (447,191) (0,0))
((384,64) (447,127) (0,0))
((320,448) (383,511) (0,0))
((320,384) (383,447) (0,0))
((320,320) (383,383) (0,0))
((320,256) (383,319) (0,0))
((320,192) (383,255) (0,0))
((320,128) (383,191) (0,0))
((320,64) (383,127) (0,0))
((256,448) (319,511) (0,0))
((256,384) (319,447) (0,0))
((256,320) (319,383) (0,0))
((256,256) (319,319) (0,0))
((256,192) (319,255) (0,0))
((256,128) (319,191) (0,0))
((256,64) (319,127) (0,0))
((192,448) (255,511) (0,0))
((192,384) (255,447) (0,0))
((192,320) (255,383) (0,0))
((192,256) (255,319) (0,0))
((192,192) (255,255) (0,0))
((192,128) (255,191) (0,0))
((192,64) (255,127) (0,0))
((128,448) (191,511) (0,0))
((128,384) (191,447) (0,0))
((128,320) (191,383) (0,0))
((128,256) (191,319) (0,0))
((128,192) (191,255) (0,0))
((128,128) (191,191) (0,0))
((128,64) (191,127) (0,0))
((64,448) (127,511) (0,0))
((64,384) (127,447) (0,0))
((64,320) (127,383) (0,0))
((64,256) (127,319) (0,0))
((64,192) (127,255) (0,0))
((64,128) (127,191) (0,0))
((64,64) (127,127) (0,0))
)
64
FabOnDisk: Cell_D_0000 0
FabOnDisk: Cell_D_0001 0
FabOnDisk: Cell_D_0001 917590
FabOnDisk: Cell_D_0001 1835180
FabOnDisk: Cell_D_0001 2752770
FabOnDisk: Cell_D_0000 917587
FabOnDisk: Cell_D_0000 1835177
FabOnDisk: Cell_D_0000 2752767
FabOnDisk: Cell_D_0002 0
FabOnDisk: Cell_D_0002 917590
FabOnDisk: Cell_D_0002 1835180
FabOnDisk: Cell_D_0002 2752770
FabOnDisk: Cell_D_0000 3670356
FabOnDisk: Cell_D_0000 4587946
FabOnDisk: Cell_D_0000 5505536
FabOnDisk: Cell_D_0003 0
FabOnDisk: Cell_D_0003 917593
FabOnDisk: Cell_D_0003 1835186
FabOnDisk: Cell_D_0003 2752779
FabOnDisk: Cell_D_0001 3670360
FabOnDisk: Cell_D_0001 4587953
FabOnDisk: Cell_D_0001 5505546
FabOnDisk: Cell_D_0003 3670372
FabOnDisk: Cell_D_0003 4587965
FabOnDisk: Cell_D_0003 5505558
FabOnDisk: Cell_D_0003 6423151
FabOnDisk: Cell_D_0001 6423138
FabOnDisk: Cell_D_0001 7340731
FabOnDisk: Cell_D_0001 8258324
FabOnDisk: Cell_D_0003 7340744
FabOnDisk: Cell_D_0003 8258337
FabOnDisk: Cell_D_0003 9175930
FabOnDisk: Cell_D_0003 10093523
FabOnDisk: Cell_D_0001 9175916
FabOnDisk: Cell_D_0001 10093509
FabOnDisk: Cell_D_0001 11011102
FabOnDisk: Cell_D_0003 11011116
FabOnDisk: Cell_D_0003 11928709
FabOnDisk: Cell_D_0003 12846302
FabOnDisk: Cell_D_0003 13763895
FabOnDisk: Cell_D_0001 11928694
FabOnDisk: Cell_D_0001 12846287
FabOnDisk: Cell_D_0001 13763880
FabOnDisk: Cell_D_0002 3670360
FabOnDisk: Cell_D_0002 4587953
FabOnDisk: Cell_D_0002 5505546
FabOnDisk: Cell_D_0002 6423139
FabOnDisk: Cell_D_0000 6423125
FabOnDisk: Cell_D_0000 7340718
FabOnDisk: Cell_D_0000 8258311
FabOnDisk: Cell_D_0002 7340732
FabOnDisk: Cell_D_0002 8258325
FabOnDisk: Cell_D_0002 9175918
FabOnDisk: Cell_D_0002 10093511
FabOnDisk: Cell_D_0000 9175903
FabOnDisk: Cell_D_0000 10093496
FabOnDisk: Cell_D_0000 11011089
FabOnDisk: Cell_D_0002 11011104
FabOnDisk: Cell_D_0002 11928696
FabOnDisk: Cell_D_0002 12846288
FabOnDisk: Cell_D_0002 13763880
FabOnDisk: Cell_D_0000 11928681
FabOnDisk: Cell_D_0000 12846273
FabOnDisk: Cell_D_0000 13763865

64,28
3.489848178828693e-03,0.000000000000000e+00,8.556158117607882e+00,2.823630735541180e+08,2.823525848683669e+08,1.518013577548277e+03,3.489848178828693e-03,0.000000000000000e+00,-1.000000000000000e+03,1.882350565789113e+08,1.048868575109164e+04,2.998274300643395e+05,7.381435003109772e-03,4.111396585988988e+08,0.000000000000000e+00,-6.105922674248632e-08,8.090683903708772e+10,8.090683903708774e+10,-2.457193466029680e+00,3.489848178828693e-03,1.000000000000000e+00,0.000000000000000e+00,2.444766690566767e+03,2.444766690566767e+03,-1.952598918461180e+03,8.556158117607882e+00,1.000000000000000e+03,1.000000000000000e+00,
3.489848178828693e-03,0.000000000000000e+00,8.556158117607882e+00,2.823630735541180e+08,2.823525848683669e+08,1.518013577548277e+03,3.489848178828693e-03,0.000000000000000e+00,-1.000000000000000e+03,1.882350565789113e+08,1.048868575109164e+04,2.998274300643395e+05,7.381435003109772e-03,4.111396585988988e+08,0.000000000000000e+00,-6.105922674248632e-08,8.090683903708772e+10,8.090683903708774e+10,-2.457193466029680e+00,3.489848178828693e-03,1.000000000000000e+00,0.000000000000000e+00,2.444766690566767e+03,2.444766690566767e+03,-1.952598918461180e+03,8.556158117607882e+00,1.000000000000000e+03,1.000000000000000e+00,
3.489848178828693e-03,0.000000000000000e+00,8.556158117607882e+00,2.823630735541180e+08,2.823525848683669e+08,1.518013577548277e+03,3.489848178828693e-03,0.000000000000000e+00,-1.000000000000000e+03,1.882350565789113e+08,1.048868575109164e+04,2.998274300643395e+05,7.381435003109772e-03,4.111396585988988e+08,0.000000000000000e+00,-6.105922674248632e-08,8.090683903708772e+10,8.090683903708774e+10,-2.457193466029680e+00,3.489848178828693e-03,1.000000000000000e+00,0.000000000000000e+00,2.444766690566767e+03,2.444766690566767e+03,-2.184095293014769e+03,8.556158117607882e+00,1.000000000000000e+03,1.000000000000000e+00,
3.489848178828693e-03,0.000000000000000e+00,8.556158117607882e+00,2.823630735541180e+08,2.823525848683669e+08,1.518013577548277e+03,3.489848178828693e-03,0.000000000000000e+00,-1.000000000000000e+03,1.882350565789113e+08,1.048868575109164e+04,2.998274300643395e+05,7.381435003109772e-03,4.111396585988988e+08,0.000000000000000e+00,-6.105922674248632e-08,8.090683903708772e+10,8.090683903708774e+10,-2.457193466029680e+00,3.489848178828693e-03,1.000000000000000e+00,0.000000000000000e+00,2.444766690566767e+03,2.444766690566767e+03,-2.370401452521495e+03,8.556158117607882e+00,1.000000000000000e+03,1.000000000000000e+00,
3.489848178828693e-03,0.000000000000000e+00,8.556158117607882e+00,2.823630735541180e+08,2.823525848683669e+08,1.518013577548277e+03,3.489848178828693e-03,0.000000000000000e+00,-1.000000000000000e+03,1.882350565789113e+08,1.048868575109164e+04,2.998274300643395e+05,7.381435003109772e-03,4.111396585988988e+08,0.000000000000000e+00,-6.105922674248632e-08,8.090683903708772e+10,8.090683903708774e+10,-2.457193466029680e+00,3.489848178828693e-03,1.000000000000000e+00,0.000000000000000e+00,2.444766690566767e+03,2.444766690566767e+03,-2.451719621385989e+03,8.556158117607882e+00,1.000000000000000e+03,1.000000000000000e+00,
3.489848178828693e-03,0.000000000000000e+00,8.556158117607882e+00,2.823630735541180e+08,2.823525848683669e+08,1.518013577548277e+03,3.489848178828693e-03,0.000000000000000e+00,-1.000000000000000e+03,1.882350565789113e+08,1.048868575109164e+04,2.998274300643395e+05,7.381435003109772e-03,4.111396585988988e+08,0.000000000000000e+00,-6.105922674248632e-08,8.090683903708772e+10,8.090683903708774e+10,-2.457193466029680e+00,3.489848178828693e-03,1.000000000000000e+00,0.000000000000000e+00,2.444766690566767e+03,2.444766690566767e+03,-2.451719621385989e+03,8.556158117607882e+00,1.000000000000000e+03,1.000000000000000e+00,
3.489848178828693e-03,0.000000000000000e+00,8.556158117607882e+00,2.823630735541180e+08,2.823525848683669e+08,1.518013577548277e+03,3.489848178828693e-03,0.000000000000000e+00,-1.000000000000000e+03,1.882350565789113e+08,1.048868575109164e+04,2.998274300643395e+05,7.381435003109772e-03,4.111396585988988e+08,0.000000000000000e+00,-6.105922674248632e-08,8.090683903708772e+10,8.090683903708774e+10,-2.457193466029680e+00,3.489848178828693e-03,1.000000000000000e+00,0.000000000000000e+00,2.444766690566767e+03,2.444766690566767e+03,-2.370401452521495e+03,8.556158117607882e+00,1.000000000000000e+03,1.000000000000000e+00,
3.489848178828693e-03,0.000000000000000e+00,8.556158117607882e+00,2.823630735541180e+08,2.823525848683669e+08,1.518013577548277e+03,3.489848178828693e-03,0.000000000000000e+00,-1.000000000000000e+03,1.882350565789113e+08,1.048868575109164e+04,2.998274300643395e+05,7.381435003109772e-03,4.111396585988988e+08,0.000000000000000e+00,-6.105922674248632e-08,8.090683903708772e+10,8.090683903708774e+10,-2.457193466029680e+00,3.489848178828693e-03,1.000000000000000e+00,0.000000000000000e+00,2.444766690566767e+03,2.444766690566767e+03,-2.184095293014769e+03,8.556158117607882e+00,1.000000000000000e+03,1.000000000000000e+00,
7.506088495357367e-08,0.000000000000000e+00,-7.508427811182594e-08,2.866470758686800e+03,2.866470758649269e+03,7.165133021214693e+02,7.506088495357367e-08,0.000000000000000e+00,-1.000000000000000e+03,1.910980505766179e+03,3.753053363392232e-08,2.059897748985507e+05,4.854446884765469e-06,8.108252914302442e+08,0.000000000000000e+00,-3.954039962117406e-14,3.818860862648004e+10,3.818860862648004e+10,-7.124586319643318e+00,7.506088495357367e-08,1.000000000000000e+00,0.000000000000000e+00,-1.000098587205256e+00,1.000001185083092e+00,-7.986863544725068e-01,7.506097768839233e-08,1.000000000000000e+03,1.000000000000000e+00,
7.507861886798558e-08,0.000000000000000e+00,-7.669787482439345e-08,2.867990805700797e+03,2.867990805663250e+03,7.167239250413612e+02,7.507861886798558e-08,0.000000000000000e+00,-1.000000000000000e+03,1.911993870442167e+03,3.716020112213739e-08,2.060200485723249e+05,4.521149835586830e-06,8.108325625250951e+08,0.000000000000000e+00,-1.238032757104629e-09,3.819983437236878e+10,3.819983437236877e+10,-7.124483725176020e+00,7.507861886798558e-08,1.000000000000000e+00,0.000000000000000e+00,-1.000113458950470e+00,9.690021061787945e-01,-7.053350601259452e-01,7.508629364921072e-08,1.000000000000000e+03,1.000000000000000e+00,
7.945108899528790e-08,0.000000000000000e+00,-7.762261046954788e-08,3.304134528798985e+03,3.304134528761881e+03,7.802760724135296e+02,7.945108899528790e-08,0.000000000000000e+00,-1.000000000000000e+03,2.202756352507921e+03,8.211140724405722e-11,2.149600125979234e+05,8.643849431249952e-08,8.133492800833195e+08,0.000000000000000e+00,-2.236130364077119e-08,4.158702631448946e+10,4.158702631448946e+10,-7.099900145764303e+00,7.945108899528790e-08,1.000000000000000e+00,0.000000000000000e+00,-9.664359062355186e-01,2.938512773842019e-02,-5.336649959053426e-01,5.588637080294122e-09,1.000000000000000e+03,1.000000000000000e+00,
2.054140488871047e-07,0.000000000000000e+00,6.631876058113425e-09,2.144011953077422e+04,2.144011953077408e+04,1.550997562543170e+03,2.054140488871047e-07,0.000000000000000e+00,-1.000000000000000e+03,1.429341302051605e+04,9.898644869926595e-11,3.030673083789479e+05,8.750187660295159e-08,7.266978040920000e+08,0.000000000000000e+00,-4.017819673320083e-04,8.266481406725426e+10,8.266481406725426e+10,-6.687369857011882e+00,2.054140488871047e-07,1.000000000000000e+00,0.000000000000000e+00,2.985171852787150e-02,2.985171852787150e-02,6.985915144263844e-03,6.631876058113425e-09,1.000000000000000e+03,1.000000000000000e+00,
2.648799249513672e-06,0.000000000000000e+00,5.914855960172200e-03,2.187007328035916e+05,2.186941287695116e+05,1.504700522721946e+03,2.648799249513672e-06,0.000000000000000e+00,-1.000000000000000e+03,1.457960858463411e+05,6.604034079971905e+00,2.985097839851144e+05,7.372628377514481e-03,6.398073528409017e+08,0.000000000000000e+00,-2.418567529132133e-06,8.019728202135573e+10,8.019728202135571e+10,-5.576950955304960e+00,2.648799249513672e-06,1.000000000000000e+00,0.000000000000000e+00,2.233032934171280e+03,2.233032934171280e+03,-7.604475341162379e+02,5.914855960172200e-03,1.000000000000000e+03,1.000000000000000e+00,
2.919666021411448e-05,0.000000000000000e+00,7.091404439150466e-02,2.341325041900293e+06,2.341238922432260e+06,1.500986085641515e+03,2.919666021411448e-05,0.000000000000000e+00,-1.000000000000000e+03,1.560825948288173e+06,8.611946803301204e+01,2.981411123056972e+05,8.136995091834217e-03,5.543961542541538e+08,0.000000000000000e+00,-6.723746559750908e-07,7.999931056219049e+10,7.999931056219049e+10,-4.534666824357598e+00,2.919666021411448e-05,1.000000000000000e+00,0.000000000000000e+00,2.428840965763023e+03,2.428840965763023e+03,-1.360142324691152e+03,7.091404439150466e-02,1.000000000000000e+03,1.000000000000000e+00,
3.218664278753034e-04,0.000000000000000e+00,7.927073436930492e-01,2.575006905615479e+07,2.574909289822355e+07,1.500986119164773e+03,3.218664278753034e-04,0.000000000000000e+00,-1.000000000000000e+03,1.716606193214903e+07,9.761579312464630e+02,2.981411156350623e+05,8.180918815178184e-03,4.702221153592383e+08,0.000000000000000e+00,7.423400869220131e-08,7.999931234890764e+10,7.999931234890765e+10,-3.492324319831519e+00,3.218664278753034e-04,1.000000000000000e+00,0.000000000000000e+00,2.451875900121639e+03,2.451875900121639e+03,-1.729217269206036e+03,7.927073436930492e-01,1.000000000000000e+03,1.000000000000000e+00,
7.506088495357367e-08,0.000000000000000e+00,-7.508427811182594e-08,2.866470758686800e+03,2.866470758649269e+03,7.165133021214693e+02,7.506088495357367e-08,0.000000000000000e+00,-1.000000000000000e+03,1.910980505766179e+03,3.753053363392232e-08,2.059897748985507e+05,4.854446884765469e-06,8.108252914302442e+08,0.000000000000000e+00,-3.954039962117406e-14,3.818860862648004e+10,3.818860862648004e+10,-7.124586319643318e+00,7.506088495357367e-08,1.000000000000000e+00,0.000000000000000e+00,-1.000098587205256e+00,1.000001185083092e+00,-7.986863544725068e-01,7.506097768839233e-08,1.000000000000000e+03,1.000000000000000e+00,
7.507861886798558e-08,0.000000000000000e+00,-7.669787482439345e-08,2.867990805700797e+03,2.867990805663250e+03,7.167239250413612e+02,7.507861886798558e-08,0.000000000000000e+00,-1.000000000000000e+03,1.911993870442167e+03,3.716020112213739e-08,2.060200485723249e+05,4.521149835586830e-06,8.108325625250951e+08,0.000000000000000e+00,-1.238032757104629e-09,3.819983437236878e+10,3.819983437236877e+10,-7.124483725176020e+00,7.507861886798558e-08,1.000000000000000e+00,0.000000000000000e+00,-1.000113458950470e+00,9.690021061787945e-01,-7.053350601259452e-01,7.508629364921072e-08,1.000000000000000e+03,1.000000000000000e+00,
7.945108899528790e-08,0.000000000000000e+00,-7.762261046954788e-08,3.304134528798985e+03,3.304134528761881e+03,7.802760724135296e+02,7.945108899528790e-08,0.000000000000000e+00,-1.000000000000000e+03,2.202756352507921e+03,8.211140724405722e-11,2.149600125979234e+05,8.643849431249952e-08,8.133492800833195e+08,0.000000000000000e+00,-2.236130364077119e-08,4.158702631448946e+10,4.158702631448946e+10,-7.099900145764303e+00,7.945108899528790e-08,1.000000000000000e+00,0.000000000000000e+00,-9.664359062355186e-01,2.938512773842019e-02,-5.336649959053426e-01,5.588637080294122e-09,1.000000000000000e+03,1.000000000000000e+00,
2.054140488871047e-07,0.000000000000000e+00,6.631876058113425e-09,2.144011953077422e+04,2.144011953077408e+04,1.550997562543170e+03,2.054140488871047e-07,0.000000000000000e+00,-1.000000000000000e+03,1.429341302051605e+04,9.898644869926595e-11,3.030673083789479e+05,8.750187660295159e-08,7.266978040920000e+08,0.000000000000000e+00,-4.017819673320083e-04,8.266481406725426e+10,8.266481406725426e+10,-6.687369857011882e+00,2.054140488871047e-07,1.000000000000000e+00,0.000000000000000e+00,2.985171852787150e-02,2.985171852787150e-02,6.985915144263844e-03,6.631876058113425e-09,1.000000000000000e+03,1.000000000000000e+00,
2.648799249513672e-06,0.000000000000000e+00,5.914855960172200e-03,2.187007328035916e+05,2.186941287695116e+05,1.504700522721946e+03,2.648799249513672e-06,0.000000000000000e+00,-1.000000000000000e+03,1.457960858463411e+05,6.604034079971905e+00,2.985097839851144e+05,7.372628377514481e-03,6.398073528409017e+08,0.000000000000000e+00,-2.418567529132133e-06,8.019728202135573e+10,8.019728202135571e+10,-5.576950955304960e+00,2.648799249513672e-06,1.000000000000000e+00,0.000000000000000e+00,2.233032934171280e+03,2.233032934171280e+03,-7.604475341162379e+02,5.914855960172200e-03,1.000000000000000e+03,1.000000000000000e+00,
2.919666021411448e-05,0.000000000000000e+00,7.091404439150466e-02,2.341325041900293e+06,2.341238922432260e+06,1.500986085641515e+03,2.919666021411448e-05,0.000000000000000e+00,-1.000000000000000e+03,1.560825948288173e+06,8.611946803301204e+01,2.981411123056972e+05,8.136995091834217e-03,5.543961542541538e+08,0.000000000000000e+00,-6.723746559750908e-07,7.999931056219049e+10,7.999931056219049e+10,-4.534666824357598e+00,2.919666021411448e-05,1.000000000000000e+00,0.000000000000000e+00,2.428840965763023e+03,2.428840965763023e+03,-1.360142324691152e+03,7.091404439150466e-02,1.000000000000000e+03,1.000000000000000e+00,
3.218664278753034e-04,0.000000000000000e+00,7.927073436930492e-01,2.575006905615479e+07,2.574909289822355e+07,1.500986119164773e+03,3.218664278753034e-04,0.000000000000000e+00,-1.000000000000000e+03,1.716606193214903e+07,9.761579312464630e+02,2.981411156350623e+05,8.180918815178184e-03,4.702221153592383e+08,0.000000000000000e+00,7.423400869220131e-08,7.999931234890764e+10,7.999931234890765e+10,-3.492324319831519e+00,3.218664278753034e-04,1.000000000000000e+00,0.000000000000000e+00,2.451875900121639e+03,2.451875900121639e+03,-1.729217269206036e+03,7.927073436930492e-01,1.000000000000000e+03,1.000000000000000e+00,
7.506088495357367e-08,0.000000000000000e+00,-7.508427811182594e-08,2.866470758686800e+03,2.866470758649269e+03,7.165133021214693e+02,7.506088495357367e-08,0.000000000000000e+00,-1.000000000000000e+03,1.910980505766179e+03,3.753053363392232e-08,2.059897748985507e+05,4.854446884765469e-06,8.108252914302442e+08,0.000000000000000e+00,-3.954039962117406e-14,3.818860862648004e+10,3.818860862648004e+10,-7.124586319643318e+00,7.506088495357367e-08,1.000000000000000e+00,0.000000000000000e+00,-1.000098587205256e+00,1.000001185083092e+00,-8.933770734510464e-01,7.506097768839233e-08,1.000000000000000e+03,1.000000000000000e+00,
7.507861886798558e-08,0.000000000000000e+00,-7.669787482439345e-08,2.867990805700797e+03,2.867990805663250e+03,7.167239250413612e+02,7.507861886798558e-08,0.000000000000000e+00,-1.000000000000000e+03,1.911993870442167e+03,3.716020112213739e-08,2.060200485723249e+05,4.521149835586830e-06,8.108325625250951e+08,0.000000000000000e+00,-1.238032757104629e-09,3.819983437236878e+10,3.819983437236877e+10,-7.124483725176020e+00,7.507861886798558e-08,1.000000000000000e+00,0.000000000000000e+00,-1.000113458950470e+00,9.690021061787945e-01,-8.304636554895484e-01,7.508629364921072e-08,1.000000000000000e+03,1.000000000000000e+00,
7.945108899528790e-08,0.000000000000000e+00,-7.762261046954788e-08,3.304134528798985e+03,3.304134528761881e+03,7.802760724135296e+02,7.945108899528790e-08,0.000000000000000e+00,-1.000000000000000e+03,2.202756352507921e+03,8.211140724405722e-11,2.149600125979234e+05,8.643849431249952e-08,8.133492800833195e+08,0.000000000000000e+00,-2.236130364077119e-08,4.158702631448946e+10,4.158702631448946e+10,-7.099900145764303e+00,7.945108899528790e-08,1.000000000000000e+00,0.000000000000000e+00,-9.664359062355186e-01,2.938512773842019e-02,-6.806987623048176e-01,5.588637080294122e-09,1.000000000000000e+03,1.000000000000000e+00,
2.054140488871047e-07,0.000000000000000e+00,6.631876058113425e-09,2.144011953077422e+04,2.144011953077408e+04,1.550997562543170e+03,2.054140488871047e-07,0.000000000000000e+00,-1.000000000000000e+03,1.429341302051605e+04,9.898644869926595e-11,3.030673083789479e+05,8.750187660295159e-08,7.266978040920000e+08,0.000000000000000e+00,-4.017819673320083e-04,8.266481406725426e+10,8.266481406725426e+10,-6.687369857011882e+00,2.054140488871047e-07,1.000000000000000e+00,0.000000000000000e+00,2.985171852787150e-02,2.985171852787150e-02,9.127693214720036e-03,6.631876058113425e-09,1.000000000000000e+03,1.000000000000000e+00,
2.648799249513672e-06,0.000000000000000e+00,5.914855960172200e-03,2.187007328035916e+05,2.186941287695116e+05,1.504700522721946e+03,2.648799249513672e-06,0.000000000000000e+00,-1.000000000000000e+03,1.457960858463411e+05,6.604034079971905e+00,2.985097839851144e+05,7.372628377514481e-03,6.398073528409017e+08,0.000000000000000e+00,-2.418567529132133e-06,8.019728202135573e+10,8.019728202135571e+10,-5.576950955304960e+00,2.648799249513672e-06,1.000000000000000e+00,0.000000000000000e+00,2.233032934171280e+03,2.233032934171280e+03,-1.075428672872458e+03,5.914855960172200e-03,1.000000000000000e+03,1.000000000000000e+00,
2.919666021411448e-05,0.000000000000000e+00,7.091404439150466e-02,2.341325041900293e+06,2.341238922432260e+06,1.500986085641515e+03,2.919666021411448e-05,0.000000000000000e+00,-1.000000000000000e+03,1.560825948288173e+06,8.611946803301204e+01,2.981411123056972e+05,8.136995091834217e-03,5.543961542541538e+08,0.000000000000000e+00,-6.723746559750908e-07,7.999931056219049e+10,7.999931056219049e+10,-4.534666824357598e+00,2.919666021411448e-05,1.000000000000000e+00,0.000000000000000e+00,2.428840965763023e+03,2.428840965763023e+03,-1.734884626271955e+03,7.091404439150466e-02,1.000000000000000e+03,1.000000000000000e+00,
3.218664278753034e-04,0.000000000000000e+00,7.927073436930492e-01,2.575006905615479e+07,2.574909289822355e+07,1.500986119164773e+03,3.218664278753034e-04,0.000000000000000e+00,-1.000000000000000e+03,1.716606193214903e+07,9.761579312464630e+02,2.981411156350623e+05,8.180918815178184e-03,4.702221153592383e+08,0.000000000000000e+00,7.423400869220131e-08,7.999931234890764e+10,7.999931234890765e+10,-3.492324319831519e+00,3.218664278753034e-04,1.000000000000000e+00,0.000000000000000e+00,2.451875900121639e+03,2.451875900121639e+03,-2.035985697725102e+03,7.927073436930492e-01,1.000000000000000e+03,1.000000000000000e+00,
7.506088495357367e-08,0.000000000000000e+00,-7.508427811182594e-08,2.866470758686800e+03,2.866470758649269e+03,7.165133021214693e+02,7.506088495357367e-08,0.000000000000000e+00,-1.000000000000000e+03,1.910980505766179e+03,3.753053363392232e-08,2.059897748985507e+05,4.854446884765469e-06,8.108252914302442e+08,0.000000000000000e+00,-3.954039962117406e-14,3.818860862648004e+10,3.818860862648004e+10,-7.124586319643318e+00,7.506088495357367e-08,1.000000000000000e+00,0.000000000000000e+00,-1.000098587205256e+00,1.000001185083092e+00,-9.695832958069760e-01,7.506097768839233e-08,1.000000000000000e+03,1.000000000000000e+00,
7.507861886798558e-08,0.000000000000000e+00,-7.669787482439345e-08,2.867990805700797e+03,2.867990805663250e+03,7.167239250413612e+02,7.507861886798558e-08,0.000000000000000e+00,-1.000000000000000e+03,1.911993870442167e+03,3.716020112213739e-08,2.060200485723249e+05,4.521149835586830e-06,8.108325625250951e+08,0.000000000000000e+00,-1.238032757104629e-09,3.819983437236878e+10,3.819983437236877e+10,-7.124483725176020e+00,7.507861886798558e-08,1.000000000000000e+00,0.000000000000000e+00,-1.000113458950470e+00,9.690021061787945e-01,-9.477857737632626e-01,7.508629364921072e-08,1.000000000000000e+03,1.000000000000000e+00,
7.945108899528790e-08,0.000000000000000e+00,-7.762261046954788e-08,3.304134528798985e+03,3.304134528761881e+03,7.802760724135296e+02,7.945108899528790e-08,0.000000000000000e+00,-1.000000000000000e+03,2.202756352507921e+03,8.211140724405722e-11,2.149600125979234e+05,8.643849431249952e-08,8.133492800833195e+08,0.000000000000000e+00,-2.236130364077119e-08,4.158702631448946e+10,4.158702631448946e+10,-7.099900145764303e+00,7.945108899528790e-08,1.000000000000000e+00,0.000000000000000e+00,-9.664359062355186e-01,2.938512773842019e-02,-8.623679256508726e-01,5.588637080294122e-09,1.000000000000000e+03,1.000000000000000e+00,
2.054140488871047e-07,0.000000000000000e+00,6.631876058113425e-09,2.144011953077422e+04,2.144011953077408e+04,1.550997562543170e+03,2.054140488871047e-07,0.000000000000000e+00,-1.000000000000000e+03,1.429341302051605e+04,9.898644869926595e-11,3.030673083789479e+05,8.750187660295159e-08,7.266978040920000e+08,0.000000000000000e+00,-4.017819673320083e-04,8.266481406725426e+10,8.266481406725426e+10,-6.687369857011882e+00,2.054140488871047e-07,1.000000000000000e+00,0.000000000000000e+00,2.985171852787150e-02,2.985171852787150e-02,1.296916003474186e-02,6.631876058113425e-09,1.000000000000000e+03,1.000000000000000e+00,
2.648799249513672e-06,0.000000000000000e+00,5.914855960172200e-03,2.187007328035916e+05,2.186941287695116e+05,1.504700522721946e+03,2.648799249513672e-06,0.000000000000000e+00,-1.000000000000000e+03,1.457960858463411e+05,6.604034079971905e+00,2.985097839851144e+05,7.372628377514481e-03,6.398073528409017e+08,0.000000000000000e+00,-2.418567529132133e-06,8.019728202135573e+10,8.019728202135571e+10,-5.576950955304960e+00,2.648799249513672e-06,1.000000000000000e+00,0.000000000000000e+00,2.233032934171280e+03,2.233032934171280e+03,-1.703025592347347e+03,5.914855960172200e-03,1.000000000000000e+03,1.000000000000000e+00,
2.919666021411448e-05,0.000000000000000e+00,7.091404439150466e-02,2.341325041900293e+06,2.341238922432260e+06,1.500986085641515e+03,2.919666021411448e-05,0.000000000000000e+00,-1.000000000000000e+03,1.560825948288173e+06,8.611946803301204e+01,2.981411123056972e+05,8.136995091834217e-03,5.543961542541538e+08,0.000000000000000e+00,-6.723746559750908e-07,7.999931056219049e+10,7.999931056219049e+10,-4.534666824357598e+00,2.919666021411448e-05,1.000000000000000e+00,0.000000000000000e+00,2.428840965763023e+03,2.428840965763023e+03,-2.197901537731570e+03,7.091404439150466e-02,1.000000000000000e+03,1.000000000000000e+00,
3.218664278753034e-04,0.000000000000000e+00,7.927073436930492e-01,2.575006905615479e+07,2.574909289822355e+07,1.500986119164773e+03,3.218664278753034e-04,0.000000000000000e+00,-1.000000000000000e+03,1.716606193214903e+07,9.761579312464630e+02,2.981411156350623e+05,8.180918815178184e-03,4.702221153592383e+08,0.000000000000000e+00,7.423400869220131e-08,7.999931234890764e+10,7.999931234890765e+10,-3.492324319831519e+00,3.218664278753034e-04,1.000000000000000e+00,0.000000000000000e+00,2.451875900121639e+03,2.451875900121639e+03,-2.323615569608280e+03,7.927073436930492e-01,1.000000000000000e+03,1.000000000000000e+00,
7.506088495357367e-08,0.000000000000000e+00,-7.508427811182594e-08,2.866470758686800e+03,2.866470758649269e+03,7.165133021214693e+02,7.506088495357367e-08,0.000000000000000e+00,-1.000000000000000e+03,1.910980505766179e+03,3.753053363392232e-08,2.059897748985507e+05,4.854446884765469e-06,8.108252914302442e+08,0.000000000000000e+00,-3.954039962117406e-14,3.818860862648004e+10,3.818860862648004e+10,-7.124586319643318e+00,7.506088495357367e-08,1.000000000000000e+00,0.000000000000000e+00,-1.000098587205256e+00,1.000001185083092e+00,-1.000095213639640e+00,7.506097768839233e-08,1.000000000000000e+03,1.000000000000000e+00,
7.507861886798558e-08,0.000000000000000e+00,-7.669787482439345e-08,2.867990805700797e+03,2.867990805663250e+03,7.167239250413612e+02,7.507861886798558e-08,0.000000000000000e+00,-1.000000000000000e+03,1.911993870442167e+03,3.716020112213739e-08,2.060200485723249e+05,4.521149835586830e-06,8.108325625250951e+08,0.000000000000000e+00,-1.238032757104629e-09,3.819983437236878e+10,3.819983437236877e+10,-7.124483725176020e+00,7.507861886798558e-08,1.000000000000000e+00,0.000000000000000e+00,-1.000113458950470e+00,9.690021061787945e-01,-1.000109856036427e+00,7.508629364921072e-08,1.000000000000000e+03,1.000000000000000e+00,
7.945108899528790e-08,0.000000000000000e+00,-7.762261046954788e-08,3.304134528798985e+03,3.304134528761881e+03,7.802760724135296e+02,7.945108899528790e-08,0.000000000000000e+00,-1.000000000000000e+03,2.202756352507921e+03,8.211140724405722e-11,2.149600125979234e+05,8.643849431249952e-08,8.133492800833195e+08,0.000000000000000e+00,-2.236130364077119e-08,4.158702631448946e+10,4.158702631448946e+10,-7.099900145764303e+00,7.945108899528790e-08,1.000000000000000e+00,0.000000000000000e+00,-9.664359062355186e-01,2.938512773842019e-02,-9.664284750570526e-01,5.588637080294122e-09,1.000000000000000e+03,1.000000000000000e+00,
2.054140488871047e-07,0.000000000000000e+00,6.631876058113425e-09,2.144011953077422e+04,2.144011953077408e+04,1.550997562543170e+03,2.054140488871047e-07,0.000000000000000e+00,-1.000000000000000e+03,1.429341302051605e+04,9.898644869926595e-11,3.030673083789479e+05,8.750187660295159e-08,7.266978040920000e+08,0.000000000000000e+00,-4.017819673320083e-04,8.266481406725426e+10,8.266481406725426e+10,-6.687369857011882e+00,2.054140488871047e-07,1.000000000000000e+00,0.000000000000000e+00,2.985171852787150e-02,2.985171852787150e-02,2.076796083063499e-02,6.631876058113425e-09,1.000000000000000e+03,1.000000000000000e+00,
2.648799249513672e-06,0.000000000000000e+00,5.914855960172200e-03,2.187007328035916e+05,2.186941287695116e+05,1.504700522721946e+03,2.648799249513672e-06,0.000000000000000e+00,-1.000000000000000e+03,1.457960858463411e+05,6.604034079971905e+00,2.985097839851144e+05,7.372628377514481e-03,6.398073528409017e+08,0.000000000000000e+00,-2.418567529132133e-06,8.019728202135573e+10,8.019728202135571e+10,-5.576950955304960e+00,2.648799249513672e-06,1.000000000000000e+00,0.000000000000000e+00,2.233032934171280e+03,2.233032934171280e+03,-2.427404828022402e+03,5.914855960172200e-03,1.000000000000000e+03,1.000000000000000e+00,
2.919666021411448e-05,0.000000000000000e+00,7.091404439150466e-02,2.341325041900293e+06,2.341238922432260e+06,1.500986085641515e+03,2.919666021411448e-05,0.000000000000000e+00,-1.000000000000000e+03,1.560825948288173e+06,8.611946803301204e+01,2.981411123056972e+05,8.136995091834217e-03,5.543961542541538e+08,0.000000000000000e+00,-6.723746559750908e-07,7.999931056219049e+10,7.999931056219049e+10,-4.534666824357598e+00,2.919666021411448e-05,1.000000000000000e+00,0.000000000000000e+00,2.428840965763023e+03,2.428840965763023e+03,-2.469019208098539e+03,7.091404439150466e-02,1.000000000000000e+03,1.000000000000000e+00,
3.218664278753034e-04,0.000000000000000e+00,7.927073436930492e-01,2.575006905615479e+07,2.574909289822355e+07,1.500986119164773e+03,3.218664278753034e-04,0.000000000000000e+00,-1.000000000000000e+03,1.716606193214903e+07,9.761579312464630e+02,2.981411156350623e+05,8.180918815178184e-03,4.702221153592383e+08,0.000000000000000e+00,7.423400869220131e-08,7.999931234890764e+10,7.999931234890765e+10,-3.492324319831519e+00,3.218664278753034e-04,1.000000000000000e+00,0.000000000000000e+00,2.451875900121639e+03,2.451875900121639e+03,-2.462827043163532e+03,7.927073436930492e-01,1.000000000000000e+03,1.000000000000000e+00,
7.506088495357367e-08,0.000000000000000e+00,-7.508427811182594e-08,2.866470758686800e+03,2.866470758649269e+03,7.165133021214693e+02,7.506088495357367e-08,0.000000000000000e+00,-1.000000000000000e+03,1.910980505766179e+03,3.753053363392232e-08,2.059897748985507e+05,4.854446884765469e-06,8.108252914302442e+08,0.000000000000000e+00,-3.954039962117406e-14,3.818860862648004e+10,3.818860862648004e+10,-7.124586319643318e+00,7.506088495357367e-08,1.000000000000000e+00,0.000000000000000e+00,-1.000098587205256e+00,1.000001185083092e+00,-1.000095213639640e+00,7.506097768839233e-08,1.000000000000000e+03,1.000000000000000e+00,
7.507861886798558e-08,0.000000000000000e+00,-7.669787482439345e-08,2.867990805700797e+03,2.867990805663250e+03,7.167239250413612e+02,7.507861886798558e-08,0.000000000000000e+00,-1.000000000000000e+03,1.911993870442167e+03,3.716020112213739e-08,2.060200485723249e+05,4.521149835586830e-06,8.108325625250951e+08,0.000000000000000e+00,-1.238032757104629e-09,3.819983437236878e+10,3.819983437236877e+10,-7.124483725176020e+00,7.507861886798558e-08,1.000000000000000e+00,0.000000000000000e+00,-1.000113458950470e+00,9.690021061787945e-01,-1.000109856036427e+00,7.508629364921072e-08,1.000000000000000e+03,1.000000000000000e+00,
7.945108899528790e-08,0.000000000000000e+00,-7.762261046954788e-08,3.304134528798985e+03,3.304134528761881e+03,7.802760724135296e+02,7.945108899528790e-08,0.000000000000000e+00,-1.000000000000000e+03,2.202756352507921e+03,8.211140724405722e-11,2.149600125979234e+05,8.643849431249952e-08,8.133492800833195e+08,0.000000000000000e+00,-2.236130364077119e-08,4.158702631448946e+10,4.158702631448946e+10,-7.099900145764303e+00,7.945108899528790e-08,1.000000000000000e+00,0.000000000000000e+00,-9.664359062355186e-01,2.938512773842019e-02,-9.664284750570526e-01,5.588637080294122e-09,1.000000000000000e+03,1.000000000000000e+00,
2.054140488871047e-07,0.000000000000000e+00,6.631876058113425e-09,2.144011953077422e+04,2.144011953077408e+04,1.550997562543170e+03,2.054140488871047e-07,0.000000000000000e+00,-1.000000000000000e+03,1.429341302051605e+04,9.898644869926595e-11,3.030673083789479e+05,8.750187660295159e-08,7.266978040920000e+08,0.000000000000000e+00,-4.017819673320083e-04,8.266481406725426e+10,8.266481406725426e+10,-6.687369857011882e+00,2.054140488871047e-07,1.000000000000000e+00,0.000000000000000e+00,2.985171852787150e-02,2.985171852787150e-02,2.076796083063499e-02,6.631876058113425e-09,1.000000000000000e+03,1.000000000000000e+00,
2.648799249513672e-06,0.000000000000000e+00,5.914855960172200e-03,2.187007328035916e+05,2.186941287695116e+05,1.504700522721946e+03,2.648799249513672e-06,0.000000000000000e+00,-1.000000000000000e+03,1.457960858463411e+05,6.604034079971905e+00,2.985097839851144e+05,7.372628377514481e-03,6.398073528409017e+08,0.000000000000000e+00,-2.418567529132133e-06,8.019728202135573e+10,8.019728202135571e+10,-5.576950955304960e+00,2.648799249513672e-06,1.000000000000000e+00,0.000000000000000e+00,2.233032934171280e+03,2.233032934171280e+03,-2.427404828022402e+03,5.914855960172200e-03,1.000000000000000e+03,1.000000000000000e+00,
2.919666021411448e-05,0.000000000000000e+00,7.091404439150466e-02,2.341325041900293e+06,2.341238922432260e+06,1.500986085641515e+03,2.919666021411448e-05,0.000000000000000e+00,-1.000000000000000e+03,1.560825948288173e+06,8.611946803301204e+01,2.981411123056972e+05,8.136995091834217e-03,5.543961542541538e+08,0.000000000000000e+00,-6.723746559750908e-07,7.999931056219049e+10,7.999931056219049e+10,-4.534666824357598e+00,2.919666021411448e-05,1.000000000000000e+00,0.000000000000000e+00,2.428840965763023e+03,2.428840965763023e+03,-2.469019208098539e+03,7.091404439150466e-02,1.000000000000000e+03,1.000000000000000e+00,
3.218664278753034e-04,0.000000000000000e+00,7.927073436930492e-01,2.575006905615479e+07,2.574909289822355e+07,1.500986119164773e+03,3.218664278753034e-04,0.000000000000000e+00,-1.000000000000000e+03,1.716606193214903e+07,9.761579312464630e+02,2.981411156350623e+05,8.180918815178184e-03,4.702221153592383e+08,0.000000000000000e+00,7.423400869220131e-08,7.999931234890764e+10,7.999931234890765e+10,-3.492324319831519e+00,3.218664278753034e-04,1.000000000000000e+00,0.000000000000000e+00,2.451875900121639e+03,2.451875900121639e+03,-2.462827043163532e+03,7.927073436930492e-01,1.000000000000000e+03,1.000000000000000e+00,
7.506088495357367e-08,0.000000000000000e+00,-7.508427811182594e-08,2.866470758686800e+03,2.866470758649269e+03,7.165133021214693e+02,7.506088495357367e-08,0.000000000000000e+00,-1.000000000000000e+03,1.910980505766179e+03,3.753053363392232e-08,2.059897748985507e+05,4.854446884765469e-06,8.108252914302442e+08,0.000000000000000e+00,-3.954039962117406e-14,3.818860862648004e+10,3.818860862648004e+10,-7.124586319643318e+00,7.506088495357367e-08,1.000000000000000e+00,0.000000000000000e+00,-1.000098587205256e+00,1.000001185083092e+00,-9.695832958069760e-01,7.506097768839233e-08,1.000000000000000e+03,1.000000000000000e+00,
7.507861886798558e-08,0.000000000000000e+00,-7.669787482439345e-08,2.867990805700797e+03,2.867990805663250e+03,7.167239250413612e+02,7.507861886798558e-08,0.000000000000000e+00,-1.000000000000000e+03,1.911993870442167e+03,3.716020112213739e-08,2.060200485723249e+05,4.521149835586830e-06,8.108325625250951e+08,0.000000000000000e+00,-1.238032757104629e-09,3.819983437236878e+10,3.819983437236877e+10,-7.124483725176020e+00,7.507861886798558e-08,1.000000000000000e+00,0.000000000000000e+00,-1.000113458950470e+00,9.690021061787945e-01,-9.477857737632626e-01,7.508629364921072e-08,1.000000000000000e+03,1.000000000000000e+00,
7.945108899528790e-08,0.000000000000000e+00,-7.762261046954788e-08,3.304134528798985e+03,3.304134528761881e+03,7.802760724135296e+02,7.945108899528790e-08,0.000000000000000e+00,-1.000000000000000e+03,2.202756352507921e+03,8.211140724405722e-11,2.149600125979234e+05,8.643849431249952e-08,8.133492800833195e+08,0.000000000000000e+00,-2.236130364077119e-08,4.158702631448946e+10,4.158702631448946e+10,-7.099900145764303e+00,7.945108899528790e-08,1.000000000000000e+00,0.000000000000000e+00,-9.664359062355186e-01,2.938512773842019e-02,-8.623679256508726e-01,5.588637080294122e-09,1.000000000000000e+03,1.000000000000000e+00,
2.054140488871047e-07,0.000000000000000e+00,6.631876058113425e-09,2.144011953077422e+04,2.144011953077408e+04,1.550997562543170e+03,2.054140488871047e-07,0.000000000000000e+00,-1.000000000000000e+03,1.429341302051605e+04,9.898644869926595e-11,3.030673083789479e+05,8.750187660295159e-08,7.266978040920000e+08,0.000000000000000e+00,-4.017819673320083e-04,8.266481406725426e+10,8.266481406725426e+10,-6.687369857011882e+00,2.054140488871047e-07,1.000000000000000e+00,0.000000000000000e+00,2.985171852787150e-02,2.985171852787150e-02,1.296916003474186e-02,6.631876058113425e-09,1.000000000000000e+03,1.000000000000000e+00,
2.648799249513672e-06,0.000000000000000e+00,5.914855960172200e-03,2.187007328035916e+05,2.186941287695116e+05,1.504700522721946e+03,2.648799249513672e-06,0.000000000000000e+00,-1.000000000000000e+03,1.457960858463411e+05,6.604034079971905e+00,2.985097839851144e+05,7.372628377514481e-03,6.398073528409017e+08,0.000000000000000e+00,-2.418567529132133e-06,8.019728202135573e+10,8.019728202135571e+10,-5.576950955304960e+00,2.648799249513672e-06,1.000000000000000e+00,0.000000000000000e+00,2.233032934171280e+03,2.233032934171280e+03,-1.703025592347347e+03,5.914855960172200e-03,1.000000000000000e+03,1.000000000000000e+00,
2.919666021411448e-05,0.000000000000000e+00,7.091404439150466e-02,2.341325041900293e+06,2.341238922432260e+06,1.500986085641515e+03,2.919666021411448e-05,0.000000000000000e+00,-1.000000000000000e+03,1.560825948288173e+06,8.611946803301204e+01,2.981411123056972e+05,8.136995091834217e-03,5.543961542541538e+08,0.000000000000000e+00,-6.723746559750908e-07,7.999931056219049e+10,7.999931056219049e+10,-4.534666824357598e+00,2.919666021411448e-05,1.000000000000000e+00,0.000000000000000e+00,2.428840965763023e+03,2.428840965763023e+03,-2.197901537731570e+03,7.091404439150466e-02,1.000000000000000e+03,1.000000000000000e+00,
3.218664278753034e-04,0.000000000000000e+00,7.927073436930492e-01,2.575006905615479e+07,2.574909289822355e+07,1.500986119164773e+03,3.218664278753034e-04,0.000000000000000e+00,-1.000000000000000e+03,1.716606193214903e+07,9.761579312464630e+02,2.981411156350623e+05,8.180918815178184e-03,4.702221153592383e+08,0.000000000000000e+00,7.423400869220131e-08,7.999931234890764e+10,7.999931234890765e+10,-3.492324319831519e+00,3.218664278753034e-04,1.000000000000000e+00,0.000000000000000e+00,2.451875900121639e+03,2.451875900121639e+03,-2.323615569608280e+03,7.927073436930492e-01,1.000000000000000e+03,1.000000000000000e+00,
7.506088495357367e-08,0.000000000000000e+00,-7.508427811182594e-08,2.866470758686800e+03,2.866470758649269e+03,7.165133021214693e+02,7.506088495357367e-08,0.000000000000000e+00,-1.000000000000000e+03,1.910980505766179e+03,3.753053363392232e-08,2.059897748985507e+05,4.854446884765469e-06,8.108252914302442e+08,0.000000000000000e+00,-3.954039962117406e-14,3.818860862648004e+10,3.818860862648004e+10,-7.124586319643318e+00,7.506088495357367e-08,1.000000000000000e+00,0.000000000000000e+00,-1.000098587205256e+00,1.000001185083092e+00,-8.933770734510464e-01,7.506097768839233e-08,1.000000000000000e+03,1.000000000000000e+00,
7.507861886798558e-08,0.000000000000000e+00,-7.669787482439345e-08,2.867990805700797e+03,2.867990805663250e+03,7.167239250413612e+02,7.507861886798558e-08,0.000000000000000e+00,-1.000000000000000e+03,1.911993870442167e+03,3.716020112213739e-08,2.060200485723249e+05,4.521149835586830e-06,8.108325625250951e+08,0.000000000000000e+00,-1.238032757104629e-09,3.819983437236878e+10,3.819983437236877e+10,-7.124483725176020e+00,7.507861886798558e-08,1.000000000000000e+00,0.000000000000000e+00,-1.000113458950470e+00,9.690021061787945e-01,-8.304636554895484e-01,7.508629364921072e-08,1.000000000000000e+03,1.000000000000000e+00,
7.945108899528790e-08,0.000000000000000e+00,-7.762261046954788e-08,3.304134528798985e+03,3.304134528761881e+03,7.802760724135296e+02,7.945108899528790e-08,0.000000000000000e+00,-1.000000000000000e+03,2.202756352507921e+03,8.211140724405722e-11,2.149600125979234e+05,8.643849431249952e-08,8.133492800833195e+08,0.000000000000000e+00,-2.236130364077119e-08,4.158702631448946e+10,4.158702631448946e+10,-7.099900145764303e+00,7.945108899528790e-08,1.000000000000000e+00,0.000000000000000e+00,-9.664359062355186e-01,2.938512773842019e-02,-6.806987623048176e-01,5.588637080294122e-09,1.000000000000000e+03,1.000000000000000e+00,
2.054140488871047e-07,0.000000000000000e+00,6.631876058113425e-09,2.144011953077422e+04,2.144011953077408e+04,1.550997562543170e+03,2.054140488871047e-07,0.000000000000000e+00,-1.000000000000000e+03,1.429341302051605e+04,9.898644869926595e-11,3.030673083789479e+05,8.750187660295159e-08,7.266978040920000e+08,0.000000000000000e+00,-4.017819673320083e-04,8.266481406725426e+10,8.266481406725426e+10,-6.687369857011882e+00,2.054140488871047e-07,1.000000000000000e+00,0.000000000000000e+00,2.985171852787150e-02,2.985171852787150e-02,9.127693214720036e-03,6.631876058113425e-09,1.000000000000000e+03,1.000000000000000e+00,
2.648799249513672e-06,0.000000000000000e+00,5.914855960172200e-03,2.187007328035916e+05,2.186941287695116e+05,1.504700522721946e+03,2.648799249513672e-06,0.000000000000000e+00,-1.000000000000000e+03,1.457960858463411e+05,6.604034079971905e+00,2.985097839851144e+05,7.372628377514481e-03,6.398073528409017e+08,0.000000000000000e+00,-2.418567529132133e-06,8.019728202135573e+10,8.019728202135571e+10,-5.576950955304960e+00,2.648799249513672e-06,1.000000000000000e+00,0.000000000000000e+00,2.233032934171280e+03,2.233032934171280e+03,-1.075428672872458e+03,5.914855960172200e-03,1.000000000000000e+03,1.000000000000000e+00,
2.919666021411448e-05,0.000000000000000e+00,7.091404439150466e-02,2.341325041900293e+06,2.341238922432260e+06,1.500986085641515e+03,2.919666021411448e-05,0.000000000000000e+00,-1.000000000000000e+03,1.560825948288173e+06,8.611946803301204e+01,2.981411123056972e+05,8.136995091834217e-03,5.543961542541538e+08,0.000000000000000e+00,-6.723746559750908e-07,7.999931056219049e+10,7.999931056219049e+10,-4.534666824357598e+00,2.919666021411448e-05,1.000000000000000e+00,0.000000000000000e+00,2.428840965763023e+03,2.428840965763023e+03,-1.734884626271955e+03,7.091404439150466e-02,1.000000000000000e+03,1.000000000000000e+00,
3.218664278753034e-04,0.000000000000000e+00,7.927073436930492e-01,2.575006905615479e+07,2.574909289822355e+07,1.500986119164773e+03,3.218664278753034e-04,0.000000000000000e+00,-1.000000000000000e+03,1.716606193214903e+07,9.761579312464630e+02,2.981411156350623e+05,8.180918815178184e-03,4.702221153592383e+08,0.000000000000000e+00,7.423400869220131e-08,7.999931234890764e+10,7.999931234890765e+10,-3.492324319831519e+00,3.218664278753034e-04,1.000000000000000e+00,0.000000000000000e+00,2.451875900121639e+03,2.451875900121639e+03,-2.035985697725102e+03,7.927073436930492e-01,1.000000000000000e+03,1.000000000000000e+00,

64,28
2.394696130260005e-02,0.000000000000000e+00,5.854473333288795e+01,2.363771689144416e+09,2.363700125037436e+09,1.854242496597429e+03,2.394696130260005e-02,0.000000000000000e+00,-1.000000000000000e+03,1.575800083358290e+09,7.156410698017916e+04,3.313727556984384e+05,8.177130061480535e-03,4.689755433704469e+08,2.500000000000000e-07,6.109688818288846e-04,9.882711289725922e+10,9.882711289725922e+10,-1.620749587603864e+00,2.394696130260005e-02,1.000000000000000e+00,0.000000000000000e+00,2.451727891635563e+03,2.451727891635563e+03,-1.475325067966083e+03,5.854473333288795e+01,1.000000000000000e+03,1.000000000000000e+00,
2.394696130260005e-02,0.000000000000000e+00,5.854473333288795e+01,2.363771689144416e+09,2.363700125037436e+09,1.854242496597429e+03,2.394696130260005e-02,0.000000000000000e+00,-1.000000000000000e+03,1.575800083358290e+09,7.156410698017916e+04,3.313727556984384e+05,8.177130061480535e-03,4.689755433704469e+08,2.500000000000000e-07,6.109688818288846e-04,9.882711289725922e+10,9.882711289725922e+10,-1.620749587603864e+00,2.394696130260005e-02,1.000000000000000e+00,0.000000000000000e+00,2.451727891635563e+03,2.451727891635563e+03,-1.475325067966083e+03,5.854473333288795e+01,1.000000000000000e+03,1.000000000000000e+00,
2.394696130260005e-02,0.000000000000000e+00,5.854473333288795e+01,2.363771689144416e+09,2.363700125037436e+09,1.854242496597429e+03,2.394696130260005e-02,0.000000000000000e+00,-1.000000000000000e+03,1.575800083358290e+09,7.156410698017916e+04,3.313727556984384e+05,8.177130061480535e-03,4.689755433704469e+08,2.500000000000000e-07,6.109688818288846e-04,9.882711289725922e+10,9.882711289725922e+10,-1.620749587603864e+00,2.394696130260005e-02,1.000000000000000e+00,0.000000000000000e+00,2.451727891635563e+03,2.451727891635563e+03,-1.738142194402970e+03,5.854473333288795e+01,1.000000000000000e+03,1.000000000000000e+00,
2.394696130260005e-02,0.000000000000000e+00,5.854473333288795e+01,2.363771689144416e+09,2.363700125037436e+09,1.854242496597429e+03,2.394696130260005e-02,0.000000000000000e+00,-1.000000000000000e+03,1.575800083358290e+09,7.156410698017916e+04,3.313727556984384e+05,8.177130061480535e-03,4.689755433704469e+08,2.500000000000000e-07,6.109688818288846e-04,9.882711289725922e+10,9.882711289725922e+10,-1.620749587603864e+00,2.394696130260005e-02,1.000000000000000e+00,0.000000000000000e+00,2.451727891635563e+03,2.451727891635563e+03,-2.044035703141410e+03,5.854473333288795e+01,1.000000000000000e+03,1.000000000000000e+00,
2.394696130260005e-02,0.000000000000000e+00,5.854473333288795e+01,2.363771689144416e+09,2.363700125037436e+09,1.854242496597429e+03,2.394696130260005e-02,0.000000000000000e+00,-1.000000000000000e+03,1.575800083358290e+09,7.156410698017916e+04,3.313727556984384e+05,8.177130061480535e-03,4.689755433704469e+08,2.500000000000000e-07,6.109688818288846e-04,9.882711289725922e+10,9.882711289725922e+10,-1.620749587603864e+00,2.394696130260005e-02,1.000000000000000e+00,0.000000000000000e+00,2.451727891635563e+03,2.451727891635563e+03,-2.328321015472257e+03,5.854473333288795e+01,1.000000000000000e+03,1.000000000000000e+00,
2.394696130260005e-02,0.000000000000000e+00,5.854473333288795e+01,2.363771689144416e+09,2.363700125037436e+09,1.854242496597429e+03,2.394696130260005e-02,0.000000000000000e+00,-1.000000000000000e+03,1.575800083358290e+09,7.156410698017916e+04,3.313727556984384e+05,8.177130061480535e-03,4.689755433704469e+08,2.500000000000000e-07,6.109688818288846e-04,9.882711289725922e+10,9.882711289725922e+10,-1.620749587603864e+00,2.394696130260005e-02,1.000000000000000e+00,0.000000000000000e+00,2.451727891635563e+03,2.451727891635563e+03,-2.328321015472257e+03,5.854473333288795e+01,1.000000000000000e+03,1.000000000000000e+00,
2.394696130260005e-02,0.000000000000000e+00,5.854473333288795e+01,2.363771689144416e+09,2.363700125037436e+09,1.854242496597429e+03,2.394696130260005e-02,0.000000000000000e+00,-1.000000000000000e+03,1.575800083358290e+09,7.156410698017916e+04,3.313727556984384e+05,8.177130061480535e-03,4.689755433704469e+08,2.500000000000000e-07,6.109688818288846e-04,9.882711289725922e+10,9.882711289725922e+10,-1.620749587603864e+00,2.394696130260005e-02,1.000000000000000e+00,0.000000000000000e+00,2.451727891635563e+03,2.451727891635563e+03,-2.044035703141410e+03,5.854473333288795e+01,1.000000000000000e+03,1.000000000000000e+00,
2.394696130260005e-02,0.000000000000000e+00,5.854473333288795e+01,2.363771689144416e+09,2.363700125037436e+09,1.854242496597429e+03,2.394696130260005e-02,0.000000000000000e+00,-1.000000000000000e+03,1.575800083358290e+09,7.156410698017916e+04,3.313727556984384e+05,8.177130061480535e-03,4.689755433704469e+08,2.500000000000000e-07,6.109688818288846e-04,9.882711289725922e+10,9.882711289725922e+10,-1.620749587603864e+00,2.394696130260005e-02,1.000000000000000e+00,0.000000000000000e+00,2.451727891635563e+03,2.451727891635563e+03,-1.738142194402970e+03,5.854473333288795e+01,1.000000000000000e+03,1.000000000000000e+00,
7.507687649239321e-08,0.000000000000000e+00,-7.506097768839233e-08,2.867839391104495e+03,2.867839391066949e+03,7.167027186152086e+02,7.507687649239321e-08,0.000000000000000e+00,-1.000000000000000e+03,1.911892927377967e+03,3.754584023048182e-08,2.060170006893737e+05,4.854685527891866e-06,8.108318101359898e+08,0.000000000000000e+00,2.118781810778181e-12,3.819870411574087e+10,3.819870411574087e+10,-7.124493804115900e+00,7.507687649239321e-08,1.000000000000000e+00,0.000000000000000e+00,-1.000001185083092e+00,1.000098587205256e+00,-6.018084311783400e-01,7.508427811182594e-08,1.000000000000000e+03,1.000000000000000e+00,
7.915140156593387e-08,0.000000000000000e+00,-7.508629364921072e-08,3.272297348783793e+03,3.272297348746633e+03,7.756835350358900e+02,7.915140156593387e-08,0.000000000000000e+00,-1.000000000000000e+03,2.181531565831089e+03,3.760563900739408e-08,2.143264747723233e+05,4.854392716588203e-06,8.131689324138217e+08,0.000000000000000e+00,1.736405542185349e-12,4.134225400949821e+10,4.134225400949821e+10,-7.101541390505203e+00,7.915140156593387e-08,1.000000000000000e+00,0.000000000000000e+00,-9.690021061787945e-01,1.000113458950470e+00,-4.353826389058836e-01,7.669787482439345e-08,1.000000000000000e+03,1.000000000000000e+00,
1.976361654642786e-07,0.000000000000000e+00,-5.588637080294122e-09,2.059123481498441e+04,2.059123481498393e+04,1.954818291365685e+03,1.976361654642786e-07,0.000000000000000e+00,-1.000000000000000e+03,1.372748987665596e+04,3.710359344512082e-08,3.402410667201720e+05,4.495886907316150e-06,8.449490525188836e+08,0.000000000000000e+00,1.135658099592176e-08,1.041875851345925e+11,1.041875851345925e+11,-6.704133580879867e+00,1.976361654642786e-07,1.000000000000000e+00,0.000000000000000e+00,-2.938512773842019e-02,9.664359062355186e-01,-7.297201195848306e-03,7.762261046954788e-08,1.000000000000000e+03,1.000000000000000e+00,
2.551269047675453e-06,0.000000000000000e+00,5.685225960741631e-03,2.109065159159019e+05,2.109001814616321e+05,2.009539565470967e+03,2.551269047675453e-06,0.000000000000000e+00,-1.000000000000000e+03,1.406001209744214e+05,6.334454269756471e+00,3.449703862324807e+05,7.352793656962247e-03,8.286428730398976e+08,0.000000000000000e+00,6.649803176422893e-07,1.071041106396482e+11,1.071041106396482e+11,-5.593243739838064e+00,2.551269047675453e-06,1.000000000000000e+00,0.000000000000000e+00,2.228391382681349e+03,2.228391382681349e+03,3.893732137647006e+02,5.685225960741631e-03,1.000000000000000e+03,1.000000000000000e+00,
2.812210185810649e-05,0.000000000000000e+00,6.826584197143856e-02,2.255398990733506e+06,2.255316133747858e+06,1.549096601449108e+03,2.812210185810649e-05,0.000000000000000e+00,-1.000000000000000e+03,1.503544089165239e+06,8.285698564750172e+01,3.028815260757925e+05,8.131995019222833e-03,7.252994427303044e+08,0.000000000000000e+00,-6.895259365454650e-07,8.256349695420085e+10,8.256349695420085e+10,-4.550952223080945e+00,2.812210185810649e-05,1.000000000000000e+00,0.000000000000000e+00,2.427480076556234e+03,2.427480076556234e+03,-4.369919096526391e+00,6.826584197143856e-02,1.000000000000000e+03,1.000000000000000e+00,
3.100204464094454e-04,0.000000000000000e+00,7.636230548915052e-01,2.480236242731256e+07,2.480142197293816e+07,1.504537379112059e+03,3.100204464094454e-04,0.000000000000000e+00,-1.000000000000000e+03,1.653428131529211e+07,9.404543744055275e+02,2.984936009363527e+05,8.281022815959041e-03,6.384691806472025e+08,0.000000000000000e+00,2.334073159729542e-07,8.018858681995549e+10,8.018858681995549e+10,-3.508609662714204e+00,3.100204464094454e-04,1.000000000000000e+00,0.000000000000000e+00,2.469044484061053e+03,2.469044484061053e+03,-5.945007053825769e+02,7.636230548915052e-01,1.000000000000000e+03,1.000000000000000e+00,
3.365466085870915e-03,0.000000000000000e+00,8.251705188623598e+00,2.720800379977543e+08,2.720699219192109e+08,1.516790973677765e+03,3.365466085870915e-03,0.000000000000000e+00,-1.000000000000000e+03,1.813799479461406e+08,1.011607854344744e+04,2.997066656587077e+05,8.260671064391240e-03,5.530637668250755e+08,0.000000000000000e+00,1.413395754580051e-07,8.084167689623431e+10,8.084167689623433e+10,-2.472954781512920e+00,3.365466085870915e-03,1.000000000000000e+00,0.000000000000000e+00,2.462845687031882e+03,2.462845687031882e+03,-1.106581964683639e+03,8.251705188623598e+00,1.000000000000000e+03,1.000000000000000e+00,
7.507687649239321e-08,0.000000000000000e+00,-7.506097768839233e-08,2.867839391104495e+03,2.867839391066949e+03,7.167027186152086e+02,7.507687649239321e-08,0.000000000000000e+00,-1.000000000000000e+03,1.911892927377967e+03,3.754584023048182e-08,2.060170006893737e+05,4.854685527891866e-06,8.108318101359898e+08,0.000000000000000e+00,2.118781810778181e-12,3.819870411574087e+10,3.819870411574087e+10,-7.124493804115900e+00,7.507687649239321e-08,1.000000000000000e+00,0.000000000000000e+00,-1.000001185083092e+00,1.000098587205256e+00,-6.018084311783400e-01,7.508427811182594e-08,1.000000000000000e+03,1.000000000000000e+00,
7.915140156593387e-08,0.000000000000000e+00,-7.508629364921072e-08,3.272297348783793e+03,3.272297348746633e+03,7.756835350358900e+02,7.915140156593387e-08,0.000000000000000e+00,-1.000000000000000e+03,2.181531565831089e+03,3.760563900739408e-08,2.143264747723233e+05,4.854392716588203e-06,8.131689324138217e+08,0.000000000000000e+00,1.736405542185349e-12,4.134225400949821e+10,4.134225400949821e+10,-7.101541390505203e+00,7.915140156593387e-08,1.000000000000000e+00,0.000000000000000e+00,-9.690021061787945e-01,1.000113458950470e+00,-4.353826389058836e-01,7.669787482439345e-08,1.000000000000000e+03,1.000000000000000e+00,
1.976361654642786e-07,0.000000000000000e+00,-5.588637080294122e-09,2.059123481498441e+04,2.059123481498393e+04,1.954818291365685e+03,1.976361654642786e-07,0.000000000000000e+00,-1.000000000000000e+03,1.372748987665596e+04,3.710359344512082e-08,3.402410667201720e+05,4.495886907316150e-06,8.449490525188836e+08,0.000000000000000e+00,1.135658099592176e-08,1.041875851345925e+11,1.041875851345925e+11,-6.704133580879867e+00,1.976361654642786e-07,1.000000000000000e+00,0.000000000000000e+00,-2.938512773842019e-02,9.664359062355186e-01,-7.297201195848306e-03,7.762261046954788e-08,1.000000000000000e+03,1.000000000000000e+00,
2.551269047675453e-06,0.000000000000000e+00,5.685225960741631e-03,2.109065159159019e+05,2.109001814616321e+05,2.009539565470967e+03,2.551269047675453e-06,0.000000000000000e+00,-1.000000000000000e+03,1.406001209744214e+05,6.334454269756471e+00,3.449703862324807e+05,7.352793656962247e-03,8.286428730398976e+08,0.000000000000000e+00,6.649803176422893e-07,1.071041106396482e+11,1.071041106396482e+11,-5.593243739838064e+00,2.551269047675453e-06,1.000000000000000e+00,0.000000000000000e+00,2.228391382681349e+03,2.228391382681349e+03,3.893732137647006e+02,5.685225960741631e-03,1.000000000000000e+03,1.000000000000000e+00,
2.812210185810649e-05,0.000000000000000e+00,6.826584197143856e-02,2.255398990733506e+06,2.255316133747858e+06,1.549096601449108e+03,2.812210185810649e-05,0.000000000000000e+00,-1.000000000000000e+03,1.503544089165239e+06,8.285698564750172e+01,3.028815260757925e+05,8.131995019222833e-03,7.252994427303044e+08,0.000000000000000e+00,-6.895259365454650e-07,8.256349695420085e+10,8.256349695420085e+10,-4.550952223080945e+00,2.812210185810649e-05,1.000000000000000e+00,0.000000000000000e+00,2.427480076556234e+03,2.427480076556234e+03,-4.369919096526391e+00,6.826584197143856e-02,1.000000000000000e+03,1.000000000000000e+00,
3.100204464094454e-04,0.000000000000000e+00,7.636230548915052e-01,2.480236242731256e+07,2.480142197293816e+07,1.504537379112059e+03,3.100204464094454e-04,0.000000000000000e+00,-1.000000000000000e+03,1.653428131529211e+07,9.404543744055275e+02,2.984936009363527e+05,8.281022815959041e-03,6.384691806472025e+08,0.000000000000000e+00,2.334073159729542e-07,8.018858681995549e+10,8.018858681995549e+10,-3.508609662714204e+00,3.100204464094454e-04,1.000000000000000e+00,0.000000000000000e+00,2.469044484061053e+03,2.469044484061053e+03,-5.945007053825769e+02,7.636230548915052e-01,1.000000000000000e+03,1.000000000000000e+00,
3.365466085870915e-03,0.000000000000000e+00,8.251705188623598e+00,2.720800379977543e+08,2.720699219192109e+08,1.516790973677765e+03,3.365466085870915e-03,0.000000000000000e+00,-1.000000000000000e+03,1.813799479461406e+08,1.011607854344744e+04,2.997066656587077e+05,8.260671064391240e-03,5.530637668250755e+08,0.000000000000000e+00,1.413395754580051e-07,8.084167689623431e+10,8.084167689623433e+10,-2.472954781512920e+00,3.365466085870915e-03,1.000000000000000e+00,0.000000000000000e+00,2.462845687031882e+03,2.462845687031882e+03,-1.106581964683639e+03,8.251705188623598e+00,1.000000000000000e+03,1.000000000000000e+00,
7.507687649239321e-08,0.000000000000000e+00,-7.506097768839233e-08,2.867839391104495e+03,2.867839391066949e+03,7.167027186152086e+02,7.507687649239321e-08,0.000000000000000e+00,-1.000000000000000e+03,1.911892927377967e+03,3.754584023048182e-08,2.060170006893737e+05,4.854685527891866e-06,8.108318101359898e+08,0.000000000000000e+00,2.118781810778181e-12,3.819870411574087e+10,3.819870411574087e+10,-7.124493804115900e+00,7.507687649239321e-08,1.000000000000000e+00,0.000000000000000e+00,-1.000001185083092e+00,1.000098587205256e+00,-7.090156941619709e-01,7.508427811182594e-08,1.000000000000000e+03,1.000000000000000e+00,
7.915140156593387e-08,0.000000000000000e+00,-7.508629364921072e-08,3.272297348783793e+03,3.272297348746633e+03,7.756835350358900e+02,7.915140156593387e-08,0.000000000000000e+00,-1.000000000000000e+03,2.181531565831089e+03,3.760563900739408e-08,2.143264747723233e+05,4.854392716588203e-06,8.131689324138217e+08,0.000000000000000e+00,1.736405542185349e-12,4.134225400949821e+10,4.134225400949821e+10,-7.101541390505203e+00,7.915140156593387e-08,1.000000000000000e+00,0.000000000000000e+00,-9.690021061787945e-01,1.000113458950470e+00,-5.399273265483234e-01,7.669787482439345e-08,1.000000000000000e+03,1.000000000000000e+00,
1.976361654642786e-07,0.000000000000000e+00,-5.588637080294122e-09,2.059123481498441e+04,2.059123481498393e+04,1.954818291365685e+03,1.976361654642786e-07,0.000000000000000e+00,-1.000000000000000e+03,1.372748987665596e+04,3.710359344512082e-08,3.402410667201720e+05,4.495886907316150e-06,8.449490525188836e+08,0.000000000000000e+00,1.135658099592176e-08,1.041875851345925e+11,1.041875851345925e+11,-6.704133580879867e+00,1.976361654642786e-07,1.000000000000000e+00,0.000000000000000e+00,-2.938512773842019e-02,9.664359062355186e-01,-9.509893552290408e-03,7.762261046954788e-08,1.000000000000000e+03,1.000000000000000e+00,
2.551269047675453e-06,0.000000000000000e+00,5.685225960741631e-03,2.109065159159019e+05,2.109001814616321e+05,2.009539565470967e+03,2.551269047675453e-06,0.000000000000000e+00,-1.000000000000000e+03,1.406001209744214e+05,6.334454269756471e+00,3.449703862324807e+05,7.352793656962247e-03,8.286428730398976e+08,0.000000000000000e+00,6.649803176422893e-07,1.071041106396482e+11,1.071041106396482e+11,-5.593243739838064e+00,2.551269047675453e-06,1.000000000000000e+00,0.000000000000000e+00,2.228391382681349e+03,2.228391382681349e+03,5.635294546419234e+02,5.685225960741631e-03,1.000000000000000e+03,1.000000000000000e+00,
2.812210185810649e-05,0.000000000000000e+00,6.826584197143856e-02,2.255398990733506e+06,2.255316133747858e+06,1.549096601449108e+03,2.812210185810649e-05,0.000000000000000e+00,-1.000000000000000e+03,1.503544089165239e+06,8.285698564750172e+01,3.028815260757925e+05,8.131995019222833e-03,7.252994427303044e+08,0.000000000000000e+00,-6.895259365454650e-07,8.256349695420085e+10,8.256349695420085e+10,-4.550952223080945e+00,2.812210185810649e-05,1.000000000000000e+00,0.000000000000000e+00,2.427480076556234e+03,2.427480076556234e+03,-5.830353323125163e+00,6.826584197143856e-02,1.000000000000000e+03,1.000000000000000e+00,
3.100204464094454e-04,0.000000000000000e+00,7.636230548915052e-01,2.480236242731256e+07,2.480142197293816e+07,1.504537379112059e+03,3.100204464094454e-04,0.000000000000000e+00,-1.000000000000000e+03,1.653428131529211e+07,9.404543744055275e+02,2.984936009363527e+05,8.281022815959041e-03,6.384691806472025e+08,0.000000000000000e+00,2.334073159729542e-07,8.018858681995549e+10,8.018858681995549e+10,-3.508609662714204e+00,3.100204464094454e-04,1.000000000000000e+00,0.000000000000000e+00,2.469044484061053e+03,2.469044484061053e+03,-7.752750515111356e+02,7.636230548915052e-01,1.000000000000000e+03,1.000000000000000e+00,
3.365466085870915e-03,0.000000000000000e+00,8.251705188623598e+00,2.720800379977543e+08,2.720699219192109e+08,1.516790973677765e+03,3.365466085870915e-03,0.000000000000000e+00,-1.000000000000000e+03,1.813799479461406e+08,1.011607854344744e+04,2.997066656587077e+05,8.260671064391240e-03,5.530637668250755e+08,0.000000000000000e+00,1.413395754580051e-07,8.084167689623431e+10,8.084167689623433e+10,-2.472954781512920e+00,3.365466085870915e-03,1.000000000000000e+00,0.000000000000000e+00,2.462845687031882e+03,2.462845687031882e+03,-1.372295972342122e+03,8.251705188623598e+00,1.000000000000000e+03,1.000000000000000e+00,
7.507687649239321e-08,0.000000000000000e+00,-7.506097768839233e-08,2.867839391104495e+03,2.867839391066949e+03,7.167027186152086e+02,7.507687649239321e-08,0.000000000000000e+00,-1.000000000000000e+03,1.911892927377967e+03,3.754584023048182e-08,2.060170006893737e+05,4.854685527891866e-06,8.108318101359898e+08,0.000000000000000e+00,2.118781810778181e-12,3.819870411574087e+10,3.819870411574087e+10,-7.124493804115900e+00,7.507687649239321e-08,1.000000000000000e+00,0.000000000000000e+00,-1.000001185083092e+00,1.000098587205256e+00,-8.337944948471026e-01,7.508427811182594e-08,1.000000000000000e+03,1.000000000000000e+00,
7.915140156593387e-08,0.000000000000000e+00,-7.508629364921072e-08,3.272297348783793e+03,3.272297348746633e+03,7.756835350358900e+02,7.915140156593387e-08,0.000000000000000e+00,-1.000000000000000e+03,2.181531565831089e+03,3.760563900739408e-08,2.143264747723233e+05,4.854392716588203e-06,8.131689324138217e+08,0.000000000000000e+00,1.736405542185349e-12,4.134225400949821e+10,4.134225400949821e+10,-7.101541390505203e+00,7.915140156593387e-08,1.000000000000000e+00,0.000000000000000e+00,-9.690021061787945e-01,1.000113458950470e+00,-6.878592278034384e-01,7.669787482439345e-08,1.000000000000000e+03,1.000000000000000e+00,
1.976361654642786e-07,0.000000000000000e+00,-5.588637080294122e-09,2.059123481498441e+04,2.059123481498393e+04,1.954818291365685e+03,1.976361654642786e-07,0.000000000000000e+00,-1.000000000000000e+03,1.372748987665596e+04,3.710359344512082e-08,3.402410667201720e+05,4.495886907316150e-06,8.449490525188836e+08,0.000000000000000e+00,1.135658099592176e-08,1.041875851345925e+11,1.041875851345925e+11,-6.704133580879867e+00,1.976361654642786e-07,1.000000000000000e+00,0.000000000000000e+00,-2.938512773842019e-02,9.664359062355186e-01,-1.342764827267690e-02,7.762261046954788e-08,1.000000000000000e+03,1.000000000000000e+00,
2.551269047675453e-06,0.000000000000000e+00,5.685225960741631e-03,2.109065159159019e+05,2.109001814616321e+05,2.009539565470967e+03,2.551269047675453e-06,0.000000000000000e+00,-1.000000000000000e+03,1.406001209744214e+05,6.334454269756471e+00,3.449703862324807e+05,7.352793656962247e-03,8.286428730398976e+08,0.000000000000000e+00,6.649803176422893e-07,1.071041106396482e+11,1.071041106396482e+11,-5.593243739838064e+00,2.551269047675453e-06,1.000000000000000e+00,0.000000000000000e+00,2.228391382681349e+03,2.228391382681349e+03,9.637897512577313e+02,5.685225960741631e-03,1.000000000000000e+03,1.000000000000000e+00,
2.812210185810649e-05,0.000000000000000e+00,6.826584197143856e-02,2.255398990733506e+06,2.255316133747858e+06,1.549096601449108e+03,2.812210185810649e-05,0.000000000000000e+00,-1.000000000000000e+03,1.503544089165239e+06,8.285698564750172e+01,3.028815260757925e+05,8.131995019222833e-03,7.252994427303044e+08,0.000000000000000e+00,-6.895259365454650e-07,8.256349695420085e+10,8.256349695420085e+10,-4.550952223080945e+00,2.812210185810649e-05,1.000000000000000e+00,0.000000000000000e+00,2.427480076556234e+03,2.427480076556234e+03,-8.756924563909697e+00,6.826584197143856e-02,1.000000000000000e+03,1.000000000000000e+00,
3.100204464094454e-04,0.000000000000000e+00,7.636230548915052e-01,2.480236242731256e+07,2.480142197293816e+07,1.504537379112059e+03,3.100204464094454e-04,0.000000000000000e+00,-1.000000000000000e+03,1.653428131529211e+07,9.404543744055275e+02,2.984936009363527e+05,8.281022815959041e-03,6.384691806472025e+08,0.000000000000000e+00,2.334073159729542e-07,8.018858681995549e+10,8.018858681995549e+10,-3.508609662714204e+00,3.100204464094454e-04,1.000000000000000e+00,0.000000000000000e+00,2.469044484061053e+03,2.469044484061053e+03,-1.096397779660635e+03,7.636230548915052e-01,1.000000000000000e+03,1.000000000000000e+00,
3.365466085870915e-03,0.000000000000000e+00,8.251705188623598e+00,2.720800379977543e+08,2.720699219192109e+08,1.516790973677765e+03,3.365466085870915e-03,0.000000000000000e+00,-1.000000000000000e+03,1.813799479461406e+08,1.011607854344744e+04,2.997066656587077e+05,8.260671064391240e-03,5.530637668250755e+08,0.000000000000000e+00,1.413395754580051e-07,8.084167689623431e+10,8.084167689623433e+10,-2.472954781512920e+00,3.365466085870915e-03,1.000000000000000e+00,0.000000000000000e+00,2.462845687031882e+03,2.462845687031882e+03,-1.748284262416449e+03,8.251705188623598e+00,1.000000000000000e+03,1.000000000000000e+00,
7.507687649239321e-08,0.000000000000000e+00,-7.506097768839233e-08,2.867839391104495e+03,2.867839391066949e+03,7.167027186152086e+02,7.507687649239321e-08,0.000000000000000e+00,-1.000000000000000e+03,1.911892927377967e+03,3.754584023048182e-08,2.060170006893737e+05,4.854685527891866e-06,8.108318101359898e+08,0.000000000000000e+00,2.118781810778181e-12,3.819870411574087e+10,3.819870411574087e+10,-7.124493804115900e+00,7.507687649239321e-08,1.000000000000000e+00,0.000000000000000e+00,-1.000001185083092e+00,1.000098587205256e+00,-9.497589704299203e-01,7.508427811182594e-08,1.000000000000000e+03,1.000000000000000e+00,
7.915140156593387e-08,0.000000000000000e+00,-7.508629364921072e-08,3.272297348783793e+03,3.272297348746633e+03,7.756835350358900e+02,7.915140156593387e-08,0.000000000000000e+00,-1.000000000000000e+03,2.181531565831089e+03,3.760563900739408e-08,2.143264747723233e+05,4.854392716588203e-06,8.131689324138217e+08,0.000000000000000e+00,1.736405542185349e-12,4.134225400949821e+10,4.134225400949821e+10,-7.101541390505203e+00,7.915140156593387e-08,1.000000000000000e+00,0.000000000000000e+00,-9.690021061787945e-01,1.000113458950470e+00,-8.687204810749292e-01,7.669787482439345e-08,1.000000000000000e+03,1.000000000000000e+00,
1.976361654642786e-07,0.000000000000000e+00,-5.588637080294122e-09,2.059123481498441e+04,2.059123481498393e+04,1.954818291365685e+03,1.976361654642786e-07,0.000000000000000e+00,-1.000000000000000e+03,1.372748987665596e+04,3.710359344512082e-08,3.402410667201720e+05,4.495886907316150e-06,8.449490525188836e+08,0.000000000000000e+00,1.135658099592176e-08,1.041875851345925e+11,1.041875851345925e+11,-6.704133580879867e+00,1.976361654642786e-07,1.000000000000000e+00,0.000000000000000e+00,-2.938512773842019e-02,9.664359062355186e-01,-2.109803366767257e-02,7.762261046954788e-08,1.000000000000000e+03,1.000000000000000e+00,
2.551269047675453e-06,0.000000000000000e+00,5.685225960741631e-03,2.109065159159019e+05,2.109001814616321e+05,2.009539565470967e+03,2.551269047675453e-06,0.000000000000000e+00,-1.000000000000000e+03,1.406001209744214e+05,6.334454269756471e+00,3.449703862324807e+05,7.352793656962247e-03,8.286428730398976e+08,0.000000000000000e+00,6.649803176422893e-07,1.071041106396482e+11,1.071041106396482e+11,-5.593243739838064e+00,2.551269047675453e-06,1.000000000000000e+00,0.000000000000000e+00,2.228391382681349e+03,2.228391382681349e+03,2.197898566361757e+03,5.685225960741631e-03,1.000000000000000e+03,1.000000000000000e+00,
2.812210185810649e-05,0.000000000000000e+00,6.826584197143856e-02,2.255398990733506e+06,2.255316133747858e+06,1.549096601449108e+03,2.812210185810649e-05,0.000000000000000e+00,-1.000000000000000e+03,1.503544089165239e+06,8.285698564750172e+01,3.028815260757925e+05,8.131995019222833e-03,7.252994427303044e+08,0.000000000000000e+00,-6.895259365454650e-07,8.256349695420085e+10,8.256349695420085e+10,-4.550952223080945e+00,2.812210185810649e-05,1.000000000000000e+00,0.000000000000000e+00,2.427480076556234e+03,2.427480076556234e+03,-1.758239144276091e+01,6.826584197143856e-02,1.000000000000000e+03,1.000000000000000e+00,
3.100204464094454e-04,0.000000000000000e+00,7.636230548915052e-01,2.480236242731256e+07,2.480142197293816e+07,1.504537379112059e+03,3.100204464094454e-04,0.000000000000000e+00,-1.000000000000000e+03,1.653428131529211e+07,9.404543744055275e+02,2.984936009363527e+05,8.281022815959041e-03,6.384691806472025e+08,0.000000000000000e+00,2.334073159729542e-07,8.018858681995549e+10,8.018858681995549e+10,-3.508609662714204e+00,3.100204464094454e-04,1.000000000000000e+00,0.000000000000000e+00,2.469044484061053e+03,2.469044484061053e+03,-1.730814675327613e+03,7.636230548915052e-01,1.000000000000000e+03,1.000000000000000e+00,
3.365466085870915e-03,0.000000000000000e+00,8.251705188623598e+00,2.720800379977543e+08,2.720699219192109e+08,1.516790973677765e+03,3.365466085870915e-03,0.000000000000000e+00,-1.000000000000000e+03,1.813799479461406e+08,1.011607854344744e+04,2.997066656587077e+05,8.260671064391240e-03,5.530637668250755e+08,0.000000000000000e+00,1.413395754580051e-07,8.084167689623431e+10,8.084167689623433e+10,-2.472954781512920e+00,3.365466085870915e-03,1.000000000000000e+00,0.000000000000000e+00,2.462845687031882e+03,2.462845687031882e+03,-2.207966810814009e+03,8.251705188623598e+00,1.000000000000000e+03,1.000000000000000e+00,
7.507687649239321e-08,0.000000000000000e+00,-7.506097768839233e-08,2.867839391104495e+03,2.867839391066949e+03,7.167027186152086e+02,7.507687649239321e-08,0.000000000000000e+00,-1.000000000000000e+03,1.911892927377967e+03,3.754584023048182e-08,2.060170006893737e+05,4.854685527891866e-06,8.108318101359898e+08,0.000000000000000e+00,2.118781810778181e-12,3.819870411574087e+10,3.819870411574087e+10,-7.124493804115900e+00,7.507687649239321e-08,1.000000000000000e+00,0.000000000000000e+00,-1.000001185083092e+00,1.000098587205256e+00,-9.497589704299203e-01,7.508427811182594e-08,1.000000000000000e+03,1.000000000000000e+00,
7.915140156593387e-08,0.000000000000000e+00,-7.508629364921072e-08,3.272297348783793e+03,3.272297348746633e+03,7.756835350358900e+02,7.915140156593387e-08,0.000000000000000e+00,-1.000000000000000e+03,2.181531565831089e+03,3.760563900739408e-08,2.143264747723233e+05,4.854392716588203e-06,8.131689324138217e+08,0.000000000000000e+00,1.736405542185349e-12,4.134225400949821e+10,4.134225400949821e+10,-7.101541390505203e+00,7.915140156593387e-08,1.000000000000000e+00,0.000000000000000e+00,-9.690021061787945e-01,1.000113458950470e+00,-8.687204810749292e-01,7.669787482439345e-08,1.000000000000000e+03,1.000000000000000e+00,
1.976361654642786e-07,0.000000000000000e+00,-5.588637080294122e-09,2.059123481498441e+04,2.059123481498393e+04,1.954818291365685e+03,1.976361654642786e-07,0.000000000000000e+00,-1.000000000000000e+03,1.372748987665596e+04,3.710359344512082e-08,3.402410667201720e+05,4.495886907316150e-06,8.449490525188836e+08,0.000000000000000e+00,1.135658099592176e-08,1.041875851345925e+11,1.041875851345925e+11,-6.704133580879867e+00,1.976361654642786e-07,1.000000000000000e+00,0.000000000000000e+00,-2.938512773842019e-02,9.664359062355186e-01,-2.109803366767257e-02,7.762261046954788e-08,1.000000000000000e+03,1.000000000000000e+00,
2.551269047675453e-06,0.000000000000000e+00,5.685225960741631e-03,2.109065159159019e+05,2.109001814616321e+05,2.009539565470967e+03,2.551269047675453e-06,0.000000000000000e+00,-1.000000000000000e+03,1.406001209744214e+05,6.334454269756471e+00,3.449703862324807e+05,7.352793656962247e-03,8.286428730398976e+08,0.000000000000000e+00,6.649803176422893e-07,1.071041106396482e+11,1.071041106396482e+11,-5.593243739838064e+00,2.551269047675453e-06,1.000000000000000e+00,0.000000000000000e+00,2.228391382681349e+03,2.228391382681349e+03,2.197898566361757e+03,5.685225960741631e-03,1.000000000000000e+03,1.000000000000000e+00,
2.812210185810649e-05,0.000000000000000e+00,6.826584197143856e-02,2.255398990733506e+06,2.255316133747858e+06,1.549096601449108e+03,2.812210185810649e-05,0.000000000000000e+00,-1.000000000000000e+03,1.503544089165239e+06,8.285698564750172e+01,3.028815260757925e+05,8.131995019222833e-03,7.252994427303044e+08,0.000000000000000e+00,-6.895259365454650e-07,8.256349695420085e+10,8.256349695420085e+10,-4.550952223080945e+00,2.812210185810649e-05,1.000000000000000e+00,0.000000000000000e+00,2.427480076556234e+03,2.427480076556234e+03,-1.758239144276091e+01,6.826584197143856e-02,1.000000000000000e+03,1.000000000000000e+00,
3.100204464094454e-04,0.000000000000000e+00,7.636230548915052e-01,2.480236242731256e+07,2.480142197293816e+07,1.504537379112059e+03,3.100204464094454e-04,0.000000000000000e+00,-1.000000000000000e+03,1.653428131529211e+07,9.404543744055275e+02,2.984936009363527e+05,8.281022815959041e-03,6.384691806472025e+08,0.000000000000000e+00,2.334073159729542e-07,8.018858681995549e+10,8.018858681995549e+10,-3.508609662714204e+00,3.100204464094454e-04,1.000000000000000e+00,0.000000000000000e+00,2.469044484061053e+03,2.469044484061053e+03,-1.730814675327613e+03,7.636230548915052e-01,1.000000000000000e+03,1.000000000000000e+00,
3.365466085870915e-03,0.000000000000000e+00,8.251705188623598e+00,2.720800379977543e+08,2.720699219192109e+08,1.516790973677765e+03,3.365466085870915e-03,0.000000000000000e+00,-1.000000000000000e+03,1.813799479461406e+08,1.011607854344744e+04,2.997066656587077e+05,8.260671064391240e-03,5.530637668250755e+08,0.000000000000000e+00,1.413395754580051e-07,8.084167689623431e+10,8.084167689623433e+10,-2.472954781512920e+00,3.365466085870915e-03,1.000000000000000e+00,0.000000000000000e+00,2.462845687031882e+03,2.462845687031882e+03,-2.207966810814009e+03,8.251705188623598e+00,1.000000000000000e+03,1.000000000000000e+00,
7.507687649239321e-08,0.000000000000000e+00,-7.506097768839233e-08,2.867839391104495e+03,2.867839391066949e+03,7.167027186152086e+02,7.507687649239321e-08,0.000000000000000e+00,-1.000000000000000e+03,1.911892927377967e+03,3.754584023048182e-08,2.060170006893737e+05,4.854685527891866e-06,8.108318101359898e+08,0.000000000000000e+00,2.118781810778181e-12,3.819870411574087e+10,3.819870411574087e+10,-7.124493804115900e+00,7.507687649239321e-08,1.000000000000000e+00,0.000000000000000e+00,-1.000001185083092e+00,1.000098587205256e+00,-8.337944948471026e-01,7.508427811182594e-08,1.000000000000000e+03,1.000000000000000e+00,
7.915140156593387e-08,0.000000000000000e+00,-7.508629364921072e-08,3.272297348783793e+03,3.272297348746633e+03,7.756835350358900e+02,7.915140156593387e-08,0.000000000000000e+00,-1.000000000000000e+03,2.181531565831089e+03,3.760563900739408e-08,2.143264747723233e+05,4.854392716588203e-06,8.131689324138217e+08,0.000000000000000e+00,1.736405542185349e-12,4.134225400949821e+10,4.134225400949821e+10,-7.101541390505203e+00,7.915140156593387e-08,1.000000000000000e+00,0.000000000000000e+00,-9.690021061787945e-01,1.000113458950470e+00,-6.878592278034384e-01,7.669787482439345e-08,1.000000000000000e+03,1.000000000000000e+00,
1.976361654642786e-07,0.000000000000000e+00,-5.588637080294122e-09,2.059123481498441e+04,2.059123481498393e+04,1.954818291365685e+03,1.976361654642786e-07,0.000000000000000e+00,-1.000000000000000e+03,1.372748987665596e+04,3.710359344512082e-08,3.402410667201720e+05,4.495886907316150e-06,8.449490525188836e+08,0.000000000000000e+00,1.135658099592176e-08,1.041875851345925e+11,1.041875851345925e+11,-6.704133580879867e+00,1.976361654642786e-07,1.000000000000000e+00,0.000000000000000e+00,-2.938512773842019e-02,9.664359062355186e-01,-1.342764827267690e-02,7.762261046954788e-08,1.000000000000000e+03,1.000000000000000e+00,
2.551269047675453e-06,0.000000000000000e+00,5.685225960741631e-03,2.109065159159019e+05,2.109001814616321e+05,2.009539565470967e+03,2.551269047675453e-06,0.000000000000000e+00,-1.000000000000000e+03,1.406001209744214e+05,6.334454269756471e+00,3.449703862324807e+05,7.352793656962247e-03,8.286428730398976e+08,0.000000000000000e+00,6.649803176422893e-07,1.071041106396482e+11,1.071041106396482e+11,-5.593243739838064e+00,2.551269047675453e-06,1.000000000000000e+00,0.000000000000000e+00,2.228391382681349e+03,2.228391382681349e+03,9.637897512577313e+02,5.685225960741631e-03,1.000000000000000e+03,1.000000000000000e+00,
2.812210185810649e-05,0.000000000000000e+00,6.826584197143856e-02,2.255398990733506e+06,2.255316133747858e+06,1.549096601449108e+03,2.812210185810649e-05,0.000000000000000e+00,-1.000000000000000e+03,1.503544089165239e+06,8.285698564750172e+01,3.028815260757925e+05,8.131995019222833e-03,7.252994427303044e+08,0.000000000000000e+00,-6.895259365454650e-07,8.256349695420085e+10,8.256349695420085e+10,-4.550952223080945e+00,2.812210185810649e-05,1.000000000000000e+00,0.000000000000000e+00,2.427480076556234e+03,2.427480076556234e+03,-8.756924563909697e+00,6.826584197143856e-02,1.000000000000000e+03,1.000000000000000e+00,
3.100204464094454e-04,0.000000000000000e+00,7.636230548915052e-01,2.480236242731256e+07,2.480142197293816e+07,1.504537379112059e+03,3.100204464094454e-04,0.000000000000000e+00,-1.000000000000000e+03,1.653428131529211e+07,9.404543744055275e+02,2.984936009363527e+05,8.281022815959041e-03,6.384691806472025e+08,0.000000000000000e+00,2.334073159729542e-07,8.018858681995549e+10,8.018858681995549e+10,-3.508609662714204e+00,3.100204464094454e-04,1.000000000000000e+00,0.000000000000000e+00,2.469044484061053e+03,2.469044484061053e+03,-1.096397779660635e+03,7.636230548915052e-01,1.000000000000000e+03,1.000000000000000e+00,
3.365466085870915e-03,0.000000000000000e+00,8.251705188623598e+00,2.720800379977543e+08,2.720699219192109e+08,1.516790973677765e+03,3.365466085870915e-03,0.000000000000000e+00,-1.000000000000000e+03,1.813799479461406e+08,1.011607854344744e+04,2.997066656587077e+05,8.260671064391240e-03,5.530637668250755e+08,0.000000000000000e+00,1.413395754580051e-07,8.084167689623431e+10,8.084167689623433e+10,-2.472954781512920e+00,3.365466085870915e-03,1.000000000000000e+00,0.000000000000000e+00,2.462845687031882e+03,2.462845687031882e+03,-1.748284262416449e+03,8.251705188623598e+00,1.000000000000000e+03,1.000000000000000e+00,
7.507687649239321e-08,0.000000000000000e+00,-7.506097768839233e-08,2.867839391104495e+03,2.867839391066949e+03,7.167027186152086e+02,7.507687649239321e-08,0.000000000000000e+00,-1.000000000000000e+03,1.911892927377967e+03,3.754584023048182e-08,2.060170006893737e+05,4.854685527891866e-06,8.108318101359898e+08,0.000000000000000e+00,2.118781810778181e-12,3.819870411574087e+10,3.819870411574087e+10,-7.124493804115900e+00,7.507687649239321e-08,1.000000000000000e+00,0.000000000000000e+00,-1.000001185083092e+00,1.000098587205256e+00,-7.090156941619709e-01,7.508427811182594e-08,1.000000000000000e+03,1.000000000000000e+00,
7.915140156593387e-08,0.000000000000000e+00,-7.508629364921072e-08,3.272297348783793e+03,3.272297348746633e+03,7.756835350358900e+02,7.915140156593387e-08,0.000000000000000e+00,-1.000000000000000e+03,2.181531565831089e+03,3.760563900739408e-08,2.143264747723233e+05,4.854392716588203e-06,8.131689324138217e+08,0.000000000000000e+00,1.736405542185349e-12,4.134225400949821e+10,4.134225400949821e+10,-7.101541390505203e+00,7.915140156593387e-08,1.000000000000000e+00,0.000000000000000e+00,-9.690021061787945e-01,1.000113458950470e+00,-5.399273265483234e-01,7.669787482439345e-08,1.000000000000000e+03,1.000000000000000e+00,
1.976361654642786e-07,0.000000000000000e+00,-5.588637080294122e-09,2.059123481498441e+04,2.059123481498393e+04,1.954818291365685e+03,1.976361654642786e-07,0.000000000000000e+00,-1.000000000000000e+03,1.372748987665596e+04,3.710359344512082e-08,3.402410667201720e+05,4.495886907316150e-06,8.449490525188836e+08,0.000000000000000e+00,1.135658099592176e-08,1.041875851345925e+11,1.041875851345925e+11,-6.704133580879867e+00,1.976361654642786e-07,1.000000000000000e+00,0.000000000000000e+00,-2.938512773842019e-02,9.664359062355186e-01,-9.509893552290408e-03,7.762261046954788e-08,1.000000000000000e+03,1.000000000000000e+00,
2.551269047675453e-06,0.000000000000000e+00,5.685225960741631e-03,2.109065159159019e+05,2.109001814616321e+05,2.009539565470967e+03,2.551269047675453e-06,0.000000000000000e+00,-1.000000000000000e+03,1.406001209744214e+05,6.334454269756471e+00,3.449703862324807e+05,7.352793656962247e-03,8.286428730398976e+08,0.000000000000000e+00,6.649803176422893e-07,1.071041106396482e+11,1.071041106396482e+11,-5.593243739838064e+00,2.551269047675453e-06,1.000000000000000e+00,0.000000000000000e+00,2.228391382681349e+03,2.228391382681349e+03,5.635294546419234e+02,5.685225960741631e-03,1.000000000000000e+03,1.000000000000000e+00,
2.812210185810649e-05,0.000000000000000e+00,6.826584197143856e-02,2.255398990733506e+06,2.255316133747858e+06,1.549096601449108e+03,2.812210185810649e-05,0.000000000000000e+00,-1.000000000000000e+03,1.503544089165239e+06,8.285698564750172e+01,3.028815260757925e+05,8.131995019222833e-03,7.252994427303044e+08,0.000000000000000e+00,-6.895259365454650e-07,8.256349695420085e+10,8.256349695420085e+10,-4.550952223080945e+00,2.812210185810649e-05,1.000000000000000e+00,0.000000000000000e+00,2.427480076556234e+03,2.427480076556234e+03,-5.830353323125163e+00,6.826584197143856e-02,1.000000000000000e+03,1.000000000000000e+00,
3.100204464094454e-04,0.000000000000000e+00,7.636230548915052e-01,2.480236242731256e+07,2.480142197293816e+07,1.504537379112059e+03,3.100204464094454e-04,0.000000000000000e+00,-1.000000000000000e+03,1.653428131529211e+07,9.404543744055275e+02,2.984936009363527e+05,8.281022815959041e-03,6.384691806472025e+08,0.000000000000000e+00,2.334073159729542e-07,8.018858681995549e+10,8.018858681995549e+10,-3.508609662714204e+00,3.100204464094454e-04,1.000000000000000e+00,0.000000000000000e+00,2.469044484061053e+03,2.469044484061053e+03,-7.752750515111356e+02,7.636230548915052e-01,1.000000000000000e+03,1.000000000000000e+00,
3.365466085870915e-03,0.000000000000000e+00,8.251705188623598e+00,2.720800379977543e+08,2.720699219192109e+08,1.516790973677765e+03,3.365466085870915e-03,0.000000000000000e+00,-1.000000000000000e+03,1.813799479461406e+08,1.011607854344744e+04,2.997066656587077e+05,8.260671064391240e-03,5.530637668250755e+08,0.000000000000000e+00,1.413395754580051e-07,8.084167689623431e+10,8.084167689623433e+10,-2.472954781512920e+00,3.365466085870915e-03,1.000000000000000e+00,0.000000000000000e+00,2.462845687031882e+03,2.462845687031882e+03,-1.372295972342122e+03,8.251705188623598e+00,1.000000000000000e+03,1.000000000000000e+00,

