1
0
28
0
(64 0
((0,0) (63,63) (0,0))
((448,0) (511,63) (0,0))
((384,0) (447,63) (0,0))
((320,0) (383,63) (0,0))
((256,0) (319,63) (0,0))
((192,0) (255,63) (0,0))
((128,0) (191,63) (0,0))
((64,0) (127,63) (0,0))
((0,448) (63,511) (0,0))
((0,384) (63,447) (0,0))
((0,320) (63,383) (0,0))
((0,256) (63,319) (0,0))
((0,192) (63,255) (0,0))
((0,128) (63,191) (0,0))
((0,64) (63,127) (0,0))
((448,448) (511,511) (0,0))
((448,384) (511,447) (0,0))
((448,320) (511,383) (0,0))
((448,256) (511,319) (0,0))
((448,192) (511,255) (0,0))
((448,128) (511,191) (0,0))
((448,64) (511,127) (0,0))
((384,448) (447,511) (0,0))
((384,384) (447,447) (0,0))
((384,320) (447,383) (0,0))
((384,256) (447,319) (0,0))
((384,192) (447,255) (0,0))
((384,128) (447,191) (0,0))
((384,64) (447,127) (0,0))
((320,448) (383,511) (0,0))
((320,384) (383,447) (0,0))
((320,320) (383,383) (0,0))
((320,256) (383,319) (0,0))
((320,192) (383,255) (0,0))
((320,128) (383,191) (0,0))
((320,64) (383,127) (0,0))
((256,448) (319,511) (0,0))
((256,384) (319,447) (0,0))
((256,320) (319,383) (0,0))
((256,256) (319,319) (0,0))
((256,192) (319,255) (0,0))
((256,128) (319,191) (0,0))
((256,64) (319,127) (0,0))
((192,448) (255,511) (0,0))
((192,384) (255,447) (0,0))
((192,320) (255,383) (0,0))
((192,256) (255,319) (0,0))
((192,192) (255,255) (0,0))
((192,128) (255,191) (0,0))
((192,64) (255,127) (0,0))
((128,448) (191,511) (0,0))
((128,384) (191,447) (0,0))
((128,320) (191,383) (0,0))
((128,256) (191,319) (0,0))
((128,192) (191,255) (0,0))
((128,128) (191,191) (0,0))
((128,64) (191,127) (0,0))
((64,448) (127,511) (0,0))
((64,384) (127,447) (0,0))
((64,320) (127,383) (0,0))
((64,256) (127,319) (0,0))
((64,192) (127,255) (0,0))
((64,128) (127,191) (0,0))
((64,64) (127,127) (0,0))
)
64
FabOnDisk: Cell_D_0000 0
FabOnDisk: Cell_D_0001 0
FabOnDisk: Cell_D_0001 917590
FabOnDisk: Cell_D_0001 1835180
FabOnDisk: Cell_D_0001 2752770
FabOnDisk: Cell_D_0000 917587
FabOnDisk: Cell_D_0000 1835177
FabOnDisk: Cell_D_0000 2752767
FabOnDisk: Cell_D_0002 0
FabOnDisk: Cell_D_0002 917590
FabOnDisk: Cell_D_0002 1835180
FabOnDisk: Cell_D_0002 2752770
FabOnDisk: Cell_D_0000 3670356
FabOnDisk: Cell_D_0000 4587946
FabOnDisk: Cell_D_0000 5505536
FabOnDisk: Cell_D_0003 0
FabOnDisk: Cell_D_0003 917593
FabOnDisk: Cell_D_0003 1835186
FabOnDisk: Cell_D_0003 2752779
FabOnDisk: Cell_D_0001 3670360
FabOnDisk: Cell_D_0001 4587953
FabOnDisk: Cell_D_0001 5505546
FabOnDisk: Cell_D_0003 3670372
FabOnDisk: Cell_D_0003 4587965
FabOnDisk: Cell_D_0003 5505558
FabOnDisk: Cell_D_0003 6423151
FabOnDisk: Cell_D_0001 6423138
FabOnDisk: Cell_D_0001 7340731
FabOnDisk: Cell_D_0001 8258324
FabOnDisk: Cell_D_0003 7340744
FabOnDisk: Cell_D_0003 8258337
FabOnDisk: Cell_D_0003 9175930
FabOnDisk: Cell_D_0003 10093523
FabOnDisk: Cell_D_0001 9175916
FabOnDisk: Cell_D_0001 10093509
FabOnDisk: Cell_D_0001 11011102
FabOnDisk: Cell_D_0003 11011116
FabOnDisk: Cell_D_0003 11928709
FabOnDisk: Cell_D_0003 12846302
FabOnDisk: Cell_D_0003 13763895
FabOnDisk: Cell_D_0001 11928694
FabOnDisk: Cell_D_0001 12846287
FabOnDisk: Cell_D_0001 13763880
FabOnDisk: Cell_D_0002 3670360
FabOnDisk: Cell_D_0002 4587953
FabOnDisk: Cell_D_0002 5505546
FabOnDisk: Cell_D_0002 6423139
FabOnDisk: Cell_D_0000 6423125
FabOnDisk: Cell_D_0000 7340718
FabOnDisk: Cell_D_0000 8258311
FabOnDisk: Cell_D_0002 7340732
FabOnDisk: Cell_D_0002 8258325
FabOnDisk: Cell_D_0002 9175918
FabOnDisk: Cell_D_0002 10093511
FabOnDisk: Cell_D_0000 9175903
FabOnDisk: Cell_D_0000 10093496
FabOnDisk: Cell_D_0000 11011089
FabOnDisk: Cell_D_0002 11011104
FabOnDisk: Cell_D_0002 11928696
FabOnDisk: Cell_D_0002 12846288
FabOnDisk: Cell_D_0002 13763880
FabOnDisk: Cell_D_0000 11928681
FabOnDisk: Cell_D_0000 12846273
FabOnDisk: Cell_D_0000 13763865

64,28
2.010803000263639e-03,0.000000000000000e+00,2.753094454583700e+00,1.614244016865791e+08,1.614225169845285e+08,1.506208216091166e+03,2.010803000263639e-03,0.000000000000000e+00,-1.000000000000000e+03,1.076150113230190e+08,1.884702050590176e+03,2.986592983012575e+05,3.919999000996384e-03,4.271755320214492e+08,0.000000000000000e+00,3.389158631241571e-07,8.027763881561955e+10,8.027763881561955e+10,-2.696630475444673e+00,2.010803000263639e-03,1.000000000000000e+00,0.000000000000000e+00,1.297314994118183e+03,1.297314994118183e+03,-1.036146256488541e+03,2.753094454583700e+00,1.000000000000000e+03,1.000000000000000e+00,
2.010803000263639e-03,0.000000000000000e+00,2.753094454583700e+00,1.614244016865791e+08,1.614225169845285e+08,1.506208216091166e+03,2.010803000263639e-03,0.000000000000000e+00,-1.000000000000000e+03,1.076150113230190e+08,1.884702050590176e+03,2.986592983012575e+05,3.919999000996384e-03,4.271755320214492e+08,0.000000000000000e+00,3.389158631241571e-07,8.027763881561955e+10,8.027763881561955e+10,-2.696630475444673e+00,2.010803000263639e-03,1.000000000000000e+00,0.000000000000000e+00,1.297314994118183e+03,1.297314994118183e+03,-1.036146256488541e+03,2.753094454583700e+00,1.000000000000000e+03,1.000000000000000e+00,
2.010803000263639e-03,0.000000000000000e+00,2.753094454583700e+00,1.614244016865791e+08,1.614225169845285e+08,1.506208216091166e+03,2.010803000263639e-03,0.000000000000000e+00,-1.000000000000000e+03,1.076150113230190e+08,1.884702050590176e+03,2.986592983012575e+05,3.919999000996384e-03,4.271755320214492e+08,0.000000000000000e+00,3.389158631241571e-07,8.027763881561955e+10,8.027763881561955e+10,-2.696630475444673e+00,2.010803000263639e-03,1.000000000000000e+00,0.000000000000000e+00,1.297314994118183e+03,1.297314994118183e+03,-1.159485861434340e+03,2.753094454583700e+00,1.000000000000000e+03,1.000000000000000e+00,
2.010803000263639e-03,0.000000000000000e+00,2.753094454583700e+00,1.614244016865791e+08,1.614225169845285e+08,1.506208216091166e+03,2.010803000263639e-03,0.000000000000000e+00,-1.000000000000000e+03,1.076150113230190e+08,1.884702050590176e+03,2.986592983012575e+05,3.919999000996384e-03,4.271755320214492e+08,0.000000000000000e+00,3.389158631241571e-07,8.027763881561955e+10,8.027763881561955e+10,-2.696630475444673e+00,2.010803000263639e-03,1.000000000000000e+00,0.000000000000000e+00,1.297314994118183e+03,1.297314994118183e+03,-1.298215428114036e+03,2.753094454583700e+00,1.000000000000000e+03,1.000000000000000e+00,
2.010803000263639e-03,0.000000000000000e+00,2.753094454583700e+00,1.614244016865791e+08,1.614225169845285e+08,1.506208216091166e+03,2.010803000263639e-03,0.000000000000000e+00,-1.000000000000000e+03,1.076150113230190e+08,1.884702050590176e+03,2.986592983012575e+05,3.919999000996384e-03,4.271755320214492e+08,0.000000000000000e+00,3.389158631241571e-07,8.027763881561955e+10,8.027763881561955e+10,-2.696630475444673e+00,2.010803000263639e-03,1.000000000000000e+00,0.000000000000000e+00,1.297314994118183e+03,1.297314994118183e+03,-1.369147135444652e+03,2.753094454583700e+00,1.000000000000000e+03,1.000000000000000e+00,
2.010803000263639e-03,0.000000000000000e+00,2.753094454583700e+00,1.614244016865791e+08,1.614225169845285e+08,1.506208216091166e+03,2.010803000263639e-03,0.000000000000000e+00,-1.000000000000000e+03,1.076150113230190e+08,1.884702050590176e+03,2.986592983012575e+05,3.919999000996384e-03,4.271755320214492e+08,0.000000000000000e+00,3.389158631241571e-07,8.027763881561955e+10,8.027763881561955e+10,-2.696630475444673e+00,2.010803000263639e-03,1.000000000000000e+00,0.000000000000000e+00,1.297314994118183e+03,1.297314994118183e+03,-1.369147135444652e+03,2.753094454583700e+00,1.000000000000000e+03,1.000000000000000e+00,
2.010803000263639e-03,0.000000000000000e+00,2.753094454583700e+00,1.614244016865791e+08,1.614225169845285e+08,1.506208216091166e+03,2.010803000263639e-03,0.000000000000000e+00,-1.000000000000000e+03,1.076150113230190e+08,1.884702050590176e+03,2.986592983012575e+05,3.919999000996384e-03,4.271755320214492e+08,0.000000000000000e+00,3.389158631241571e-07,8.027763881561955e+10,8.027763881561955e+10,-2.696630475444673e+00,2.010803000263639e-03,1.000000000000000e+00,0.000000000000000e+00,1.297314994118183e+03,1.297314994118183e+03,-1.298215428114036e+03,2.753094454583700e+00,1.000000000000000e+03,1.000000000000000e+00,
2.010803000263639e-03,0.000000000000000e+00,2.753094454583700e+00,1.614244016865791e+08,1.614225169845285e+08,1.506208216091166e+03,2.010803000263639e-03,0.000000000000000e+00,-1.000000000000000e+03,1.076150113230190e+08,1.884702050590176e+03,2.986592983012575e+05,3.919999000996384e-03,4.271755320214492e+08,0.000000000000000e+00,3.389158631241571e-07,8.027763881561955e+10,8.027763881561955e+10,-2.696630475444673e+00,2.010803000263639e-03,1.000000000000000e+00,0.000000000000000e+00,1.297314994118183e+03,1.297314994118183e+03,-1.159485861434340e+03,2.753094454583700e+00,1.000000000000000e+03,1.000000000000000e+00,
7.506086955999998e-08,0.000000000000000e+00,-7.506086956007298e-08,5.690240941788195e+03,5.690240941750664e+03,1.422353307069905e+03,7.506086955999998e-08,0.000000000000000e+00,-1.000000000000000e+03,3.793493961167110e+03,3.753043477992498e-08,2.902266424868982e+05,3.445583049957735e-06,8.473700913602331e+08,0.000000000000000e+00,-3.736178033619808e-19,7.580835360829601e+10,7.580835360829601e+10,-7.124586408708945e+00,7.506086955999998e-08,1.000000000000000e+00,0.000000000000000e+00,-1.000000000000972e+00,9.999999999990005e-01,-7.986851776062570e-01,7.506086955992499e-08,1.000000000000000e+03,1.000000000000000e+00,
7.506086955999983e-08,0.000000000000000e+00,-7.509769871934741e-08,5.690240941788207e+03,5.690240941750677e+03,1.422353307069908e+03,7.506086955999983e-08,0.000000000000000e+00,-1.000000000000000e+03,3.793493961167118e+03,3.753043477996242e-08,2.902266424868985e+05,3.445583049959446e-06,8.473700913602332e+08,0.000000000000000e+00,-1.230404667040830e-19,7.580835360829619e+10,7.580835360829619e+10,-7.124586408708946e+00,7.506086955999983e-08,1.000000000000000e+00,0.000000000000000e+00,-1.000482940592198e+00,9.999999999994988e-01,-7.052629658463072e-01,7.506086955996244e-08,1.000000000000000e+03,1.000000000000000e+00,
7.506166269360764e-08,0.000000000000000e+00,-9.199975776694401e-08,5.690346256179061e+03,5.690346256141483e+03,1.422364602366719e+03,7.506166269360764e-08,0.000000000000000e+00,-1.000000000000000e+03,3.793564170760989e+03,5.670236251279349e-09,2.902277948692021e+05,9.786545763243020e-07,8.304293935183324e+08,0.000000000000000e+00,-6.028900219959446e-08,7.580895562317567e+10,7.580895562317567e+10,-7.124581819743597e+00,7.506166269360764e-08,1.000000000000000e+00,0.000000000000000e+00,-1.177704077588123e+00,2.927193514083642e-01,-5.525501599068342e-01,3.874179294261259e-08,1.000000000000000e+03,1.000000000000000e+00,
1.370169064578192e-07,0.000000000000000e+00,-3.628341019502944e-08,1.101947237798176e+04,1.101947237797695e+04,1.500275372927858e+03,1.370169064578192e-07,0.000000000000000e+00,-1.000000000000000e+03,7.346314918651305e+03,6.679477813741214e-12,2.980705194569045e+05,2.134303784250393e-08,7.456424696375561e+08,0.000000000000000e+00,-8.798741022241626e-06,7.996143111237799e+10,7.996143111237799e+10,-6.863225842125826e+00,1.370169064578192e-07,1.000000000000000e+00,0.000000000000000e+00,-2.648097313903326e-01,6.363460310633048e-03,-8.295594645268628e-02,2.099322534495930e-09,1.000000000000000e+03,1.000000000000000e+00,
1.479670433734569e-06,0.000000000000000e+00,2.450611287824779e-04,1.183707826391906e+05,1.183707623458349e+05,1.500558074880413e+03,1.479670433734569e-06,0.000000000000000e+00,-1.000000000000000e+03,7.891384156388995e+04,2.029335569291885e-02,2.980986013511200e+05,5.555088267158098e-04,6.599964230175483e+08,0.000000000000000e+00,-9.463899530452341e-05,7.997649851474455e+10,7.997649851474455e+10,-5.829835004029920e+00,1.479670433734569e-06,1.000000000000000e+00,0.000000000000000e+00,1.656187237342868e+02,1.656187237342868e+02,-8.238489537419587e+02,2.450611287824779e-04,1.000000000000000e+03,1.000000000000000e+00,
1.654849145257356e-05,0.000000000000000e+00,4.332369428381469e-02,1.327397205597796e+06,1.327340495217524e+06,1.500863893892758e+03,1.654849145257356e-05,0.000000000000000e+00,-1.000000000000000e+03,8.848936634783498e+05,5.671038027171784e+01,2.981289765751613e+05,5.613704344068863e-03,5.744596020825419e+08,0.000000000000000e+00,4.564628469953164e-06,7.999279800637776e+10,7.999279800637776e+10,-4.781241590026252e+00,1.654849145257356e-05,1.000000000000000e+00,0.000000000000000e+00,1.673607930892787e+03,1.673607930892787e+03,-9.279744122947722e+02,4.332369428381469e-02,1.000000000000000e+03,1.000000000000000e+00,
1.829821286320596e-04,0.000000000000000e+00,3.045952795005696e-01,1.463734058622557e+07,1.463708706888760e+07,1.500729909856251e+03,1.829821286320596e-04,0.000000000000000e+00,-1.000000000000000e+03,9.758058045925068e+06,2.535173379707171e+02,2.981156691009265e+05,4.592020587418315e-03,4.894537901077900e+08,0.000000000000000e+00,1.065923527113625e-06,7.998565694714377e+10,7.998565694714377e+10,-3.737591324561852e+00,1.829821286320596e-04,1.000000000000000e+00,0.000000000000000e+00,1.371261598832566e+03,1.371261598832566e+03,-9.671000221433376e+02,3.045952795005696e-01,1.000000000000000e+03,1.000000000000000e+00,
7.506086955999998e-08,0.000000000000000e+00,-7.506086956007298e-08,5.690240941788195e+03,5.690240941750664e+03,1.422353307069905e+03,7.506086955999998e-08,0.000000000000000e+00,-1.000000000000000e+03,3.793493961167110e+03,3.753043477992498e-08,2.902266424868982e+05,3.445583049957735e-06,8.473700913602331e+08,0.000000000000000e+00,-3.736178033619808e-19,7.580835360829601e+10,7.580835360829601e+10,-7.124586408708945e+00,7.506086955999998e-08,1.000000000000000e+00,0.000000000000000e+00,-1.000000000000972e+00,9.999999999990005e-01,-7.986851776062570e-01,7.506086955992499e-08,1.000000000000000e+03,1.000000000000000e+00,
7.506086955999983e-08,0.000000000000000e+00,-7.509769871934741e-08,5.690240941788207e+03,5.690240941750677e+03,1.422353307069908e+03,7.506086955999983e-08,0.000000000000000e+00,-1.000000000000000e+03,3.793493961167118e+03,3.753043477996242e-08,2.902266424868985e+05,3.445583049959446e-06,8.473700913602332e+08,0.000000000000000e+00,-1.230404667040830e-19,7.580835360829619e+10,7.580835360829619e+10,-7.124586408708946e+00,7.506086955999983e-08,1.000000000000000e+00,0.000000000000000e+00,-1.000482940592198e+00,9.999999999994988e-01,-7.052629658463072e-01,7.506086955996244e-08,1.000000000000000e+03,1.000000000000000e+00,
7.506166269360764e-08,0.000000000000000e+00,-9.199975776694401e-08,5.690346256179061e+03,5.690346256141483e+03,1.422364602366719e+03,7.506166269360764e-08,0.000000000000000e+00,-1.000000000000000e+03,3.793564170760989e+03,5.670236251279349e-09,2.902277948692021e+05,9.786545763243020e-07,8.304293935183324e+08,0.000000000000000e+00,-6.028900219959446e-08,7.580895562317567e+10,7.580895562317567e+10,-7.124581819743597e+00,7.506166269360764e-08,1.000000000000000e+00,0.000000000000000e+00,-1.177704077588123e+00,2.927193514083642e-01,-5.525501599068342e-01,3.874179294261259e-08,1.000000000000000e+03,1.000000000000000e+00,
1.370169064578192e-07,0.000000000000000e+00,-3.628341019502944e-08,1.101947237798176e+04,1.101947237797695e+04,1.500275372927858e+03,1.370169064578192e-07,0.000000000000000e+00,-1.000000000000000e+03,7.346314918651305e+03,6.679477813741214e-12,2.980705194569045e+05,2.134303784250393e-08,7.456424696375561e+08,0.000000000000000e+00,-8.798741022241626e-06,7.996143111237799e+10,7.996143111237799e+10,-6.863225842125826e+00,1.370169064578192e-07,1.000000000000000e+00,0.000000000000000e+00,-2.648097313903326e-01,6.363460310633048e-03,-8.295594645268628e-02,2.099322534495930e-09,1.000000000000000e+03,1.000000000000000e+00,
1.479670433734569e-06,0.000000000000000e+00,2.450611287824779e-04,1.183707826391906e+05,1.183707623458349e+05,1.500558074880413e+03,1.479670433734569e-06,0.000000000000000e+00,-1.000000000000000e+03,7.891384156388995e+04,2.029335569291885e-02,2.980986013511200e+05,5.555088267158098e-04,6.599964230175483e+08,0.000000000000000e+00,-9.463899530452341e-05,7.997649851474455e+10,7.997649851474455e+10,-5.829835004029920e+00,1.479670433734569e-06,1.000000000000000e+00,0.000000000000000e+00,1.656187237342868e+02,1.656187237342868e+02,-8.238489537419587e+02,2.450611287824779e-04,1.000000000000000e+03,1.000000000000000e+00,
1.654849145257356e-05,0.000000000000000e+00,4.332369428381469e-02,1.327397205597796e+06,1.327340495217524e+06,1.500863893892758e+03,1.654849145257356e-05,0.000000000000000e+00,-1.000000000000000e+03,8.848936634783498e+05,5.671038027171784e+01,2.981289765751613e+05,5.613704344068863e-03,5.744596020825419e+08,0.000000000000000e+00,4.564628469953164e-06,7.999279800637776e+10,7.999279800637776e+10,-4.781241590026252e+00,1.654849145257356e-05,1.000000000000000e+00,0.000000000000000e+00,1.673607930892787e+03,1.673607930892787e+03,-9.279744122947722e+02,4.332369428381469e-02,1.000000000000000e+03,1.000000000000000e+00,
1.829821286320596e-04,0.000000000000000e+00,3.045952795005696e-01,1.463734058622557e+07,1.463708706888760e+07,1.500729909856251e+03,1.829821286320596e-04,0.000000000000000e+00,-1.000000000000000e+03,9.758058045925068e+06,2.535173379707171e+02,2.981156691009265e+05,4.592020587418315e-03,4.894537901077900e+08,0.000000000000000e+00,1.065923527113625e-06,7.998565694714377e+10,7.998565694714377e+10,-3.737591324561852e+00,1.829821286320596e-04,1.000000000000000e+00,0.000000000000000e+00,1.371261598832566e+03,1.371261598832566e+03,-9.671000221433376e+02,3.045952795005696e-01,1.000000000000000e+03,1.000000000000000e+00,
7.506086955999998e-08,0.000000000000000e+00,-7.506086956007298e-08,5.690240941788195e+03,5.690240941750664e+03,1.422353307069905e+03,7.506086955999998e-08,0.000000000000000e+00,-1.000000000000000e+03,3.793493961167110e+03,3.753043477992498e-08,2.902266424868982e+05,3.445583049957735e-06,8.473700913602331e+08,0.000000000000000e+00,-3.736178033619808e-19,7.580835360829601e+10,7.580835360829601e+10,-7.124586408708945e+00,7.506086955999998e-08,1.000000000000000e+00,0.000000000000000e+00,-1.000000000000972e+00,9.999999999990005e-01,-8.933757570577963e-01,7.506086955992499e-08,1.000000000000000e+03,1.000000000000000e+00,
7.506086955999983e-08,0.000000000000000e+00,-7.509769871934741e-08,5.690240941788207e+03,5.690240941750677e+03,1.422353307069908e+03,7.506086955999983e-08,0.000000000000000e+00,-1.000000000000000e+03,3.793493961167118e+03,3.753043477996242e-08,2.902266424868985e+05,3.445583049959446e-06,8.473700913602332e+08,0.000000000000000e+00,-1.230404667040830e-19,7.580835360829619e+10,7.580835360829619e+10,-7.124586408708946e+00,7.506086955999983e-08,1.000000000000000e+00,0.000000000000000e+00,-1.000482940592198e+00,9.999999999994988e-01,-8.303787714643628e-01,7.506086955996244e-08,1.000000000000000e+03,1.000000000000000e+00,
7.506166269360764e-08,0.000000000000000e+00,-9.199975776694401e-08,5.690346256179061e+03,5.690346256141483e+03,1.422364602366719e+03,7.506166269360764e-08,0.000000000000000e+00,-1.000000000000000e+03,3.793564170760989e+03,5.670236251279349e-09,2.902277948692021e+05,9.786545763243020e-07,8.304293935183324e+08,0.000000000000000e+00,-6.028900219959446e-08,7.580895562317567e+10,7.580895562317567e+10,-7.124581819743597e+00,7.506166269360764e-08,1.000000000000000e+00,0.000000000000000e+00,-1.177704077588123e+00,2.927193514083642e-01,-7.047871096020406e-01,3.874179294261259e-08,1.000000000000000e+03,1.000000000000000e+00,
1.370169064578192e-07,0.000000000000000e+00,-3.628341019502944e-08,1.101947237798176e+04,1.101947237797695e+04,1.500275372927858e+03,1.370169064578192e-07,0.000000000000000e+00,-1.000000000000000e+03,7.346314918651305e+03,6.679477813741214e-12,2.980705194569045e+05,2.134303784250393e-08,7.456424696375561e+08,0.000000000000000e+00,-8.798741022241626e-06,7.996143111237799e+10,7.996143111237799e+10,-6.863225842125826e+00,1.370169064578192e-07,1.000000000000000e+00,0.000000000000000e+00,-2.648097313903326e-01,6.363460310633048e-03,-1.173167107500337e-01,2.099322534495930e-09,1.000000000000000e+03,1.000000000000000e+00,
1.479670433734569e-06,0.000000000000000e+00,2.450611287824779e-04,1.183707826391906e+05,1.183707623458349e+05,1.500558074880413e+03,1.479670433734569e-06,0.000000000000000e+00,-1.000000000000000e+03,7.891384156388995e+04,2.029335569291885e-02,2.980986013511200e+05,5.555088267158098e-04,6.599964230175483e+08,0.000000000000000e+00,-9.463899530452341e-05,7.997649851474455e+10,7.997649851474455e+10,-5.829835004029920e+00,1.479670433734569e-06,1.000000000000000e+00,0.000000000000000e+00,1.656187237342868e+02,1.656187237342868e+02,-1.165091274836917e+03,2.450611287824779e-04,1.000000000000000e+03,1.000000000000000e+00,
1.654849145257356e-05,0.000000000000000e+00,4.332369428381469e-02,1.327397205597796e+06,1.327340495217524e+06,1.500863893892758e+03,1.654849145257356e-05,0.000000000000000e+00,-1.000000000000000e+03,8.848936634783498e+05,5.671038027171784e+01,2.981289765751613e+05,5.613704344068863e-03,5.744596020825419e+08,0.000000000000000e+00,4.564628469953164e-06,7.999279800637776e+10,7.999279800637776e+10,-4.781241590026252e+00,1.654849145257356e-05,1.000000000000000e+00,0.000000000000000e+00,1.673607930892787e+03,1.673607930892787e+03,-1.253038807601956e+03,4.332369428381469e-02,1.000000000000000e+03,1.000000000000000e+00,
1.829821286320596e-04,0.000000000000000e+00,3.045952795005696e-01,1.463734058622557e+07,1.463708706888760e+07,1.500729909856251e+03,1.829821286320596e-04,0.000000000000000e+00,-1.000000000000000e+03,9.758058045925068e+06,2.535173379707171e+02,2.981156691009265e+05,4.592020587418315e-03,4.894537901077900e+08,0.000000000000000e+00,1.065923527113625e-06,7.998565694714377e+10,7.998565694714377e+10,-3.737591324561852e+00,1.829821286320596e-04,1.000000000000000e+00,0.000000000000000e+00,1.371261598832566e+03,1.371261598832566e+03,-1.177062422775469e+03,3.045952795005696e-01,1.000000000000000e+03,1.000000000000000e+00,
7.506086955999998e-08,0.000000000000000e+00,-7.506086956007298e-08,5.690240941788195e+03,5.690240941750664e+03,1.422353307069905e+03,7.506086955999998e-08,0.000000000000000e+00,-1.000000000000000e+03,3.793493961167110e+03,3.753043477992498e-08,2.902266424868982e+05,3.445583049957735e-06,8.473700913602331e+08,0.000000000000000e+00,-3.736178033619808e-19,7.580835360829601e+10,7.580835360829601e+10,-7.124586408708945e+00,7.506086955999998e-08,1.000000000000000e+00,0.000000000000000e+00,-1.000000000000972e+00,9.999999999990005e-01,-9.695818671236753e-01,7.506086955992499e-08,1.000000000000000e+03,1.000000000000000e+00,
7.506086955999983e-08,0.000000000000000e+00,-7.509769871934741e-08,5.690240941788207e+03,5.690240941750677e+03,1.422353307069908e+03,7.506086955999983e-08,0.000000000000000e+00,-1.000000000000000e+03,3.793493961167118e+03,3.753043477996242e-08,2.902266424868985e+05,3.445583049959446e-06,8.473700913602332e+08,0.000000000000000e+00,-1.230404667040830e-19,7.580835360829619e+10,7.580835360829619e+10,-7.124586408708946e+00,7.506086955999983e-08,1.000000000000000e+00,0.000000000000000e+00,-1.000482940592198e+00,9.999999999994988e-01,-9.476888979145016e-01,7.506086955996244e-08,1.000000000000000e+03,1.000000000000000e+00,
7.506166269360764e-08,0.000000000000000e+00,-9.199975776694401e-08,5.690346256179061e+03,5.690346256141483e+03,1.422364602366719e+03,7.506166269360764e-08,0.000000000000000e+00,-1.000000000000000e+03,3.793564170760989e+03,5.670236251279349e-09,2.902277948692021e+05,9.786545763243020e-07,8.304293935183324e+08,0.000000000000000e+00,-6.028900219959446e-08,7.580895562317567e+10,7.580895562317567e+10,-7.124581819743597e+00,7.506166269360764e-08,1.000000000000000e+00,0.000000000000000e+00,-1.177704077588123e+00,2.927193514083642e-01,-9.626814925937595e-01,3.874179294261259e-08,1.000000000000000e+03,1.000000000000000e+00,
1.370169064578192e-07,0.000000000000000e+00,-3.628341019502944e-08,1.101947237798176e+04,1.101947237797695e+04,1.500275372927858e+03,1.370169064578192e-07,0.000000000000000e+00,-1.000000000000000e+03,7.346314918651305e+03,6.679477813741214e-12,2.980705194569045e+05,2.134303784250393e-08,7.456424696375561e+08,0.000000000000000e+00,-8.798741022241626e-06,7.996143111237799e+10,7.996143111237799e+10,-6.863225842125826e+00,1.370169064578192e-07,1.000000000000000e+00,0.000000000000000e+00,-2.648097313903326e-01,6.363460310633048e-03,-1.857802064024132e-01,2.099322534495930e-09,1.000000000000000e+03,1.000000000000000e+00,
1.479670433734569e-06,0.000000000000000e+00,2.450611287824779e-04,1.183707826391906e+05,1.183707623458349e+05,1.500558074880413e+03,1.479670433734569e-06,0.000000000000000e+00,-1.000000000000000e+03,7.891384156388995e+04,2.029335569291885e-02,2.980986013511200e+05,5.555088267158098e-04,6.599964230175483e+08,0.000000000000000e+00,-9.463899530452341e-05,7.997649851474455e+10,7.997649851474455e+10,-5.829835004029920e+00,1.479670433734569e-06,1.000000000000000e+00,0.000000000000000e+00,1.656187237342868e+02,1.656187237342868e+02,-1.845013350042214e+03,2.450611287824779e-04,1.000000000000000e+03,1.000000000000000e+00,
1.654849145257356e-05,0.000000000000000e+00,4.332369428381469e-02,1.327397205597796e+06,1.327340495217524e+06,1.500863893892758e+03,1.654849145257356e-05,0.000000000000000e+00,-1.000000000000000e+03,8.848936634783498e+05,5.671038027171784e+01,2.981289765751613e+05,5.613704344068863e-03,5.744596020825419e+08,0.000000000000000e+00,4.564628469953164e-06,7.999279800637776e+10,7.999279800637776e+10,-4.781241590026252e+00,1.654849145257356e-05,1.000000000000000e+00,0.000000000000000e+00,1.673607930892787e+03,1.673607930892787e+03,-1.867081440746928e+03,4.332369428381469e-02,1.000000000000000e+03,1.000000000000000e+00,
1.829821286320596e-04,0.000000000000000e+00,3.045952795005696e-01,1.463734058622557e+07,1.463708706888760e+07,1.500729909856251e+03,1.829821286320596e-04,0.000000000000000e+00,-1.000000000000000e+03,9.758058045925068e+06,2.535173379707171e+02,2.981156691009265e+05,4.592020587418315e-03,4.894537901077900e+08,0.000000000000000e+00,1.065923527113625e-06,7.998565694714377e+10,7.998565694714377e+10,-3.737591324561852e+00,1.829821286320596e-04,1.000000000000000e+00,0.000000000000000e+00,1.371261598832566e+03,1.371261598832566e+03,-1.487719722571133e+03,3.045952795005696e-01,1.000000000000000e+03,1.000000000000000e+00,
7.506086955999998e-08,0.000000000000000e+00,-7.506086956007298e-08,5.690240941788195e+03,5.690240941750664e+03,1.422353307069905e+03,7.506086955999998e-08,0.000000000000000e+00,-1.000000000000000e+03,3.793493961167110e+03,3.753043477992498e-08,2.902266424868982e+05,3.445583049957735e-06,8.473700913602331e+08,0.000000000000000e+00,-3.736178033619808e-19,7.580835360829601e+10,7.580835360829601e+10,-7.124586408708945e+00,7.506086955999998e-08,1.000000000000000e+00,0.000000000000000e+00,-1.000000000000972e+00,9.999999999990005e-01,-9.999980851844014e-01,7.506086955992499e-08,1.000000000000000e+03,1.000000000000000e+00,
7.506086955999983e-08,0.000000000000000e+00,-7.509769871934741e-08,5.690240941788207e+03,5.690240941750677e+03,1.422353307069908e+03,7.506086955999983e-08,0.000000000000000e+00,-1.000000000000000e+03,3.793493961167118e+03,3.753043477996242e-08,2.902266424868985e+05,3.445583049959446e-06,8.473700913602332e+08,0.000000000000000e+00,-1.230404667040830e-19,7.580835360829619e+10,7.580835360829619e+10,-7.124586408708946e+00,7.506086955999983e-08,1.000000000000000e+00,0.000000000000000e+00,-1.000482940592198e+00,9.999999999994988e-01,-1.000475366884950e+00,7.506086955996244e-08,1.000000000000000e+03,1.000000000000000e+00,
7.506166269360764e-08,0.000000000000000e+00,-9.199975776694401e-08,5.690346256179061e+03,5.690346256141483e+03,1.422364602366719e+03,7.506166269360764e-08,0.000000000000000e+00,-1.000000000000000e+03,3.793564170760989e+03,5.670236251279349e-09,2.902277948692021e+05,9.786545763243020e-07,8.304293935183324e+08,0.000000000000000e+00,-6.028900219959446e-08,7.580895562317567e+10,7.580895562317567e+10,-7.124581819743597e+00,7.506166269360764e-08,1.000000000000000e+00,0.000000000000000e+00,-1.177704077588123e+00,2.927193514083642e-01,-1.177686103821800e+00,3.874179294261259e-08,1.000000000000000e+03,1.000000000000000e+00,
1.370169064578192e-07,0.000000000000000e+00,-3.628341019502944e-08,1.101947237798176e+04,1.101947237797695e+04,1.500275372927858e+03,1.370169064578192e-07,0.000000000000000e+00,-1.000000000000000e+03,7.346314918651305e+03,6.679477813741214e-12,2.980705194569045e+05,2.134303784250393e-08,7.456424696375561e+08,0.000000000000000e+00,-8.798741022241626e-06,7.996143111237799e+10,7.996143111237799e+10,-6.863225842125826e+00,1.370169064578192e-07,1.000000000000000e+00,0.000000000000000e+00,-2.648097313903326e-01,6.363460310633048e-03,-2.648015226539463e-01,2.099322534495930e-09,1.000000000000000e+03,1.000000000000000e+00,
1.479670433734569e-06,0.000000000000000e+00,2.450611287824779e-04,1.183707826391906e+05,1.183707623458349e+05,1.500558074880413e+03,1.479670433734569e-06,0.000000000000000e+00,-1.000000000000000e+03,7.891384156388995e+04,2.029335569291885e-02,2.980986013511200e+05,5.555088267158098e-04,6.599964230175483e+08,0.000000000000000e+00,-9.463899530452341e-05,7.997649851474455e+10,7.997649851474455e+10,-5.829835004029920e+00,1.479670433734569e-06,1.000000000000000e+00,0.000000000000000e+00,1.656187237342868e+02,1.656187237342868e+02,-2.683822306715869e+03,2.450611287824779e-04,1.000000000000000e+03,1.000000000000000e+00,
1.654849145257356e-05,0.000000000000000e+00,4.332369428381469e-02,1.327397205597796e+06,1.327340495217524e+06,1.500863893892758e+03,1.654849145257356e-05,0.000000000000000e+00,-1.000000000000000e+03,8.848936634783498e+05,5.671038027171784e+01,2.981289765751613e+05,5.613704344068863e-03,5.744596020825419e+08,0.000000000000000e+00,4.564628469953164e-06,7.999279800637776e+10,7.999279800637776e+10,-4.781241590026252e+00,1.654849145257356e-05,1.000000000000000e+00,0.000000000000000e+00,1.673607930892787e+03,1.673607930892787e+03,-2.617905852697626e+03,4.332369428381469e-02,1.000000000000000e+03,1.000000000000000e+00,
1.829821286320596e-04,0.000000000000000e+00,3.045952795005696e-01,1.463734058622557e+07,1.463708706888760e+07,1.500729909856251e+03,1.829821286320596e-04,0.000000000000000e+00,-1.000000000000000e+03,9.758058045925068e+06,2.535173379707171e+02,2.981156691009265e+05,4.592020587418315e-03,4.894537901077900e+08,0.000000000000000e+00,1.065923527113625e-06,7.998565694714377e+10,7.998565694714377e+10,-3.737591324561852e+00,1.829821286320596e-04,1.000000000000000e+00,0.000000000000000e+00,1.371261598832566e+03,1.371261598832566e+03,-1.664605040807752e+03,3.045952795005696e-01,1.000000000000000e+03,1.000000000000000e+00,
7.506086955999998e-08,0.000000000000000e+00,-7.506086956007298e-08,5.690240941788195e+03,5.690240941750664e+03,1.422353307069905e+03,7.506086955999998e-08,0.000000000000000e+00,-1.000000000000000e+03,3.793493961167110e+03,3.753043477992498e-08,2.902266424868982e+05,3.445583049957735e-06,8.473700913602331e+08,0.000000000000000e+00,-3.736178033619808e-19,7.580835360829601e+10,7.580835360829601e+10,-7.124586408708945e+00,7.506086955999998e-08,1.000000000000000e+00,0.000000000000000e+00,-1.000000000000972e+00,9.999999999990005e-01,-9.999980851844014e-01,7.506086955992499e-08,1.000000000000000e+03,1.000000000000000e+00,
7.506086955999983e-08,0.000000000000000e+00,-7.509769871934741e-08,5.690240941788207e+03,5.690240941750677e+03,1.422353307069908e+03,7.506086955999983e-08,0.000000000000000e+00,-1.000000000000000e+03,3.793493961167118e+03,3.753043477996242e-08,2.902266424868985e+05,3.445583049959446e-06,8.473700913602332e+08,0.000000000000000e+00,-1.230404667040830e-19,7.580835360829619e+10,7.580835360829619e+10,-7.124586408708946e+00,7.506086955999983e-08,1.000000000000000e+00,0.000000000000000e+00,-1.000482940592198e+00,9.999999999994988e-01,-1.000475366884950e+00,7.506086955996244e-08,1.000000000000000e+03,1.000000000000000e+00,
7.506166269360764e-08,0.000000000000000e+00,-9.199975776694401e-08,5.690346256179061e+03,5.690346256141483e+03,1.422364602366719e+03,7.506166269360764e-08,0.000000000000000e+00,-1.000000000000000e+03,3.793564170760989e+03,5.670236251279349e-09,2.902277948692021e+05,9.786545763243020e-07,8.304293935183324e+08,0.000000000000000e+00,-6.028900219959446e-08,7.580895562317567e+10,7.580895562317567e+10,-7.124581819743597e+00,7.506166269360764e-08,1.000000000000000e+00,0.000000000000000e+00,-1.177704077588123e+00,2.927193514083642e-01,-1.177686103821800e+00,3.874179294261259e-08,1.000000000000000e+03,1.000000000000000e+00,
1.370169064578192e-07,0.000000000000000e+00,-3.628341019502944e-08,1.101947237798176e+04,1.101947237797695e+04,1.500275372927858e+03,1.370169064578192e-07,0.000000000000000e+00,-1.000000000000000e+03,7.346314918651305e+03,6.679477813741214e-12,2.980705194569045e+05,2.134303784250393e-08,7.456424696375561e+08,0.000000000000000e+00,-8.798741022241626e-06,7.996143111237799e+10,7.996143111237799e+10,-6.863225842125826e+00,1.370169064578192e-07,1.000000000000000e+00,0.000000000000000e+00,-2.648097313903326e-01,6.363460310633048e-03,-2.648015226539463e-01,2.099322534495930e-09,1.000000000000000e+03,1.000000000000000e+00,
1.479670433734569e-06,0.000000000000000e+00,2.450611287824779e-04,1.183707826391906e+05,1.183707623458349e+05,1.500558074880413e+03,1.479670433734569e-06,0.000000000000000e+00,-1.000000000000000e+03,7.891384156388995e+04,2.029335569291885e-02,2.980986013511200e+05,5.555088267158098e-04,6.599964230175483e+08,0.000000000000000e+00,-9.463899530452341e-05,7.997649851474455e+10,7.997649851474455e+10,-5.829835004029920e+00,1.479670433734569e-06,1.000000000000000e+00,0.000000000000000e+00,1.656187237342868e+02,1.656187237342868e+02,-2.683822306715869e+03,2.450611287824779e-04,1.000000000000000e+03,1.000000000000000e+00,
1.654849145257356e-05,0.000000000000000e+00,4.332369428381469e-02,1.327397205597796e+06,1.327340495217524e+06,1.500863893892758e+03,1.654849145257356e-05,0.000000000000000e+00,-1.000000000000000e+03,8.848936634783498e+05,5.671038027171784e+01,2.981289765751613e+05,5.613704344068863e-03,5.744596020825419e+08,0.000000000000000e+00,4.564628469953164e-06,7.999279800637776e+10,7.999279800637776e+10,-4.781241590026252e+00,1.654849145257356e-05,1.000000000000000e+00,0.000000000000000e+00,1.673607930892787e+03,1.673607930892787e+03,-2.617905852697626e+03,4.332369428381469e-02,1.000000000000000e+03,1.000000000000000e+00,
1.829821286320596e-04,0.000000000000000e+00,3.045952795005696e-01,1.463734058622557e+07,1.463708706888760e+07,1.500729909856251e+03,1.829821286320596e-04,0.000000000000000e+00,-1.000000000000000e+03,9.758058045925068e+06,2.535173379707171e+02,2.981156691009265e+05,4.592020587418315e-03,4.894537901077900e+08,0.000000000000000e+00,1.065923527113625e-06,7.998565694714377e+10,7.998565694714377e+10,-3.737591324561852e+00,1.829821286320596e-04,1.000000000000000e+00,0.000000000000000e+00,1.371261598832566e+03,1.371261598832566e+03,-1.664605040807752e+03,3.045952795005696e-01,1.000000000000000e+03,1.000000000000000e+00,
7.506086955999998e-08,0.000000000000000e+00,-7.506086956007298e-08,5.690240941788195e+03,5.690240941750664e+03,1.422353307069905e+03,7.506086955999998e-08,0.000000000000000e+00,-1.000000000000000e+03,3.793493961167110e+03,3.753043477992498e-08,2.902266424868982e+05,3.445583049957735e-06,8.473700913602331e+08,0.000000000000000e+00,-3.736178033619808e-19,7.580835360829601e+10,7.580835360829601e+10,-7.124586408708945e+00,7.506086955999998e-08,1.000000000000000e+00,0.000000000000000e+00,-1.000000000000972e+00,9.999999999990005e-01,-9.695818671236753e-01,7.506086955992499e-08,1.000000000000000e+03,1.000000000000000e+00,
7.506086955999983e-08,0.000000000000000e+00,-7.509769871934741e-08,5.690240941788207e+03,5.690240941750677e+03,1.422353307069908e+03,7.506086955999983e-08,0.000000000000000e+00,-1.000000000000000e+03,3.793493961167118e+03,3.753043477996242e-08,2.902266424868985e+05,3.445583049959446e-06,8.473700913602332e+08,0.000000000000000e+00,-1.230404667040830e-19,7.580835360829619e+10,7.580835360829619e+10,-7.124586408708946e+00,7.506086955999983e-08,1.000000000000000e+00,0.000000000000000e+00,-1.000482940592198e+00,9.999999999994988e-01,-9.476888979145016e-01,7.506086955996244e-08,1.000000000000000e+03,1.000000000000000e+00,
7.506166269360764e-08,0.000000000000000e+00,-9.199975776694401e-08,5.690346256179061e+03,5.690346256141483e+03,1.422364602366719e+03,7.506166269360764e-08,0.000000000000000e+00,-1.000000000000000e+03,3.793564170760989e+03,5.670236251279349e-09,2.902277948692021e+05,9.786545763243020e-07,8.304293935183324e+08,0.000000000000000e+00,-6.028900219959446e-08,7.580895562317567e+10,7.580895562317567e+10,-7.124581819743597e+00,7.506166269360764e-08,1.000000000000000e+00,0.000000000000000e+00,-1.177704077588123e+00,2.927193514083642e-01,-9.626814925937595e-01,3.874179294261259e-08,1.000000000000000e+03,1.000000000000000e+00,
1.370169064578192e-07,0.000000000000000e+00,-3.628341019502944e-08,1.101947237798176e+04,1.101947237797695e+04,1.500275372927858e+03,1.370169064578192e-07,0.000000000000000e+00,-1.000000000000000e+03,7.346314918651305e+03,6.679477813741214e-12,2.980705194569045e+05,2.134303784250393e-08,7.456424696375561e+08,0.000000000000000e+00,-8.798741022241626e-06,7.996143111237799e+10,7.996143111237799e+10,-6.863225842125826e+00,1.370169064578192e-07,1.000000000000000e+00,0.000000000000000e+00,-2.648097313903326e-01,6.363460310633048e-03,-1.857802064024132e-01,2.099322534495930e-09,1.000000000000000e+03,1.000000000000000e+00,
1.479670433734569e-06,0.000000000000000e+00,2.450611287824779e-04,1.183707826391906e+05,1.183707623458349e+05,1.500558074880413e+03,1.479670433734569e-06,0.000000000000000e+00,-1.000000000000000e+03,7.891384156388995e+04,2.029335569291885e-02,2.980986013511200e+05,5.555088267158098e-04,6.599964230175483e+08,0.000000000000000e+00,-9.463899530452341e-05,7.997649851474455e+10,7.997649851474455e+10,-5.829835004029920e+00,1.479670433734569e-06,1.000000000000000e+00,0.000000000000000e+00,1.656187237342868e+02,1.656187237342868e+02,-1.845013350042214e+03,2.450611287824779e-04,1.000000000000000e+03,1.000000000000000e+00,
1.654849145257356e-05,0.000000000000000e+00,4.332369428381469e-02,1.327397205597796e+06,1.327340495217524e+06,1.500863893892758e+03,1.654849145257356e-05,0.000000000000000e+00,-1.000000000000000e+03,8.848936634783498e+05,5.671038027171784e+01,2.981289765751613e+05,5.613704344068863e-03,5.744596020825419e+08,0.000000000000000e+00,4.564628469953164e-06,7.999279800637776e+10,7.999279800637776e+10,-4.781241590026252e+00,1.654849145257356e-05,1.000000000000000e+00,0.000000000000000e+00,1.673607930892787e+03,1.673607930892787e+03,-1.867081440746928e+03,4.332369428381469e-02,1.000000000000000e+03,1.000000000000000e+00,
1.829821286320596e-04,0.000000000000000e+00,3.045952795005696e-01,1.463734058622557e+07,1.463708706888760e+07,1.500729909856251e+03,1.829821286320596e-04,0.000000000000000e+00,-1.000000000000000e+03,9.758058045925068e+06,2.535173379707171e+02,2.981156691009265e+05,4.592020587418315e-03,4.894537901077900e+08,0.000000000000000e+00,1.065923527113625e-06,7.998565694714377e+10,7.998565694714377e+10,-3.737591324561852e+00,1.829821286320596e-04,1.000000000000000e+00,0.000000000000000e+00,1.371261598832566e+03,1.371261598832566e+03,-1.487719722571133e+03,3.045952795005696e-01,1.000000000000000e+03,1.000000000000000e+00,
7.506086955999998e-08,0.000000000000000e+00,-7.506086956007298e-08,5.690240941788195e+03,5.690240941750664e+03,1.422353307069905e+03,7.506086955999998e-08,0.000000000000000e+00,-1.000000000000000e+03,3.793493961167110e+03,3.753043477992498e-08,2.902266424868982e+05,3.445583049957735e-06,8.473700913602331e+08,0.000000000000000e+00,-3.736178033619808e-19,7.580835360829601e+10,7.580835360829601e+10,-7.124586408708945e+00,7.506086955999998e-08,1.000000000000000e+00,0.000000000000000e+00,-1.000000000000972e+00,9.999999999990005e-01,-8.933757570577963e-01,7.506086955992499e-08,1.000000000000000e+03,1.000000000000000e+00,
7.506086955999983e-08,0.000000000000000e+00,-7.509769871934741e-08,5.690240941788207e+03,5.690240941750677e+03,1.422353307069908e+03,7.506086955999983e-08,0.000000000000000e+00,-1.000000000000000e+03,3.793493961167118e+03,3.753043477996242e-08,2.902266424868985e+05,3.445583049959446e-06,8.473700913602332e+08,0.000000000000000e+00,-1.230404667040830e-19,7.580835360829619e+10,7.580835360829619e+10,-7.124586408708946e+00,7.506086955999983e-08,1.000000000000000e+00,0.000000000000000e+00,-1.000482940592198e+00,9.999999999994988e-01,-8.303787714643628e-01,7.506086955996244e-08,1.000000000000000e+03,1.000000000000000e+00,
7.506166269360764e-08,0.000000000000000e+00,-9.199975776694401e-08,5.690346256179061e+03,5.690346256141483e+03,1.422364602366719e+03,7.506166269360764e-08,0.000000000000000e+00,-1.000000000000000e+03,3.793564170760989e+03,5.670236251279349e-09,2.902277948692021e+05,9.786545763243020e-07,8.304293935183324e+08,0.000000000000000e+00,-6.028900219959446e-08,7.580895562317567e+10,7.580895562317567e+10,-7.124581819743597e+00,7.506166269360764e-08,1.000000000000000e+00,0.000000000000000e+00,-1.177704077588123e+00,2.927193514083642e-01,-7.047871096020406e-01,3.874179294261259e-08,1.000000000000000e+03,1.000000000000000e+00,
1.370169064578192e-07,0.000000000000000e+00,-3.628341019502944e-08,1.101947237798176e+04,1.101947237797695e+04,1.500275372927858e+03,1.370169064578192e-07,0.000000000000000e+00,-1.000000000000000e+03,7.346314918651305e+03,6.679477813741214e-12,2.980705194569045e+05,2.134303784250393e-08,7.456424696375561e+08,0.000000000000000e+00,-8.798741022241626e-06,7.996143111237799e+10,7.996143111237799e+10,-6.863225842125826e+00,1.370169064578192e-07,1.000000000000000e+00,0.000000000000000e+00,-2.648097313903326e-01,6.363460310633048e-03,-1.173167107500337e-01,2.099322534495930e-09,1.000000000000000e+03,1.000000000000000e+00,
1.479670433734569e-06,0.000000000000000e+00,2.450611287824779e-04,1.183707826391906e+05,1.183707623458349e+05,1.500558074880413e+03,1.479670433734569e-06,0.000000000000000e+00,-1.000000000000000e+03,7.891384156388995e+04,2.029335569291885e-02,2.980986013511200e+05,5.555088267158098e-04,6.599964230175483e+08,0.000000000000000e+00,-9.463899530452341e-05,7.997649851474455e+10,7.997649851474455e+10,-5.829835004029920e+00,1.479670433734569e-06,1.000000000000000e+00,0.000000000000000e+00,1.656187237342868e+02,1.656187237342868e+02,-1.165091274836917e+03,2.450611287824779e-04,1.000000000000000e+03,1.000000000000000e+00,
1.654849145257356e-05,0.000000000000000e+00,4.332369428381469e-02,1.327397205597796e+06,1.327340495217524e+06,1.500863893892758e+03,1.654849145257356e-05,0.000000000000000e+00,-1.000000000000000e+03,8.848936634783498e+05,5.671038027171784e+01,2.981289765751613e+05,5.613704344068863e-03,5.744596020825419e+08,0.000000000000000e+00,4.564628469953164e-06,7.999279800637776e+10,7.999279800637776e+10,-4.781241590026252e+00,1.654849145257356e-05,1.000000000000000e+00,0.000000000000000e+00,1.673607930892787e+03,1.673607930892787e+03,-1.253038807601956e+03,4.332369428381469e-02,1.000000000000000e+03,1.000000000000000e+00,
1.829821286320596e-04,0.000000000000000e+00,3.045952795005696e-01,1.463734058622557e+07,1.463708706888760e+07,1.500729909856251e+03,1.829821286320596e-04,0.000000000000000e+00,-1.000000000000000e+03,9.758058045925068e+06,2.535173379707171e+02,2.981156691009265e+05,4.592020587418315e-03,4.894537901077900e+08,0.000000000000000e+00,1.065923527113625e-06,7.998565694714377e+10,7.998565694714377e+10,-3.737591324561852e+00,1.829821286320596e-04,1.000000000000000e+00,0.000000000000000e+00,1.371261598832566e+03,1.371261598832566e+03,-1.177062422775469e+03,3.045952795005696e-01,1.000000000000000e+03,1.000000000000000e+00,

64,28
1.521873395799582e-02,0.000000000000000e+00,1.974349175520354e+01,1.500181151388995e+09,1.500168344625050e+09,1.849489602048452e+03,1.521873395799582e-02,0.000000000000000e+00,-1.000000000000000e+03,1.000112229750033e+09,1.280676394513714e+04,3.309477869225048e+05,4.584326561068750e-03,4.881490213822376e+08,2.500000000000000e-07,3.244753590322374e-04,9.857379390201321e+10,9.857379390201321e+10,-1.817621474893038e+00,1.521873395799582e-02,1.000000000000000e+00,0.000000000000000e+00,1.369151753912610e+03,1.369151753912610e+03,-8.238858444643648e+02,1.974349175520354e+01,1.000000000000000e+03,1.000000000000000e+00,
1.521873395799582e-02,0.000000000000000e+00,1.974349175520354e+01,1.500181151388995e+09,1.500168344625050e+09,1.849489602048452e+03,1.521873395799582e-02,0.000000000000000e+00,-1.000000000000000e+03,1.000112229750033e+09,1.280676394513714e+04,3.309477869225048e+05,4.584326561068750e-03,4.881490213822376e+08,2.500000000000000e-07,3.244753590322374e-04,9.857379390201321e+10,9.857379390201321e+10,-1.817621474893038e+00,1.521873395799582e-02,1.000000000000000e+00,0.000000000000000e+00,1.369151753912610e+03,1.369151753912610e+03,-8.238858444643648e+02,1.974349175520354e+01,1.000000000000000e+03,1.000000000000000e+00,
1.521873395799582e-02,0.000000000000000e+00,1.974349175520354e+01,1.500181151388995e+09,1.500168344625050e+09,1.849489602048452e+03,1.521873395799582e-02,0.000000000000000e+00,-1.000000000000000e+03,1.000112229750033e+09,1.280676394513714e+04,3.309477869225048e+05,4.584326561068750e-03,4.881490213822376e+08,2.500000000000000e-07,3.244753590322374e-04,9.857379390201321e+10,9.857379390201321e+10,-1.817621474893038e+00,1.521873395799582e-02,1.000000000000000e+00,0.000000000000000e+00,1.369151753912610e+03,1.369151753912610e+03,-9.706543871101345e+02,1.974349175520354e+01,1.000000000000000e+03,1.000000000000000e+00,
1.521873395799582e-02,0.000000000000000e+00,1.974349175520354e+01,1.500181151388995e+09,1.500168344625050e+09,1.849489602048452e+03,1.521873395799582e-02,0.000000000000000e+00,-1.000000000000000e+03,1.000112229750033e+09,1.280676394513714e+04,3.309477869225048e+05,4.584326561068750e-03,4.881490213822376e+08,2.500000000000000e-07,3.244753590322374e-04,9.857379390201321e+10,9.857379390201321e+10,-1.817621474893038e+00,1.521873395799582e-02,1.000000000000000e+00,0.000000000000000e+00,1.369151753912610e+03,1.369151753912610e+03,-1.141478659831657e+03,1.974349175520354e+01,1.000000000000000e+03,1.000000000000000e+00,
1.521873395799582e-02,0.000000000000000e+00,1.974349175520354e+01,1.500181151388995e+09,1.500168344625050e+09,1.849489602048452e+03,1.521873395799582e-02,0.000000000000000e+00,-1.000000000000000e+03,1.000112229750033e+09,1.280676394513714e+04,3.309477869225048e+05,4.584326561068750e-03,4.881490213822376e+08,2.500000000000000e-07,3.244753590322374e-04,9.857379390201321e+10,9.857379390201321e+10,-1.817621474893038e+00,1.521873395799582e-02,1.000000000000000e+00,0.000000000000000e+00,1.369151753912610e+03,1.369151753912610e+03,-1.259014002682472e+03,1.974349175520354e+01,1.000000000000000e+03,1.000000000000000e+00,
1.521873395799582e-02,0.000000000000000e+00,1.974349175520354e+01,1.500181151388995e+09,1.500168344625050e+09,1.849489602048452e+03,1.521873395799582e-02,0.000000000000000e+00,-1.000000000000000e+03,1.000112229750033e+09,1.280676394513714e+04,3.309477869225048e+05,4.584326561068750e-03,4.881490213822376e+08,2.500000000000000e-07,3.244753590322374e-04,9.857379390201321e+10,9.857379390201321e+10,-1.817621474893038e+00,1.521873395799582e-02,1.000000000000000e+00,0.000000000000000e+00,1.369151753912610e+03,1.369151753912610e+03,-1.259014002682472e+03,1.974349175520354e+01,1.000000000000000e+03,1.000000000000000e+00,
1.521873395799582e-02,0.000000000000000e+00,1.974349175520354e+01,1.500181151388995e+09,1.500168344625050e+09,1.849489602048452e+03,1.521873395799582e-02,0.000000000000000e+00,-1.000000000000000e+03,1.000112229750033e+09,1.280676394513714e+04,3.309477869225048e+05,4.584326561068750e-03,4.881490213822376e+08,2.500000000000000e-07,3.244753590322374e-04,9.857379390201321e+10,9.857379390201321e+10,-1.817621474893038e+00,1.521873395799582e-02,1.000000000000000e+00,0.000000000000000e+00,1.369151753912610e+03,1.369151753912610e+03,-1.141478659831657e+03,1.974349175520354e+01,1.000000000000000e+03,1.000000000000000e+00,
1.521873395799582e-02,0.000000000000000e+00,1.974349175520354e+01,1.500181151388995e+09,1.500168344625050e+09,1.849489602048452e+03,1.521873395799582e-02,0.000000000000000e+00,-1.000000000000000e+03,1.000112229750033e+09,1.280676394513714e+04,3.309477869225048e+05,4.584326561068750e-03,4.881490213822376e+08,2.500000000000000e-07,3.244753590322374e-04,9.857379390201321e+10,9.857379390201321e+10,-1.817621474893038e+00,1.521873395799582e-02,1.000000000000000e+00,0.000000000000000e+00,1.369151753912610e+03,1.369151753912610e+03,-9.706543871101345e+02,1.974349175520354e+01,1.000000000000000e+03,1.000000000000000e+00,
7.506086956000006e-08,0.000000000000000e+00,-7.506086955992499e-08,5.690240941788204e+03,5.690240941750673e+03,1.422353307069907e+03,7.506086956000006e-08,0.000000000000000e+00,-1.000000000000000e+03,3.793493961167116e+03,3.753043478007297e-08,2.902266424868984e+05,3.445583049964530e-06,8.473700913602332e+08,0.000000000000000e+00,4.845568390976496e-19,7.580835360829614e+10,7.580835360829614e+10,-7.124586408708945e+00,7.506086956000006e-08,1.000000000000000e+00,0.000000000000000e+00,-9.999999999990005e-01,1.000000000000972e+00,-6.017491064150717e-01,7.506086956007298e-08,1.000000000000000e+03,1.000000000000000e+00,
7.506144849895807e-08,0.000000000000000e+00,-7.506086955996244e-08,5.690317755354726e+03,5.690317755317159e+03,1.422361537098399e+03,7.506144849895807e-08,0.000000000000000e+00,-1.000000000000000e+03,3.793545170211440e+03,3.756698322321983e-08,2.902274821411776e+05,3.447237088683164e-06,8.473701256977730e+08,0.000000000000000e+00,6.780666680117342e-11,7.580879225100681e+10,7.580879225100681e+10,-7.124583059040513e+00,7.506144849895807e-08,1.000000000000000e+00,0.000000000000000e+00,-9.999999999994988e-01,1.000482940592198e+00,-4.495273024463133e-01,7.509769871934741e-08,1.000000000000000e+03,1.000000000000000e+00,
1.323513213465858e-07,0.000000000000000e+00,-3.874179294261259e-08,1.065650509184573e+04,1.065650509184006e+04,1.591035553419103e+03,1.323513213465858e-07,0.000000000000000e+00,-1.000000000000000e+03,7.104336727893372e+03,5.402076204681229e-08,3.069541267709935e+05,4.002566273883337e-06,8.490819714966446e+08,0.000000000000000e+00,5.190511915104279e-09,8.479875234756877e+10,8.479875234756879e+10,-6.878271718505690e+00,1.323513213465858e-07,1.000000000000000e+00,0.000000000000000e+00,-2.927193514083642e-01,1.177704077588123e+00,-7.164810843707661e-02,9.199975776694401e-08,1.000000000000000e+03,1.000000000000000e+00,
1.425150688068186e-06,0.000000000000000e+00,2.329472506270511e-04,1.140129371143139e+05,1.140129180761792e+05,1.509864533408199e+03,1.425150688068186e-06,0.000000000000000e+00,-1.000000000000000e+03,7.600861205078613e+04,1.903813471411168e-02,2.990215759906782e+05,5.482408847907840e-04,8.291370663395073e+08,0.000000000000000e+00,9.872871632246874e-09,8.047251261715401e+10,8.047251261715401e+10,-5.846139213173662e+00,1.425150688068186e-06,1.000000000000000e+00,0.000000000000000e+00,1.634544701675124e+02,1.634544701675124e+02,1.094158294429719e+01,2.329472506270511e-04,1.000000000000000e+03,1.000000000000000e+00,
1.593773554807837e-05,0.000000000000000e+00,4.191414669709135e-02,1.278499043272756e+06,1.278443928928311e+06,1.506462693663897e+03,1.593773554807837e-05,0.000000000000000e+00,-1.000000000000000e+03,8.522959526188741e+05,5.511434444515903e+01,2.986845268462155e+05,8.987453802083257e-03,7.443068407318096e+08,0.000000000000000e+00,5.716731672041760e-06,8.029120191961284e+10,8.029120191961285e+10,-4.797573383619635e+00,1.593773554807837e-05,1.000000000000000e+00,0.000000000000000e+00,2.683935250316412e+03,2.683935250316412e+03,-3.241064708512157e-01,4.191414669709135e-02,1.000000000000000e+03,1.000000000000000e+00,
1.762416110023202e-04,0.000000000000000e+00,2.949593579268046e-01,1.409830641238756e+07,1.409805958922720e+07,1.504923265848527e+03,1.762416110023202e-04,0.000000000000000e+00,-1.000000000000000e+03,9.398706392818136e+06,2.468231603586723e+02,2.985318775981247e+05,8.769530848392687e-03,6.586564131187526e+08,0.000000000000000e+00,9.173193788890784e-06,8.020915374803554e+10,8.020915374803554e+10,-3.753891546008104e+00,1.762416110023202e-04,1.000000000000000e+00,0.000000000000000e+00,2.617984509825345e+03,2.617984509825345e+03,-6.407968490777182e+02,2.949593579268046e-01,1.000000000000000e+03,1.000000000000000e+00,
1.937506250003397e-03,0.000000000000000e+00,2.656827918127747e+00,1.554975978766303e+08,1.554957762735808e+08,1.505795194134998e+03,1.937506250003397e-03,0.000000000000000e+00,-1.000000000000000e+03,1.036638508490539e+08,1.821603049417426e+03,2.986183473544714e+05,5.583580185547255e-03,5.731253939575359e+08,0.000000000000000e+00,4.424705033276552e-06,8.025562563904414e+10,8.025562563904414e+10,-2.712756887873209e+00,1.937506250003397e-03,1.000000000000000e+00,0.000000000000000e+00,1.664617642048803e+03,1.664617642048803e+03,-7.479298725391742e+02,2.656827918127747e+00,1.000000000000000e+03,1.000000000000000e+00,
7.506086956000006e-08,0.000000000000000e+00,-7.506086955992499e-08,5.690240941788204e+03,5.690240941750673e+03,1.422353307069907e+03,7.506086956000006e-08,0.000000000000000e+00,-1.000000000000000e+03,3.793493961167116e+03,3.753043478007297e-08,2.902266424868984e+05,3.445583049964530e-06,8.473700913602332e+08,0.000000000000000e+00,4.845568390976496e-19,7.580835360829614e+10,7.580835360829614e+10,-7.124586408708945e+00,7.506086956000006e-08,1.000000000000000e+00,0.000000000000000e+00,-9.999999999990005e-01,1.000000000000972e+00,-6.017491064150717e-01,7.506086956007298e-08,1.000000000000000e+03,1.000000000000000e+00,
7.506144849895807e-08,0.000000000000000e+00,-7.506086955996244e-08,5.690317755354726e+03,5.690317755317159e+03,1.422361537098399e+03,7.506144849895807e-08,0.000000000000000e+00,-1.000000000000000e+03,3.793545170211440e+03,3.756698322321983e-08,2.902274821411776e+05,3.447237088683164e-06,8.473701256977730e+08,0.000000000000000e+00,6.780666680117342e-11,7.580879225100681e+10,7.580879225100681e+10,-7.124583059040513e+00,7.506144849895807e-08,1.000000000000000e+00,0.000000000000000e+00,-9.999999999994988e-01,1.000482940592198e+00,-4.495273024463133e-01,7.509769871934741e-08,1.000000000000000e+03,1.000000000000000e+00,
1.323513213465858e-07,0.000000000000000e+00,-3.874179294261259e-08,1.065650509184573e+04,1.065650509184006e+04,1.591035553419103e+03,1.323513213465858e-07,0.000000000000000e+00,-1.000000000000000e+03,7.104336727893372e+03,5.402076204681229e-08,3.069541267709935e+05,4.002566273883337e-06,8.490819714966446e+08,0.000000000000000e+00,5.190511915104279e-09,8.479875234756877e+10,8.479875234756879e+10,-6.878271718505690e+00,1.323513213465858e-07,1.000000000000000e+00,0.000000000000000e+00,-2.927193514083642e-01,1.177704077588123e+00,-7.164810843707661e-02,9.199975776694401e-08,1.000000000000000e+03,1.000000000000000e+00,
1.425150688068186e-06,0.000000000000000e+00,2.329472506270511e-04,1.140129371143139e+05,1.140129180761792e+05,1.509864533408199e+03,1.425150688068186e-06,0.000000000000000e+00,-1.000000000000000e+03,7.600861205078613e+04,1.903813471411168e-02,2.990215759906782e+05,5.482408847907840e-04,8.291370663395073e+08,0.000000000000000e+00,9.872871632246874e-09,8.047251261715401e+10,8.047251261715401e+10,-5.846139213173662e+00,1.425150688068186e-06,1.000000000000000e+00,0.000000000000000e+00,1.634544701675124e+02,1.634544701675124e+02,1.094158294429719e+01,2.329472506270511e-04,1.000000000000000e+03,1.000000000000000e+00,
1.593773554807837e-05,0.000000000000000e+00,4.191414669709135e-02,1.278499043272756e+06,1.278443928928311e+06,1.506462693663897e+03,1.593773554807837e-05,0.000000000000000e+00,-1.000000000000000e+03,8.522959526188741e+05,5.511434444515903e+01,2.986845268462155e+05,8.987453802083257e-03,7.443068407318096e+08,0.000000000000000e+00,5.716731672041760e-06,8.029120191961284e+10,8.029120191961285e+10,-4.797573383619635e+00,1.593773554807837e-05,1.000000000000000e+00,0.000000000000000e+00,2.683935250316412e+03,2.683935250316412e+03,-3.241064708512157e-01,4.191414669709135e-02,1.000000000000000e+03,1.000000000000000e+00,
1.762416110023202e-04,0.000000000000000e+00,2.949593579268046e-01,1.409830641238756e+07,1.409805958922720e+07,1.504923265848527e+03,1.762416110023202e-04,0.000000000000000e+00,-1.000000000000000e+03,9.398706392818136e+06,2.468231603586723e+02,2.985318775981247e+05,8.769530848392687e-03,6.586564131187526e+08,0.000000000000000e+00,9.173193788890784e-06,8.020915374803554e+10,8.020915374803554e+10,-3.753891546008104e+00,1.762416110023202e-04,1.000000000000000e+00,0.000000000000000e+00,2.617984509825345e+03,2.617984509825345e+03,-6.407968490777182e+02,2.949593579268046e-01,1.000000000000000e+03,1.000000000000000e+00,
1.937506250003397e-03,0.000000000000000e+00,2.656827918127747e+00,1.554975978766303e+08,1.554957762735808e+08,1.505795194134998e+03,1.937506250003397e-03,0.000000000000000e+00,-1.000000000000000e+03,1.036638508490539e+08,1.821603049417426e+03,2.986183473544714e+05,5.583580185547255e-03,5.731253939575359e+08,0.000000000000000e+00,4.424705033276552e-06,8.025562563904414e+10,8.025562563904414e+10,-2.712756887873209e+00,1.937506250003397e-03,1.000000000000000e+00,0.000000000000000e+00,1.664617642048803e+03,1.664617642048803e+03,-7.479298725391742e+02,2.656827918127747e+00,1.000000000000000e+03,1.000000000000000e+00,
7.506086956000006e-08,0.000000000000000e+00,-7.506086955992499e-08,5.690240941788204e+03,5.690240941750673e+03,1.422353307069907e+03,7.506086956000006e-08,0.000000000000000e+00,-1.000000000000000e+03,3.793493961167116e+03,3.753043478007297e-08,2.902266424868984e+05,3.445583049964530e-06,8.473700913602332e+08,0.000000000000000e+00,4.845568390976496e-19,7.580835360829614e+10,7.580835360829614e+10,-7.124586408708945e+00,7.506086956000006e-08,1.000000000000000e+00,0.000000000000000e+00,-9.999999999990005e-01,1.000000000000972e+00,-7.089458011760462e-01,7.506086956007298e-08,1.000000000000000e+03,1.000000000000000e+00,
7.506144849895807e-08,0.000000000000000e+00,-7.506086955996244e-08,5.690317755354726e+03,5.690317755317159e+03,1.422361537098399e+03,7.506144849895807e-08,0.000000000000000e+00,-1.000000000000000e+03,3.793545170211440e+03,3.756698322321983e-08,2.902274821411776e+05,3.447237088683164e-06,8.473701256977730e+08,0.000000000000000e+00,6.780666680117342e-11,7.580879225100681e+10,7.580879225100681e+10,-7.124583059040513e+00,7.506144849895807e-08,1.000000000000000e+00,0.000000000000000e+00,-9.999999999994988e-01,1.000482940592198e+00,-5.574684264633357e-01,7.509769871934741e-08,1.000000000000000e+03,1.000000000000000e+00,
1.323513213465858e-07,0.000000000000000e+00,-3.874179294261259e-08,1.065650509184573e+04,1.065650509184006e+04,1.591035553419103e+03,1.323513213465858e-07,0.000000000000000e+00,-1.000000000000000e+03,7.104336727893372e+03,5.402076204681229e-08,3.069541267709935e+05,4.002566273883337e-06,8.490819714966446e+08,0.000000000000000e+00,5.190511915104279e-09,8.479875234756877e+10,8.479875234756879e+10,-6.878271718505690e+00,1.323513213465858e-07,1.000000000000000e+00,0.000000000000000e+00,-2.927193514083642e-01,1.177704077588123e+00,-9.343469310685518e-02,9.199975776694401e-08,1.000000000000000e+03,1.000000000000000e+00,
1.425150688068186e-06,0.000000000000000e+00,2.329472506270511e-04,1.140129371143139e+05,1.140129180761792e+05,1.509864533408199e+03,1.425150688068186e-06,0.000000000000000e+00,-1.000000000000000e+03,7.600861205078613e+04,1.903813471411168e-02,2.990215759906782e+05,5.482408847907840e-04,8.291370663395073e+08,0.000000000000000e+00,9.872871632246874e-09,8.047251261715401e+10,8.047251261715401e+10,-5.846139213173662e+00,1.425150688068186e-06,1.000000000000000e+00,0.000000000000000e+00,1.634544701675124e+02,1.634544701675124e+02,1.626688494994912e+01,2.329472506270511e-04,1.000000000000000e+03,1.000000000000000e+00,
1.593773554807837e-05,0.000000000000000e+00,4.191414669709135e-02,1.278499043272756e+06,1.278443928928311e+06,1.506462693663897e+03,1.593773554807837e-05,0.000000000000000e+00,-1.000000000000000e+03,8.522959526188741e+05,5.511434444515903e+01,2.986845268462155e+05,8.987453802083257e-03,7.443068407318096e+08,0.000000000000000e+00,5.716731672041760e-06,8.029120191961284e+10,8.029120191961285e+10,-4.797573383619635e+00,1.593773554807837e-05,1.000000000000000e+00,0.000000000000000e+00,2.683935250316412e+03,2.683935250316412e+03,-4.324233922032616e-01,4.191414669709135e-02,1.000000000000000e+03,1.000000000000000e+00,
1.762416110023202e-04,0.000000000000000e+00,2.949593579268046e-01,1.409830641238756e+07,1.409805958922720e+07,1.504923265848527e+03,1.762416110023202e-04,0.000000000000000e+00,-1.000000000000000e+03,9.398706392818136e+06,2.468231603586723e+02,2.985318775981247e+05,8.769530848392687e-03,6.586564131187526e+08,0.000000000000000e+00,9.173193788890784e-06,8.020915374803554e+10,8.020915374803554e+10,-3.753891546008104e+00,1.762416110023202e-04,1.000000000000000e+00,0.000000000000000e+00,2.617984509825345e+03,2.617984509825345e+03,-8.356488153486739e+02,2.949593579268046e-01,1.000000000000000e+03,1.000000000000000e+00,
1.937506250003397e-03,0.000000000000000e+00,2.656827918127747e+00,1.554975978766303e+08,1.554957762735808e+08,1.505795194134998e+03,1.937506250003397e-03,0.000000000000000e+00,-1.000000000000000e+03,1.036638508490539e+08,1.821603049417426e+03,2.986183473544714e+05,5.583580185547255e-03,5.731253939575359e+08,0.000000000000000e+00,4.424705033276552e-06,8.025562563904414e+10,8.025562563904414e+10,-2.712756887873209e+00,1.937506250003397e-03,1.000000000000000e+00,0.000000000000000e+00,1.664617642048803e+03,1.664617642048803e+03,-9.275238386641316e+02,2.656827918127747e+00,1.000000000000000e+03,1.000000000000000e+00,
7.506086956000006e-08,0.000000000000000e+00,-7.506086955992499e-08,5.690240941788204e+03,5.690240941750673e+03,1.422353307069907e+03,7.506086956000006e-08,0.000000000000000e+00,-1.000000000000000e+03,3.793493961167116e+03,3.753043478007297e-08,2.902266424868984e+05,3.445583049964530e-06,8.473700913602332e+08,0.000000000000000e+00,4.845568390976496e-19,7.580835360829614e+10,7.580835360829614e+10,-7.124586408708945e+00,7.506086956000006e-08,1.000000000000000e+00,0.000000000000000e+00,-9.999999999990005e-01,1.000000000000972e+00,-8.337123014804787e-01,7.506086956007298e-08,1.000000000000000e+03,1.000000000000000e+00,
7.506144849895807e-08,0.000000000000000e+00,-7.506086955996244e-08,5.690317755354726e+03,5.690317755317159e+03,1.422361537098399e+03,7.506144849895807e-08,0.000000000000000e+00,-1.000000000000000e+03,3.793545170211440e+03,3.756698322321983e-08,2.902274821411776e+05,3.447237088683164e-06,8.473701256977730e+08,0.000000000000000e+00,6.780666680117342e-11,7.580879225100681e+10,7.580879225100681e+10,-7.124583059040513e+00,7.506144849895807e-08,1.000000000000000e+00,0.000000000000000e+00,-9.999999999994988e-01,1.000482940592198e+00,-7.102063231421727e-01,7.509769871934741e-08,1.000000000000000e+03,1.000000000000000e+00,
1.323513213465858e-07,0.000000000000000e+00,-3.874179294261259e-08,1.065650509184573e+04,1.065650509184006e+04,1.591035553419103e+03,1.323513213465858e-07,0.000000000000000e+00,-1.000000000000000e+03,7.104336727893372e+03,5.402076204681229e-08,3.069541267709935e+05,4.002566273883337e-06,8.490819714966446e+08,0.000000000000000e+00,5.190511915104279e-09,8.479875234756877e+10,8.479875234756879e+10,-6.878271718505690e+00,1.323513213465858e-07,1.000000000000000e+00,0.000000000000000e+00,-2.927193514083642e-01,1.177704077588123e+00,-1.321358011791476e-01,9.199975776694401e-08,1.000000000000000e+03,1.000000000000000e+00,
1.425150688068186e-06,0.000000000000000e+00,2.329472506270511e-04,1.140129371143139e+05,1.140129180761792e+05,1.509864533408199e+03,1.425150688068186e-06,0.000000000000000e+00,-1.000000000000000e+03,7.600861205078613e+04,1.903813471411168e-02,2.990215759906782e+05,5.482408847907840e-04,8.291370663395073e+08,0.000000000000000e+00,9.872871632246874e-09,8.047251261715401e+10,8.047251261715401e+10,-5.846139213173662e+00,1.425150688068186e-06,1.000000000000000e+00,0.000000000000000e+00,1.634544701675124e+02,1.634544701675124e+02,3.117198298007066e+01,2.329472506270511e-04,1.000000000000000e+03,1.000000000000000e+00,
1.593773554807837e-05,0.000000000000000e+00,4.191414669709135e-02,1.278499043272756e+06,1.278443928928311e+06,1.506462693663897e+03,1.593773554807837e-05,0.000000000000000e+00,-1.000000000000000e+03,8.522959526188741e+05,5.511434444515903e+01,2.986845268462155e+05,8.987453802083257e-03,7.443068407318096e+08,0.000000000000000e+00,5.716731672041760e-06,8.029120191961284e+10,8.029120191961285e+10,-4.797573383619635e+00,1.593773554807837e-05,1.000000000000000e+00,0.000000000000000e+00,2.683935250316412e+03,2.683935250316412e+03,-6.494801970533352e-01,4.191414669709135e-02,1.000000000000000e+03,1.000000000000000e+00,
1.762416110023202e-04,0.000000000000000e+00,2.949593579268046e-01,1.409830641238756e+07,1.409805958922720e+07,1.504923265848527e+03,1.762416110023202e-04,0.000000000000000e+00,-1.000000000000000e+03,9.398706392818136e+06,2.468231603586723e+02,2.985318775981247e+05,8.769530848392687e-03,6.586564131187526e+08,0.000000000000000e+00,9.173193788890784e-06,8.020915374803554e+10,8.020915374803554e+10,-3.753891546008104e+00,1.762416110023202e-04,1.000000000000000e+00,0.000000000000000e+00,2.617984509825345e+03,2.617984509825345e+03,-1.181778652542086e+03,2.949593579268046e-01,1.000000000000000e+03,1.000000000000000e+00,
1.937506250003397e-03,0.000000000000000e+00,2.656827918127747e+00,1.554975978766303e+08,1.554957762735808e+08,1.505795194134998e+03,1.937506250003397e-03,0.000000000000000e+00,-1.000000000000000e+03,1.036638508490539e+08,1.821603049417426e+03,2.986183473544714e+05,5.583580185547255e-03,5.731253939575359e+08,0.000000000000000e+00,4.424705033276552e-06,8.025562563904414e+10,8.025562563904414e+10,-2.712756887873209e+00,1.937506250003397e-03,1.000000000000000e+00,0.000000000000000e+00,1.664617642048803e+03,1.664617642048803e+03,-1.141122537634136e+03,2.656827918127747e+00,1.000000000000000e+03,1.000000000000000e+00,
7.506086956000006e-08,0.000000000000000e+00,-7.506086955992499e-08,5.690240941788204e+03,5.690240941750673e+03,1.422353307069907e+03,7.506086956000006e-08,0.000000000000000e+00,-1.000000000000000e+03,3.793493961167116e+03,3.753043478007297e-08,2.902266424868984e+05,3.445583049964530e-06,8.473700913602332e+08,0.000000000000000e+00,4.845568390976496e-19,7.580835360829614e+10,7.580835360829614e+10,-7.124586408708945e+00,7.506086956000006e-08,1.000000000000000e+00,0.000000000000000e+00,-9.999999999990005e-01,1.000000000000972e+00,-9.496653455766222e-01,7.506086956007298e-08,1.000000000000000e+03,1.000000000000000e+00,
7.506144849895807e-08,0.000000000000000e+00,-7.506086955996244e-08,5.690317755354726e+03,5.690317755317159e+03,1.422361537098399e+03,7.506144849895807e-08,0.000000000000000e+00,-1.000000000000000e+03,3.793545170211440e+03,3.756698322321983e-08,2.902274821411776e+05,3.447237088683164e-06,8.473701256977730e+08,0.000000000000000e+00,6.780666680117342e-11,7.580879225100681e+10,7.580879225100681e+10,-7.124583059040513e+00,7.506144849895807e-08,1.000000000000000e+00,0.000000000000000e+00,-9.999999999994988e-01,1.000482940592198e+00,-8.969433770231101e-01,7.509769871934741e-08,1.000000000000000e+03,1.000000000000000e+00,
1.323513213465858e-07,0.000000000000000e+00,-3.874179294261259e-08,1.065650509184573e+04,1.065650509184006e+04,1.591035553419103e+03,1.323513213465858e-07,0.000000000000000e+00,-1.000000000000000e+03,7.104336727893372e+03,5.402076204681229e-08,3.069541267709935e+05,4.002566273883337e-06,8.490819714966446e+08,0.000000000000000e+00,5.190511915104279e-09,8.479875234756877e+10,8.479875234756879e+10,-6.878271718505690e+00,1.323513213465858e-07,1.000000000000000e+00,0.000000000000000e+00,-2.927193514083642e-01,1.177704077588123e+00,-2.085945338997586e-01,9.199975776694401e-08,1.000000000000000e+03,1.000000000000000e+00,
1.425150688068186e-06,0.000000000000000e+00,2.329472506270511e-04,1.140129371143139e+05,1.140129180761792e+05,1.509864533408199e+03,1.425150688068186e-06,0.000000000000000e+00,-1.000000000000000e+03,7.600861205078613e+04,1.903813471411168e-02,2.990215759906782e+05,5.482408847907840e-04,8.291370663395073e+08,0.000000000000000e+00,9.872871632246874e-09,8.047251261715401e+10,8.047251261715401e+10,-5.846139213173662e+00,1.425150688068186e-06,1.000000000000000e+00,0.000000000000000e+00,1.634544701675124e+02,1.634544701675124e+02,1.557802369180304e+02,2.329472506270511e-04,1.000000000000000e+03,1.000000000000000e+00,
1.593773554807837e-05,0.000000000000000e+00,4.191414669709135e-02,1.278499043272756e+06,1.278443928928311e+06,1.506462693663897e+03,1.593773554807837e-05,0.000000000000000e+00,-1.000000000000000e+03,8.522959526188741e+05,5.511434444515903e+01,2.986845268462155e+05,8.987453802083257e-03,7.443068407318096e+08,0.000000000000000e+00,5.716731672041760e-06,8.029120191961284e+10,8.029120191961285e+10,-4.797573383619635e+00,1.593773554807837e-05,1.000000000000000e+00,0.000000000000000e+00,2.683935250316412e+03,2.683935250316412e+03,-1.304044014033942e+00,4.191414669709135e-02,1.000000000000000e+03,1.000000000000000e+00,
1.762416110023202e-04,0.000000000000000e+00,2.949593579268046e-01,1.409830641238756e+07,1.409805958922720e+07,1.504923265848527e+03,1.762416110023202e-04,0.000000000000000e+00,-1.000000000000000e+03,9.398706392818136e+06,2.468231603586723e+02,2.985318775981247e+05,8.769530848392687e-03,6.586564131187526e+08,0.000000000000000e+00,9.173193788890784e-06,8.020915374803554e+10,8.020915374803554e+10,-3.753891546008104e+00,1.762416110023202e-04,1.000000000000000e+00,0.000000000000000e+00,2.617984509825345e+03,2.617984509825345e+03,-1.498093571269478e+03,2.949593579268046e-01,1.000000000000000e+03,1.000000000000000e+00,
1.937506250003397e-03,0.000000000000000e+00,2.656827918127747e+00,1.554975978766303e+08,1.554957762735808e+08,1.505795194134998e+03,1.937506250003397e-03,0.000000000000000e+00,-1.000000000000000e+03,1.036638508490539e+08,1.821603049417426e+03,2.986183473544714e+05,5.583580185547255e-03,5.731253939575359e+08,0.000000000000000e+00,4.424705033276552e-06,8.025562563904414e+10,8.025562563904414e+10,-2.712756887873209e+00,1.937506250003397e-03,1.000000000000000e+00,0.000000000000000e+00,1.664617642048803e+03,1.664617642048803e+03,-1.301571049663983e+03,2.656827918127747e+00,1.000000000000000e+03,1.000000000000000e+00,
7.506086956000006e-08,0.000000000000000e+00,-7.506086955992499e-08,5.690240941788204e+03,5.690240941750673e+03,1.422353307069907e+03,7.506086956000006e-08,0.000000000000000e+00,-1.000000000000000e+03,3.793493961167116e+03,3.753043478007297e-08,2.902266424868984e+05,3.445583049964530e-06,8.473700913602332e+08,0.000000000000000e+00,4.845568390976496e-19,7.580835360829614e+10,7.580835360829614e+10,-7.124586408708945e+00,7.506086956000006e-08,1.000000000000000e+00,0.000000000000000e+00,-9.999999999990005e-01,1.000000000000972e+00,-9.496653455766222e-01,7.506086956007298e-08,1.000000000000000e+03,1.000000000000000e+00,
7.506144849895807e-08,0.000000000000000e+00,-7.506086955996244e-08,5.690317755354726e+03,5.690317755317159e+03,1.422361537098399e+03,7.506144849895807e-08,0.000000000000000e+00,-1.000000000000000e+03,3.793545170211440e+03,3.756698322321983e-08,2.902274821411776e+05,3.447237088683164e-06,8.473701256977730e+08,0.000000000000000e+00,6.780666680117342e-11,7.580879225100681e+10,7.580879225100681e+10,-7.124583059040513e+00,7.506144849895807e-08,1.000000000000000e+00,0.000000000000000e+00,-9.999999999994988e-01,1.000482940592198e+00,-8.969433770231101e-01,7.509769871934741e-08,1.000000000000000e+03,1.000000000000000e+00,
1.323513213465858e-07,0.000000000000000e+00,-3.874179294261259e-08,1.065650509184573e+04,1.065650509184006e+04,1.591035553419103e+03,1.323513213465858e-07,0.000000000000000e+00,-1.000000000000000e+03,7.104336727893372e+03,5.402076204681229e-08,3.069541267709935e+05,4.002566273883337e-06,8.490819714966446e+08,0.000000000000000e+00,5.190511915104279e-09,8.479875234756877e+10,8.479875234756879e+10,-6.878271718505690e+00,1.323513213465858e-07,1.000000000000000e+00,0.000000000000000e+00,-2.927193514083642e-01,1.177704077588123e+00,-2.085945338997586e-01,9.199975776694401e-08,1.000000000000000e+03,1.000000000000000e+00,
1.425150688068186e-06,0.000000000000000e+00,2.329472506270511e-04,1.140129371143139e+05,1.140129180761792e+05,1.509864533408199e+03,1.425150688068186e-06,0.000000000000000e+00,-1.000000000000000e+03,7.600861205078613e+04,1.903813471411168e-02,2.990215759906782e+05,5.482408847907840e-04,8.291370663395073e+08,0.000000000000000e+00,9.872871632246874e-09,8.047251261715401e+10,8.047251261715401e+10,-5.846139213173662e+00,1.425150688068186e-06,1.000000000000000e+00,0.000000000000000e+00,1.634544701675124e+02,1.634544701675124e+02,1.557802369180304e+02,2.329472506270511e-04,1.000000000000000e+03,1.000000000000000e+00,
1.593773554807837e-05,0.000000000000000e+00,4.191414669709135e-02,1.278499043272756e+06,1.278443928928311e+06,1.506462693663897e+03,1.593773554807837e-05,0.000000000000000e+00,-1.000000000000000e+03,8.522959526188741e+05,5.511434444515903e+01,2.986845268462155e+05,8.987453802083257e-03,7.443068407318096e+08,0.000000000000000e+00,5.716731672041760e-06,8.029120191961284e+10,8.029120191961285e+10,-4.797573383619635e+00,1.593773554807837e-05,1.000000000000000e+00,0.000000000000000e+00,2.683935250316412e+03,2.683935250316412e+03,-1.304044014033942e+00,4.191414669709135e-02,1.000000000000000e+03,1.000000000000000e+00,
1.762416110023202e-04,0.000000000000000e+00,2.949593579268046e-01,1.409830641238756e+07,1.409805958922720e+07,1.504923265848527e+03,1.762416110023202e-04,0.000000000000000e+00,-1.000000000000000e+03,9.398706392818136e+06,2.468231603586723e+02,2.985318775981247e+05,8.769530848392687e-03,6.586564131187526e+08,0.000000000000000e+00,9.173193788890784e-06,8.020915374803554e+10,8.020915374803554e+10,-3.753891546008104e+00,1.762416110023202e-04,1.000000000000000e+00,0.000000000000000e+00,2.617984509825345e+03,2.617984509825345e+03,-1.498093571269478e+03,2.949593579268046e-01,1.000000000000000e+03,1.000000000000000e+00,
1.937506250003397e-03,0.000000000000000e+00,2.656827918127747e+00,1.554975978766303e+08,1.554957762735808e+08,1.505795194134998e+03,1.937506250003397e-03,0.000000000000000e+00,-1.000000000000000e+03,1.036638508490539e+08,1.821603049417426e+03,2.986183473544714e+05,5.583580185547255e-03,5.731253939575359e+08,0.000000000000000e+00,4.424705033276552e-06,8.025562563904414e+10,8.025562563904414e+10,-2.712756887873209e+00,1.937506250003397e-03,1.000000000000000e+00,0.000000000000000e+00,1.664617642048803e+03,1.664617642048803e+03,-1.301571049663983e+03,2.656827918127747e+00,1.000000000000000e+03,1.000000000000000e+00,
7.506086956000006e-08,0.000000000000000e+00,-7.506086955992499e-08,5.690240941788204e+03,5.690240941750673e+03,1.422353307069907e+03,7.506086956000006e-08,0.000000000000000e+00,-1.000000000000000e+03,3.793493961167116e+03,3.753043478007297e-08,2.902266424868984e+05,3.445583049964530e-06,8.473700913602332e+08,0.000000000000000e+00,4.845568390976496e-19,7.580835360829614e+10,7.580835360829614e+10,-7.124586408708945e+00,7.506086956000006e-08,1.000000000000000e+00,0.000000000000000e+00,-9.999999999990005e-01,1.000000000000972e+00,-8.337123014804787e-01,7.506086956007298e-08,1.000000000000000e+03,1.000000000000000e+00,
7.506144849895807e-08,0.000000000000000e+00,-7.506086955996244e-08,5.690317755354726e+03,5.690317755317159e+03,1.422361537098399e+03,7.506144849895807e-08,0.000000000000000e+00,-1.000000000000000e+03,3.793545170211440e+03,3.756698322321983e-08,2.902274821411776e+05,3.447237088683164e-06,8.473701256977730e+08,0.000000000000000e+00,6.780666680117342e-11,7.580879225100681e+10,7.580879225100681e+10,-7.124583059040513e+00,7.506144849895807e-08,1.000000000000000e+00,0.000000000000000e+00,-9.999999999994988e-01,1.000482940592198e+00,-7.102063231421727e-01,7.509769871934741e-08,1.000000000000000e+03,1.000000000000000e+00,
1.323513213465858e-07,0.000000000000000e+00,-3.874179294261259e-08,1.065650509184573e+04,1.065650509184006e+04,1.591035553419103e+03,1.323513213465858e-07,0.000000000000000e+00,-1.000000000000000e+03,7.104336727893372e+03,5.402076204681229e-08,3.069541267709935e+05,4.002566273883337e-06,8.490819714966446e+08,0.000000000000000e+00,5.190511915104279e-09,8.479875234756877e+10,8.479875234756879e+10,-6.878271718505690e+00,1.323513213465858e-07,1.000000000000000e+00,0.000000000000000e+00,-2.927193514083642e-01,1.177704077588123e+00,-1.321358011791476e-01,9.199975776694401e-08,1.000000000000000e+03,1.000000000000000e+00,
1.425150688068186e-06,0.000000000000000e+00,2.329472506270511e-04,1.140129371143139e+05,1.140129180761792e+05,1.509864533408199e+03,1.425150688068186e-06,0.000000000000000e+00,-1.000000000000000e+03,7.600861205078613e+04,1.903813471411168e-02,2.990215759906782e+05,5.482408847907840e-04,8.291370663395073e+08,0.000000000000000e+00,9.872871632246874e-09,8.047251261715401e+10,8.047251261715401e+10,-5.846139213173662e+00,1.425150688068186e-06,1.000000000000000e+00,0.000000000000000e+00,1.634544701675124e+02,1.634544701675124e+02,3.117198298007066e+01,2.329472506270511e-04,1.000000000000000e+03,1.000000000000000e+00,
1.593773554807837e-05,0.000000000000000e+00,4.191414669709135e-02,1.278499043272756e+06,1.278443928928311e+06,1.506462693663897e+03,1.593773554807837e-05,0.000000000000000e+00,-1.000000000000000e+03,8.522959526188741e+05,5.511434444515903e+01,2.986845268462155e+05,8.987453802083257e-03,7.443068407318096e+08,0.000000000000000e+00,5.716731672041760e-06,8.029120191961284e+10,8.029120191961285e+10,-4.797573383619635e+00,1.593773554807837e-05,1.000000000000000e+00,0.000000000000000e+00,2.683935250316412e+03,2.683935250316412e+03,-6.494801970533352e-01,4.191414669709135e-02,1.000000000000000e+03,1.000000000000000e+00,
1.762416110023202e-04,0.000000000000000e+00,2.949593579268046e-01,1.409830641238756e+07,1.409805958922720e+07,1.504923265848527e+03,1.762416110023202e-04,0.000000000000000e+00,-1.000000000000000e+03,9.398706392818136e+06,2.468231603586723e+02,2.985318775981247e+05,8.769530848392687e-03,6.586564131187526e+08,0.000000000000000e+00,9.173193788890784e-06,8.020915374803554e+10,8.020915374803554e+10,-3.753891546008104e+00,1.762416110023202e-04,1.000000000000000e+00,0.000000000000000e+00,2.617984509825345e+03,2.617984509825345e+03,-1.181778652542086e+03,2.949593579268046e-01,1.000000000000000e+03,1.000000000000000e+00,
1.937506250003397e-03,0.000000000000000e+00,2.656827918127747e+00,1.554975978766303e+08,1.554957762735808e+08,1.505795194134998e+03,1.937506250003397e-03,0.000000000000000e+00,-1.000000000000000e+03,1.036638508490539e+08,1.821603049417426e+03,2.986183473544714e+05,5.583580185547255e-03,5.731253939575359e+08,0.000000000000000e+00,4.424705033276552e-06,8.025562563904414e+10,8.025562563904414e+10,-2.712756887873209e+00,1.937506250003397e-03,1.000000000000000e+00,0.000000000000000e+00,1.664617642048803e+03,1.664617642048803e+03,-1.141122537634136e+03,2.656827918127747e+00,1.000000000000000e+03,1.000000000000000e+00,
7.506086956000006e-08,0.000000000000000e+00,-7.506086955992499e-08,5.690240941788204e+03,5.690240941750673e+03,1.422353307069907e+03,7.506086956000006e-08,0.000000000000000e+00,-1.000000000000000e+03,3.793493961167116e+03,3.753043478007297e-08,2.902266424868984e+05,3.445583049964530e-06,8.473700913602332e+08,0.000000000000000e+00,4.845568390976496e-19,7.580835360829614e+10,7.580835360829614e+10,-7.124586408708945e+00,7.506086956000006e-08,1.000000000000000e+00,0.000000000000000e+00,-9.999999999990005e-01,1.000000000000972e+00,-7.089458011760462e-01,7.506086956007298e-08,1.000000000000000e+03,1.000000000000000e+00,
7.506144849895807e-08,0.000000000000000e+00,-7.506086955996244e-08,5.690317755354726e+03,5.690317755317159e+03,1.422361537098399e+03,7.506144849895807e-08,0.000000000000000e+00,-1.000000000000000e+03,3.793545170211440e+03,3.756698322321983e-08,2.902274821411776e+05,3.447237088683164e-06,8.473701256977730e+08,0.000000000000000e+00,6.780666680117342e-11,7.580879225100681e+10,7.580879225100681e+10,-7.124583059040513e+00,7.506144849895807e-08,1.000000000000000e+00,0.000000000000000e+00,-9.999999999994988e-01,1.000482940592198e+00,-5.574684264633357e-01,7.509769871934741e-08,1.000000000000000e+03,1.000000000000000e+00,
1.323513213465858e-07,0.000000000000000e+00,-3.874179294261259e-08,1.065650509184573e+04,1.065650509184006e+04,1.591035553419103e+03,1.323513213465858e-07,0.000000000000000e+00,-1.000000000000000e+03,7.104336727893372e+03,5.402076204681229e-08,3.069541267709935e+05,4.002566273883337e-06,8.490819714966446e+08,0.000000000000000e+00,5.190511915104279e-09,8.479875234756877e+10,8.479875234756879e+10,-6.878271718505690e+00,1.323513213465858e-07,1.000000000000000e+00,0.000000000000000e+00,-2.927193514083642e-01,1.177704077588123e+00,-9.343469310685518e-02,9.199975776694401e-08,1.000000000000000e+03,1.000000000000000e+00,
1.425150688068186e-06,0.000000000000000e+00,2.329472506270511e-04,1.140129371143139e+05,1.140129180761792e+05,1.509864533408199e+03,1.425150688068186e-06,0.000000000000000e+00,-1.000000000000000e+03,7.600861205078613e+04,1.903813471411168e-02,2.990215759906782e+05,5.482408847907840e-04,8.291370663395073e+08,0.000000000000000e+00,9.872871632246874e-09,8.047251261715401e+10,8.047251261715401e+10,-5.846139213173662e+00,1.425150688068186e-06,1.000000000000000e+00,0.000000000000000e+00,1.634544701675124e+02,1.634544701675124e+02,1.626688494994912e+01,2.329472506270511e-04,1.000000000000000e+03,1.000000000000000e+00,
1.593773554807837e-05,0.000000000000000e+00,4.191414669709135e-02,1.278499043272756e+06,1.278443928928311e+06,1.506462693663897e+03,1.593773554807837e-05,0.000000000000000e+00,-1.000000000000000e+03,8.522959526188741e+05,5.511434444515903e+01,2.986845268462155e+05,8.987453802083257e-03,7.443068407318096e+08,0.000000000000000e+00,5.716731672041760e-06,8.029120191961284e+10,8.029120191961285e+10,-4.797573383619635e+00,1.593773554807837e-05,1.000000000000000e+00,0.000000000000000e+00,2.683935250316412e+03,2.683935250316412e+03,-4.324233922032616e-01,4.191414669709135e-02,1.000000000000000e+03,1.000000000000000e+00,
1.762416110023202e-04,0.000000000000000e+00,2.949593579268046e-01,1.409830641238756e+07,1.409805958922720e+07,1.504923265848527e+03,1.762416110023202e-04,0.000000000000000e+00,-1.000000000000000e+03,9.398706392818136e+06,2.468231603586723e+02,2.985318775981247e+05,8.769530848392687e-03,6.586564131187526e+08,0.000000000000000e+00,9.173193788890784e-06,8.020915374803554e+10,8.020915374803554e+10,-3.753891546008104e+00,1.762416110023202e-04,1.000000000000000e+00,0.000000000000000e+00,2.617984509825345e+03,2.617984509825345e+03,-8.356488153486739e+02,2.949593579268046e-01,1.000000000000000e+03,1.000000000000000e+00,
1.937506250003397e-03,0.000000000000000e+00,2.656827918127747e+00,1.554975978766303e+08,1.554957762735808e+08,1.505795194134998e+03,1.937506250003397e-03,0.000000000000000e+00,-1.000000000000000e+03,1.036638508490539e+08,1.821603049417426e+03,2.986183473544714e+05,5.583580185547255e-03,5.731253939575359e+08,0.000000000000000e+00,4.424705033276552e-06,8.025562563904414e+10,8.025562563904414e+10,-2.712756887873209e+00,1.937506250003397e-03,1.000000000000000e+00,0.000000000000000e+00,1.664617642048803e+03,1.664617642048803e+03,-9.275238386641316e+02,2.656827918127747e+00,1.000000000000000e+03,1.000000000000000e+00,

