1
0
28
0
(64 0
((0,0) (63,63) (0,0))
((448,0) (511,63) (0,0))
((384,0) (447,63) (0,0))
((320,0) (383,63) (0,0))
((256,0) (319,63) (0,0))
((192,0) (255,63) (0,0))
((128,0) (191,63) (0,0))
((64,0) (127,63) (0,0))
((0,448) (63,511) (0,0))
((0,384) (63,447) (0,0))
((0,320) (63,383) (0,0))
((0,256) (63,319) (0,0))
((0,192) (63,255) (0,0))
((0,128) (63,191) (0,0))
((0,64) (63,127) (0,0))
((448,448) (511,511) (0,0))
((448,384) (511,447) (0,0))
((448,320) (511,383) (0,0))
((448,256) (511,319) (0,0))
((448,192) (511,255) (0,0))
((448,128) (511,191) (0,0))
((448,64) (511,127) (0,0))
((384,448) (447,511) (0,0))
((384,384) (447,447) (0,0))
((384,320) (447,383) (0,0))
((384,256) (447,319) (0,0))
((384,192) (447,255) (0,0))
((384,128) (447,191) (0,0))
((384,64) (447,127) (0,0))
((320,448) (383,511) (0,0))
((320,384) (383,447) (0,0))
((320,320) (383,383) (0,0))
((320,256) (383,319) (0,0))
((320,192) (383,255) (0,0))
((320,128) (383,191) (0,0))
((320,64) (383,127) (0,0))
((256,448) (319,511) (0,0))
((256,384) (319,447) (0,0))
((256,320) (319,383) (0,0))
((256,256) (319,319) (0,0))
((256,192) (319,255) (0,0))
((256,128) (319,191) (0,0))
((256,64) (319,127) (0,0))
((192,448) (255,511) (0,0))
((192,384) (255,447) (0,0))
((192,320) (255,383) (0,0))
((192,256) (255,319) (0,0))
((192,192) (255,255) (0,0))
((192,128) (255,191) (0,0))
((192,64) (255,127) (0,0))
((128,448) (191,511) (0,0))
((128,384) (191,447) (0,0))
((128,320) (191,383) (0,0))
((128,256) (191,319) (0,0))
((128,192) (191,255) (0,0))
((128,128) (191,191) (0,0))
((128,64) (191,127) (0,0))
((64,448) (127,511) (0,0))
((64,384) (127,447) (0,0))
((64,320) (127,383) (0,0))
((64,256) (127,319) (0,0))
((64,192) (127,255) (0,0))
((64,128) (127,191) (0,0))
((64,64) (127,127) (0,0))
)
64
FabOnDisk: Cell_D_0000 0
FabOnDisk: Cell_D_0000 917587
FabOnDisk: Cell_D_0000 1835177
FabOnDisk: Cell_D_0000 2752767
FabOnDisk: Cell_D_0000 3670357
FabOnDisk: Cell_D_0000 4587947
FabOnDisk: Cell_D_0000 5505537
FabOnDisk: Cell_D_0000 6423127
FabOnDisk: Cell_D_0000 7340716
FabOnDisk: Cell_D_0000 8258306
FabOnDisk: Cell_D_0000 9175896
FabOnDisk: Cell_D_0000 10093486
FabOnDisk: Cell_D_0000 11011076
FabOnDisk: Cell_D_0000 11928666
FabOnDisk: Cell_D_0000 12846256
FabOnDisk: Cell_D_0000 13763845
FabOnDisk: Cell_D_0000 14681438
FabOnDisk: Cell_D_0000 15599031
FabOnDisk: Cell_D_0000 16516624
FabOnDisk: Cell_D_0000 17434217
FabOnDisk: Cell_D_0000 18351810
FabOnDisk: Cell_D_0000 19269403
FabOnDisk: Cell_D_0000 20186995
FabOnDisk: Cell_D_0000 21104588
FabOnDisk: Cell_D_0000 22022181
FabOnDisk: Cell_D_0000 22939774
FabOnDisk: Cell_D_0000 23857367
FabOnDisk: Cell_D_0000 24774960
FabOnDisk: Cell_D_0000 25692553
FabOnDisk: Cell_D_0000 26610145
FabOnDisk: Cell_D_0000 27527738
FabOnDisk: Cell_D_0000 28445331
FabOnDisk: Cell_D_0000 29362924
FabOnDisk: Cell_D_0000 30280517
FabOnDisk: Cell_D_0000 31198110
FabOnDisk: Cell_D_0000 32115703
FabOnDisk: Cell_D_0000 33033295
FabOnDisk: Cell_D_0000 33950888
FabOnDisk: Cell_D_0000 34868481
FabOnDisk: Cell_D_0000 35786074
FabOnDisk: Cell_D_0000 36703667
FabOnDisk: Cell_D_0000 37621260
FabOnDisk: Cell_D_0000 38538853
FabOnDisk: Cell_D_0000 39456445
FabOnDisk: Cell_D_0000 40374038
FabOnDisk: Cell_D_0000 41291631
FabOnDisk: Cell_D_0000 42209224
FabOnDisk: Cell_D_0000 43126817
FabOnDisk: Cell_D_0000 44044410
FabOnDisk: Cell_D_0000 44962003
FabOnDisk: Cell_D_0000 45879595
FabOnDisk: Cell_D_0000 46797188
FabOnDisk: Cell_D_0000 47714781
FabOnDisk: Cell_D_0000 48632374
FabOnDisk: Cell_D_0000 49549967
FabOnDisk: Cell_D_0000 50467560
FabOnDisk: Cell_D_0000 51385153
FabOnDisk: Cell_D_0000 52302745
FabOnDisk: Cell_D_0000 53220337
FabOnDisk: Cell_D_0000 54137929
FabOnDisk: Cell_D_0000 55055521
FabOnDisk: Cell_D_0000 55973113
FabOnDisk: Cell_D_0000 56890705
FabOnDisk: Cell_D_0000 57808297

64,28
1.976724739897796e-03,0.000000000000000e+00,0.000000000000000e+00,1.586183398291604e+08,1.586183398291604e+08,1.505558462592468e+03,1.976724739897796e-03,0.000000000000000e+00,-1.000000000000000e+03,1.057455598861070e+08,0.000000000000000e+00,2.985948729932361e+05,0.000000000000000e+00,4.275427469014747e+08,0.000000000000000e+00,-2.500000000000000e-07,8.024300836006210e+10,8.024300836006210e+10,-2.704053802242409e+00,1.976724739897796e-03,1.000000000000000e+00,0.000000000000000e+00,0.000000000000000e+00,0.000000000000000e+00,0.000000000000000e+00,0.000000000000000e+00,1.000000000000000e+03,1.000000000000000e+00,
1.976724739897796e-03,0.000000000000000e+00,0.000000000000000e+00,1.586183398291604e+08,1.586183398291604e+08,1.505558462592468e+03,1.976724739897796e-03,0.000000000000000e+00,-1.000000000000000e+03,1.057455598861070e+08,0.000000000000000e+00,2.985948729932361e+05,0.000000000000000e+00,4.275427469014747e+08,0.000000000000000e+00,-2.500000000000000e-07,8.024300836006210e+10,8.024300836006210e+10,-2.704053802242409e+00,1.976724739897796e-03,1.000000000000000e+00,0.000000000000000e+00,0.000000000000000e+00,0.000000000000000e+00,0.000000000000000e+00,0.000000000000000e+00,1.000000000000000e+03,1.000000000000000e+00,
1.976724739897796e-03,-3.958536329676186e-207,-5.880600212293526e-207,1.586183398291604e+08,1.586183398291604e+08,1.505558462592468e+03,1.976724739897796e-03,0.000000000000000e+00,-1.000000000000000e+03,1.057455598861070e+08,0.000000000000000e+00,2.985948729932361e+05,0.000000000000000e+00,4.275427469014747e+08,0.000000000000000e+00,-2.500000000000000e-07,8.024300836006210e+10,8.024300836006210e+10,-2.704053802242409e+00,1.976724739897796e-03,1.000000000000000e+00,-2.002573372902116e-204,-2.974921137779444e-204,0.000000000000000e+00,-2.460550983051697e-204,0.000000000000000e+00,1.000000000000000e+03,1.000000000000000e+00,
1.976724739897796e-03,-7.684992436970480e-100,-5.730427886527120e-100,1.586183398291604e+08,1.586183398291604e+08,1.505558462592468e+03,1.976724739897796e-03,0.000000000000000e+00,-1.000000000000000e+03,1.057455598861070e+08,0.000000000000000e+00,2.985948729932361e+05,0.000000000000000e+00,4.275427469014747e+08,0.000000000000000e+00,-2.500000000000000e-07,8.024300836006210e+10,8.024300836006210e+10,-2.704053802242409e+00,1.976724739897796e-03,1.000000000000000e+00,-3.887740301852965e-97,-2.898950860919263e-97,0.000000000000000e+00,-4.377021084243452e-97,0.000000000000000e+00,1.000000000000000e+03,1.000000000000000e+00,
1.976724739897796e-03,-1.044586331562723e-63,-3.645140156260336e-65,1.586183398291604e+08,1.586183398291604e+08,1.505558462592468e+03,1.976724739897796e-03,0.000000000000000e+00,-1.000000000000000e+03,1.057455598861070e+08,0.000000000000000e+00,2.985948729932361e+05,0.000000000000000e+00,4.275427469014747e+08,2.263992066546051e-226,-2.500000000000000e-07,8.024300836006210e+10,8.024300836006210e+10,-2.704053802242409e+00,1.976724739897796e-03,1.000000000000000e+00,-5.284429897997491e-61,-1.844030219629266e-62,0.000000000000000e+00,-5.136917906433037e-61,0.000000000000000e+00,1.000000000000000e+03,1.000000000000000e+00,
1.976724739897796e-03,-1.044586331562723e-63,4.000078638314408e-227,1.586183398291604e+08,1.586183398291604e+08,1.505558462592468e+03,1.976724739897796e-03,0.000000000000000e+00,-1.000000000000000e+03,1.057455598861070e+08,0.000000000000000e+00,2.985948729932361e+05,0.000000000000000e+00,4.275427469014747e+08,2.263992066546051e-226,-2.500000000000000e-07,8.024300836006210e+10,8.024300836006210e+10,-2.704053802242409e+00,1.976724739897796e-03,1.000000000000000e+00,-5.284429897997491e-61,2.663431914885592e-225,0.000000000000000e+00,-5.121048706955284e-61,0.000000000000000e+00,1.000000000000000e+03,1.000000000000000e+00,
1.976724739897796e-03,-7.684992436970480e-100,0.000000000000000e+00,1.586183398291604e+08,1.586183398291604e+08,1.505558462592468e+03,1.976724739897796e-03,0.000000000000000e+00,-1.000000000000000e+03,1.057455598861070e+08,0.000000000000000e+00,2.985948729932361e+05,0.000000000000000e+00,4.275427469014747e+08,0.000000000000000e+00,-2.500000000000000e-07,8.024300836006210e+10,8.024300836006210e+10,-2.704053802242409e+00,1.976724739897796e-03,1.000000000000000e+00,-3.887740301852965e-97,0.000000000000000e+00,0.000000000000000e+00,-2.777739738839617e-97,0.000000000000000e+00,1.000000000000000e+03,1.000000000000000e+00,
1.976724739897796e-03,-3.958536329676186e-207,0.000000000000000e+00,1.586183398291604e+08,1.586183398291604e+08,1.505558462592468e+03,1.976724739897796e-03,0.000000000000000e+00,-1.000000000000000e+03,1.057455598861070e+08,0.000000000000000e+00,2.985948729932361e+05,0.000000000000000e+00,4.275427469014747e+08,0.000000000000000e+00,-2.500000000000000e-07,8.024300836006210e+10,8.024300836006210e+10,-2.704053802242409e+00,1.976724739897796e-03,1.000000000000000e+00,-2.002573372902116e-204,0.000000000000000e+00,0.000000000000000e+00,-4.663134138388486e-205,0.000000000000000e+00,1.000000000000000e+03,1.000000000000000e+00,
7.506086956000001e-08,0.000000000000000e+00,0.000000000000000e+00,6.000872898597271e+03,6.000872898597271e+03,1.500000000000000e+03,7.506086956000001e-08,0.000000000000000e+00,-1.000000000000000e+03,4.000581932398180e+03,0.000000000000000e+00,2.980431630395715e+05,0.000000000000000e+00,8.502029965910302e+08,0.000000000000000e+00,0.000000000000000e+00,7.994675433116939e+10,7.994675433116939e+10,-7.124586408708945e+00,7.506086956000001e-08,1.000000000000000e+00,0.000000000000000e+00,0.000000000000000e+00,0.000000000000000e+00,0.000000000000000e+00,0.000000000000000e+00,1.000000000000000e+03,1.000000000000000e+00,
7.506086956000001e-08,0.000000000000000e+00,0.000000000000000e+00,6.000872898597271e+03,6.000872898597271e+03,1.500000000000000e+03,7.506086956000001e-08,0.000000000000000e+00,-1.000000000000000e+03,4.000581932398180e+03,0.000000000000000e+00,2.980431630395715e+05,0.000000000000000e+00,8.502029965910302e+08,0.000000000000000e+00,0.000000000000000e+00,7.994675433116939e+10,7.994675433116939e+10,-7.124586408708945e+00,7.506086956000001e-08,1.000000000000000e+00,0.000000000000000e+00,0.000000000000000e+00,0.000000000000000e+00,0.000000000000000e+00,0.000000000000000e+00,1.000000000000000e+03,1.000000000000000e+00,
7.506086956000001e-08,0.000000000000000e+00,0.000000000000000e+00,6.000872898597271e+03,6.000872898597271e+03,1.500000000000000e+03,7.506086956000001e-08,0.000000000000000e+00,-1.000000000000000e+03,4.000581932398180e+03,0.000000000000000e+00,2.980431630395715e+05,0.000000000000000e+00,8.304320796833467e+08,0.000000000000000e+00,0.000000000000000e+00,7.994675433116937e+10,7.994675433116937e+10,-7.124586408708945e+00,7.506086956000001e-08,1.000000000000000e+00,0.000000000000000e+00,0.000000000000000e+00,0.000000000000000e+00,0.000000000000000e+00,0.000000000000000e+00,1.000000000000000e+03,1.000000000000000e+00,
1.357676283451903e-07,0.000000000000000e+00,0.000000000000000e+00,1.085418122943843e+04,1.085418122943843e+04,1.500000000000000e+03,1.357676283451903e-07,0.000000000000000e+00,-1.000000000000000e+03,7.236120819625623e+03,0.000000000000000e+00,2.980431630395715e+05,0.000000000000000e+00,7.457060445610904e+08,0.000000000000000e+00,0.000000000000000e+00,7.994675433116937e+10,7.994675433116937e+10,-6.867203768398479e+00,1.357676283451903e-07,1.000000000000000e+00,0.000000000000000e+00,0.000000000000000e+00,0.000000000000000e+00,0.000000000000000e+00,0.000000000000000e+00,1.000000000000000e+03,1.000000000000000e+00,
1.475553688577455e-06,0.000000000000000e+00,0.000000000000000e+00,1.179657284790840e+05,1.179657284790840e+05,1.500000003000000e+03,1.475553688577455e-06,0.000000000000000e+00,-1.000000000000000e+03,7.864381898605604e+04,0.000000000000000e+00,2.980431633376148e+05,0.000000000000000e+00,6.603638012432510e+08,0.000000000000000e+00,0.000000000000000e+00,7.994675449106290e+10,7.994675449106290e+10,-5.831044983908019e+00,1.475553688577455e-06,1.000000000000000e+00,0.000000000000000e+00,0.000000000000000e+00,0.000000000000000e+00,0.000000000000000e+00,0.000000000000000e+00,1.000000000000000e+03,1.000000000000000e+00,
1.629499732931648e-05,-2.470328229206233e-323,0.000000000000000e+00,1.302732475891129e+06,1.302732475891129e+06,1.500000377180992e+03,1.629499732931648e-05,0.000000000000000e+00,-1.000000000000000e+03,8.684883172607528e+05,0.000000000000000e+00,2.980432005116413e+05,0.000000000000000e+00,5.750210923593671e+08,0.000000000000000e+00,-1.333977243771366e-322,7.994677443410016e+10,7.994677443410016e+10,-4.787945706377923e+00,1.629499732931648e-05,1.000000000000000e+00,-2.597994792091611e-319,0.000000000000000e+00,0.000000000000000e+00,0.000000000000000e+00,0.000000000000000e+00,1.000000000000000e+03,1.000000000000000e+00,
1.799644870412606e-04,0.000000000000000e+00,0.000000000000000e+00,1.438801773636930e+07,1.438801773636930e+07,1.500045987857228e+03,1.799644870412606e-04,0.000000000000000e+00,-1.000000000000000e+03,9.592011824246204e+06,0.000000000000000e+00,2.980477317933639e+05,0.000000000000000e+00,4.900386315168151e+08,0.000000000000000e+00,0.000000000000000e+00,7.994920538445207e+10,7.994920538445207e+10,-3.744813187139245e+00,1.799644870412606e-04,1.000000000000000e+00,0.000000000000000e+00,0.000000000000000e+00,0.000000000000000e+00,0.000000000000000e+00,0.000000000000000e+00,1.000000000000000e+03,1.000000000000000e+00,
7.506086956000001e-08,0.000000000000000e+00,0.000000000000000e+00,6.000872898597271e+03,6.000872898597271e+03,1.500000000000000e+03,7.506086956000001e-08,0.000000000000000e+00,-1.000000000000000e+03,4.000581932398180e+03,0.000000000000000e+00,2.980431630395715e+05,0.000000000000000e+00,8.502029965910302e+08,0.000000000000000e+00,0.000000000000000e+00,7.994675433116939e+10,7.994675433116939e+10,-7.124586408708945e+00,7.506086956000001e-08,1.000000000000000e+00,0.000000000000000e+00,0.000000000000000e+00,0.000000000000000e+00,0.000000000000000e+00,0.000000000000000e+00,1.000000000000000e+03,1.000000000000000e+00,
7.506086956000001e-08,0.000000000000000e+00,0.000000000000000e+00,6.000872898597271e+03,6.000872898597271e+03,1.500000000000000e+03,7.506086956000001e-08,0.000000000000000e+00,-1.000000000000000e+03,4.000581932398180e+03,0.000000000000000e+00,2.980431630395715e+05,0.000000000000000e+00,8.502029965910302e+08,0.000000000000000e+00,0.000000000000000e+00,7.994675433116939e+10,7.994675433116939e+10,-7.124586408708945e+00,7.506086956000001e-08,1.000000000000000e+00,0.000000000000000e+00,0.000000000000000e+00,0.000000000000000e+00,0.000000000000000e+00,0.000000000000000e+00,1.000000000000000e+03,1.000000000000000e+00,
7.506086956000001e-08,0.000000000000000e+00,0.000000000000000e+00,6.000872898597271e+03,6.000872898597271e+03,1.500000000000000e+03,7.506086956000001e-08,0.000000000000000e+00,-1.000000000000000e+03,4.000581932398180e+03,0.000000000000000e+00,2.980431630395715e+05,0.000000000000000e+00,8.304320796833467e+08,0.000000000000000e+00,0.000000000000000e+00,7.994675433116937e+10,7.994675433116937e+10,-7.124586408708945e+00,7.506086956000001e-08,1.000000000000000e+00,0.000000000000000e+00,0.000000000000000e+00,0.000000000000000e+00,0.000000000000000e+00,0.000000000000000e+00,1.000000000000000e+03,1.000000000000000e+00,
1.357676283451903e-07,0.000000000000000e+00,0.000000000000000e+00,1.085418122943843e+04,1.085418122943843e+04,1.500000000000000e+03,1.357676283451903e-07,0.000000000000000e+00,-1.000000000000000e+03,7.236120819625623e+03,0.000000000000000e+00,2.980431630395715e+05,0.000000000000000e+00,7.457060445610904e+08,0.000000000000000e+00,0.000000000000000e+00,7.994675433116937e+10,7.994675433116937e+10,-6.867203768398479e+00,1.357676283451903e-07,1.000000000000000e+00,0.000000000000000e+00,0.000000000000000e+00,0.000000000000000e+00,0.000000000000000e+00,0.000000000000000e+00,1.000000000000000e+03,1.000000000000000e+00,
1.475553688577455e-06,0.000000000000000e+00,0.000000000000000e+00,1.179657284790840e+05,1.179657284790840e+05,1.500000003000000e+03,1.475553688577455e-06,0.000000000000000e+00,-1.000000000000000e+03,7.864381898605604e+04,0.000000000000000e+00,2.980431633376148e+05,0.000000000000000e+00,6.603638012432510e+08,0.000000000000000e+00,0.000000000000000e+00,7.994675449106290e+10,7.994675449106290e+10,-5.831044983908019e+00,1.475553688577455e-06,1.000000000000000e+00,0.000000000000000e+00,0.000000000000000e+00,0.000000000000000e+00,0.000000000000000e+00,0.000000000000000e+00,1.000000000000000e+03,1.000000000000000e+00,
1.629499732931648e-05,-2.470328229206233e-323,-1.215401488769466e-321,1.302732475891129e+06,1.302732475891129e+06,1.500000377180992e+03,1.629499732931648e-05,0.000000000000000e+00,-1.000000000000000e+03,8.684883172607528e+05,0.000000000000000e+00,2.980432005116413e+05,0.000000000000000e+00,5.750210923593671e+08,0.000000000000000e+00,-1.333977243771366e-322,7.994677443410016e+10,7.994677443410016e+10,-4.787945706377923e+00,1.629499732931648e-05,1.000000000000000e+00,-2.597994792091611e-319,-1.542455654018767e-317,0.000000000000000e+00,-4.935883784273639e-318,0.000000000000000e+00,1.000000000000000e+03,1.000000000000000e+00,
1.799644870412606e-04,0.000000000000000e+00,0.000000000000000e+00,1.438801773636930e+07,1.438801773636930e+07,1.500045987857228e+03,1.799644870412606e-04,0.000000000000000e+00,-1.000000000000000e+03,9.592011824246204e+06,0.000000000000000e+00,2.980477317933639e+05,0.000000000000000e+00,4.900386315168151e+08,0.000000000000000e+00,0.000000000000000e+00,7.994920538445207e+10,7.994920538445207e+10,-3.744813187139245e+00,1.799644870412606e-04,1.000000000000000e+00,0.000000000000000e+00,0.000000000000000e+00,0.000000000000000e+00,0.000000000000000e+00,0.000000000000000e+00,1.000000000000000e+03,1.000000000000000e+00,
7.506086956000001e-08,0.000000000000000e+00,0.000000000000000e+00,6.000872898597271e+03,6.000872898597271e+03,1.500000000000000e+03,7.506086956000001e-08,0.000000000000000e+00,-1.000000000000000e+03,4.000581932398180e+03,0.000000000000000e+00,2.980431630395715e+05,0.000000000000000e+00,8.502029965910302e+08,0.000000000000000e+00,0.000000000000000e+00,7.994675433116939e+10,7.994675433116939e+10,-7.124586408708945e+00,7.506086956000001e-08,1.000000000000000e+00,0.000000000000000e+00,0.000000000000000e+00,0.000000000000000e+00,0.000000000000000e+00,0.000000000000000e+00,1.000000000000000e+03,1.000000000000000e+00,
7.506086956000001e-08,0.000000000000000e+00,0.000000000000000e+00,6.000872898597271e+03,6.000872898597271e+03,1.500000000000000e+03,7.506086956000001e-08,0.000000000000000e+00,-1.000000000000000e+03,4.000581932398180e+03,0.000000000000000e+00,2.980431630395715e+05,0.000000000000000e+00,8.502029965910302e+08,0.000000000000000e+00,0.000000000000000e+00,7.994675433116939e+10,7.994675433116939e+10,-7.124586408708945e+00,7.506086956000001e-08,1.000000000000000e+00,0.000000000000000e+00,0.000000000000000e+00,0.000000000000000e+00,0.000000000000000e+00,0.000000000000000e+00,1.000000000000000e+03,1.000000000000000e+00,
7.506086956000001e-08,0.000000000000000e+00,0.000000000000000e+00,6.000872898597271e+03,6.000872898597271e+03,1.500000000000000e+03,7.506086956000001e-08,0.000000000000000e+00,-1.000000000000000e+03,4.000581932398180e+03,0.000000000000000e+00,2.980431630395715e+05,0.000000000000000e+00,8.304320796833467e+08,0.000000000000000e+00,0.000000000000000e+00,7.994675433116937e+10,7.994675433116937e+10,-7.124586408708945e+00,7.506086956000001e-08,1.000000000000000e+00,0.000000000000000e+00,0.000000000000000e+00,0.000000000000000e+00,0.000000000000000e+00,0.000000000000000e+00,1.000000000000000e+03,1.000000000000000e+00,
1.357676283451903e-07,0.000000000000000e+00,-1.254834733671927e-243,1.085418122943843e+04,1.085418122943843e+04,1.500000000000000e+03,1.357676283451903e-07,0.000000000000000e+00,-1.000000000000000e+03,7.236120819625623e+03,0.000000000000000e+00,2.980431630395715e+05,0.000000000000000e+00,7.457060445610904e+08,0.000000000000000e+00,-1.529459173406234e-242,7.994675433116937e+10,7.994675433116937e+10,-6.867203768398479e+00,1.357676283451903e-07,1.000000000000000e+00,0.000000000000000e+00,-8.829608641160473e-238,0.000000000000000e+00,-4.536752852280788e-318,0.000000000000000e+00,1.000000000000000e+03,1.000000000000000e+00,
1.475553688577455e-06,0.000000000000000e+00,-9.339854739598288e-160,1.179657284790840e+05,1.179657284790840e+05,1.500000003000000e+03,1.475553688577455e-06,0.000000000000000e+00,-1.000000000000000e+03,7.864381898605604e+04,0.000000000000000e+00,2.980431633376148e+05,0.000000000000000e+00,6.603638012432510e+08,0.000000000000000e+00,-7.461873712711370e-160,7.994675449106290e+10,7.994675449106290e+10,-5.831044983908019e+00,1.475553688577455e-06,1.000000000000000e+00,0.000000000000000e+00,-5.950932759827245e-155,0.000000000000000e+00,-9.041453869782789e-156,0.000000000000000e+00,1.000000000000000e+03,1.000000000000000e+00,
1.629499732931648e-05,-6.460979900263070e-145,-2.279927078698803e-143,1.302732475891129e+06,1.302732475891129e+06,1.500000377180992e+03,1.629499732931648e-05,0.000000000000000e+00,-1.000000000000000e+03,8.684883172607528e+05,0.000000000000000e+00,2.980432005116413e+05,0.000000000000000e+00,5.750210923593671e+08,0.000000000000000e+00,-2.669924472969718e-145,7.994677443410016e+10,7.994677443410016e+10,-4.787945706377923e+00,1.629499732931648e-05,1.000000000000000e+00,-6.794923978046402e-141,-2.892688902726275e-139,0.000000000000000e+00,-1.058765614811034e-139,0.000000000000000e+00,1.000000000000000e+03,1.000000000000000e+00,
1.799644870412606e-04,-3.670352501066609e-148,-2.096179095053597e-147,1.438801773636930e+07,1.438801773636930e+07,1.500045987857228e+03,1.799644870412606e-04,0.000000000000000e+00,-1.000000000000000e+03,9.592011824246204e+06,0.000000000000000e+00,2.980477317933639e+05,0.000000000000000e+00,4.900386315168151e+08,0.000000000000000e+00,0.000000000000000e+00,7.994920538445207e+10,7.994920538445207e+10,-3.744813187139245e+00,1.799644870412606e-04,1.000000000000000e+00,-2.039487101821986e-144,-1.164773744818334e-143,0.000000000000000e+00,-5.601913282207925e-144,0.000000000000000e+00,1.000000000000000e+03,1.000000000000000e+00,
7.506086956000001e-08,0.000000000000000e+00,0.000000000000000e+00,6.000872898597271e+03,6.000872898597271e+03,1.500000000000000e+03,7.506086956000001e-08,0.000000000000000e+00,-1.000000000000000e+03,4.000581932398180e+03,0.000000000000000e+00,2.980431630395715e+05,0.000000000000000e+00,8.502029965910302e+08,0.000000000000000e+00,0.000000000000000e+00,7.994675433116939e+10,7.994675433116939e+10,-7.124586408708945e+00,7.506086956000001e-08,1.000000000000000e+00,0.000000000000000e+00,0.000000000000000e+00,0.000000000000000e+00,0.000000000000000e+00,0.000000000000000e+00,1.000000000000000e+03,1.000000000000000e+00,
7.506086956000001e-08,0.000000000000000e+00,0.000000000000000e+00,6.000872898597271e+03,6.000872898597271e+03,1.500000000000000e+03,7.506086956000001e-08,0.000000000000000e+00,-1.000000000000000e+03,4.000581932398180e+03,0.000000000000000e+00,2.980431630395715e+05,0.000000000000000e+00,8.502029965910302e+08,0.000000000000000e+00,0.000000000000000e+00,7.994675433116939e+10,7.994675433116939e+10,-7.124586408708945e+00,7.506086956000001e-08,1.000000000000000e+00,0.000000000000000e+00,0.000000000000000e+00,0.000000000000000e+00,0.000000000000000e+00,0.000000000000000e+00,1.000000000000000e+03,1.000000000000000e+00,
7.506086956000001e-08,0.000000000000000e+00,-1.170367569834231e-291,6.000872898597271e+03,6.000872898597271e+03,1.500000000000000e+03,7.506086956000001e-08,0.000000000000000e+00,-1.000000000000000e+03,4.000581932398180e+03,0.000000000000000e+00,2.980431630395715e+05,0.000000000000000e+00,8.304320796833467e+08,0.000000000000000e+00,0.000000000000000e+00,7.994675433116937e+10,7.994675433116937e+10,-7.124586408708945e+00,7.506086956000001e-08,1.000000000000000e+00,0.000000000000000e+00,-8.938308650643483e-285,0.000000000000000e+00,-1.082547236602755e-319,0.000000000000000e+00,1.000000000000000e+03,1.000000000000000e+00,
1.357676283451903e-07,0.000000000000000e+00,-1.222790138969940e-136,1.085418122943843e+04,1.085418122943843e+04,1.500000000000000e+03,1.357676283451903e-07,0.000000000000000e+00,-1.000000000000000e+03,7.236120819625623e+03,0.000000000000000e+00,2.980431630395715e+05,0.000000000000000e+00,7.457060445610904e+08,0.000000000000000e+00,-4.450009802754856e-201,7.994675433116937e+10,7.994675433116937e+10,-6.867203768398479e+00,1.357676283451903e-07,1.000000000000000e+00,0.000000000000000e+00,-8.604127768906321e-131,0.000000000000000e+00,0.000000000000000e+00,0.000000000000000e+00,1.000000000000000e+03,1.000000000000000e+00,
1.475553688577455e-06,1.242344819200317e-239,-9.101343761479097e-53,1.179657284790840e+05,1.179657284790840e+05,1.500000003000000e+03,1.475553688577455e-06,0.000000000000000e+00,-1.000000000000000e+03,7.864381898605604e+04,0.000000000000000e+00,2.980431633376148e+05,0.000000000000000e+00,6.603638012432510e+08,5.447613997764648e-238,-4.766996287895175e-54,7.994675449106290e+10,7.994675449106290e+10,-5.831044983908019e+00,1.475553688577455e-06,1.000000000000000e+00,8.419516204781619e-234,-5.798964358514724e-48,0.000000000000000e+00,-5.567543138744003e-61,0.000000000000000e+00,1.000000000000000e+03,1.000000000000000e+00,
1.629499732931648e-05,-1.254316685101696e-37,-2.221704798723144e-36,1.302732475891129e+06,1.302732475891129e+06,1.500000377180992e+03,1.629499732931648e-05,0.000000000000000e+00,-1.000000000000000e+03,8.684883172607528e+05,2.532482991395136e-308,2.980432005116413e+05,1.870604183378493e-157,5.750210923593671e+08,2.134926061525947e-156,-2.562823000052712e-39,7.994677443410016e+10,7.994677443410016e+10,-4.787945706377923e+00,1.629499732931648e-05,1.000000000000000e+00,-1.319147660452273e-33,-2.818818582596067e-32,5.575208577045912e-152,-1.211403909284385e-32,9.084800887341796e-157,1.000000000000000e+03,1.000000000000000e+00,
1.799644870412606e-04,-7.125520359698079e-41,-2.042649169780116e-40,1.438801773636930e+07,1.438801773636930e+07,1.500045987857228e+03,1.799644870412606e-04,0.000000000000000e+00,-1.000000000000000e+03,9.592011824246204e+06,0.000000000000000e+00,2.980477317933639e+05,0.000000000000000e+00,4.900386315168151e+08,6.906687678574784e-205,-1.276237261476101e-76,7.994920538445207e+10,7.994920538445207e+10,-3.744813187139245e+00,1.799644870412606e-04,1.000000000000000e+00,-3.959403589478411e-37,-1.135029028983811e-36,0.000000000000000e+00,-7.874505555456262e-37,0.000000000000000e+00,1.000000000000000e+03,1.000000000000000e+00,
7.506086956000001e-08,0.000000000000000e+00,0.000000000000000e+00,6.000872898597271e+03,6.000872898597271e+03,1.500000000000000e+03,7.506086956000001e-08,0.000000000000000e+00,-1.000000000000000e+03,4.000581932398180e+03,0.000000000000000e+00,2.980431630395715e+05,0.000000000000000e+00,8.502029965910302e+08,0.000000000000000e+00,0.000000000000000e+00,7.994675433116939e+10,7.994675433116939e+10,-7.124586408708945e+00,7.506086956000001e-08,1.000000000000000e+00,0.000000000000000e+00,0.000000000000000e+00,0.000000000000000e+00,0.000000000000000e+00,0.000000000000000e+00,1.000000000000000e+03,1.000000000000000e+00,
7.506086956000001e-08,0.000000000000000e+00,0.000000000000000e+00,6.000872898597271e+03,6.000872898597271e+03,1.500000000000000e+03,7.506086956000001e-08,0.000000000000000e+00,-1.000000000000000e+03,4.000581932398180e+03,0.000000000000000e+00,2.980431630395715e+05,0.000000000000000e+00,8.502029965910302e+08,0.000000000000000e+00,0.000000000000000e+00,7.994675433116939e+10,7.994675433116939e+10,-7.124586408708945e+00,7.506086956000001e-08,1.000000000000000e+00,0.000000000000000e+00,0.000000000000000e+00,0.000000000000000e+00,0.000000000000000e+00,0.000000000000000e+00,1.000000000000000e+03,1.000000000000000e+00,
7.506086956000001e-08,0.000000000000000e+00,-7.444738701656804e-257,6.000872898597271e+03,6.000872898597271e+03,1.500000000000000e+03,7.506086956000001e-08,0.000000000000000e+00,-1.000000000000000e+03,4.000581932398180e+03,0.000000000000000e+00,2.980431630395715e+05,0.000000000000000e+00,8.304320796833467e+08,0.000000000000000e+00,0.000000000000000e+00,7.994675433116937e+10,7.994675433116937e+10,-7.124586408708945e+00,7.506086956000001e-08,1.000000000000000e+00,0.000000000000000e+00,-5.685681494765309e-250,0.000000000000000e+00,0.000000000000000e+00,0.000000000000000e+00,1.000000000000000e+03,1.000000000000000e+00,
1.357676283451903e-07,3.703888610826742e-287,-7.778200034098826e-102,1.085418122943843e+04,1.085418122943843e+04,1.500000000000000e+03,1.357676283451903e-07,0.000000000000000e+00,-1.000000000000000e+03,7.236120819625623e+03,0.000000000000000e+00,2.980431630395715e+05,0.000000000000000e+00,7.457060445610904e+08,5.879791538394487e-284,2.119883970420380e-284,7.994675433116937e+10,7.994675433116937e+10,-6.867203768398479e+00,1.357676283451903e-07,1.000000000000000e+00,2.728108795868170e-280,-5.473108162441850e-96,0.000000000000000e+00,1.206376450227394e-280,0.000000000000000e+00,1.000000000000000e+03,1.000000000000000e+00,
1.475553688577455e-06,1.864477251708571e-133,-5.789388554892545e-18,1.179657284790840e+05,1.179657284790840e+05,1.500000003000000e+03,1.475553688577455e-06,0.000000000000000e+00,-1.000000000000000e+03,7.864381898605604e+04,1.604704464007276e-260,2.980431633376148e+05,4.948298111663411e-133,6.603638012432510e+08,2.317254921210905e-132,-4.972540134180720e-36,7.994675449106290e+10,7.994675449106290e+10,-5.831044983908019e+00,1.475553688577455e-06,1.000000000000000e+00,1.263578049475155e-127,-3.688736385225706e-13,1.474806422337709e-127,5.118457345470144e-128,2.176156056418125e-133,1.000000000000000e+03,1.000000000000000e+00,
1.629499732931648e-05,-1.704936049650617e-01,-1.413232229345791e-01,1.302732475891129e+06,1.302732475891129e+06,1.500000377180992e+03,1.629499732931648e-05,0.000000000000000e+00,-1.000000000000000e+03,8.684883172607528e+05,1.825704763259977e-96,2.980432005116413e+05,1.588268442567048e-51,5.750210923593671e+08,1.517408281613730e-51,-1.055858479589631e-06,7.994677443410016e+10,7.994677443410016e+10,-4.787945706377923e+00,1.629499732931648e-05,1.000000000000000e+00,-1.793057867945850e+03,-1.793057867945850e+03,4.733726098943230e-46,-1.817989554564789e+03,7.713605413999564e-51,1.000000000000000e+03,1.000000000000000e+00,
1.799644870412606e-04,-9.685398175807443e-05,-1.299334475776819e-05,1.438801773636930e+07,1.438801773636930e+07,1.500045987857228e+03,1.799644870412606e-04,0.000000000000000e+00,-1.000000000000000e+03,9.592011824246204e+06,3.551360520659271e-191,2.980477317933639e+05,6.468112485967531e-100,4.900386315168151e+08,1.496348571989863e-99,-4.301649087655196e-09,7.994920538445206e+10,7.994920538445207e+10,-3.744813187139245e+00,1.799644870412606e-04,1.000000000000000e+00,-5.381838569954563e-01,-7.219949319661714e-02,1.931089598507321e-94,-4.872520625938054e-01,3.678089844618681e-97,1.000000000000000e+03,1.000000000000000e+00,
7.506086956000001e-08,0.000000000000000e+00,0.000000000000000e+00,6.000872898597271e+03,6.000872898597271e+03,1.500000000000000e+03,7.506086956000001e-08,0.000000000000000e+00,-1.000000000000000e+03,4.000581932398180e+03,0.000000000000000e+00,2.980431630395715e+05,0.000000000000000e+00,8.502029965910302e+08,0.000000000000000e+00,0.000000000000000e+00,7.994675433116939e+10,7.994675433116939e+10,-7.124586408708945e+00,7.506086956000001e-08,1.000000000000000e+00,0.000000000000000e+00,0.000000000000000e+00,0.000000000000000e+00,0.000000000000000e+00,0.000000000000000e+00,1.000000000000000e+03,1.000000000000000e+00,
7.506086956000001e-08,0.000000000000000e+00,0.000000000000000e+00,6.000872898597271e+03,6.000872898597271e+03,1.500000000000000e+03,7.506086956000001e-08,0.000000000000000e+00,-1.000000000000000e+03,4.000581932398180e+03,0.000000000000000e+00,2.980431630395715e+05,0.000000000000000e+00,8.502029965910302e+08,0.000000000000000e+00,0.000000000000000e+00,7.994675433116939e+10,7.994675433116939e+10,-7.124586408708945e+00,7.506086956000001e-08,1.000000000000000e+00,0.000000000000000e+00,0.000000000000000e+00,0.000000000000000e+00,0.000000000000000e+00,0.000000000000000e+00,1.000000000000000e+03,1.000000000000000e+00,
7.506086956000001e-08,0.000000000000000e+00,0.000000000000000e+00,6.000872898597271e+03,6.000872898597271e+03,1.500000000000000e+03,7.506086956000001e-08,0.000000000000000e+00,-1.000000000000000e+03,4.000581932398180e+03,0.000000000000000e+00,2.980431630395715e+05,0.000000000000000e+00,8.304320796833467e+08,0.000000000000000e+00,-1.257058976950858e-253,7.994675433116937e+10,7.994675433116937e+10,-7.124586408708945e+00,7.506086956000001e-08,1.000000000000000e+00,0.000000000000000e+00,0.000000000000000e+00,0.000000000000000e+00,0.000000000000000e+00,0.000000000000000e+00,1.000000000000000e+03,1.000000000000000e+00,
1.357676283451903e-07,3.703888610826742e-287,1.387592488421818e-287,1.085418122943843e+04,1.085418122943843e+04,1.500000000000000e+03,1.357676283451903e-07,0.000000000000000e+00,-1.000000000000000e+03,7.236120819625623e+03,0.000000000000000e+00,2.980431630395715e+05,0.000000000000000e+00,7.457060445610904e+08,5.879791538394487e-284,-8.343094728242080e-101,7.994675433116937e+10,7.994675433116937e+10,-6.867203768398479e+00,1.357676283451903e-07,1.000000000000000e+00,2.728108795868170e-280,1.022034858629078e-280,0.000000000000000e+00,2.283319370569094e-280,0.000000000000000e+00,1.000000000000000e+03,1.000000000000000e+00,
1.475553688577455e-06,1.864477251708571e-133,1.122220905056817e-133,1.179657284790840e+05,1.179657284790840e+05,1.500000003000000e+03,1.475553688577455e-06,0.000000000000000e+00,-1.000000000000000e+03,7.864381898605604e+04,1.604704464007276e-260,2.980431633376148e+05,4.948298111663411e-133,6.603638012432510e+08,2.317254921210905e-132,-1.691800088912721e-19,7.994675449106290e+10,7.994675449106290e+10,-5.831044983908019e+00,1.475553688577455e-06,1.000000000000000e+00,1.263578049475155e-127,7.605422383096906e-128,1.474806422337709e-127,1.367790774839570e-127,2.176156056418125e-133,1.000000000000000e+03,1.000000000000000e+00,
1.629499732931648e-05,-1.704936049650617e-01,6.456948864611918e-51,1.302732475891129e+06,1.302732475891129e+06,1.500000377180992e+03,1.629499732931648e-05,0.000000000000000e+00,-1.000000000000000e+03,8.684883172607528e+05,1.825704763259977e-96,2.980432005116413e+05,1.588268442567048e-51,5.750210923593671e+08,1.517408281613730e-51,-1.055858479589631e-06,7.994677443410016e+10,7.994677443410016e+10,-4.787945706377923e+00,1.629499732931648e-05,1.000000000000000e+00,-1.793057867945850e+03,3.962534472463621e-46,4.733726098943230e-46,-1.480497439282090e+03,7.713605413999564e-51,1.000000000000000e+03,1.000000000000000e+00,
1.799644870412606e-04,-9.685398175807443e-05,2.193015316298880e-97,1.438801773636930e+07,1.438801773636930e+07,1.500045987857228e+03,1.799644870412606e-04,0.000000000000000e+00,-1.000000000000000e+03,9.592011824246204e+06,3.551360520659271e-191,2.980477317933639e+05,6.468112485967531e-100,4.900386315168151e+08,1.496348571989863e-99,-5.306409940320668e-14,7.994920538445206e+10,7.994920538445207e+10,-3.744813187139245e+00,1.799644870412606e-04,1.000000000000000e+00,-5.381838569954563e-01,1.151388151343828e-94,1.931089598507321e-94,-4.762144673964184e-01,3.678089844618681e-97,1.000000000000000e+03,1.000000000000000e+00,
7.506086956000001e-08,0.000000000000000e+00,0.000000000000000e+00,6.000872898597271e+03,6.000872898597271e+03,1.500000000000000e+03,7.506086956000001e-08,0.000000000000000e+00,-1.000000000000000e+03,4.000581932398180e+03,0.000000000000000e+00,2.980431630395715e+05,0.000000000000000e+00,8.502029965910302e+08,0.000000000000000e+00,0.000000000000000e+00,7.994675433116939e+10,7.994675433116939e+10,-7.124586408708945e+00,7.506086956000001e-08,1.000000000000000e+00,0.000000000000000e+00,0.000000000000000e+00,0.000000000000000e+00,0.000000000000000e+00,0.000000000000000e+00,1.000000000000000e+03,1.000000000000000e+00,
7.506086956000001e-08,0.000000000000000e+00,0.000000000000000e+00,6.000872898597271e+03,6.000872898597271e+03,1.500000000000000e+03,7.506086956000001e-08,0.000000000000000e+00,-1.000000000000000e+03,4.000581932398180e+03,0.000000000000000e+00,2.980431630395715e+05,0.000000000000000e+00,8.502029965910302e+08,0.000000000000000e+00,0.000000000000000e+00,7.994675433116939e+10,7.994675433116939e+10,-7.124586408708945e+00,7.506086956000001e-08,1.000000000000000e+00,0.000000000000000e+00,0.000000000000000e+00,0.000000000000000e+00,0.000000000000000e+00,0.000000000000000e+00,1.000000000000000e+03,1.000000000000000e+00,
7.506086956000001e-08,0.000000000000000e+00,0.000000000000000e+00,6.000872898597271e+03,6.000872898597271e+03,1.500000000000000e+03,7.506086956000001e-08,0.000000000000000e+00,-1.000000000000000e+03,4.000581932398180e+03,0.000000000000000e+00,2.980431630395715e+05,0.000000000000000e+00,8.304320796833467e+08,0.000000000000000e+00,-1.930334738514083e-288,7.994675433116937e+10,7.994675433116937e+10,-7.124586408708945e+00,7.506086956000001e-08,1.000000000000000e+00,0.000000000000000e+00,0.000000000000000e+00,0.000000000000000e+00,0.000000000000000e+00,0.000000000000000e+00,1.000000000000000e+03,1.000000000000000e+00,
1.357676283451903e-07,0.000000000000000e+00,0.000000000000000e+00,1.085418122943843e+04,1.085418122943843e+04,1.500000000000000e+03,1.357676283451903e-07,0.000000000000000e+00,-1.000000000000000e+03,7.236120819625623e+03,0.000000000000000e+00,2.980431630395715e+05,0.000000000000000e+00,7.457060445610904e+08,0.000000000000000e+00,-1.035883352270485e-135,7.994675433116937e+10,7.994675433116937e+10,-6.867203768398479e+00,1.357676283451903e-07,1.000000000000000e+00,0.000000000000000e+00,0.000000000000000e+00,0.000000000000000e+00,0.000000000000000e+00,0.000000000000000e+00,1.000000000000000e+03,1.000000000000000e+00,
1.475553688577455e-06,1.242344819200317e-239,1.501411985289482e-239,1.179657284790840e+05,1.179657284790840e+05,1.500000003000000e+03,1.475553688577455e-06,0.000000000000000e+00,-1.000000000000000e+03,7.864381898605604e+04,0.000000000000000e+00,2.980431633376148e+05,0.000000000000000e+00,6.603638012432510e+08,5.447613997764648e-238,-1.276237261476101e-76,7.994675449106290e+10,7.994675449106290e+10,-5.831044983908019e+00,1.475553688577455e-06,1.000000000000000e+00,8.419516204781619e-234,1.017524470246120e-233,0.000000000000000e+00,1.287329239434158e-233,0.000000000000000e+00,1.000000000000000e+03,1.000000000000000e+00,
1.629499732931648e-05,-1.254316685101696e-37,8.638709517924831e-157,1.302732475891129e+06,1.302732475891129e+06,1.500000377180992e+03,1.629499732931648e-05,0.000000000000000e+00,-1.000000000000000e+03,8.684883172607528e+05,2.532482991395136e-308,2.980432005116413e+05,1.870604183378493e-157,5.750210923593671e+08,2.134926061525947e-156,-2.562823000052712e-39,7.994677443410016e+10,7.994677443410016e+10,-4.787945706377923e+00,1.629499732931648e-05,1.000000000000000e+00,-1.319147660452273e-33,5.301448870066919e-152,5.575208577045912e-152,5.363696846593122e-152,9.084800887341796e-157,1.000000000000000e+03,1.000000000000000e+00,
1.799644870412606e-04,-7.125520359698079e-41,2.934020801945014e-203,1.438801773636930e+07,1.438801773636930e+07,1.500045987857228e+03,1.799644870412606e-04,0.000000000000000e+00,-1.000000000000000e+03,9.592011824246204e+06,0.000000000000000e+00,2.980477317933639e+05,0.000000000000000e+00,4.900386315168151e+08,6.906687678574784e-205,-7.020734428657694e-43,7.994920538445207e+10,7.994920538445207e+10,-3.744813187139245e+00,1.799644870412606e-04,1.000000000000000e+00,-3.959403589478411e-37,1.540434652712384e-200,0.000000000000000e+00,-4.787809871661240e-47,0.000000000000000e+00,1.000000000000000e+03,1.000000000000000e+00,
7.506086956000001e-08,0.000000000000000e+00,0.000000000000000e+00,6.000872898597271e+03,6.000872898597271e+03,1.500000000000000e+03,7.506086956000001e-08,0.000000000000000e+00,-1.000000000000000e+03,4.000581932398180e+03,0.000000000000000e+00,2.980431630395715e+05,0.000000000000000e+00,8.502029965910302e+08,0.000000000000000e+00,0.000000000000000e+00,7.994675433116939e+10,7.994675433116939e+10,-7.124586408708945e+00,7.506086956000001e-08,1.000000000000000e+00,0.000000000000000e+00,0.000000000000000e+00,0.000000000000000e+00,0.000000000000000e+00,0.000000000000000e+00,1.000000000000000e+03,1.000000000000000e+00,
7.506086956000001e-08,0.000000000000000e+00,0.000000000000000e+00,6.000872898597271e+03,6.000872898597271e+03,1.500000000000000e+03,7.506086956000001e-08,0.000000000000000e+00,-1.000000000000000e+03,4.000581932398180e+03,0.000000000000000e+00,2.980431630395715e+05,0.000000000000000e+00,8.502029965910302e+08,0.000000000000000e+00,0.000000000000000e+00,7.994675433116939e+10,7.994675433116939e+10,-7.124586408708945e+00,7.506086956000001e-08,1.000000000000000e+00,0.000000000000000e+00,0.000000000000000e+00,0.000000000000000e+00,0.000000000000000e+00,0.000000000000000e+00,1.000000000000000e+03,1.000000000000000e+00,
7.506086956000001e-08,0.000000000000000e+00,0.000000000000000e+00,6.000872898597271e+03,6.000872898597271e+03,1.500000000000000e+03,7.506086956000001e-08,0.000000000000000e+00,-1.000000000000000e+03,4.000581932398180e+03,0.000000000000000e+00,2.980431630395715e+05,0.000000000000000e+00,8.304320796833467e+08,0.000000000000000e+00,0.000000000000000e+00,7.994675433116937e+10,7.994675433116937e+10,-7.124586408708945e+00,7.506086956000001e-08,1.000000000000000e+00,0.000000000000000e+00,0.000000000000000e+00,0.000000000000000e+00,0.000000000000000e+00,0.000000000000000e+00,1.000000000000000e+03,1.000000000000000e+00,
1.357676283451903e-07,0.000000000000000e+00,0.000000000000000e+00,1.085418122943843e+04,1.085418122943843e+04,1.500000000000000e+03,1.357676283451903e-07,0.000000000000000e+00,-1.000000000000000e+03,7.236120819625623e+03,0.000000000000000e+00,2.980431630395715e+05,0.000000000000000e+00,7.457060445610904e+08,0.000000000000000e+00,-8.697062323131186e-291,7.994675433116937e+10,7.994675433116937e+10,-6.867203768398479e+00,1.357676283451903e-07,1.000000000000000e+00,0.000000000000000e+00,0.000000000000000e+00,0.000000000000000e+00,0.000000000000000e+00,0.000000000000000e+00,1.000000000000000e+03,1.000000000000000e+00,
1.475553688577455e-06,0.000000000000000e+00,0.000000000000000e+00,1.179657284790840e+05,1.179657284790840e+05,1.500000003000000e+03,1.475553688577455e-06,0.000000000000000e+00,-1.000000000000000e+03,7.864381898605604e+04,0.000000000000000e+00,2.980431633376148e+05,0.000000000000000e+00,6.603638012432510e+08,0.000000000000000e+00,0.000000000000000e+00,7.994675449106290e+10,7.994675449106290e+10,-5.831044983908019e+00,1.475553688577455e-06,1.000000000000000e+00,0.000000000000000e+00,0.000000000000000e+00,0.000000000000000e+00,0.000000000000000e+00,0.000000000000000e+00,1.000000000000000e+03,1.000000000000000e+00,
1.629499732931648e-05,-6.460979900263070e-145,0.000000000000000e+00,1.302732475891129e+06,1.302732475891129e+06,1.500000377180992e+03,1.629499732931648e-05,0.000000000000000e+00,-1.000000000000000e+03,8.684883172607528e+05,0.000000000000000e+00,2.980432005116413e+05,0.000000000000000e+00,5.750210923593671e+08,0.000000000000000e+00,-2.669924472969718e-145,7.994677443410016e+10,7.994677443410016e+10,-4.787945706377923e+00,1.629499732931648e-05,1.000000000000000e+00,-6.794923978046402e-141,0.000000000000000e+00,0.000000000000000e+00,0.000000000000000e+00,0.000000000000000e+00,1.000000000000000e+03,1.000000000000000e+00,
1.799644870412606e-04,-3.670352501066609e-148,0.000000000000000e+00,1.438801773636930e+07,1.438801773636930e+07,1.500045987857228e+03,1.799644870412606e-04,0.000000000000000e+00,-1.000000000000000e+03,9.592011824246204e+06,0.000000000000000e+00,2.980477317933639e+05,0.000000000000000e+00,4.900386315168151e+08,0.000000000000000e+00,-7.945673406569825e-149,7.994920538445207e+10,7.994920538445207e+10,-3.744813187139245e+00,1.799644870412606e-04,1.000000000000000e+00,-2.039487101821986e-144,0.000000000000000e+00,0.000000000000000e+00,-2.499254896109463e-191,0.000000000000000e+00,1.000000000000000e+03,1.000000000000000e+00,

64,28
1.501851282910017e-02,0.000000000000000e+00,0.000000000000000e+00,1.477563775473450e+09,1.477563775473450e+09,1.845906620380945e+03,1.501851282910017e-02,0.000000000000000e+00,-1.000000000000000e+03,9.850425169823002e+08,0.000000000000000e+00,3.306270620299762e+05,0.000000000000000e+00,4.887333655923648e+08,2.500000000000000e-07,0.000000000000000e+00,9.838282873191635e+10,9.838282873191635e+10,-1.823373070134263e+00,1.501851282910017e-02,1.000000000000000e+00,0.000000000000000e+00,0.000000000000000e+00,0.000000000000000e+00,0.000000000000000e+00,0.000000000000000e+00,1.000000000000000e+03,1.000000000000000e+00,
1.501851282910017e-02,0.000000000000000e+00,0.000000000000000e+00,1.477563775473450e+09,1.477563775473450e+09,1.845906620380945e+03,1.501851282910017e-02,0.000000000000000e+00,-1.000000000000000e+03,9.850425169823002e+08,0.000000000000000e+00,3.306270620299762e+05,0.000000000000000e+00,4.887333655923648e+08,2.500000000000000e-07,0.000000000000000e+00,9.838282873191635e+10,9.838282873191635e+10,-1.823373070134263e+00,1.501851282910017e-02,1.000000000000000e+00,0.000000000000000e+00,0.000000000000000e+00,0.000000000000000e+00,0.000000000000000e+00,0.000000000000000e+00,1.000000000000000e+03,1.000000000000000e+00,
1.501851282910017e-02,0.000000000000000e+00,0.000000000000000e+00,1.477563775473450e+09,1.477563775473450e+09,1.845906620380945e+03,1.501851282910017e-02,0.000000000000000e+00,-1.000000000000000e+03,9.850425169823002e+08,0.000000000000000e+00,3.306270620299762e+05,0.000000000000000e+00,4.887333655923648e+08,2.500000000000000e-07,6.060069147834336e-209,9.838282873191635e+10,9.838282873191635e+10,-1.823373070134263e+00,1.501851282910017e-02,1.000000000000000e+00,0.000000000000000e+00,0.000000000000000e+00,0.000000000000000e+00,0.000000000000000e+00,0.000000000000000e+00,1.000000000000000e+03,1.000000000000000e+00,
1.501851282910017e-02,0.000000000000000e+00,0.000000000000000e+00,1.477563775473450e+09,1.477563775473450e+09,1.845906620380945e+03,1.501851282910017e-02,0.000000000000000e+00,-1.000000000000000e+03,9.850425169823002e+08,2.324474183586446e-196,3.306270620299762e+05,1.624134216978420e-102,4.887333655923648e+08,2.500000000000000e-07,3.824821623329286e-134,9.838282873191635e+10,9.838282873191635e+10,-1.823373070134263e+00,1.501851282910017e-02,1.000000000000000e+00,0.000000000000000e+00,0.000000000000000e+00,4.849581502426402e-97,0.000000000000000e+00,9.586287733996991e-100,1.000000000000000e+03,1.000000000000000e+00,
1.501851282910017e-02,-9.417507975244159e-227,-4.000078638314408e-227,1.477563775473450e+09,1.477563775473450e+09,1.845906620380945e+03,1.501851282910017e-02,0.000000000000000e+00,-1.000000000000000e+03,9.850425169823002e+08,2.760113839747046e-124,3.306270620299762e+05,1.769795350822146e-66,4.887333655923648e+08,2.500000000000000e-07,-8.866139982751748e-227,9.838282873191635e+10,9.838282873191635e+10,-1.823373070134263e+00,1.501851282910017e-02,1.000000000000000e+00,-6.270599547644032e-225,-2.663431914885592e-225,5.284518180027585e-61,-6.274759989099500e-225,1.044603782490020e-63,1.000000000000000e+03,1.000000000000000e+00,
1.501851282910017e-02,-9.417507975244159e-227,3.645140156260336e-65,1.477563775473450e+09,1.477563775473450e+09,1.845906620380945e+03,1.501851282910017e-02,0.000000000000000e+00,-1.000000000000000e+03,9.850425169823002e+08,2.760113839747046e-124,3.306270620299762e+05,1.769795350822146e-66,4.887333655923648e+08,2.500000000000000e-07,1.121178283998347e-67,9.838282873191635e+10,9.838282873191635e+10,-1.823373070134263e+00,1.501851282910017e-02,1.000000000000000e+00,-6.270599547644032e-225,1.844030219629266e-62,5.284518180027585e-61,-6.263660413812655e-225,1.044603782490020e-63,1.000000000000000e+03,1.000000000000000e+00,
1.501851282910017e-02,0.000000000000000e+00,5.730427886527120e-100,1.477563775473450e+09,1.477563775473450e+09,1.845906620380945e+03,1.501851282910017e-02,0.000000000000000e+00,-1.000000000000000e+03,9.850425169823002e+08,2.324474183586446e-196,3.306270620299762e+05,1.624134216978420e-102,4.887333655923648e+08,2.500000000000000e-07,1.007945203226867e-102,9.838282873191635e+10,9.838282873191635e+10,-1.823373070134263e+00,1.501851282910017e-02,1.000000000000000e+00,0.000000000000000e+00,2.898950860919263e-97,4.849581502426402e-97,0.000000000000000e+00,9.586287733996991e-100,1.000000000000000e+03,1.000000000000000e+00,
1.501851282910017e-02,0.000000000000000e+00,5.880600212293526e-207,1.477563775473450e+09,1.477563775473450e+09,1.845906620380945e+03,1.501851282910017e-02,0.000000000000000e+00,-1.000000000000000e+03,9.850425169823002e+08,0.000000000000000e+00,3.306270620299762e+05,0.000000000000000e+00,4.887333655923648e+08,2.500000000000000e-07,8.697062323131186e-291,9.838282873191635e+10,9.838282873191635e+10,-1.823373070134263e+00,1.501851282910017e-02,1.000000000000000e+00,0.000000000000000e+00,2.974921137779444e-204,0.000000000000000e+00,1.843371492735330e-254,0.000000000000000e+00,1.000000000000000e+03,1.000000000000000e+00,
7.506086956000001e-08,0.000000000000000e+00,0.000000000000000e+00,6.000872898597271e+03,6.000872898597271e+03,1.500000000000000e+03,7.506086956000001e-08,0.000000000000000e+00,-1.000000000000000e+03,4.000581932398180e+03,0.000000000000000e+00,2.980431630395715e+05,0.000000000000000e+00,8.502029965910302e+08,0.000000000000000e+00,0.000000000000000e+00,7.994675433116939e+10,7.994675433116939e+10,-7.124586408708945e+00,7.506086956000001e-08,1.000000000000000e+00,0.000000000000000e+00,0.000000000000000e+00,0.000000000000000e+00,0.000000000000000e+00,0.000000000000000e+00,1.000000000000000e+03,1.000000000000000e+00,
7.506086956000001e-08,0.000000000000000e+00,0.000000000000000e+00,6.000872898597271e+03,6.000872898597271e+03,1.500000000000000e+03,7.506086956000001e-08,0.000000000000000e+00,-1.000000000000000e+03,4.000581932398180e+03,0.000000000000000e+00,2.980431630395715e+05,0.000000000000000e+00,8.502029965910302e+08,0.000000000000000e+00,0.000000000000000e+00,7.994675433116939e+10,7.994675433116939e+10,-7.124586408708945e+00,7.506086956000001e-08,1.000000000000000e+00,0.000000000000000e+00,0.000000000000000e+00,0.000000000000000e+00,0.000000000000000e+00,0.000000000000000e+00,1.000000000000000e+03,1.000000000000000e+00,
1.309383705103957e-07,0.000000000000000e+00,0.000000000000000e+00,1.046809773971824e+04,1.046809773971824e+04,1.500000000000000e+03,1.309383705103957e-07,0.000000000000000e+00,-1.000000000000000e+03,6.978731826478825e+03,0.000000000000000e+00,2.980431630395717e+05,0.000000000000000e+00,8.502029965910302e+08,0.000000000000000e+00,0.000000000000000e+00,7.994675433116940e+10,7.994675433116940e+10,-6.882933068047800e+00,1.309383705103957e-07,1.000000000000000e+00,0.000000000000000e+00,0.000000000000000e+00,0.000000000000000e+00,0.000000000000000e+00,0.000000000000000e+00,1.000000000000000e+03,1.000000000000000e+00,
1.421166876890032e-06,0.000000000000000e+00,0.000000000000000e+00,1.136176793975580e+05,1.136176793975580e+05,1.500000003000000e+03,1.421166876890032e-06,0.000000000000000e+00,-1.000000000000000e+03,7.574511959837201e+04,0.000000000000000e+00,2.980431633376147e+05,0.000000000000000e+00,8.291451838534280e+08,0.000000000000000e+00,0.000000000000000e+00,7.994675449106290e+10,7.994675449106290e+10,-5.847354923158166e+00,1.421166876890032e-06,1.000000000000000e+00,0.000000000000000e+00,0.000000000000000e+00,0.000000000000000e+00,0.000000000000000e+00,0.000000000000000e+00,1.000000000000000e+03,1.000000000000000e+00,
1.569477444384605e-05,0.000000000000000e+00,0.000000000000000e+00,1.254746568997461e+06,1.254746568997461e+06,1.500000349376034e+03,1.569477444384605e-05,0.000000000000000e+00,-1.000000000000000e+03,8.364977126649742e+05,0.000000000000000e+00,2.980431977492824e+05,0.000000000000000e+00,7.443716435848746e+08,0.000000000000000e+00,0.000000000000000e+00,7.994677295215605e+10,7.994677295215605e+10,-4.804244921346348e+00,1.569477444384605e-05,1.000000000000000e+00,0.000000000000000e+00,0.000000000000000e+00,0.000000000000000e+00,0.000000000000000e+00,0.000000000000000e+00,1.000000000000000e+03,1.000000000000000e+00,
1.733360903779412e-04,1.482196937523740e-323,1.215401488769466e-321,1.385805197271030e+07,1.385805197271030e+07,1.500042662895603e+03,1.733360903779412e-04,0.000000000000000e+00,-1.000000000000000e+03,9.238701315140203e+06,0.000000000000000e+00,2.980474014708846e+05,0.000000000000000e+00,6.590302786642743e+08,8.413937948676429e-321,1.333977243771366e-322,7.994902817119197e+10,7.994902817119197e+10,-3.761111003240227e+00,1.733360903779412e-04,1.000000000000000e+00,2.445575540349586e-319,1.542455654018767e-317,0.000000000000000e+00,1.423666956723511e-317,0.000000000000000e+00,1.000000000000000e+03,1.000000000000000e+00,
1.904670734833715e-03,0.000000000000000e+00,0.000000000000000e+00,1.527960543034867e+08,1.527960543034867e+08,1.505159945495143e+03,1.904670734833715e-03,0.000000000000000e+00,-1.000000000000000e+03,1.018640362023245e+08,0.000000000000000e+00,2.985553517655714e+05,0.000000000000000e+00,5.736878013797330e+08,0.000000000000000e+00,0.000000000000000e+00,8.022176826107767e+10,8.022176826107765e+10,-2.720180091066736e+00,1.904670734833715e-03,1.000000000000000e+00,0.000000000000000e+00,0.000000000000000e+00,0.000000000000000e+00,0.000000000000000e+00,0.000000000000000e+00,1.000000000000000e+03,1.000000000000000e+00,
7.506086956000001e-08,0.000000000000000e+00,0.000000000000000e+00,6.000872898597271e+03,6.000872898597271e+03,1.500000000000000e+03,7.506086956000001e-08,0.000000000000000e+00,-1.000000000000000e+03,4.000581932398180e+03,0.000000000000000e+00,2.980431630395715e+05,0.000000000000000e+00,8.502029965910302e+08,0.000000000000000e+00,0.000000000000000e+00,7.994675433116939e+10,7.994675433116939e+10,-7.124586408708945e+00,7.506086956000001e-08,1.000000000000000e+00,0.000000000000000e+00,0.000000000000000e+00,0.000000000000000e+00,0.000000000000000e+00,0.000000000000000e+00,1.000000000000000e+03,1.000000000000000e+00,
7.506086956000001e-08,0.000000000000000e+00,0.000000000000000e+00,6.000872898597271e+03,6.000872898597271e+03,1.500000000000000e+03,7.506086956000001e-08,0.000000000000000e+00,-1.000000000000000e+03,4.000581932398180e+03,0.000000000000000e+00,2.980431630395715e+05,0.000000000000000e+00,8.502029965910302e+08,0.000000000000000e+00,0.000000000000000e+00,7.994675433116939e+10,7.994675433116939e+10,-7.124586408708945e+00,7.506086956000001e-08,1.000000000000000e+00,0.000000000000000e+00,0.000000000000000e+00,0.000000000000000e+00,0.000000000000000e+00,0.000000000000000e+00,1.000000000000000e+03,1.000000000000000e+00,
1.309383705103957e-07,0.000000000000000e+00,0.000000000000000e+00,1.046809773971824e+04,1.046809773971824e+04,1.500000000000000e+03,1.309383705103957e-07,0.000000000000000e+00,-1.000000000000000e+03,6.978731826478825e+03,0.000000000000000e+00,2.980431630395717e+05,0.000000000000000e+00,8.502029965910302e+08,0.000000000000000e+00,0.000000000000000e+00,7.994675433116940e+10,7.994675433116940e+10,-6.882933068047800e+00,1.309383705103957e-07,1.000000000000000e+00,0.000000000000000e+00,0.000000000000000e+00,0.000000000000000e+00,0.000000000000000e+00,0.000000000000000e+00,1.000000000000000e+03,1.000000000000000e+00,
1.421166876890032e-06,0.000000000000000e+00,0.000000000000000e+00,1.136176793975580e+05,1.136176793975580e+05,1.500000003000000e+03,1.421166876890032e-06,0.000000000000000e+00,-1.000000000000000e+03,7.574511959837201e+04,0.000000000000000e+00,2.980431633376147e+05,0.000000000000000e+00,8.291451838534280e+08,0.000000000000000e+00,0.000000000000000e+00,7.994675449106290e+10,7.994675449106290e+10,-5.847354923158166e+00,1.421166876890032e-06,1.000000000000000e+00,0.000000000000000e+00,0.000000000000000e+00,0.000000000000000e+00,0.000000000000000e+00,0.000000000000000e+00,1.000000000000000e+03,1.000000000000000e+00,
1.569477444384605e-05,0.000000000000000e+00,0.000000000000000e+00,1.254746568997461e+06,1.254746568997461e+06,1.500000349376034e+03,1.569477444384605e-05,0.000000000000000e+00,-1.000000000000000e+03,8.364977126649742e+05,0.000000000000000e+00,2.980431977492824e+05,0.000000000000000e+00,7.443716435848746e+08,0.000000000000000e+00,0.000000000000000e+00,7.994677295215605e+10,7.994677295215605e+10,-4.804244921346348e+00,1.569477444384605e-05,1.000000000000000e+00,0.000000000000000e+00,0.000000000000000e+00,0.000000000000000e+00,0.000000000000000e+00,0.000000000000000e+00,1.000000000000000e+03,1.000000000000000e+00,
1.733360903779412e-04,1.482196937523740e-323,0.000000000000000e+00,1.385805197271030e+07,1.385805197271030e+07,1.500042662895603e+03,1.733360903779412e-04,0.000000000000000e+00,-1.000000000000000e+03,9.238701315140203e+06,0.000000000000000e+00,2.980474014708846e+05,0.000000000000000e+00,6.590302786642743e+08,8.413937948676429e-321,1.333977243771366e-322,7.994902817119197e+10,7.994902817119197e+10,-3.761111003240227e+00,1.733360903779412e-04,1.000000000000000e+00,2.445575540349586e-319,0.000000000000000e+00,0.000000000000000e+00,0.000000000000000e+00,0.000000000000000e+00,1.000000000000000e+03,1.000000000000000e+00,
1.904670734833715e-03,0.000000000000000e+00,0.000000000000000e+00,1.527960543034867e+08,1.527960543034867e+08,1.505159945495143e+03,1.904670734833715e-03,0.000000000000000e+00,-1.000000000000000e+03,1.018640362023245e+08,0.000000000000000e+00,2.985553517655714e+05,0.000000000000000e+00,5.736878013797330e+08,0.000000000000000e+00,0.000000000000000e+00,8.022176826107767e+10,8.022176826107765e+10,-2.720180091066736e+00,1.904670734833715e-03,1.000000000000000e+00,0.000000000000000e+00,0.000000000000000e+00,0.000000000000000e+00,0.000000000000000e+00,0.000000000000000e+00,1.000000000000000e+03,1.000000000000000e+00,
7.506086956000001e-08,0.000000000000000e+00,0.000000000000000e+00,6.000872898597271e+03,6.000872898597271e+03,1.500000000000000e+03,7.506086956000001e-08,0.000000000000000e+00,-1.000000000000000e+03,4.000581932398180e+03,0.000000000000000e+00,2.980431630395715e+05,0.000000000000000e+00,8.502029965910302e+08,0.000000000000000e+00,0.000000000000000e+00,7.994675433116939e+10,7.994675433116939e+10,-7.124586408708945e+00,7.506086956000001e-08,1.000000000000000e+00,0.000000000000000e+00,0.000000000000000e+00,0.000000000000000e+00,0.000000000000000e+00,0.000000000000000e+00,1.000000000000000e+03,1.000000000000000e+00,
7.506086956000001e-08,0.000000000000000e+00,0.000000000000000e+00,6.000872898597271e+03,6.000872898597271e+03,1.500000000000000e+03,7.506086956000001e-08,0.000000000000000e+00,-1.000000000000000e+03,4.000581932398180e+03,0.000000000000000e+00,2.980431630395715e+05,0.000000000000000e+00,8.502029965910302e+08,0.000000000000000e+00,0.000000000000000e+00,7.994675433116939e+10,7.994675433116939e+10,-7.124586408708945e+00,7.506086956000001e-08,1.000000000000000e+00,0.000000000000000e+00,0.000000000000000e+00,0.000000000000000e+00,0.000000000000000e+00,0.000000000000000e+00,1.000000000000000e+03,1.000000000000000e+00,
1.309383705103957e-07,0.000000000000000e+00,0.000000000000000e+00,1.046809773971824e+04,1.046809773971824e+04,1.500000000000000e+03,1.309383705103957e-07,0.000000000000000e+00,-1.000000000000000e+03,6.978731826478825e+03,0.000000000000000e+00,2.980431630395717e+05,0.000000000000000e+00,8.502029965910302e+08,0.000000000000000e+00,0.000000000000000e+00,7.994675433116940e+10,7.994675433116940e+10,-6.882933068047800e+00,1.309383705103957e-07,1.000000000000000e+00,0.000000000000000e+00,0.000000000000000e+00,0.000000000000000e+00,0.000000000000000e+00,0.000000000000000e+00,1.000000000000000e+03,1.000000000000000e+00,
1.421166876890032e-06,1.039999215066616e-243,0.000000000000000e+00,1.136176793975580e+05,1.136176793975580e+05,1.500000003000000e+03,1.421166876890032e-06,0.000000000000000e+00,-1.000000000000000e+03,7.574511959837201e+04,0.000000000000000e+00,2.980431633376147e+05,0.000000000000000e+00,8.291451838534280e+08,4.922516498992050e-242,8.697062323131186e-291,7.994675449106290e+10,7.994675449106290e+10,-5.847354923158166e+00,1.421166876890032e-06,1.000000000000000e+00,7.317924671467629e-238,0.000000000000000e+00,0.000000000000000e+00,1.187673555508916e-238,0.000000000000000e+00,1.000000000000000e+03,1.000000000000000e+00,
1.569477444384605e-05,3.089057015042235e-160,-0.000000000000000e+00,1.254746568997461e+06,1.254746568997461e+06,1.500000349376034e+03,1.569477444384605e-05,0.000000000000000e+00,-1.000000000000000e+03,8.364977126649742e+05,3.083035972196171e-314,2.980431977492824e+05,2.103040593010924e-160,7.443716435848746e+08,2.494922454867181e-159,0.000000000000000e+00,7.994677295215605e+10,7.994677295215605e+10,-4.804244921346348e+00,1.569477444384605e-05,1.000000000000000e+00,1.968207333016793e-155,-0.000000000000000e+00,6.267969433375229e-155,8.279707281624457e-192,9.837434034297469e-160,1.000000000000000e+03,1.000000000000000e+00,
1.733360903779412e-04,4.436264757597602e-145,0.000000000000000e+00,1.385805197271030e+07,1.385805197271030e+07,1.500042662895603e+03,1.733360903779412e-04,0.000000000000000e+00,-1.000000000000000e+03,9.238701315140203e+06,3.297609805750819e-282,2.980474014708846e+05,9.705650956695392e-145,6.590302786642743e+08,1.200554526418069e-143,2.669924472969718e-145,7.994902817119197e+10,7.994902817119197e+10,-3.761111003240227e+00,1.733360903779412e-04,1.000000000000000e+00,6.794923978046402e-141,0.000000000000000e+00,2.892710800695615e-139,0.000000000000000e+00,2.279944337994546e-143,1.000000000000000e+03,1.000000000000000e+00,
1.904670734833715e-03,0.000000000000000e+00,0.000000000000000e+00,1.527960543034867e+08,1.527960543034867e+08,1.505159945495143e+03,1.904670734833715e-03,0.000000000000000e+00,-1.000000000000000e+03,1.018640362023245e+08,1.258215370103070e-290,2.985553517655714e+05,3.967466453989396e-149,5.736878013797330e+08,4.844231737527290e-148,7.945673406569825e-149,8.022176826107767e+10,8.022176826107765e+10,-2.720180091066736e+00,1.904670734833715e-03,1.000000000000000e+00,0.000000000000000e+00,0.000000000000000e+00,1.182494377577800e-143,0.000000000000000e+00,2.128069940899635e-147,1.000000000000000e+03,1.000000000000000e+00,
7.506086956000001e-08,0.000000000000000e+00,0.000000000000000e+00,6.000872898597271e+03,6.000872898597271e+03,1.500000000000000e+03,7.506086956000001e-08,0.000000000000000e+00,-1.000000000000000e+03,4.000581932398180e+03,0.000000000000000e+00,2.980431630395715e+05,0.000000000000000e+00,8.502029965910302e+08,0.000000000000000e+00,0.000000000000000e+00,7.994675433116939e+10,7.994675433116939e+10,-7.124586408708945e+00,7.506086956000001e-08,1.000000000000000e+00,0.000000000000000e+00,0.000000000000000e+00,0.000000000000000e+00,0.000000000000000e+00,0.000000000000000e+00,1.000000000000000e+03,1.000000000000000e+00,
7.506086956000001e-08,0.000000000000000e+00,0.000000000000000e+00,6.000872898597271e+03,6.000872898597271e+03,1.500000000000000e+03,7.506086956000001e-08,0.000000000000000e+00,-1.000000000000000e+03,4.000581932398180e+03,0.000000000000000e+00,2.980431630395715e+05,0.000000000000000e+00,8.502029965910302e+08,0.000000000000000e+00,0.000000000000000e+00,7.994675433116939e+10,7.994675433116939e+10,-7.124586408708945e+00,7.506086956000001e-08,1.000000000000000e+00,0.000000000000000e+00,0.000000000000000e+00,0.000000000000000e+00,0.000000000000000e+00,0.000000000000000e+00,1.000000000000000e+03,1.000000000000000e+00,
1.309383705103957e-07,3.093762335763356e-291,0.000000000000000e+00,1.046809773971824e+04,1.046809773971824e+04,1.500000000000000e+03,1.309383705103957e-07,0.000000000000000e+00,-1.000000000000000e+03,6.978731826478825e+03,0.000000000000000e+00,2.980431630395717e+05,0.000000000000000e+00,8.502029965910302e+08,5.300676583493390e-288,1.930334738514083e-288,7.994675433116940e+10,7.994675433116940e+10,-6.882933068047800e+00,1.309383705103957e-07,1.000000000000000e+00,2.362762209201107e-284,0.000000000000000e+00,0.000000000000000e+00,1.038691314536572e-284,0.000000000000000e+00,1.000000000000000e+03,1.000000000000000e+00,
1.421166876890032e-06,2.019025578299203e-136,-0.000000000000000e+00,1.136176793975580e+05,1.136176793975580e+05,1.500000003000000e+03,1.421166876890032e-06,0.000000000000000e+00,-1.000000000000000e+03,7.574511959837201e+04,1.960248335502011e-266,2.980431633376147e+05,5.572740780817262e-136,8.291451838534280e+08,2.713835197398893e-135,1.035883352270485e-135,7.994675449106290e+10,7.994675449106290e+10,-5.847354923158166e+00,1.421166876890032e-06,1.000000000000000e+00,1.420681561842672e-130,-0.000000000000000e+00,1.660917290775306e-130,5.715736829993136e-131,2.360440638903795e-136,1.000000000000000e+03,1.000000000000000e+00,
1.569477444384605e-05,5.997009455238164e-53,-1.501411985289482e-239,1.254746568997461e+06,1.254746568997461e+06,1.500000349376034e+03,1.569477444384605e-05,0.000000000000000e+00,-1.000000000000000e+03,8.364977126649742e+05,3.784653965428971e-100,2.980431977492824e+05,2.330082687005685e-53,7.443716435848746e+08,2.318328571832776e-53,1.276237261476101e-76,7.994677295215605e+10,7.994677295215605e+10,-4.804244921346348e+00,1.569477444384605e-05,1.000000000000000e+00,3.821023026928306e-48,-1.017524470246120e-233,6.944652950554148e-48,2.897748508752696e-49,1.089947616497373e-52,1.000000000000000e+03,1.000000000000000e+00,
1.733360903779412e-04,8.612441132585621e-38,-8.638709517924831e-157,1.385805197271030e+07,1.385805197271030e+07,1.500042662895603e+03,1.733360903779412e-04,0.000000000000000e+00,-1.000000000000000e+03,9.238701315140203e+06,3.131479553102558e-68,2.980474014708846e+05,9.458011244672354e-38,6.590302786642743e+08,8.900237172489241e-38,2.562823000052712e-39,7.994902817119197e+10,7.994902817119197e+10,-3.761111003240227e+00,1.733360903779412e-04,1.000000000000000e+00,1.319147660452273e-33,-5.301448870066919e-152,2.818903276311480e-32,2.853389414766479e-47,2.221771551665357e-36,1.000000000000000e+03,1.000000000000000e+00,
1.904670734833715e-03,-1.967519831892539e-203,-2.934020801945014e-203,1.527960543034867e+08,1.527960543034867e+08,1.505159945495143e+03,1.904670734833715e-03,0.000000000000000e+00,-1.000000000000000e+03,1.018640362023245e+08,1.300297106310507e-76,2.985553517655714e+05,4.033267885246804e-42,5.736878013797330e+08,3.779156696421380e-42,7.020734428657694e-43,8.022176826107767e+10,8.022176826107765e+10,-2.720180091066736e+00,1.904670734833715e-03,1.000000000000000e+00,-1.032997355348305e-200,-1.540434652712384e-200,1.202106344912828e-36,-1.274183764967334e-200,2.163364517312817e-40,1.000000000000000e+03,1.000000000000000e+00,
7.506086956000001e-08,0.000000000000000e+00,0.000000000000000e+00,6.000872898597271e+03,6.000872898597271e+03,1.500000000000000e+03,7.506086956000001e-08,0.000000000000000e+00,-1.000000000000000e+03,4.000581932398180e+03,0.000000000000000e+00,2.980431630395715e+05,0.000000000000000e+00,8.502029965910302e+08,0.000000000000000e+00,0.000000000000000e+00,7.994675433116939e+10,7.994675433116939e+10,-7.124586408708945e+00,7.506086956000001e-08,1.000000000000000e+00,0.000000000000000e+00,0.000000000000000e+00,0.000000000000000e+00,0.000000000000000e+00,0.000000000000000e+00,1.000000000000000e+03,1.000000000000000e+00,
7.506086956000001e-08,0.000000000000000e+00,0.000000000000000e+00,6.000872898597271e+03,6.000872898597271e+03,1.500000000000000e+03,7.506086956000001e-08,0.000000000000000e+00,-1.000000000000000e+03,4.000581932398180e+03,0.000000000000000e+00,2.980431630395715e+05,0.000000000000000e+00,8.502029965910302e+08,0.000000000000000e+00,0.000000000000000e+00,7.994675433116939e+10,7.994675433116939e+10,-7.124586408708945e+00,7.506086956000001e-08,1.000000000000000e+00,0.000000000000000e+00,0.000000000000000e+00,0.000000000000000e+00,0.000000000000000e+00,0.000000000000000e+00,1.000000000000000e+03,1.000000000000000e+00,
1.309383705103957e-07,4.205211489207562e-255,0.000000000000000e+00,1.046809773971824e+04,1.046809773971824e+04,1.500000000000000e+03,1.309383705103957e-07,0.000000000000000e+00,-1.000000000000000e+03,6.978731826478825e+03,0.000000000000000e+00,2.980431630395717e+05,0.000000000000000e+00,8.502029965910302e+08,7.166426512516757e-252,1.257058976950858e-253,7.994675433116940e+10,7.994675433116940e+10,-6.882933068047800e+00,1.309383705103957e-07,1.000000000000000e+00,3.211596014839435e-248,0.000000000000000e+00,0.000000000000000e+00,1.999391899740348e-248,0.000000000000000e+00,1.000000000000000e+03,1.000000000000000e+00,
1.421166876890032e-06,2.744370328877436e-100,-1.387592488421818e-287,1.136176793975580e+05,1.136176793975580e+05,1.500000003000000e+03,1.421166876890032e-06,0.000000000000000e+00,-1.000000000000000e+03,7.574511959837201e+04,2.649841701010082e-194,2.980431633376147e+05,6.479227964440297e-100,8.291451838534280e+08,3.317765346733558e-99,8.343094728242080e-101,7.994675449106290e+10,7.994675449106290e+10,-5.847354923158166e+00,1.421166876890032e-06,1.000000000000000e+00,1.931068316820750e-94,-1.022034858629078e-280,1.931089598507320e-94,1.359060837430940e-94,2.744400573705475e-100,1.000000000000000e+03,1.000000000000000e+00,
1.569477444384605e-05,8.151464244854596e-17,-1.122220905056817e-133,1.254746568997461e+06,1.254746568997461e+06,1.500000349376034e+03,1.569477444384605e-05,0.000000000000000e+00,-1.000000000000000e+03,8.364977126649742e+05,2.117123960660678e-28,2.980431977492824e+05,1.742735138156577e-17,7.443716435848746e+08,6.505623121575388e-18,1.691800088912721e-19,7.994677295215605e+10,7.994677295215605e+10,-4.804244921346348e+00,1.569477444384605e-05,1.000000000000000e+00,5.193744117839681e-12,-7.605422383096906e-128,5.194103534062238e-12,4.117346427120851e-12,8.152028340509045e-17,1.000000000000000e+03,1.000000000000000e+00,
1.733360903779412e-04,1.170650246213400e-01,-6.456948864611918e-51,1.385805197284360e+07,1.385805197271030e+07,1.500042662895603e+03,1.733360903779412e-04,0.000000000000000e+00,-1.000000000000000e+03,9.238701315140203e+06,1.541156932962016e+02,2.980474014708846e+05,6.104497032277556e-03,6.590302786642743e+08,5.765607160876966e-04,1.055858479589631e-06,7.994902817119199e+10,7.994902817119197e+10,-3.761111003240227e+00,1.733360903779412e-04,1.000000000000000e+00,1.793057867945850e+03,-3.962534472463621e-46,1.819407566178987e+03,1.448794777509960e+03,1.711966743600743e-01,1.000000000000000e+03,1.000000000000000e+00,
1.904670734833715e-03,-2.952800150292193e-97,-2.193015316298880e-97,1.527960543034867e+08,1.527960543034867e+08,1.505159945495143e+03,1.904670734833715e-03,0.000000000000000e+00,-1.000000000000000e+03,1.018640362023245e+08,2.607549516593142e-05,2.985553517655714e+05,1.806142668014459e-06,5.736878013797330e+08,2.423499437737501e-07,5.306409940320668e-14,8.022176826107767e+10,8.022176826107765e+10,-2.720180091066736e+00,1.904670734833715e-03,1.000000000000000e+00,-1.550294282518067e-94,-1.151388151343828e-94,5.383167254969241e-01,-1.747480716398369e-94,9.687789336978502e-05,1.000000000000000e+03,1.000000000000000e+00,
7.506086956000001e-08,0.000000000000000e+00,0.000000000000000e+00,6.000872898597271e+03,6.000872898597271e+03,1.500000000000000e+03,7.506086956000001e-08,0.000000000000000e+00,-1.000000000000000e+03,4.000581932398180e+03,0.000000000000000e+00,2.980431630395715e+05,0.000000000000000e+00,8.502029965910302e+08,0.000000000000000e+00,0.000000000000000e+00,7.994675433116939e+10,7.994675433116939e+10,-7.124586408708945e+00,7.506086956000001e-08,1.000000000000000e+00,0.000000000000000e+00,0.000000000000000e+00,0.000000000000000e+00,0.000000000000000e+00,0.000000000000000e+00,1.000000000000000e+03,1.000000000000000e+00,
7.506086956000001e-08,0.000000000000000e+00,0.000000000000000e+00,6.000872898597271e+03,6.000872898597271e+03,1.500000000000000e+03,7.506086956000001e-08,0.000000000000000e+00,-1.000000000000000e+03,4.000581932398180e+03,0.000000000000000e+00,2.980431630395715e+05,0.000000000000000e+00,8.502029965910302e+08,0.000000000000000e+00,0.000000000000000e+00,7.994675433116939e+10,7.994675433116939e+10,-7.124586408708945e+00,7.506086956000001e-08,1.000000000000000e+00,0.000000000000000e+00,0.000000000000000e+00,0.000000000000000e+00,0.000000000000000e+00,0.000000000000000e+00,1.000000000000000e+03,1.000000000000000e+00,
1.309383705103957e-07,4.205211489207562e-255,7.444738701656804e-257,1.046809773971824e+04,1.046809773971824e+04,1.500000000000000e+03,1.309383705103957e-07,0.000000000000000e+00,-1.000000000000000e+03,6.978731826478825e+03,0.000000000000000e+00,2.980431630395717e+05,0.000000000000000e+00,8.502029965910302e+08,7.166426512516757e-252,0.000000000000000e+00,7.994675433116940e+10,7.994675433116940e+10,-6.882933068047800e+00,1.309383705103957e-07,1.000000000000000e+00,3.211596014839435e-248,5.685681494765309e-250,0.000000000000000e+00,2.009329649777063e-248,0.000000000000000e+00,1.000000000000000e+03,1.000000000000000e+00,
1.421166876890032e-06,2.744370328877436e-100,7.778200034098826e-102,1.136176793975580e+05,1.136176793975580e+05,1.500000003000000e+03,1.421166876890032e-06,0.000000000000000e+00,-1.000000000000000e+03,7.574511959837201e+04,2.649841701010082e-194,2.980431633376147e+05,6.479227964440297e-100,8.291451838534280e+08,3.317765346733558e-99,-2.119883970420380e-284,7.994675449106290e+10,7.994675449106290e+10,-5.847354923158166e+00,1.421166876890032e-06,1.000000000000000e+00,1.931068316820750e-94,5.473108162441850e-96,1.931089598507320e-94,1.369225138800636e-94,2.744400573705475e-100,1.000000000000000e+03,1.000000000000000e+00,
1.569477444384605e-05,8.151464244854596e-17,5.789388554892545e-18,1.254746568997461e+06,1.254746568997461e+06,1.500000349376034e+03,1.569477444384605e-05,0.000000000000000e+00,-1.000000000000000e+03,8.364977126649742e+05,2.117123960660678e-28,2.980431977492824e+05,1.742735138156577e-17,7.443716435848746e+08,6.505623121575388e-18,4.972540134180720e-36,7.994677295215605e+10,7.994677295215605e+10,-4.804244921346348e+00,1.569477444384605e-05,1.000000000000000e+00,5.193744117839681e-12,3.688736385225706e-13,5.194103534062238e-12,4.184935041808377e-12,8.152028340509045e-17,1.000000000000000e+03,1.000000000000000e+00,
1.733360903779412e-04,1.170650246213400e-01,1.413232229345791e-01,1.385805197284360e+07,1.385805197271030e+07,1.500042662895603e+03,1.733360903779412e-04,0.000000000000000e+00,-1.000000000000000e+03,9.238701315140203e+06,1.541156932962016e+02,2.980474014708846e+05,6.104497032277556e-03,6.590302786642743e+08,5.765607160876966e-04,1.055858479589631e-06,7.994902817119199e+10,7.994902817119197e+10,-3.761111003240227e+00,1.733360903779412e-04,1.000000000000000e+00,1.793057867945850e+03,1.793057867945850e+03,1.819407566178987e+03,1.816545026752834e+03,1.711966743600743e-01,1.000000000000000e+03,1.000000000000000e+00,
1.904670734833715e-03,-2.952800150292193e-97,1.299334475776819e-05,1.527960543034867e+08,1.527960543034867e+08,1.505159945495143e+03,1.904670734833715e-03,0.000000000000000e+00,-1.000000000000000e+03,1.018640362023245e+08,2.607549516593142e-05,2.985553517655714e+05,1.806142668014459e-06,5.736878013797330e+08,2.423499437737501e-07,4.301649087655196e-09,8.022176826107767e+10,8.022176826107765e+10,-2.720180091066736e+00,1.904670734833715e-03,1.000000000000000e+00,-1.550294282518067e-94,7.219949319661714e-02,5.383167254969241e-01,4.427224268552894e-16,9.687789336978502e-05,1.000000000000000e+03,1.000000000000000e+00,
7.506086956000001e-08,0.000000000000000e+00,0.000000000000000e+00,6.000872898597271e+03,6.000872898597271e+03,1.500000000000000e+03,7.506086956000001e-08,0.000000000000000e+00,-1.000000000000000e+03,4.000581932398180e+03,0.000000000000000e+00,2.980431630395715e+05,0.000000000000000e+00,8.502029965910302e+08,0.000000000000000e+00,0.000000000000000e+00,7.994675433116939e+10,7.994675433116939e+10,-7.124586408708945e+00,7.506086956000001e-08,1.000000000000000e+00,0.000000000000000e+00,0.000000000000000e+00,0.000000000000000e+00,0.000000000000000e+00,0.000000000000000e+00,1.000000000000000e+03,1.000000000000000e+00,
7.506086956000001e-08,0.000000000000000e+00,0.000000000000000e+00,6.000872898597271e+03,6.000872898597271e+03,1.500000000000000e+03,7.506086956000001e-08,0.000000000000000e+00,-1.000000000000000e+03,4.000581932398180e+03,0.000000000000000e+00,2.980431630395715e+05,0.000000000000000e+00,8.502029965910302e+08,0.000000000000000e+00,0.000000000000000e+00,7.994675433116939e+10,7.994675433116939e+10,-7.124586408708945e+00,7.506086956000001e-08,1.000000000000000e+00,0.000000000000000e+00,0.000000000000000e+00,0.000000000000000e+00,0.000000000000000e+00,0.000000000000000e+00,1.000000000000000e+03,1.000000000000000e+00,
1.309383705103957e-07,3.093762335763356e-291,1.170367569834231e-291,1.046809773971824e+04,1.046809773971824e+04,1.500000000000000e+03,1.309383705103957e-07,0.000000000000000e+00,-1.000000000000000e+03,6.978731826478825e+03,0.000000000000000e+00,2.980431630395717e+05,0.000000000000000e+00,8.502029965910302e+08,5.300676583493390e-288,0.000000000000000e+00,7.994675433116940e+10,7.994675433116940e+10,-6.882933068047800e+00,1.309383705103957e-07,1.000000000000000e+00,2.362762209201107e-284,8.938308650643483e-285,0.000000000000000e+00,1.979203746072263e-284,0.000000000000000e+00,1.000000000000000e+03,1.000000000000000e+00,
1.421166876890032e-06,2.019025578299203e-136,1.222790138969940e-136,1.136176793975580e+05,1.136176793975580e+05,1.500000003000000e+03,1.421166876890032e-06,0.000000000000000e+00,-1.000000000000000e+03,7.574511959837201e+04,1.960248335502011e-266,2.980431633376147e+05,5.572740780817262e-136,8.291451838534280e+08,2.713835197398893e-135,4.450009802754856e-201,7.994675449106290e+10,7.994675449106290e+10,-5.847354923158166e+00,1.421166876890032e-06,1.000000000000000e+00,1.420681561842672e-130,8.604127768906321e-131,1.660917290775306e-130,1.539379000774362e-130,2.360440638903795e-136,1.000000000000000e+03,1.000000000000000e+00,
1.569477444384605e-05,5.997009455238164e-53,9.101343761479097e-53,1.254746568997461e+06,1.254746568997461e+06,1.500000349376034e+03,1.569477444384605e-05,0.000000000000000e+00,-1.000000000000000e+03,8.364977126649742e+05,3.784653965428971e-100,2.980431977492824e+05,2.330082687005685e-53,7.443716435848746e+08,2.318328571832776e-53,4.766996287895175e-54,7.994677295215605e+10,7.994677295215605e+10,-4.804244921346348e+00,1.569477444384605e-05,1.000000000000000e+00,3.821023026928306e-48,5.798964358514724e-48,6.944652950554148e-48,6.805977465679856e-48,1.089947616497373e-52,1.000000000000000e+03,1.000000000000000e+00,
1.733360903779412e-04,8.612441132585621e-38,2.221704798723144e-36,1.385805197271030e+07,1.385805197271030e+07,1.500042662895603e+03,1.733360903779412e-04,0.000000000000000e+00,-1.000000000000000e+03,9.238701315140203e+06,3.131479553102558e-68,2.980474014708846e+05,9.458011244672354e-38,6.590302786642743e+08,8.900237172489241e-38,2.562823000052712e-39,7.994902817119197e+10,7.994902817119197e+10,-3.761111003240227e+00,1.733360903779412e-04,1.000000000000000e+00,1.319147660452273e-33,2.818818582596067e-32,2.818903276311480e-32,1.758962948284712e-32,2.221771551665357e-36,1.000000000000000e+03,1.000000000000000e+00,
1.904670734833715e-03,-1.967519831892539e-203,2.042649169780116e-40,1.527960543034867e+08,1.527960543034867e+08,1.505159945495143e+03,1.904670734833715e-03,0.000000000000000e+00,-1.000000000000000e+03,1.018640362023245e+08,1.300297106310507e-76,2.985553517655714e+05,4.033267885246804e-42,5.736878013797330e+08,3.779156696421380e-42,1.276237261476101e-76,8.022176826107767e+10,8.022176826107765e+10,-2.720180091066736e+00,1.904670734833715e-03,1.000000000000000e+00,-1.032997355348305e-200,1.135029028983811e-36,1.202106344912828e-36,2.994568332667838e-37,2.163364517312817e-40,1.000000000000000e+03,1.000000000000000e+00,
7.506086956000001e-08,0.000000000000000e+00,0.000000000000000e+00,6.000872898597271e+03,6.000872898597271e+03,1.500000000000000e+03,7.506086956000001e-08,0.000000000000000e+00,-1.000000000000000e+03,4.000581932398180e+03,0.000000000000000e+00,2.980431630395715e+05,0.000000000000000e+00,8.502029965910302e+08,0.000000000000000e+00,0.000000000000000e+00,7.994675433116939e+10,7.994675433116939e+10,-7.124586408708945e+00,7.506086956000001e-08,1.000000000000000e+00,0.000000000000000e+00,0.000000000000000e+00,0.000000000000000e+00,0.000000000000000e+00,0.000000000000000e+00,1.000000000000000e+03,1.000000000000000e+00,
7.506086956000001e-08,0.000000000000000e+00,0.000000000000000e+00,6.000872898597271e+03,6.000872898597271e+03,1.500000000000000e+03,7.506086956000001e-08,0.000000000000000e+00,-1.000000000000000e+03,4.000581932398180e+03,0.000000000000000e+00,2.980431630395715e+05,0.000000000000000e+00,8.502029965910302e+08,0.000000000000000e+00,0.000000000000000e+00,7.994675433116939e+10,7.994675433116939e+10,-7.124586408708945e+00,7.506086956000001e-08,1.000000000000000e+00,0.000000000000000e+00,0.000000000000000e+00,0.000000000000000e+00,0.000000000000000e+00,0.000000000000000e+00,1.000000000000000e+03,1.000000000000000e+00,
1.309383705103957e-07,0.000000000000000e+00,0.000000000000000e+00,1.046809773971824e+04,1.046809773971824e+04,1.500000000000000e+03,1.309383705103957e-07,0.000000000000000e+00,-1.000000000000000e+03,6.978731826478825e+03,0.000000000000000e+00,2.980431630395717e+05,0.000000000000000e+00,8.502029965910302e+08,0.000000000000000e+00,0.000000000000000e+00,7.994675433116940e+10,7.994675433116940e+10,-6.882933068047800e+00,1.309383705103957e-07,1.000000000000000e+00,0.000000000000000e+00,0.000000000000000e+00,0.000000000000000e+00,0.000000000000000e+00,0.000000000000000e+00,1.000000000000000e+03,1.000000000000000e+00,
1.421166876890032e-06,1.039999215066616e-243,1.254834733671927e-243,1.136176793975580e+05,1.136176793975580e+05,1.500000003000000e+03,1.421166876890032e-06,0.000000000000000e+00,-1.000000000000000e+03,7.574511959837201e+04,0.000000000000000e+00,2.980431633376147e+05,0.000000000000000e+00,8.291451838534280e+08,4.922516498992050e-242,1.529459173406234e-242,7.994675449106290e+10,7.994675449106290e+10,-5.847354923158166e+00,1.421166876890032e-06,1.000000000000000e+00,7.317924671467629e-238,8.829608641160473e-238,0.000000000000000e+00,1.116400574331696e-237,0.000000000000000e+00,1.000000000000000e+03,1.000000000000000e+00,
1.569477444384605e-05,3.089057015042235e-160,9.339854739598288e-160,1.254746568997461e+06,1.254746568997461e+06,1.500000349376034e+03,1.569477444384605e-05,0.000000000000000e+00,-1.000000000000000e+03,8.364977126649742e+05,3.083035972196171e-314,2.980431977492824e+05,2.103040593010924e-160,7.443716435848746e+08,2.494922454867181e-159,7.461873712711370e-160,7.994677295215605e+10,7.994677295215605e+10,-4.804244921346348e+00,1.569477444384605e-05,1.000000000000000e+00,1.968207333016793e-155,5.950932759827245e-155,6.267969433375229e-155,6.048208080084591e-155,9.837434034297469e-160,1.000000000000000e+03,1.000000000000000e+00,
1.733360903779412e-04,4.436264757597602e-145,2.279927078698803e-143,1.385805197271030e+07,1.385805197271030e+07,1.500042662895603e+03,1.733360903779412e-04,0.000000000000000e+00,-1.000000000000000e+03,9.238701315140203e+06,3.297609805750819e-282,2.980474014708846e+05,9.705650956695392e-145,6.590302786642743e+08,1.200554526418069e-143,2.669924472969718e-145,7.994902817119197e+10,7.994902817119197e+10,-3.761111003240227e+00,1.733360903779412e-04,1.000000000000000e+00,6.794923978046402e-141,2.892688902726275e-139,2.892710800695615e-139,2.214401687012192e-139,2.279944337994546e-143,1.000000000000000e+03,1.000000000000000e+00,
1.904670734833715e-03,0.000000000000000e+00,2.096179095053597e-147,1.527960543034867e+08,1.527960543034867e+08,1.505159945495143e+03,1.904670734833715e-03,0.000000000000000e+00,-1.000000000000000e+03,1.018640362023245e+08,1.258215370103070e-290,2.985553517655714e+05,3.967466453989396e-149,5.736878013797330e+08,4.844231737527290e-148,-0.000000000000000e+00,8.022176826107767e+10,8.022176826107765e+10,-2.720180091066736e+00,1.904670734833715e-03,1.000000000000000e+00,0.000000000000000e+00,1.164773744818334e-143,1.182494377577800e-143,6.794058975250111e-144,2.128069940899635e-147,1.000000000000000e+03,1.000000000000000e+00,

