1
0
28
0
(64 0
((0,0) (63,63) (0,0))
((448,0) (511,63) (0,0))
((384,0) (447,63) (0,0))
((320,0) (383,63) (0,0))
((256,0) (319,63) (0,0))
((192,0) (255,63) (0,0))
((128,0) (191,63) (0,0))
((64,0) (127,63) (0,0))
((0,448) (63,511) (0,0))
((0,384) (63,447) (0,0))
((0,320) (63,383) (0,0))
((0,256) (63,319) (0,0))
((0,192) (63,255) (0,0))
((0,128) (63,191) (0,0))
((0,64) (63,127) (0,0))
((448,448) (511,511) (0,0))
((448,384) (511,447) (0,0))
((448,320) (511,383) (0,0))
((448,256) (511,319) (0,0))
((448,192) (511,255) (0,0))
((448,128) (511,191) (0,0))
((448,64) (511,127) (0,0))
((384,448) (447,511) (0,0))
((384,384) (447,447) (0,0))
((384,320) (447,383) (0,0))
((384,256) (447,319) (0,0))
((384,192) (447,255) (0,0))
((384,128) (447,191) (0,0))
((384,64) (447,127) (0,0))
((320,448) (383,511) (0,0))
((320,384) (383,447) (0,0))
((320,320) (383,383) (0,0))
((320,256) (383,319) (0,0))
((320,192) (383,255) (0,0))
((320,128) (383,191) (0,0))
((320,64) (383,127) (0,0))
((256,448) (319,511) (0,0))
((256,384) (319,447) (0,0))
((256,320) (319,383) (0,0))
((256,256) (319,319) (0,0))
((256,192) (319,255) (0,0))
((256,128) (319,191) (0,0))
((256,64) (319,127) (0,0))
((192,448) (255,511) (0,0))
((192,384) (255,447) (0,0))
((192,320) (255,383) (0,0))
((192,256) (255,319) (0,0))
((192,192) (255,255) (0,0))
((192,128) (255,191) (0,0))
((192,64) (255,127) (0,0))
((128,448) (191,511) (0,0))
((128,384) (191,447) (0,0))
((128,320) (191,383) (0,0))
((128,256) (191,319) (0,0))
((128,192) (191,255) (0,0))
((128,128) (191,191) (0,0))
((128,64) (191,127) (0,0))
((64,448) (127,511) (0,0))
((64,384) (127,447) (0,0))
((64,320) (127,383) (0,0))
((64,256) (127,319) (0,0))
((64,192) (127,255) (0,0))
((64,128) (127,191) (0,0))
((64,64) (127,127) (0,0))
)
64
FabOnDisk: Cell_D_0000 0
FabOnDisk: Cell_D_0001 0
FabOnDisk: Cell_D_0001 917590
FabOnDisk: Cell_D_0001 1835180
FabOnDisk: Cell_D_0001 2752770
FabOnDisk: Cell_D_0000 917587
FabOnDisk: Cell_D_0000 1835177
FabOnDisk: Cell_D_0000 2752767
FabOnDisk: Cell_D_0002 0
FabOnDisk: Cell_D_0002 917590
FabOnDisk: Cell_D_0002 1835180
FabOnDisk: Cell_D_0002 2752770
FabOnDisk: Cell_D_0000 3670356
FabOnDisk: Cell_D_0000 4587946
FabOnDisk: Cell_D_0000 5505536
FabOnDisk: Cell_D_0003 0
FabOnDisk: Cell_D_0003 917593
FabOnDisk: Cell_D_0003 1835186
FabOnDisk: Cell_D_0003 2752779
FabOnDisk: Cell_D_0001 3670360
FabOnDisk: Cell_D_0001 4587953
FabOnDisk: Cell_D_0001 5505546
FabOnDisk: Cell_D_0003 3670372
FabOnDisk: Cell_D_0003 4587965
FabOnDisk: Cell_D_0003 5505558
FabOnDisk: Cell_D_0003 6423151
FabOnDisk: Cell_D_0001 6423138
FabOnDisk: Cell_D_0001 7340731
FabOnDisk: Cell_D_0001 8258324
FabOnDisk: Cell_D_0003 7340744
FabOnDisk: Cell_D_0003 8258337
FabOnDisk: Cell_D_0003 9175930
FabOnDisk: Cell_D_0003 10093523
FabOnDisk: Cell_D_0001 9175916
FabOnDisk: Cell_D_0001 10093509
FabOnDisk: Cell_D_0001 11011102
FabOnDisk: Cell_D_0003 11011116
FabOnDisk: Cell_D_0003 11928709
FabOnDisk: Cell_D_0003 12846302
FabOnDisk: Cell_D_0003 13763895
FabOnDisk: Cell_D_0001 11928694
FabOnDisk: Cell_D_0001 12846287
FabOnDisk: Cell_D_0001 13763880
FabOnDisk: Cell_D_0002 3670360
FabOnDisk: Cell_D_0002 4587953
FabOnDisk: Cell_D_0002 5505546
FabOnDisk: Cell_D_0002 6423139
FabOnDisk: Cell_D_0000 6423125
FabOnDisk: Cell_D_0000 7340718
FabOnDisk: Cell_D_0000 8258311
FabOnDisk: Cell_D_0002 7340732
FabOnDisk: Cell_D_0002 8258325
FabOnDisk: Cell_D_0002 9175918
FabOnDisk: Cell_D_0002 10093511
FabOnDisk: Cell_D_0000 9175903
FabOnDisk: Cell_D_0000 10093496
FabOnDisk: Cell_D_0000 11011089
FabOnDisk: Cell_D_0002 11011104
FabOnDisk: Cell_D_0002 11928696
FabOnDisk: Cell_D_0002 12846288
FabOnDisk: Cell_D_0002 13763880
FabOnDisk: Cell_D_0000 11928681
FabOnDisk: Cell_D_0000 12846273
FabOnDisk: Cell_D_0000 13763865

64,28
2.208982089344660e-03,0.000000000000000e+00,4.549234331365996e+00,1.774013639397480e+08,1.773966795348581e+08,1.506758721766718e+03,2.208982089344660e-03,0.000000000000000e+00,-1.000000000000000e+03,1.182644530232388e+08,4.684404889814834e+03,2.987138719706977e+05,6.101062464293485e-03,4.245887826376338e+08,0.000000000000000e+00,-1.905550448657323e-07,8.030697957695372e+10,8.030697957695372e+10,-2.655807805418885e+00,2.208982089344660e-03,1.000000000000000e+00,0.000000000000000e+00,2.020262941552554e+03,2.020262941552554e+03,-1.613554066285241e+03,4.549234331365996e+00,1.000000000000000e+03,1.000000000000000e+00,
2.208982089344660e-03,0.000000000000000e+00,4.549234331365996e+00,1.774013639397480e+08,1.773966795348581e+08,1.506758721766718e+03,2.208982089344660e-03,0.000000000000000e+00,-1.000000000000000e+03,1.182644530232388e+08,4.684404889814834e+03,2.987138719706977e+05,6.101062464293485e-03,4.245887826376338e+08,0.000000000000000e+00,-1.905550448657323e-07,8.030697957695372e+10,8.030697957695372e+10,-2.655807805418885e+00,2.208982089344660e-03,1.000000000000000e+00,0.000000000000000e+00,2.020262941552554e+03,2.020262941552554e+03,-1.613554066285241e+03,4.549234331365996e+00,1.000000000000000e+03,1.000000000000000e+00,
2.208982089344660e-03,0.000000000000000e+00,4.549234331365996e+00,1.774013639397480e+08,1.773966795348581e+08,1.506758721766718e+03,2.208982089344660e-03,0.000000000000000e+00,-1.000000000000000e+03,1.182644530232388e+08,4.684404889814834e+03,2.987138719706977e+05,6.101062464293485e-03,4.245887826376338e+08,0.000000000000000e+00,-1.905550448657323e-07,8.030697957695372e+10,8.030697957695372e+10,-2.655807805418885e+00,2.208982089344660e-03,1.000000000000000e+00,0.000000000000000e+00,2.020262941552554e+03,2.020262941552554e+03,-1.804853934865323e+03,4.549234331365996e+00,1.000000000000000e+03,1.000000000000000e+00,
2.208982089344660e-03,0.000000000000000e+00,4.549234331365996e+00,1.774013639397480e+08,1.773966795348581e+08,1.506758721766718e+03,2.208982089344660e-03,0.000000000000000e+00,-1.000000000000000e+03,1.182644530232388e+08,4.684404889814834e+03,2.987138719706977e+05,6.101062464293485e-03,4.245887826376338e+08,0.000000000000000e+00,-1.905550448657323e-07,8.030697957695372e+10,8.030697957695372e+10,-2.655807805418885e+00,2.208982089344660e-03,1.000000000000000e+00,0.000000000000000e+00,2.020262941552554e+03,2.020262941552554e+03,-1.968027454373041e+03,4.549234331365996e+00,1.000000000000000e+03,1.000000000000000e+00,
2.208982089344660e-03,0.000000000000000e+00,4.549234331365996e+00,1.774013639397480e+08,1.773966795348581e+08,1.506758721766718e+03,2.208982089344660e-03,0.000000000000000e+00,-1.000000000000000e+03,1.182644530232388e+08,4.684404889814834e+03,2.987138719706977e+05,6.101062464293485e-03,4.245887826376338e+08,0.000000000000000e+00,-1.905550448657323e-07,8.030697957695372e+10,8.030697957695372e+10,-2.655807805418885e+00,2.208982089344660e-03,1.000000000000000e+00,0.000000000000000e+00,2.020262941552554e+03,2.020262941552554e+03,-2.060822171563343e+03,4.549234331365996e+00,1.000000000000000e+03,1.000000000000000e+00,
2.208982089344660e-03,0.000000000000000e+00,4.549234331365996e+00,1.774013639397480e+08,1.773966795348581e+08,1.506758721766718e+03,2.208982089344660e-03,0.000000000000000e+00,-1.000000000000000e+03,1.182644530232388e+08,4.684404889814834e+03,2.987138719706977e+05,6.101062464293485e-03,4.245887826376338e+08,0.000000000000000e+00,-1.905550448657323e-07,8.030697957695372e+10,8.030697957695372e+10,-2.655807805418885e+00,2.208982089344660e-03,1.000000000000000e+00,0.000000000000000e+00,2.020262941552554e+03,2.020262941552554e+03,-2.060822171563343e+03,4.549234331365996e+00,1.000000000000000e+03,1.000000000000000e+00,
2.208982089344660e-03,0.000000000000000e+00,4.549234331365996e+00,1.774013639397480e+08,1.773966795348581e+08,1.506758721766718e+03,2.208982089344660e-03,0.000000000000000e+00,-1.000000000000000e+03,1.182644530232388e+08,4.684404889814834e+03,2.987138719706977e+05,6.101062464293485e-03,4.245887826376338e+08,0.000000000000000e+00,-1.905550448657323e-07,8.030697957695372e+10,8.030697957695372e+10,-2.655807805418885e+00,2.208982089344660e-03,1.000000000000000e+00,0.000000000000000e+00,2.020262941552554e+03,2.020262941552554e+03,-1.968027454373041e+03,4.549234331365996e+00,1.000000000000000e+03,1.000000000000000e+00,
2.208982089344660e-03,0.000000000000000e+00,4.549234331365996e+00,1.774013639397480e+08,1.773966795348581e+08,1.506758721766718e+03,2.208982089344660e-03,0.000000000000000e+00,-1.000000000000000e+03,1.182644530232388e+08,4.684404889814834e+03,2.987138719706977e+05,6.101062464293485e-03,4.245887826376338e+08,0.000000000000000e+00,-1.905550448657323e-07,8.030697957695372e+10,8.030697957695372e+10,-2.655807805418885e+00,2.208982089344660e-03,1.000000000000000e+00,0.000000000000000e+00,2.020262941552554e+03,2.020262941552554e+03,-1.804853934865323e+03,4.549234331365996e+00,1.000000000000000e+03,1.000000000000000e+00,
7.506086955999970e-08,0.000000000000000e+00,-7.506088579477863e-08,5.141965164935166e+03,5.141965164897636e+03,1.285304301170812e+03,7.506086955999970e-08,0.000000000000000e+00,-1.000000000000000e+03,3.427976776598424e+03,3.753043477992708e-08,2.758903528933702e+05,3.624628369610011e-06,8.419701007469317e+08,0.000000000000000e+00,-2.452482661396971e-19,6.850393813766551e+10,6.850393813766551e+10,-7.124586408708947e+00,7.506086955999970e-08,1.000000000000000e+00,0.000000000000000e+00,-1.000000210676225e+00,9.999999999990281e-01,-7.986851776062525e-01,7.506086955992711e-08,1.000000000000000e+03,1.000000000000000e+00,
7.506087010746260e-08,0.000000000000000e+00,-7.611821152891984e-08,5.141965231790030e+03,5.141965231752500e+03,1.285304308507629e+03,7.506087010746260e-08,0.000000000000000e+00,-1.000000000000000e+03,3.427976821168334e+03,3.753045522112302e-08,2.758903536807934e+05,3.624629333135236e-06,8.419701007920135e+08,0.000000000000000e+00,3.280152877094267e-14,6.850393852870195e+10,6.850393852870195e+10,-7.124586405541383e+00,7.506087010746260e-08,1.000000000000000e+00,0.000000000000000e+00,-1.012141896157485e+00,1.000000268680459e+00,-7.052631553363438e-01,7.506089027485161e-08,1.000000000000000e+03,1.000000000000000e+00,
7.522632774085641e-08,0.000000000000000e+00,-8.039752126857946e-08,5.163337497575986e+03,5.163337497537364e+03,1.287807866395949e+03,7.522632774085641e-08,0.000000000000000e+00,-1.000000000000000e+03,3.442224998358243e+03,1.047455625817538e-08,2.761589171051152e+05,1.288176827853860e-06,8.304424496459653e+08,0.000000000000000e+00,-4.926785368629111e-08,6.863737274700288e+10,6.863737274700288e+10,-7.123630138244731e+00,7.522632774085641e-08,1.000000000000000e+00,0.000000000000000e+00,-1.037791891545917e+00,3.903503375994724e-01,-5.595515385511771e-01,5.046979233289495e-08,1.000000000000000e+03,1.000000000000000e+00,
1.423725880612289e-07,0.000000000000000e+00,-6.876852749601644e-08,1.174373133815581e+04,1.174373133814530e+04,1.520787585760999e+03,1.423725880612289e-07,0.000000000000000e+00,-1.000000000000000e+03,7.829154225430203e+03,1.578059937578157e-10,3.001012563794733e+05,1.146724177534270e-07,7.422731858333050e+08,0.000000000000000e+00,-1.648697347782882e-04,8.105468767248451e+10,8.105468767248451e+10,-6.846573620247851e+00,1.423725880612289e-07,1.000000000000000e+00,0.000000000000000e+00,-3.842260478144332e-01,3.486051811409823e-02,-1.203650458042986e-01,9.053565597695240e-09,1.000000000000000e+03,1.000000000000000e+00,
1.659058564058221e-06,0.000000000000000e+00,8.539577612995104e-04,1.344062506995886e+05,1.344060309231823e+05,1.501516581768226e+03,1.659058564058221e-06,0.000000000000000e+00,-1.000000000000000e+03,8.960402061545485e+04,2.197764062951067e-01,2.981937939175867e+05,1.715605414502007e-03,6.563010781270769e+08,0.000000000000000e+00,-6.890307098672054e-06,8.002758485786774e+10,8.002758485786774e+10,-5.780138283295463e+00,1.659058564058221e-06,1.000000000000000e+00,0.000000000000000e+00,5.147243019623403e+02,5.147243019623403e+02,-3.912114972520633e+02,8.539577612995104e-04,1.000000000000000e+03,1.000000000000000e+00,
1.829597512013881e-05,0.000000000000000e+00,2.309778346080551e-02,1.464122432008619e+06,1.464107852091525e+06,1.499742818822596e+03,1.829597512013881e-05,0.000000000000000e+00,-1.000000000000000e+03,9.760719013943502e+05,1.457991709376059e+01,2.980176115804364e+05,4.233769840628243e-03,5.709651639160455e+08,0.000000000000000e+00,-8.085597536403839e-06,7.993304713089705e+10,7.993304713089703e+10,-4.737644438978143e+00,1.829597512013881e-05,1.000000000000000e+00,0.000000000000000e+00,1.262451621689255e+03,1.262451621689255e+03,-1.033711150391484e+03,2.309778346080551e-02,1.000000000000000e+03,1.000000000000000e+00,
2.016591863728148e-04,0.000000000000000e+00,3.787419672941693e-01,1.611957863665126e+07,1.611922297351394e+07,1.499741571135421e+03,2.016591863728148e-04,0.000000000000000e+00,-1.000000000000000e+03,1.074614864900929e+07,3.556631373208673e+02,2.980174876149055e+05,6.302075890247603e-03,4.861262283229330e+08,0.000000000000000e+00,-3.044352446257278e-06,7.993298063187030e+10,7.993298063187032e+10,-3.695381989375926e+00,2.016591863728148e-04,1.000000000000000e+00,0.000000000000000e+00,1.878129006203442e+03,1.878129006203442e+03,-1.452148935441621e+03,3.787419672941693e-01,1.000000000000000e+03,1.000000000000000e+00,
7.506086955999970e-08,0.000000000000000e+00,-7.506088579477863e-08,5.141965164935166e+03,5.141965164897636e+03,1.285304301170812e+03,7.506086955999970e-08,0.000000000000000e+00,-1.000000000000000e+03,3.427976776598424e+03,3.753043477992708e-08,2.758903528933702e+05,3.624628369610011e-06,8.419701007469317e+08,0.000000000000000e+00,-2.452482661396971e-19,6.850393813766551e+10,6.850393813766551e+10,-7.124586408708947e+00,7.506086955999970e-08,1.000000000000000e+00,0.000000000000000e+00,-1.000000210676225e+00,9.999999999990281e-01,-7.986851776062525e-01,7.506086955992711e-08,1.000000000000000e+03,1.000000000000000e+00,
7.506087010746260e-08,0.000000000000000e+00,-7.611821152891984e-08,5.141965231790030e+03,5.141965231752500e+03,1.285304308507629e+03,7.506087010746260e-08,0.000000000000000e+00,-1.000000000000000e+03,3.427976821168334e+03,3.753045522112302e-08,2.758903536807934e+05,3.624629333135236e-06,8.419701007920135e+08,0.000000000000000e+00,3.280152877094267e-14,6.850393852870195e+10,6.850393852870195e+10,-7.124586405541383e+00,7.506087010746260e-08,1.000000000000000e+00,0.000000000000000e+00,-1.012141896157485e+00,1.000000268680459e+00,-7.052631553363438e-01,7.506089027485161e-08,1.000000000000000e+03,1.000000000000000e+00,
7.522632774085641e-08,0.000000000000000e+00,-8.039752126857946e-08,5.163337497575986e+03,5.163337497537364e+03,1.287807866395949e+03,7.522632774085641e-08,0.000000000000000e+00,-1.000000000000000e+03,3.442224998358243e+03,1.047455625817538e-08,2.761589171051152e+05,1.288176827853860e-06,8.304424496459653e+08,0.000000000000000e+00,-4.926785368629111e-08,6.863737274700288e+10,6.863737274700288e+10,-7.123630138244731e+00,7.522632774085641e-08,1.000000000000000e+00,0.000000000000000e+00,-1.037791891545917e+00,3.903503375994724e-01,-5.595515385511771e-01,5.046979233289495e-08,1.000000000000000e+03,1.000000000000000e+00,
1.423725880612289e-07,0.000000000000000e+00,-6.876852749601644e-08,1.174373133815581e+04,1.174373133814530e+04,1.520787585760999e+03,1.423725880612289e-07,0.000000000000000e+00,-1.000000000000000e+03,7.829154225430203e+03,1.578059937578157e-10,3.001012563794733e+05,1.146724177534270e-07,7.422731858333050e+08,0.000000000000000e+00,-1.648697347782882e-04,8.105468767248451e+10,8.105468767248451e+10,-6.846573620247851e+00,1.423725880612289e-07,1.000000000000000e+00,0.000000000000000e+00,-3.842260478144332e-01,3.486051811409823e-02,-1.203650458042986e-01,9.053565597695240e-09,1.000000000000000e+03,1.000000000000000e+00,
1.659058564058221e-06,0.000000000000000e+00,8.539577612995104e-04,1.344062506995886e+05,1.344060309231823e+05,1.501516581768226e+03,1.659058564058221e-06,0.000000000000000e+00,-1.000000000000000e+03,8.960402061545485e+04,2.197764062951067e-01,2.981937939175867e+05,1.715605414502007e-03,6.563010781270769e+08,0.000000000000000e+00,-6.890307098672054e-06,8.002758485786774e+10,8.002758485786774e+10,-5.780138283295463e+00,1.659058564058221e-06,1.000000000000000e+00,0.000000000000000e+00,5.147243019623403e+02,5.147243019623403e+02,-3.912114972520633e+02,8.539577612995104e-04,1.000000000000000e+03,1.000000000000000e+00,
1.829597512013881e-05,0.000000000000000e+00,2.309778346080551e-02,1.464122432008619e+06,1.464107852091525e+06,1.499742818822596e+03,1.829597512013881e-05,0.000000000000000e+00,-1.000000000000000e+03,9.760719013943502e+05,1.457991709376059e+01,2.980176115804364e+05,4.233769840628243e-03,5.709651639160455e+08,0.000000000000000e+00,-8.085597536403839e-06,7.993304713089705e+10,7.993304713089703e+10,-4.737644438978143e+00,1.829597512013881e-05,1.000000000000000e+00,0.000000000000000e+00,1.262451621689255e+03,1.262451621689255e+03,-1.033711150391484e+03,2.309778346080551e-02,1.000000000000000e+03,1.000000000000000e+00,
2.016591863728148e-04,0.000000000000000e+00,3.787419672941693e-01,1.611957863665126e+07,1.611922297351394e+07,1.499741571135421e+03,2.016591863728148e-04,0.000000000000000e+00,-1.000000000000000e+03,1.074614864900929e+07,3.556631373208673e+02,2.980174876149055e+05,6.302075890247603e-03,4.861262283229330e+08,0.000000000000000e+00,-3.044352446257278e-06,7.993298063187030e+10,7.993298063187032e+10,-3.695381989375926e+00,2.016591863728148e-04,1.000000000000000e+00,0.000000000000000e+00,1.878129006203442e+03,1.878129006203442e+03,-1.452148935441621e+03,3.787419672941693e-01,1.000000000000000e+03,1.000000000000000e+00,
7.506086955999970e-08,0.000000000000000e+00,-7.506088579477863e-08,5.141965164935166e+03,5.141965164897636e+03,1.285304301170812e+03,7.506086955999970e-08,0.000000000000000e+00,-1.000000000000000e+03,3.427976776598424e+03,3.753043477992708e-08,2.758903528933702e+05,3.624628369610011e-06,8.419701007469317e+08,0.000000000000000e+00,-2.452482661396971e-19,6.850393813766551e+10,6.850393813766551e+10,-7.124586408708947e+00,7.506086955999970e-08,1.000000000000000e+00,0.000000000000000e+00,-1.000000210676225e+00,9.999999999990281e-01,-8.933757570577912e-01,7.506086955992711e-08,1.000000000000000e+03,1.000000000000000e+00,
7.506087010746260e-08,0.000000000000000e+00,-7.611821152891984e-08,5.141965231790030e+03,5.141965231752500e+03,1.285304308507629e+03,7.506087010746260e-08,0.000000000000000e+00,-1.000000000000000e+03,3.427976821168334e+03,3.753045522112302e-08,2.758903536807934e+05,3.624629333135236e-06,8.419701007920135e+08,0.000000000000000e+00,3.280152877094267e-14,6.850393852870195e+10,6.850393852870195e+10,-7.124586405541383e+00,7.506087010746260e-08,1.000000000000000e+00,0.000000000000000e+00,-1.012141896157485e+00,1.000000268680459e+00,-8.303789945705110e-01,7.506089027485161e-08,1.000000000000000e+03,1.000000000000000e+00,
7.522632774085641e-08,0.000000000000000e+00,-8.039752126857946e-08,5.163337497575986e+03,5.163337497537364e+03,1.287807866395949e+03,7.522632774085641e-08,0.000000000000000e+00,-1.000000000000000e+03,3.442224998358243e+03,1.047455625817538e-08,2.761589171051152e+05,1.288176827853860e-06,8.304424496459653e+08,0.000000000000000e+00,-4.926785368629111e-08,6.863737274700288e+10,6.863737274700288e+10,-7.123630138244731e+00,7.522632774085641e-08,1.000000000000000e+00,0.000000000000000e+00,-1.037791891545917e+00,3.903503375994724e-01,-7.137174869252647e-01,5.046979233289495e-08,1.000000000000000e+03,1.000000000000000e+00,
1.423725880612289e-07,0.000000000000000e+00,-6.876852749601644e-08,1.174373133815581e+04,1.174373133814530e+04,1.520787585760999e+03,1.423725880612289e-07,0.000000000000000e+00,-1.000000000000000e+03,7.829154225430203e+03,1.578059937578157e-10,3.001012563794733e+05,1.146724177534270e-07,7.422731858333050e+08,0.000000000000000e+00,-1.648697347782882e-04,8.105468767248451e+10,8.105468767248451e+10,-6.846573620247851e+00,1.423725880612289e-07,1.000000000000000e+00,0.000000000000000e+00,-3.842260478144332e-01,3.486051811409823e-02,-1.702208445188585e-01,9.053565597695240e-09,1.000000000000000e+03,1.000000000000000e+00,
1.659058564058221e-06,0.000000000000000e+00,8.539577612995104e-04,1.344062506995886e+05,1.344060309231823e+05,1.501516581768226e+03,1.659058564058221e-06,0.000000000000000e+00,-1.000000000000000e+03,8.960402061545485e+04,2.197764062951067e-01,2.981937939175867e+05,1.715605414502007e-03,6.563010781270769e+08,0.000000000000000e+00,-6.890307098672054e-06,8.002758485786774e+10,8.002758485786774e+10,-5.780138283295463e+00,1.659058564058221e-06,1.000000000000000e+00,0.000000000000000e+00,5.147243019623403e+02,5.147243019623403e+02,-5.532532389511629e+02,8.539577612995104e-04,1.000000000000000e+03,1.000000000000000e+00,
1.829597512013881e-05,0.000000000000000e+00,2.309778346080551e-02,1.464122432008619e+06,1.464107852091525e+06,1.499742818822596e+03,1.829597512013881e-05,0.000000000000000e+00,-1.000000000000000e+03,9.760719013943502e+05,1.457991709376059e+01,2.980176115804364e+05,4.233769840628243e-03,5.709651639160455e+08,0.000000000000000e+00,-8.085597536403839e-06,7.993304713089705e+10,7.993304713089703e+10,-4.737644438978143e+00,1.829597512013881e-05,1.000000000000000e+00,0.000000000000000e+00,1.262451621689255e+03,1.262451621689255e+03,-1.318516121632567e+03,2.309778346080551e-02,1.000000000000000e+03,1.000000000000000e+00,
2.016591863728148e-04,0.000000000000000e+00,3.787419672941693e-01,1.611957863665126e+07,1.611922297351394e+07,1.499741571135421e+03,2.016591863728148e-04,0.000000000000000e+00,-1.000000000000000e+03,1.074614864900929e+07,3.556631373208673e+02,2.980174876149055e+05,6.302075890247603e-03,4.861262283229330e+08,0.000000000000000e+00,-3.044352446257278e-06,7.993298063187030e+10,7.993298063187032e+10,-3.695381989375926e+00,2.016591863728148e-04,1.000000000000000e+00,0.000000000000000e+00,1.878129006203442e+03,1.878129006203442e+03,-1.709764594754114e+03,3.787419672941693e-01,1.000000000000000e+03,1.000000000000000e+00,
7.506086955999970e-08,0.000000000000000e+00,-7.506088579477863e-08,5.141965164935166e+03,5.141965164897636e+03,1.285304301170812e+03,7.506086955999970e-08,0.000000000000000e+00,-1.000000000000000e+03,3.427976776598424e+03,3.753043477992708e-08,2.758903528933702e+05,3.624628369610011e-06,8.419701007469317e+08,0.000000000000000e+00,-2.452482661396971e-19,6.850393813766551e+10,6.850393813766551e+10,-7.124586408708947e+00,7.506086955999970e-08,1.000000000000000e+00,0.000000000000000e+00,-1.000000210676225e+00,9.999999999990281e-01,-9.695818671236698e-01,7.506086955992711e-08,1.000000000000000e+03,1.000000000000000e+00,
7.506087010746260e-08,0.000000000000000e+00,-7.611821152891984e-08,5.141965231790030e+03,5.141965231752500e+03,1.285304308507629e+03,7.506087010746260e-08,0.000000000000000e+00,-1.000000000000000e+03,3.427976821168334e+03,3.753045522112302e-08,2.758903536807934e+05,3.624629333135236e-06,8.419701007920135e+08,0.000000000000000e+00,3.280152877094267e-14,6.850393852870195e+10,6.850393852870195e+10,-7.124586405541383e+00,7.506087010746260e-08,1.000000000000000e+00,0.000000000000000e+00,-1.012141896157485e+00,1.000000268680459e+00,-9.476891525395319e-01,7.506089027485161e-08,1.000000000000000e+03,1.000000000000000e+00,
7.522632774085641e-08,0.000000000000000e+00,-8.039752126857946e-08,5.163337497575986e+03,5.163337497537364e+03,1.287807866395949e+03,7.522632774085641e-08,0.000000000000000e+00,-1.000000000000000e+03,3.442224998358243e+03,1.047455625817538e-08,2.761589171051152e+05,1.288176827853860e-06,8.304424496459653e+08,0.000000000000000e+00,-4.926785368629111e-08,6.863737274700288e+10,6.863737274700288e+10,-7.123630138244731e+00,7.522632774085641e-08,1.000000000000000e+00,0.000000000000000e+00,-1.037791891545917e+00,3.903503375994724e-01,-9.041988949950206e-01,5.046979233289495e-08,1.000000000000000e+03,1.000000000000000e+00,
1.423725880612289e-07,0.000000000000000e+00,-6.876852749601644e-08,1.174373133815581e+04,1.174373133814530e+04,1.520787585760999e+03,1.423725880612289e-07,0.000000000000000e+00,-1.000000000000000e+03,7.829154225430203e+03,1.578059937578157e-10,3.001012563794733e+05,1.146724177534270e-07,7.422731858333050e+08,0.000000000000000e+00,-1.648697347782882e-04,8.105468767248451e+10,8.105468767248451e+10,-6.846573620247851e+00,1.423725880612289e-07,1.000000000000000e+00,0.000000000000000e+00,-3.842260478144332e-01,3.486051811409823e-02,-2.695580486916910e-01,9.053565597695240e-09,1.000000000000000e+03,1.000000000000000e+00,
1.659058564058221e-06,0.000000000000000e+00,8.539577612995104e-04,1.344062506995886e+05,1.344060309231823e+05,1.501516581768226e+03,1.659058564058221e-06,0.000000000000000e+00,-1.000000000000000e+03,8.960402061545485e+04,2.197764062951067e-01,2.981937939175867e+05,1.715605414502007e-03,6.563010781270769e+08,0.000000000000000e+00,-6.890307098672054e-06,8.002758485786774e+10,8.002758485786774e+10,-5.780138283295463e+00,1.659058564058221e-06,1.000000000000000e+00,0.000000000000000e+00,5.147243019623403e+02,5.147243019623403e+02,-8.761198661983552e+02,8.539577612995104e-04,1.000000000000000e+03,1.000000000000000e+00,
1.829597512013881e-05,0.000000000000000e+00,2.309778346080551e-02,1.464122432008619e+06,1.464107852091525e+06,1.499742818822596e+03,1.829597512013881e-05,0.000000000000000e+00,-1.000000000000000e+03,9.760719013943502e+05,1.457991709376059e+01,2.980176115804364e+05,4.233769840628243e-03,5.709651639160455e+08,0.000000000000000e+00,-8.085597536403839e-06,7.993304713089705e+10,7.993304713089703e+10,-4.737644438978143e+00,1.829597512013881e-05,1.000000000000000e+00,0.000000000000000e+00,1.262451621689255e+03,1.262451621689255e+03,-1.670409990021901e+03,2.309778346080551e-02,1.000000000000000e+03,1.000000000000000e+00,
2.016591863728148e-04,0.000000000000000e+00,3.787419672941693e-01,1.611957863665126e+07,1.611922297351394e+07,1.499741571135421e+03,2.016591863728148e-04,0.000000000000000e+00,-1.000000000000000e+03,1.074614864900929e+07,3.556631373208673e+02,2.980174876149055e+05,6.302075890247603e-03,4.861262283229330e+08,0.000000000000000e+00,-3.044352446257278e-06,7.993298063187030e+10,7.993298063187032e+10,-3.695381989375926e+00,2.016591863728148e-04,1.000000000000000e+00,0.000000000000000e+00,1.878129006203442e+03,1.878129006203442e+03,-1.951308222437259e+03,3.787419672941693e-01,1.000000000000000e+03,1.000000000000000e+00,
7.506086955999970e-08,0.000000000000000e+00,-7.506088579477863e-08,5.141965164935166e+03,5.141965164897636e+03,1.285304301170812e+03,7.506086955999970e-08,0.000000000000000e+00,-1.000000000000000e+03,3.427976776598424e+03,3.753043477992708e-08,2.758903528933702e+05,3.624628369610011e-06,8.419701007469317e+08,0.000000000000000e+00,-2.452482661396971e-19,6.850393813766551e+10,6.850393813766551e+10,-7.124586408708947e+00,7.506086955999970e-08,1.000000000000000e+00,0.000000000000000e+00,-1.000000210676225e+00,9.999999999990281e-01,-9.999980851843956e-01,7.506086955992711e-08,1.000000000000000e+03,1.000000000000000e+00,
7.506087010746260e-08,0.000000000000000e+00,-7.611821152891984e-08,5.141965231790030e+03,5.141965231752500e+03,1.285304308507629e+03,7.506087010746260e-08,0.000000000000000e+00,-1.000000000000000e+03,3.427976821168334e+03,3.753045522112302e-08,2.758903536807934e+05,3.624629333135236e-06,8.419701007920135e+08,0.000000000000000e+00,3.280152877094267e-14,6.850393852870195e+10,6.850393852870195e+10,-7.124586405541383e+00,7.506087010746260e-08,1.000000000000000e+00,0.000000000000000e+00,-1.012141896157485e+00,1.000000268680459e+00,-1.012134234191345e+00,7.506089027485161e-08,1.000000000000000e+03,1.000000000000000e+00,
7.522632774085641e-08,0.000000000000000e+00,-8.039752126857946e-08,5.163337497575986e+03,5.163337497537364e+03,1.287807866395949e+03,7.522632774085641e-08,0.000000000000000e+00,-1.000000000000000e+03,3.442224998358243e+03,1.047455625817538e-08,2.761589171051152e+05,1.288176827853860e-06,8.304424496459653e+08,0.000000000000000e+00,-4.926785368629111e-08,6.863737274700288e+10,6.863737274700288e+10,-7.123630138244731e+00,7.522632774085641e-08,1.000000000000000e+00,0.000000000000000e+00,-1.037791891545917e+00,3.903503375994724e-01,-1.037780872248813e+00,5.046979233289495e-08,1.000000000000000e+03,1.000000000000000e+00,
1.423725880612289e-07,0.000000000000000e+00,-6.876852749601644e-08,1.174373133815581e+04,1.174373133814530e+04,1.520787585760999e+03,1.423725880612289e-07,0.000000000000000e+00,-1.000000000000000e+03,7.829154225430203e+03,1.578059937578157e-10,3.001012563794733e+05,1.146724177534270e-07,7.422731858333050e+08,0.000000000000000e+00,-1.648697347782882e-04,8.105468767248451e+10,8.105468767248451e+10,-6.846573620247851e+00,1.423725880612289e-07,1.000000000000000e+00,0.000000000000000e+00,-3.842260478144332e-01,3.486051811409823e-02,-3.842141373369643e-01,9.053565597695240e-09,1.000000000000000e+03,1.000000000000000e+00,
1.659058564058221e-06,0.000000000000000e+00,8.539577612995104e-04,1.344062506995886e+05,1.344060309231823e+05,1.501516581768226e+03,1.659058564058221e-06,0.000000000000000e+00,-1.000000000000000e+03,8.960402061545485e+04,2.197764062951067e-01,2.981937939175867e+05,1.715605414502007e-03,6.563010781270769e+08,0.000000000000000e+00,-6.890307098672054e-06,8.002758485786774e+10,8.002758485786774e+10,-5.780138283295463e+00,1.659058564058221e-06,1.000000000000000e+00,0.000000000000000e+00,5.147243019623403e+02,5.147243019623403e+02,-1.248776062258065e+03,8.539577612995104e-04,1.000000000000000e+03,1.000000000000000e+00,
1.829597512013881e-05,0.000000000000000e+00,2.309778346080551e-02,1.464122432008619e+06,1.464107852091525e+06,1.499742818822596e+03,1.829597512013881e-05,0.000000000000000e+00,-1.000000000000000e+03,9.760719013943502e+05,1.457991709376059e+01,2.980176115804364e+05,4.233769840628243e-03,5.709651639160455e+08,0.000000000000000e+00,-8.085597536403839e-06,7.993304713089705e+10,7.993304713089703e+10,-4.737644438978143e+00,1.829597512013881e-05,1.000000000000000e+00,0.000000000000000e+00,1.262451621689255e+03,1.262451621689255e+03,-1.871975674603754e+03,2.309778346080551e-02,1.000000000000000e+03,1.000000000000000e+00,
2.016591863728148e-04,0.000000000000000e+00,3.787419672941693e-01,1.611957863665126e+07,1.611922297351394e+07,1.499741571135421e+03,2.016591863728148e-04,0.000000000000000e+00,-1.000000000000000e+03,1.074614864900929e+07,3.556631373208673e+02,2.980174876149055e+05,6.302075890247603e-03,4.861262283229330e+08,0.000000000000000e+00,-3.044352446257278e-06,7.993298063187030e+10,7.993298063187032e+10,-3.695381989375926e+00,2.016591863728148e-04,1.000000000000000e+00,0.000000000000000e+00,1.878129006203442e+03,1.878129006203442e+03,-2.059010689680908e+03,3.787419672941693e-01,1.000000000000000e+03,1.000000000000000e+00,
7.506086955999970e-08,0.000000000000000e+00,-7.506088579477863e-08,5.141965164935166e+03,5.141965164897636e+03,1.285304301170812e+03,7.506086955999970e-08,0.000000000000000e+00,-1.000000000000000e+03,3.427976776598424e+03,3.753043477992708e-08,2.758903528933702e+05,3.624628369610011e-06,8.419701007469317e+08,0.000000000000000e+00,-2.452482661396971e-19,6.850393813766551e+10,6.850393813766551e+10,-7.124586408708947e+00,7.506086955999970e-08,1.000000000000000e+00,0.000000000000000e+00,-1.000000210676225e+00,9.999999999990281e-01,-9.999980851843956e-01,7.506086955992711e-08,1.000000000000000e+03,1.000000000000000e+00,
7.506087010746260e-08,0.000000000000000e+00,-7.611821152891984e-08,5.141965231790030e+03,5.141965231752500e+03,1.285304308507629e+03,7.506087010746260e-08,0.000000000000000e+00,-1.000000000000000e+03,3.427976821168334e+03,3.753045522112302e-08,2.758903536807934e+05,3.624629333135236e-06,8.419701007920135e+08,0.000000000000000e+00,3.280152877094267e-14,6.850393852870195e+10,6.850393852870195e+10,-7.124586405541383e+00,7.506087010746260e-08,1.000000000000000e+00,0.000000000000000e+00,-1.012141896157485e+00,1.000000268680459e+00,-1.012134234191345e+00,7.506089027485161e-08,1.000000000000000e+03,1.000000000000000e+00,
7.522632774085641e-08,0.000000000000000e+00,-8.039752126857946e-08,5.163337497575986e+03,5.163337497537364e+03,1.287807866395949e+03,7.522632774085641e-08,0.000000000000000e+00,-1.000000000000000e+03,3.442224998358243e+03,1.047455625817538e-08,2.761589171051152e+05,1.288176827853860e-06,8.304424496459653e+08,0.000000000000000e+00,-4.926785368629111e-08,6.863737274700288e+10,6.863737274700288e+10,-7.123630138244731e+00,7.522632774085641e-08,1.000000000000000e+00,0.000000000000000e+00,-1.037791891545917e+00,3.903503375994724e-01,-1.037780872248813e+00,5.046979233289495e-08,1.000000000000000e+03,1.000000000000000e+00,
1.423725880612289e-07,0.000000000000000e+00,-6.876852749601644e-08,1.174373133815581e+04,1.174373133814530e+04,1.520787585760999e+03,1.423725880612289e-07,0.000000000000000e+00,-1.000000000000000e+03,7.829154225430203e+03,1.578059937578157e-10,3.001012563794733e+05,1.146724177534270e-07,7.422731858333050e+08,0.000000000000000e+00,-1.648697347782882e-04,8.105468767248451e+10,8.105468767248451e+10,-6.846573620247851e+00,1.423725880612289e-07,1.000000000000000e+00,0.000000000000000e+00,-3.842260478144332e-01,3.486051811409823e-02,-3.842141373369643e-01,9.053565597695240e-09,1.000000000000000e+03,1.000000000000000e+00,
1.659058564058221e-06,0.000000000000000e+00,8.539577612995104e-04,1.344062506995886e+05,1.344060309231823e+05,1.501516581768226e+03,1.659058564058221e-06,0.000000000000000e+00,-1.000000000000000e+03,8.960402061545485e+04,2.197764062951067e-01,2.981937939175867e+05,1.715605414502007e-03,6.563010781270769e+08,0.000000000000000e+00,-6.890307098672054e-06,8.002758485786774e+10,8.002758485786774e+10,-5.780138283295463e+00,1.659058564058221e-06,1.000000000000000e+00,0.000000000000000e+00,5.147243019623403e+02,5.147243019623403e+02,-1.248776062258065e+03,8.539577612995104e-04,1.000000000000000e+03,1.000000000000000e+00,
1.829597512013881e-05,0.000000000000000e+00,2.309778346080551e-02,1.464122432008619e+06,1.464107852091525e+06,1.499742818822596e+03,1.829597512013881e-05,0.000000000000000e+00,-1.000000000000000e+03,9.760719013943502e+05,1.457991709376059e+01,2.980176115804364e+05,4.233769840628243e-03,5.709651639160455e+08,0.000000000000000e+00,-8.085597536403839e-06,7.993304713089705e+10,7.993304713089703e+10,-4.737644438978143e+00,1.829597512013881e-05,1.000000000000000e+00,0.000000000000000e+00,1.262451621689255e+03,1.262451621689255e+03,-1.871975674603754e+03,2.309778346080551e-02,1.000000000000000e+03,1.000000000000000e+00,
2.016591863728148e-04,0.000000000000000e+00,3.787419672941693e-01,1.611957863665126e+07,1.611922297351394e+07,1.499741571135421e+03,2.016591863728148e-04,0.000000000000000e+00,-1.000000000000000e+03,1.074614864900929e+07,3.556631373208673e+02,2.980174876149055e+05,6.302075890247603e-03,4.861262283229330e+08,0.000000000000000e+00,-3.044352446257278e-06,7.993298063187030e+10,7.993298063187032e+10,-3.695381989375926e+00,2.016591863728148e-04,1.000000000000000e+00,0.000000000000000e+00,1.878129006203442e+03,1.878129006203442e+03,-2.059010689680908e+03,3.787419672941693e-01,1.000000000000000e+03,1.000000000000000e+00,
7.506086955999970e-08,0.000000000000000e+00,-7.506088579477863e-08,5.141965164935166e+03,5.141965164897636e+03,1.285304301170812e+03,7.506086955999970e-08,0.000000000000000e+00,-1.000000000000000e+03,3.427976776598424e+03,3.753043477992708e-08,2.758903528933702e+05,3.624628369610011e-06,8.419701007469317e+08,0.000000000000000e+00,-2.452482661396971e-19,6.850393813766551e+10,6.850393813766551e+10,-7.124586408708947e+00,7.506086955999970e-08,1.000000000000000e+00,0.000000000000000e+00,-1.000000210676225e+00,9.999999999990281e-01,-9.695818671236698e-01,7.506086955992711e-08,1.000000000000000e+03,1.000000000000000e+00,
7.506087010746260e-08,0.000000000000000e+00,-7.611821152891984e-08,5.141965231790030e+03,5.141965231752500e+03,1.285304308507629e+03,7.506087010746260e-08,0.000000000000000e+00,-1.000000000000000e+03,3.427976821168334e+03,3.753045522112302e-08,2.758903536807934e+05,3.624629333135236e-06,8.419701007920135e+08,0.000000000000000e+00,3.280152877094267e-14,6.850393852870195e+10,6.850393852870195e+10,-7.124586405541383e+00,7.506087010746260e-08,1.000000000000000e+00,0.000000000000000e+00,-1.012141896157485e+00,1.000000268680459e+00,-9.476891525395319e-01,7.506089027485161e-08,1.000000000000000e+03,1.000000000000000e+00,
7.522632774085641e-08,0.000000000000000e+00,-8.039752126857946e-08,5.163337497575986e+03,5.163337497537364e+03,1.287807866395949e+03,7.522632774085641e-08,0.000000000000000e+00,-1.000000000000000e+03,3.442224998358243e+03,1.047455625817538e-08,2.761589171051152e+05,1.288176827853860e-06,8.304424496459653e+08,0.000000000000000e+00,-4.926785368629111e-08,6.863737274700288e+10,6.863737274700288e+10,-7.123630138244731e+00,7.522632774085641e-08,1.000000000000000e+00,0.000000000000000e+00,-1.037791891545917e+00,3.903503375994724e-01,-9.041988949950206e-01,5.046979233289495e-08,1.000000000000000e+03,1.000000000000000e+00,
1.423725880612289e-07,0.000000000000000e+00,-6.876852749601644e-08,1.174373133815581e+04,1.174373133814530e+04,1.520787585760999e+03,1.423725880612289e-07,0.000000000000000e+00,-1.000000000000000e+03,7.829154225430203e+03,1.578059937578157e-10,3.001012563794733e+05,1.146724177534270e-07,7.422731858333050e+08,0.000000000000000e+00,-1.648697347782882e-04,8.105468767248451e+10,8.105468767248451e+10,-6.846573620247851e+00,1.423725880612289e-07,1.000000000000000e+00,0.000000000000000e+00,-3.842260478144332e-01,3.486051811409823e-02,-2.695580486916910e-01,9.053565597695240e-09,1.000000000000000e+03,1.000000000000000e+00,
1.659058564058221e-06,0.000000000000000e+00,8.539577612995104e-04,1.344062506995886e+05,1.344060309231823e+05,1.501516581768226e+03,1.659058564058221e-06,0.000000000000000e+00,-1.000000000000000e+03,8.960402061545485e+04,2.197764062951067e-01,2.981937939175867e+05,1.715605414502007e-03,6.563010781270769e+08,0.000000000000000e+00,-6.890307098672054e-06,8.002758485786774e+10,8.002758485786774e+10,-5.780138283295463e+00,1.659058564058221e-06,1.000000000000000e+00,0.000000000000000e+00,5.147243019623403e+02,5.147243019623403e+02,-8.761198661983552e+02,8.539577612995104e-04,1.000000000000000e+03,1.000000000000000e+00,
1.829597512013881e-05,0.000000000000000e+00,2.309778346080551e-02,1.464122432008619e+06,1.464107852091525e+06,1.499742818822596e+03,1.829597512013881e-05,0.000000000000000e+00,-1.000000000000000e+03,9.760719013943502e+05,1.457991709376059e+01,2.980176115804364e+05,4.233769840628243e-03,5.709651639160455e+08,0.000000000000000e+00,-8.085597536403839e-06,7.993304713089705e+10,7.993304713089703e+10,-4.737644438978143e+00,1.829597512013881e-05,1.000000000000000e+00,0.000000000000000e+00,1.262451621689255e+03,1.262451621689255e+03,-1.670409990021901e+03,2.309778346080551e-02,1.000000000000000e+03,1.000000000000000e+00,
2.016591863728148e-04,0.000000000000000e+00,3.787419672941693e-01,1.611957863665126e+07,1.611922297351394e+07,1.499741571135421e+03,2.016591863728148e-04,0.000000000000000e+00,-1.000000000000000e+03,1.074614864900929e+07,3.556631373208673e+02,2.980174876149055e+05,6.302075890247603e-03,4.861262283229330e+08,0.000000000000000e+00,-3.044352446257278e-06,7.993298063187030e+10,7.993298063187032e+10,-3.695381989375926e+00,2.016591863728148e-04,1.000000000000000e+00,0.000000000000000e+00,1.878129006203442e+03,1.878129006203442e+03,-1.951308222437259e+03,3.787419672941693e-01,1.000000000000000e+03,1.000000000000000e+00,
7.506086955999970e-08,0.000000000000000e+00,-7.506088579477863e-08,5.141965164935166e+03,5.141965164897636e+03,1.285304301170812e+03,7.506086955999970e-08,0.000000000000000e+00,-1.000000000000000e+03,3.427976776598424e+03,3.753043477992708e-08,2.758903528933702e+05,3.624628369610011e-06,8.419701007469317e+08,0.000000000000000e+00,-2.452482661396971e-19,6.850393813766551e+10,6.850393813766551e+10,-7.124586408708947e+00,7.506086955999970e-08,1.000000000000000e+00,0.000000000000000e+00,-1.000000210676225e+00,9.999999999990281e-01,-8.933757570577912e-01,7.506086955992711e-08,1.000000000000000e+03,1.000000000000000e+00,
7.506087010746260e-08,0.000000000000000e+00,-7.611821152891984e-08,5.141965231790030e+03,5.141965231752500e+03,1.285304308507629e+03,7.506087010746260e-08,0.000000000000000e+00,-1.000000000000000e+03,3.427976821168334e+03,3.753045522112302e-08,2.758903536807934e+05,3.624629333135236e-06,8.419701007920135e+08,0.000000000000000e+00,3.280152877094267e-14,6.850393852870195e+10,6.850393852870195e+10,-7.124586405541383e+00,7.506087010746260e-08,1.000000000000000e+00,0.000000000000000e+00,-1.012141896157485e+00,1.000000268680459e+00,-8.303789945705110e-01,7.506089027485161e-08,1.000000000000000e+03,1.000000000000000e+00,
7.522632774085641e-08,0.000000000000000e+00,-8.039752126857946e-08,5.163337497575986e+03,5.163337497537364e+03,1.287807866395949e+03,7.522632774085641e-08,0.000000000000000e+00,-1.000000000000000e+03,3.442224998358243e+03,1.047455625817538e-08,2.761589171051152e+05,1.288176827853860e-06,8.304424496459653e+08,0.000000000000000e+00,-4.926785368629111e-08,6.863737274700288e+10,6.863737274700288e+10,-7.123630138244731e+00,7.522632774085641e-08,1.000000000000000e+00,0.000000000000000e+00,-1.037791891545917e+00,3.903503375994724e-01,-7.137174869252647e-01,5.046979233289495e-08,1.000000000000000e+03,1.000000000000000e+00,
1.423725880612289e-07,0.000000000000000e+00,-6.876852749601644e-08,1.174373133815581e+04,1.174373133814530e+04,1.520787585760999e+03,1.423725880612289e-07,0.000000000000000e+00,-1.000000000000000e+03,7.829154225430203e+03,1.578059937578157e-10,3.001012563794733e+05,1.146724177534270e-07,7.422731858333050e+08,0.000000000000000e+00,-1.648697347782882e-04,8.105468767248451e+10,8.105468767248451e+10,-6.846573620247851e+00,1.423725880612289e-07,1.000000000000000e+00,0.000000000000000e+00,-3.842260478144332e-01,3.486051811409823e-02,-1.702208445188585e-01,9.053565597695240e-09,1.000000000000000e+03,1.000000000000000e+00,
1.659058564058221e-06,0.000000000000000e+00,8.539577612995104e-04,1.344062506995886e+05,1.344060309231823e+05,1.501516581768226e+03,1.659058564058221e-06,0.000000000000000e+00,-1.000000000000000e+03,8.960402061545485e+04,2.197764062951067e-01,2.981937939175867e+05,1.715605414502007e-03,6.563010781270769e+08,0.000000000000000e+00,-6.890307098672054e-06,8.002758485786774e+10,8.002758485786774e+10,-5.780138283295463e+00,1.659058564058221e-06,1.000000000000000e+00,0.000000000000000e+00,5.147243019623403e+02,5.147243019623403e+02,-5.532532389511629e+02,8.539577612995104e-04,1.000000000000000e+03,1.000000000000000e+00,
1.829597512013881e-05,0.000000000000000e+00,2.309778346080551e-02,1.464122432008619e+06,1.464107852091525e+06,1.499742818822596e+03,1.829597512013881e-05,0.000000000000000e+00,-1.000000000000000e+03,9.760719013943502e+05,1.457991709376059e+01,2.980176115804364e+05,4.233769840628243e-03,5.709651639160455e+08,0.000000000000000e+00,-8.085597536403839e-06,7.993304713089705e+10,7.993304713089703e+10,-4.737644438978143e+00,1.829597512013881e-05,1.000000000000000e+00,0.000000000000000e+00,1.262451621689255e+03,1.262451621689255e+03,-1.318516121632567e+03,2.309778346080551e-02,1.000000000000000e+03,1.000000000000000e+00,
2.016591863728148e-04,0.000000000000000e+00,3.787419672941693e-01,1.611957863665126e+07,1.611922297351394e+07,1.499741571135421e+03,2.016591863728148e-04,0.000000000000000e+00,-1.000000000000000e+03,1.074614864900929e+07,3.556631373208673e+02,2.980174876149055e+05,6.302075890247603e-03,4.861262283229330e+08,0.000000000000000e+00,-3.044352446257278e-06,7.993298063187030e+10,7.993298063187032e+10,-3.695381989375926e+00,2.016591863728148e-04,1.000000000000000e+00,0.000000000000000e+00,1.878129006203442e+03,1.878129006203442e+03,-1.709764594754114e+03,3.787419672941693e-01,1.000000000000000e+03,1.000000000000000e+00,

64,28
1.639548758574599e-02,0.000000000000000e+00,3.312319597816757e+01,1.618008054029609e+09,1.617974595246939e+09,1.852514832446028e+03,1.639548758574599e-02,0.000000000000000e+00,-1.000000000000000e+03,1.078649730164626e+09,3.345878267023726e+04,3.312183437892986e+05,6.894308645848162e-03,4.848285827082583e+08,2.500000000000000e-07,5.050683686874829e-04,9.873503213627336e+10,9.873503213627336e+10,-1.785275663309944e+00,1.639548758574599e-02,1.000000000000000e+00,0.000000000000000e+00,2.060828643943967e+03,2.060828643943967e+03,-1.239257532679736e+03,3.312319597816757e+01,1.000000000000000e+03,1.000000000000000e+00,
1.639548758574599e-02,0.000000000000000e+00,3.312319597816757e+01,1.618008054029609e+09,1.617974595246939e+09,1.852514832446028e+03,1.639548758574599e-02,0.000000000000000e+00,-1.000000000000000e+03,1.078649730164626e+09,3.345878267023726e+04,3.312183437892986e+05,6.894308645848162e-03,4.848285827082583e+08,2.500000000000000e-07,5.050683686874829e-04,9.873503213627336e+10,9.873503213627336e+10,-1.785275663309944e+00,1.639548758574599e-02,1.000000000000000e+00,0.000000000000000e+00,2.060828643943967e+03,2.060828643943967e+03,-1.239257532679736e+03,3.312319597816757e+01,1.000000000000000e+03,1.000000000000000e+00,
1.639548758574599e-02,0.000000000000000e+00,3.312319597816757e+01,1.618008054029609e+09,1.617974595246939e+09,1.852514832446028e+03,1.639548758574599e-02,0.000000000000000e+00,-1.000000000000000e+03,1.078649730164626e+09,3.345878267023726e+04,3.312183437892986e+05,6.894308645848162e-03,4.848285827082583e+08,2.500000000000000e-07,5.050683686874829e-04,9.873503213627336e+10,9.873503213627336e+10,-1.785275663309944e+00,1.639548758574599e-02,1.000000000000000e+00,0.000000000000000e+00,2.060828643943967e+03,2.060828643943967e+03,-1.460021153339399e+03,3.312319597816757e+01,1.000000000000000e+03,1.000000000000000e+00,
1.639548758574599e-02,0.000000000000000e+00,3.312319597816757e+01,1.618008054029609e+09,1.617974595246939e+09,1.852514832446028e+03,1.639548758574599e-02,0.000000000000000e+00,-1.000000000000000e+03,1.078649730164626e+09,3.345878267023726e+04,3.312183437892986e+05,6.894308645848162e-03,4.848285827082583e+08,2.500000000000000e-07,5.050683686874829e-04,9.873503213627336e+10,9.873503213627336e+10,-1.785275663309944e+00,1.639548758574599e-02,1.000000000000000e+00,0.000000000000000e+00,2.060828643943967e+03,2.060828643943967e+03,-1.716968481852264e+03,3.312319597816757e+01,1.000000000000000e+03,1.000000000000000e+00,
1.639548758574599e-02,0.000000000000000e+00,3.312319597816757e+01,1.618008054029609e+09,1.617974595246939e+09,1.852514832446028e+03,1.639548758574599e-02,0.000000000000000e+00,-1.000000000000000e+03,1.078649730164626e+09,3.345878267023726e+04,3.312183437892986e+05,6.894308645848162e-03,4.848285827082583e+08,2.500000000000000e-07,5.050683686874829e-04,9.873503213627336e+10,9.873503213627336e+10,-1.785275663309944e+00,1.639548758574599e-02,1.000000000000000e+00,0.000000000000000e+00,2.060828643943967e+03,2.060828643943967e+03,-1.955765152759447e+03,3.312319597816757e+01,1.000000000000000e+03,1.000000000000000e+00,
1.639548758574599e-02,0.000000000000000e+00,3.312319597816757e+01,1.618008054029609e+09,1.617974595246939e+09,1.852514832446028e+03,1.639548758574599e-02,0.000000000000000e+00,-1.000000000000000e+03,1.078649730164626e+09,3.345878267023726e+04,3.312183437892986e+05,6.894308645848162e-03,4.848285827082583e+08,2.500000000000000e-07,5.050683686874829e-04,9.873503213627336e+10,9.873503213627336e+10,-1.785275663309944e+00,1.639548758574599e-02,1.000000000000000e+00,0.000000000000000e+00,2.060828643943967e+03,2.060828643943967e+03,-1.955765152759447e+03,3.312319597816757e+01,1.000000000000000e+03,1.000000000000000e+00,
1.639548758574599e-02,0.000000000000000e+00,3.312319597816757e+01,1.618008054029609e+09,1.617974595246939e+09,1.852514832446028e+03,1.639548758574599e-02,0.000000000000000e+00,-1.000000000000000e+03,1.078649730164626e+09,3.345878267023726e+04,3.312183437892986e+05,6.894308645848162e-03,4.848285827082583e+08,2.500000000000000e-07,5.050683686874829e-04,9.873503213627336e+10,9.873503213627336e+10,-1.785275663309944e+00,1.639548758574599e-02,1.000000000000000e+00,0.000000000000000e+00,2.060828643943967e+03,2.060828643943967e+03,-1.716968481852264e+03,3.312319597816757e+01,1.000000000000000e+03,1.000000000000000e+00,
1.639548758574599e-02,0.000000000000000e+00,3.312319597816757e+01,1.618008054029609e+09,1.617974595246939e+09,1.852514832446028e+03,1.639548758574599e-02,0.000000000000000e+00,-1.000000000000000e+03,1.078649730164626e+09,3.345878267023726e+04,3.312183437892986e+05,6.894308645848162e-03,4.848285827082583e+08,2.500000000000000e-07,5.050683686874829e-04,9.873503213627336e+10,9.873503213627336e+10,-1.785275663309944e+00,1.639548758574599e-02,1.000000000000000e+00,0.000000000000000e+00,2.060828643943967e+03,2.060828643943967e+03,-1.460021153339399e+03,3.312319597816757e+01,1.000000000000000e+03,1.000000000000000e+00,
7.506086998123788e-08,0.000000000000000e+00,-7.506086955992711e-08,5.141965216349599e+03,5.141965216312069e+03,1.285304306809491e+03,7.506086998123788e-08,0.000000000000000e+00,-1.000000000000000e+03,3.427976810874713e+03,3.753045080416136e-08,2.758903534985409e+05,3.624629125285868e-06,8.419701007813482e+08,0.000000000000000e+00,2.596434833801453e-14,6.850393843819487e+10,6.850393843819487e+10,-7.124586406271706e+00,7.506086998123788e-08,1.000000000000000e+00,0.000000000000000e+00,-9.999999999990281e-01,1.000000210676225e+00,-6.017492331899035e-01,7.506088579477863e-08,1.000000000000000e+03,1.000000000000000e+00,
7.520507926595713e-08,0.000000000000000e+00,-7.506089027485161e-08,5.160564539863034e+03,5.160564539824512e+03,1.287479914716659e+03,7.520507926595713e-08,0.000000000000000e+00,-1.000000000000000e+03,3.440376359883009e+03,3.852121547449874e-08,2.761237517090878e+05,3.665537245140124e-06,8.419920411699800e+08,0.000000000000000e+00,5.686100887827283e-10,6.861989363211177e+10,6.861989363211176e+10,-7.123752826659904e+00,7.520507926595713e-08,1.000000000000000e+00,0.000000000000000e+00,-1.000000268680459e+00,1.012141896157485e+00,-4.547657914119550e-01,7.611821152891984e-08,1.000000000000000e+03,1.000000000000000e+00,
1.375751268567054e-07,0.000000000000000e+00,-5.046979233289495e-08,1.136947954540068e+04,1.136947954539020e+04,1.626455452937391e+03,1.375751268567054e-07,0.000000000000000e+00,-1.000000000000000e+03,7.579653030260132e+03,4.149177301207975e-08,3.103520516214001e+05,3.728490579556267e-06,8.472178926957155e+08,0.000000000000000e+00,1.552032365591427e-09,8.668655635105093e+10,8.668655635105093e+10,-6.861460078057844e+00,1.375751268567054e-07,1.000000000000000e+00,0.000000000000000e+00,-3.903503375994724e-01,1.037791891545917e+00,-9.554497569844404e-02,8.039752126857946e-08,1.000000000000000e+03,1.000000000000000e+00,
1.597974024012672e-06,0.000000000000000e+00,8.141709894162161e-04,1.295234928359713e+05,1.295232854250904e+05,1.599580055134556e+03,1.597974024012672e-06,0.000000000000000e+00,-1.000000000000000e+03,8.634885695006026e+04,2.074108809173370e-01,3.077772567595438e+05,2.210471612324687e-03,8.291237636257385e+08,0.000000000000000e+00,1.083823837836817e-05,8.525415580058714e+10,8.525415580058714e+10,-5.796430284671370e+00,1.597974024012672e-06,1.000000000000000e+00,0.000000000000000e+00,6.776695271800381e+02,6.776695271800381e+02,1.262438557170158e+02,8.141709894162161e-04,1.000000000000000e+03,1.000000000000000e+00,
1.762262300000882e-05,0.000000000000000e+00,2.200739195540236e-02,1.410309699129521e+06,1.410295957551417e+06,1.520013557922052e+03,1.762262300000882e-05,0.000000000000000e+00,-1.000000000000000e+03,9.401973050342783e+05,1.374157810328422e+01,3.000248761232493e+05,4.187930128883030e-03,7.409131188025620e+08,0.000000000000000e+00,-2.709089410225033e-06,8.101343366349399e+10,8.101343366349397e+10,-4.753929449519419e+00,1.762262300000882e-05,1.000000000000000e+00,0.000000000000000e+00,1.248814773793399e+03,1.248814773793399e+03,-1.007286333385945e+00,2.200739195540236e-02,1.000000000000000e+03,1.000000000000000e+00,
1.942374782200421e-04,0.000000000000000e+00,3.636106302215377e-01,1.552633383889356e+07,1.552599350114921e+07,1.501439823857932e+03,1.942374782200421e-04,0.000000000000000e+00,-1.000000000000000e+03,1.035066233409947e+07,3.403377443469653e+02,2.981861719488091e+05,6.281474638017410e-03,6.549659920296028e+08,0.000000000000000e+00,-3.093732514501198e-06,8.002349382733623e+10,8.002349382733624e+10,-3.711666969001818e+00,1.942374782200421e-04,1.000000000000000e+00,0.000000000000000e+00,1.871990068825035e+03,1.871990068825035e+03,-3.090068020858916e+02,3.636106302215377e-01,1.000000000000000e+03,1.000000000000000e+00,
2.128700107030184e-03,0.000000000000000e+00,4.383031215300592e+00,1.708970476098572e+08,1.708925352404138e+08,1.506256842384774e+03,2.128700107030184e-03,0.000000000000000e+00,-1.000000000000000e+03,1.139283568269425e+08,4.512369443411454e+03,2.986641192076111e+05,6.894091307043106e-03,5.696327710418249e+08,0.000000000000000e+00,-2.170928144236086e-07,8.028023049185229e+10,8.028023049185229e+10,-2.671885518005459e+00,2.128700107030184e-03,1.000000000000000e+00,0.000000000000000e+00,2.059017707954878e+03,2.059017707954878e+03,-8.438627302381334e+02,4.383031215300592e+00,1.000000000000000e+03,1.000000000000000e+00,
7.506086998123788e-08,0.000000000000000e+00,-7.506086955992711e-08,5.141965216349599e+03,5.141965216312069e+03,1.285304306809491e+03,7.506086998123788e-08,0.000000000000000e+00,-1.000000000000000e+03,3.427976810874713e+03,3.753045080416136e-08,2.758903534985409e+05,3.624629125285868e-06,8.419701007813482e+08,0.000000000000000e+00,2.596434833801453e-14,6.850393843819487e+10,6.850393843819487e+10,-7.124586406271706e+00,7.506086998123788e-08,1.000000000000000e+00,0.000000000000000e+00,-9.999999999990281e-01,1.000000210676225e+00,-6.017492331899035e-01,7.506088579477863e-08,1.000000000000000e+03,1.000000000000000e+00,
7.520507926595713e-08,0.000000000000000e+00,-7.506089027485161e-08,5.160564539863034e+03,5.160564539824512e+03,1.287479914716659e+03,7.520507926595713e-08,0.000000000000000e+00,-1.000000000000000e+03,3.440376359883009e+03,3.852121547449874e-08,2.761237517090878e+05,3.665537245140124e-06,8.419920411699800e+08,0.000000000000000e+00,5.686100887827283e-10,6.861989363211177e+10,6.861989363211176e+10,-7.123752826659904e+00,7.520507926595713e-08,1.000000000000000e+00,0.000000000000000e+00,-1.000000268680459e+00,1.012141896157485e+00,-4.547657914119550e-01,7.611821152891984e-08,1.000000000000000e+03,1.000000000000000e+00,
1.375751268567054e-07,0.000000000000000e+00,-5.046979233289495e-08,1.136947954540068e+04,1.136947954539020e+04,1.626455452937391e+03,1.375751268567054e-07,0.000000000000000e+00,-1.000000000000000e+03,7.579653030260132e+03,4.149177301207975e-08,3.103520516214001e+05,3.728490579556267e-06,8.472178926957155e+08,0.000000000000000e+00,1.552032365591427e-09,8.668655635105093e+10,8.668655635105093e+10,-6.861460078057844e+00,1.375751268567054e-07,1.000000000000000e+00,0.000000000000000e+00,-3.903503375994724e-01,1.037791891545917e+00,-9.554497569844404e-02,8.039752126857946e-08,1.000000000000000e+03,1.000000000000000e+00,
1.597974024012672e-06,0.000000000000000e+00,8.141709894162161e-04,1.295234928359713e+05,1.295232854250904e+05,1.599580055134556e+03,1.597974024012672e-06,0.000000000000000e+00,-1.000000000000000e+03,8.634885695006026e+04,2.074108809173370e-01,3.077772567595438e+05,2.210471612324687e-03,8.291237636257385e+08,0.000000000000000e+00,1.083823837836817e-05,8.525415580058714e+10,8.525415580058714e+10,-5.796430284671370e+00,1.597974024012672e-06,1.000000000000000e+00,0.000000000000000e+00,6.776695271800381e+02,6.776695271800381e+02,1.262438557170158e+02,8.141709894162161e-04,1.000000000000000e+03,1.000000000000000e+00,
1.762262300000882e-05,0.000000000000000e+00,2.200739195540236e-02,1.410309699129521e+06,1.410295957551417e+06,1.520013557922052e+03,1.762262300000882e-05,0.000000000000000e+00,-1.000000000000000e+03,9.401973050342783e+05,1.374157810328422e+01,3.000248761232493e+05,4.187930128883030e-03,7.409131188025620e+08,0.000000000000000e+00,-2.709089410225033e-06,8.101343366349399e+10,8.101343366349397e+10,-4.753929449519419e+00,1.762262300000882e-05,1.000000000000000e+00,0.000000000000000e+00,1.248814773793399e+03,1.248814773793399e+03,-1.007286333385945e+00,2.200739195540236e-02,1.000000000000000e+03,1.000000000000000e+00,
1.942374782200421e-04,0.000000000000000e+00,3.636106302215377e-01,1.552633383889356e+07,1.552599350114921e+07,1.501439823857932e+03,1.942374782200421e-04,0.000000000000000e+00,-1.000000000000000e+03,1.035066233409947e+07,3.403377443469653e+02,2.981861719488091e+05,6.281474638017410e-03,6.549659920296028e+08,0.000000000000000e+00,-3.093732514501198e-06,8.002349382733623e+10,8.002349382733624e+10,-3.711666969001818e+00,1.942374782200421e-04,1.000000000000000e+00,0.000000000000000e+00,1.871990068825035e+03,1.871990068825035e+03,-3.090068020858916e+02,3.636106302215377e-01,1.000000000000000e+03,1.000000000000000e+00,
2.128700107030184e-03,0.000000000000000e+00,4.383031215300592e+00,1.708970476098572e+08,1.708925352404138e+08,1.506256842384774e+03,2.128700107030184e-03,0.000000000000000e+00,-1.000000000000000e+03,1.139283568269425e+08,4.512369443411454e+03,2.986641192076111e+05,6.894091307043106e-03,5.696327710418249e+08,0.000000000000000e+00,-2.170928144236086e-07,8.028023049185229e+10,8.028023049185229e+10,-2.671885518005459e+00,2.128700107030184e-03,1.000000000000000e+00,0.000000000000000e+00,2.059017707954878e+03,2.059017707954878e+03,-8.438627302381334e+02,4.383031215300592e+00,1.000000000000000e+03,1.000000000000000e+00,
7.506086998123788e-08,0.000000000000000e+00,-7.506086955992711e-08,5.141965216349599e+03,5.141965216312069e+03,1.285304306809491e+03,7.506086998123788e-08,0.000000000000000e+00,-1.000000000000000e+03,3.427976810874713e+03,3.753045080416136e-08,2.758903534985409e+05,3.624629125285868e-06,8.419701007813482e+08,0.000000000000000e+00,2.596434833801453e-14,6.850393843819487e+10,6.850393843819487e+10,-7.124586406271706e+00,7.506086998123788e-08,1.000000000000000e+00,0.000000000000000e+00,-9.999999999990281e-01,1.000000210676225e+00,-7.089459505347800e-01,7.506088579477863e-08,1.000000000000000e+03,1.000000000000000e+00,
7.520507926595713e-08,0.000000000000000e+00,-7.506089027485161e-08,5.160564539863034e+03,5.160564539824512e+03,1.287479914716659e+03,7.520507926595713e-08,0.000000000000000e+00,-1.000000000000000e+03,3.440376359883009e+03,3.852121547449874e-08,2.761237517090878e+05,3.665537245140124e-06,8.419920411699800e+08,0.000000000000000e+00,5.686100887827283e-10,6.861989363211177e+10,6.861989363211176e+10,-7.123752826659904e+00,7.520507926595713e-08,1.000000000000000e+00,0.000000000000000e+00,-1.000000268680459e+00,1.012141896157485e+00,-5.639647887194871e-01,7.611821152891984e-08,1.000000000000000e+03,1.000000000000000e+00,
1.375751268567054e-07,0.000000000000000e+00,-5.046979233289495e-08,1.136947954540068e+04,1.136947954539020e+04,1.626455452937391e+03,1.375751268567054e-07,0.000000000000000e+00,-1.000000000000000e+03,7.579653030260132e+03,4.149177301207975e-08,3.103520516214001e+05,3.728490579556267e-06,8.472178926957155e+08,0.000000000000000e+00,1.552032365591427e-09,8.668655635105093e+10,8.668655635105093e+10,-6.861460078057844e+00,1.375751268567054e-07,1.000000000000000e+00,0.000000000000000e+00,-3.903503375994724e-01,1.037791891545917e+00,-1.245980623497714e-01,8.039752126857946e-08,1.000000000000000e+03,1.000000000000000e+00,
1.597974024012672e-06,0.000000000000000e+00,8.141709894162161e-04,1.295234928359713e+05,1.295232854250904e+05,1.599580055134556e+03,1.597974024012672e-06,0.000000000000000e+00,-1.000000000000000e+03,8.634885695006026e+04,2.074108809173370e-01,3.077772567595438e+05,2.210471612324687e-03,8.291237636257385e+08,0.000000000000000e+00,1.083823837836817e-05,8.525415580058714e+10,8.525415580058714e+10,-5.796430284671370e+00,1.597974024012672e-06,1.000000000000000e+00,0.000000000000000e+00,6.776695271800381e+02,6.776695271800381e+02,1.851648850034915e+02,8.141709894162161e-04,1.000000000000000e+03,1.000000000000000e+00,
1.762262300000882e-05,0.000000000000000e+00,2.200739195540236e-02,1.410309699129521e+06,1.410295957551417e+06,1.520013557922052e+03,1.762262300000882e-05,0.000000000000000e+00,-1.000000000000000e+03,9.401973050342783e+05,1.374157810328422e+01,3.000248761232493e+05,4.187930128883030e-03,7.409131188025620e+08,0.000000000000000e+00,-2.709089410225033e-06,8.101343366349399e+10,8.101343366349397e+10,-4.753929449519419e+00,1.762262300000882e-05,1.000000000000000e+00,0.000000000000000e+00,1.248814773793399e+03,1.248814773793399e+03,-1.343923100513135e+00,2.200739195540236e-02,1.000000000000000e+03,1.000000000000000e+00,
1.942374782200421e-04,0.000000000000000e+00,3.636106302215377e-01,1.552633383889356e+07,1.552599350114921e+07,1.501439823857932e+03,1.942374782200421e-04,0.000000000000000e+00,-1.000000000000000e+03,1.035066233409947e+07,3.403377443469653e+02,2.981861719488091e+05,6.281474638017410e-03,6.549659920296028e+08,0.000000000000000e+00,-3.093732514501198e-06,8.002349382733623e+10,8.002349382733624e+10,-3.711666969001818e+00,1.942374782200421e-04,1.000000000000000e+00,0.000000000000000e+00,1.871990068825035e+03,1.871990068825035e+03,-4.029688480357048e+02,3.636106302215377e-01,1.000000000000000e+03,1.000000000000000e+00,
2.128700107030184e-03,0.000000000000000e+00,4.383031215300592e+00,1.708970476098572e+08,1.708925352404138e+08,1.506256842384774e+03,2.128700107030184e-03,0.000000000000000e+00,-1.000000000000000e+03,1.139283568269425e+08,4.512369443411454e+03,2.986641192076111e+05,6.894091307043106e-03,5.696327710418249e+08,0.000000000000000e+00,-2.170928144236086e-07,8.028023049185229e+10,8.028023049185229e+10,-2.671885518005459e+00,2.128700107030184e-03,1.000000000000000e+00,0.000000000000000e+00,2.059017707954878e+03,2.059017707954878e+03,-1.046492228206960e+03,4.383031215300592e+00,1.000000000000000e+03,1.000000000000000e+00,
7.506086998123788e-08,0.000000000000000e+00,-7.506086955992711e-08,5.141965216349599e+03,5.141965216312069e+03,1.285304306809491e+03,7.506086998123788e-08,0.000000000000000e+00,-1.000000000000000e+03,3.427976810874713e+03,3.753045080416136e-08,2.758903534985409e+05,3.624629125285868e-06,8.419701007813482e+08,0.000000000000000e+00,2.596434833801453e-14,6.850393843819487e+10,6.850393843819487e+10,-7.124586406271706e+00,7.506086998123788e-08,1.000000000000000e+00,0.000000000000000e+00,-9.999999999990281e-01,1.000000210676225e+00,-8.337124771246726e-01,7.506088579477863e-08,1.000000000000000e+03,1.000000000000000e+00,
7.520507926595713e-08,0.000000000000000e+00,-7.506089027485161e-08,5.160564539863034e+03,5.160564539824512e+03,1.287479914716659e+03,7.520507926595713e-08,0.000000000000000e+00,-1.000000000000000e+03,3.440376359883009e+03,3.852121547449874e-08,2.761237517090878e+05,3.665537245140124e-06,8.419920411699800e+08,0.000000000000000e+00,5.686100887827283e-10,6.861989363211177e+10,6.861989363211176e+10,-7.123752826659904e+00,7.520507926595713e-08,1.000000000000000e+00,0.000000000000000e+00,-1.000000268680459e+00,1.012141896157485e+00,-7.184825901605781e-01,7.611821152891984e-08,1.000000000000000e+03,1.000000000000000e+00,
1.375751268567054e-07,0.000000000000000e+00,-5.046979233289495e-08,1.136947954540068e+04,1.136947954539020e+04,1.626455452937391e+03,1.375751268567054e-07,0.000000000000000e+00,-1.000000000000000e+03,7.579653030260132e+03,4.149177301207975e-08,3.103520516214001e+05,3.728490579556267e-06,8.472178926957155e+08,0.000000000000000e+00,1.552032365591427e-09,8.668655635105093e+10,8.668655635105093e+10,-6.861460078057844e+00,1.375751268567054e-07,1.000000000000000e+00,0.000000000000000e+00,-3.903503375994724e-01,1.037791891545917e+00,-1.762071907822053e-01,8.039752126857946e-08,1.000000000000000e+03,1.000000000000000e+00,
1.597974024012672e-06,0.000000000000000e+00,8.141709894162161e-04,1.295234928359713e+05,1.295232854250904e+05,1.599580055134556e+03,1.597974024012672e-06,0.000000000000000e+00,-1.000000000000000e+03,8.634885695006026e+04,2.074108809173370e-01,3.077772567595438e+05,2.210471612324687e-03,8.291237636257385e+08,0.000000000000000e+00,1.083823837836817e-05,8.525415580058714e+10,8.525415580058714e+10,-5.796430284671370e+00,1.597974024012672e-06,1.000000000000000e+00,0.000000000000000e+00,6.776695271800381e+02,6.776695271800381e+02,3.337534692883664e+02,8.141709894162161e-04,1.000000000000000e+03,1.000000000000000e+00,
1.762262300000882e-05,0.000000000000000e+00,2.200739195540236e-02,1.410309699129521e+06,1.410295957551417e+06,1.520013557922052e+03,1.762262300000882e-05,0.000000000000000e+00,-1.000000000000000e+03,9.401973050342783e+05,1.374157810328422e+01,3.000248761232493e+05,4.187930128883030e-03,7.409131188025620e+08,0.000000000000000e+00,-2.709089410225033e-06,8.101343366349399e+10,8.101343366349397e+10,-4.753929449519419e+00,1.762262300000882e-05,1.000000000000000e+00,0.000000000000000e+00,1.248814773793399e+03,1.248814773793399e+03,-2.018511153382550e+00,2.200739195540236e-02,1.000000000000000e+03,1.000000000000000e+00,
1.942374782200421e-04,0.000000000000000e+00,3.636106302215377e-01,1.552633383889356e+07,1.552599350114921e+07,1.501439823857932e+03,1.942374782200421e-04,0.000000000000000e+00,-1.000000000000000e+03,1.035066233409947e+07,3.403377443469653e+02,2.981861719488091e+05,6.281474638017410e-03,6.549659920296028e+08,0.000000000000000e+00,-3.093732514501198e-06,8.002349382733623e+10,8.002349382733624e+10,-3.711666969001818e+00,1.942374782200421e-04,1.000000000000000e+00,0.000000000000000e+00,1.871990068825035e+03,1.871990068825035e+03,-5.698805209810167e+02,3.636106302215377e-01,1.000000000000000e+03,1.000000000000000e+00,
2.128700107030184e-03,0.000000000000000e+00,4.383031215300592e+00,1.708970476098572e+08,1.708925352404138e+08,1.506256842384774e+03,2.128700107030184e-03,0.000000000000000e+00,-1.000000000000000e+03,1.139283568269425e+08,4.512369443411454e+03,2.986641192076111e+05,6.894091307043106e-03,5.696327710418249e+08,0.000000000000000e+00,-2.170928144236086e-07,8.028023049185229e+10,8.028023049185229e+10,-2.671885518005459e+00,2.128700107030184e-03,1.000000000000000e+00,0.000000000000000e+00,2.059017707954878e+03,2.059017707954878e+03,-1.333215232128678e+03,4.383031215300592e+00,1.000000000000000e+03,1.000000000000000e+00,
7.506086998123788e-08,0.000000000000000e+00,-7.506086955992711e-08,5.141965216349599e+03,5.141965216312069e+03,1.285304306809491e+03,7.506086998123788e-08,0.000000000000000e+00,-1.000000000000000e+03,3.427976810874713e+03,3.753045080416136e-08,2.758903534985409e+05,3.624629125285868e-06,8.419701007813482e+08,0.000000000000000e+00,2.596434833801453e-14,6.850393843819487e+10,6.850393843819487e+10,-7.124586406271706e+00,7.506086998123788e-08,1.000000000000000e+00,0.000000000000000e+00,-9.999999999990281e-01,1.000000210676225e+00,-9.496655456494816e-01,7.506088579477863e-08,1.000000000000000e+03,1.000000000000000e+00,
7.520507926595713e-08,0.000000000000000e+00,-7.506089027485161e-08,5.160564539863034e+03,5.160564539824512e+03,1.287479914716659e+03,7.520507926595713e-08,0.000000000000000e+00,-1.000000000000000e+03,3.440376359883009e+03,3.852121547449874e-08,2.761237517090878e+05,3.665537245140124e-06,8.419920411699800e+08,0.000000000000000e+00,5.686100887827283e-10,6.861989363211177e+10,6.861989363211176e+10,-7.123752826659904e+00,7.520507926595713e-08,1.000000000000000e+00,0.000000000000000e+00,-1.000000268680459e+00,1.012141896157485e+00,-9.073957521241799e-01,7.611821152891984e-08,1.000000000000000e+03,1.000000000000000e+00,
1.375751268567054e-07,0.000000000000000e+00,-5.046979233289495e-08,1.136947954540068e+04,1.136947954539020e+04,1.626455452937391e+03,1.375751268567054e-07,0.000000000000000e+00,-1.000000000000000e+03,7.579653030260132e+03,4.149177301207975e-08,3.103520516214001e+05,3.728490579556267e-06,8.472178926957155e+08,0.000000000000000e+00,1.552032365591427e-09,8.668655635105093e+10,8.668655635105093e+10,-6.861460078057844e+00,1.375751268567054e-07,1.000000000000000e+00,0.000000000000000e+00,-3.903503375994724e-01,1.037791891545917e+00,-2.781672832267990e-01,8.039752126857946e-08,1.000000000000000e+03,1.000000000000000e+00,
1.597974024012672e-06,0.000000000000000e+00,8.141709894162161e-04,1.295234928359713e+05,1.295232854250904e+05,1.599580055134556e+03,1.597974024012672e-06,0.000000000000000e+00,-1.000000000000000e+03,8.634885695006026e+04,2.074108809173370e-01,3.077772567595438e+05,2.210471612324687e-03,8.291237636257385e+08,0.000000000000000e+00,1.083823837836817e-05,8.525415580058714e+10,8.525415580058714e+10,-5.796430284671370e+00,1.597974024012672e-06,1.000000000000000e+00,0.000000000000000e+00,6.776695271800381e+02,6.776695271800381e+02,6.776059529477880e+02,8.141709894162161e-04,1.000000000000000e+03,1.000000000000000e+00,
1.762262300000882e-05,0.000000000000000e+00,2.200739195540236e-02,1.410309699129521e+06,1.410295957551417e+06,1.520013557922052e+03,1.762262300000882e-05,0.000000000000000e+00,-1.000000000000000e+03,9.401973050342783e+05,1.374157810328422e+01,3.000248761232493e+05,4.187930128883030e-03,7.409131188025620e+08,0.000000000000000e+00,-2.709089410225033e-06,8.101343366349399e+10,8.101343366349397e+10,-4.753929449519419e+00,1.762262300000882e-05,1.000000000000000e+00,0.000000000000000e+00,1.248814773793399e+03,1.248814773793399e+03,-4.052821623771703e+00,2.200739195540236e-02,1.000000000000000e+03,1.000000000000000e+00,
1.942374782200421e-04,0.000000000000000e+00,3.636106302215377e-01,1.552633383889356e+07,1.552599350114921e+07,1.501439823857932e+03,1.942374782200421e-04,0.000000000000000e+00,-1.000000000000000e+03,1.035066233409947e+07,3.403377443469653e+02,2.981861719488091e+05,6.281474638017410e-03,6.549659920296028e+08,0.000000000000000e+00,-3.093732514501198e-06,8.002349382733623e+10,8.002349382733624e+10,-3.711666969001818e+00,1.942374782200421e-04,1.000000000000000e+00,0.000000000000000e+00,1.871990068825035e+03,1.871990068825035e+03,-8.996347741625249e+02,3.636106302215377e-01,1.000000000000000e+03,1.000000000000000e+00,
2.128700107030184e-03,0.000000000000000e+00,4.383031215300592e+00,1.708970476098572e+08,1.708925352404138e+08,1.506256842384774e+03,2.128700107030184e-03,0.000000000000000e+00,-1.000000000000000e+03,1.139283568269425e+08,4.512369443411454e+03,2.986641192076111e+05,6.894091307043106e-03,5.696327710418249e+08,0.000000000000000e+00,-2.170928144236086e-07,8.028023049185229e+10,8.028023049185229e+10,-2.671885518005459e+00,2.128700107030184e-03,1.000000000000000e+00,0.000000000000000e+00,2.059017707954878e+03,2.059017707954878e+03,-1.683762216187366e+03,4.383031215300592e+00,1.000000000000000e+03,1.000000000000000e+00,
7.506086998123788e-08,0.000000000000000e+00,-7.506086955992711e-08,5.141965216349599e+03,5.141965216312069e+03,1.285304306809491e+03,7.506086998123788e-08,0.000000000000000e+00,-1.000000000000000e+03,3.427976810874713e+03,3.753045080416136e-08,2.758903534985409e+05,3.624629125285868e-06,8.419701007813482e+08,0.000000000000000e+00,2.596434833801453e-14,6.850393843819487e+10,6.850393843819487e+10,-7.124586406271706e+00,7.506086998123788e-08,1.000000000000000e+00,0.000000000000000e+00,-9.999999999990281e-01,1.000000210676225e+00,-9.496655456494816e-01,7.506088579477863e-08,1.000000000000000e+03,1.000000000000000e+00,
7.520507926595713e-08,0.000000000000000e+00,-7.506089027485161e-08,5.160564539863034e+03,5.160564539824512e+03,1.287479914716659e+03,7.520507926595713e-08,0.000000000000000e+00,-1.000000000000000e+03,3.440376359883009e+03,3.852121547449874e-08,2.761237517090878e+05,3.665537245140124e-06,8.419920411699800e+08,0.000000000000000e+00,5.686100887827283e-10,6.861989363211177e+10,6.861989363211176e+10,-7.123752826659904e+00,7.520507926595713e-08,1.000000000000000e+00,0.000000000000000e+00,-1.000000268680459e+00,1.012141896157485e+00,-9.073957521241799e-01,7.611821152891984e-08,1.000000000000000e+03,1.000000000000000e+00,
1.375751268567054e-07,0.000000000000000e+00,-5.046979233289495e-08,1.136947954540068e+04,1.136947954539020e+04,1.626455452937391e+03,1.375751268567054e-07,0.000000000000000e+00,-1.000000000000000e+03,7.579653030260132e+03,4.149177301207975e-08,3.103520516214001e+05,3.728490579556267e-06,8.472178926957155e+08,0.000000000000000e+00,1.552032365591427e-09,8.668655635105093e+10,8.668655635105093e+10,-6.861460078057844e+00,1.375751268567054e-07,1.000000000000000e+00,0.000000000000000e+00,-3.903503375994724e-01,1.037791891545917e+00,-2.781672832267990e-01,8.039752126857946e-08,1.000000000000000e+03,1.000000000000000e+00,
1.597974024012672e-06,0.000000000000000e+00,8.141709894162161e-04,1.295234928359713e+05,1.295232854250904e+05,1.599580055134556e+03,1.597974024012672e-06,0.000000000000000e+00,-1.000000000000000e+03,8.634885695006026e+04,2.074108809173370e-01,3.077772567595438e+05,2.210471612324687e-03,8.291237636257385e+08,0.000000000000000e+00,1.083823837836817e-05,8.525415580058714e+10,8.525415580058714e+10,-5.796430284671370e+00,1.597974024012672e-06,1.000000000000000e+00,0.000000000000000e+00,6.776695271800381e+02,6.776695271800381e+02,6.776059529477880e+02,8.141709894162161e-04,1.000000000000000e+03,1.000000000000000e+00,
1.762262300000882e-05,0.000000000000000e+00,2.200739195540236e-02,1.410309699129521e+06,1.410295957551417e+06,1.520013557922052e+03,1.762262300000882e-05,0.000000000000000e+00,-1.000000000000000e+03,9.401973050342783e+05,1.374157810328422e+01,3.000248761232493e+05,4.187930128883030e-03,7.409131188025620e+08,0.000000000000000e+00,-2.709089410225033e-06,8.101343366349399e+10,8.101343366349397e+10,-4.753929449519419e+00,1.762262300000882e-05,1.000000000000000e+00,0.000000000000000e+00,1.248814773793399e+03,1.248814773793399e+03,-4.052821623771703e+00,2.200739195540236e-02,1.000000000000000e+03,1.000000000000000e+00,
1.942374782200421e-04,0.000000000000000e+00,3.636106302215377e-01,1.552633383889356e+07,1.552599350114921e+07,1.501439823857932e+03,1.942374782200421e-04,0.000000000000000e+00,-1.000000000000000e+03,1.035066233409947e+07,3.403377443469653e+02,2.981861719488091e+05,6.281474638017410e-03,6.549659920296028e+08,0.000000000000000e+00,-3.093732514501198e-06,8.002349382733623e+10,8.002349382733624e+10,-3.711666969001818e+00,1.942374782200421e-04,1.000000000000000e+00,0.000000000000000e+00,1.871990068825035e+03,1.871990068825035e+03,-8.996347741625249e+02,3.636106302215377e-01,1.000000000000000e+03,1.000000000000000e+00,
2.128700107030184e-03,0.000000000000000e+00,4.383031215300592e+00,1.708970476098572e+08,1.708925352404138e+08,1.506256842384774e+03,2.128700107030184e-03,0.000000000000000e+00,-1.000000000000000e+03,1.139283568269425e+08,4.512369443411454e+03,2.986641192076111e+05,6.894091307043106e-03,5.696327710418249e+08,0.000000000000000e+00,-2.170928144236086e-07,8.028023049185229e+10,8.028023049185229e+10,-2.671885518005459e+00,2.128700107030184e-03,1.000000000000000e+00,0.000000000000000e+00,2.059017707954878e+03,2.059017707954878e+03,-1.683762216187366e+03,4.383031215300592e+00,1.000000000000000e+03,1.000000000000000e+00,
7.506086998123788e-08,0.000000000000000e+00,-7.506086955992711e-08,5.141965216349599e+03,5.141965216312069e+03,1.285304306809491e+03,7.506086998123788e-08,0.000000000000000e+00,-1.000000000000000e+03,3.427976810874713e+03,3.753045080416136e-08,2.758903534985409e+05,3.624629125285868e-06,8.419701007813482e+08,0.000000000000000e+00,2.596434833801453e-14,6.850393843819487e+10,6.850393843819487e+10,-7.124586406271706e+00,7.506086998123788e-08,1.000000000000000e+00,0.000000000000000e+00,-9.999999999990281e-01,1.000000210676225e+00,-8.337124771246726e-01,7.506088579477863e-08,1.000000000000000e+03,1.000000000000000e+00,
7.520507926595713e-08,0.000000000000000e+00,-7.506089027485161e-08,5.160564539863034e+03,5.160564539824512e+03,1.287479914716659e+03,7.520507926595713e-08,0.000000000000000e+00,-1.000000000000000e+03,3.440376359883009e+03,3.852121547449874e-08,2.761237517090878e+05,3.665537245140124e-06,8.419920411699800e+08,0.000000000000000e+00,5.686100887827283e-10,6.861989363211177e+10,6.861989363211176e+10,-7.123752826659904e+00,7.520507926595713e-08,1.000000000000000e+00,0.000000000000000e+00,-1.000000268680459e+00,1.012141896157485e+00,-7.184825901605781e-01,7.611821152891984e-08,1.000000000000000e+03,1.000000000000000e+00,
1.375751268567054e-07,0.000000000000000e+00,-5.046979233289495e-08,1.136947954540068e+04,1.136947954539020e+04,1.626455452937391e+03,1.375751268567054e-07,0.000000000000000e+00,-1.000000000000000e+03,7.579653030260132e+03,4.149177301207975e-08,3.103520516214001e+05,3.728490579556267e-06,8.472178926957155e+08,0.000000000000000e+00,1.552032365591427e-09,8.668655635105093e+10,8.668655635105093e+10,-6.861460078057844e+00,1.375751268567054e-07,1.000000000000000e+00,0.000000000000000e+00,-3.903503375994724e-01,1.037791891545917e+00,-1.762071907822053e-01,8.039752126857946e-08,1.000000000000000e+03,1.000000000000000e+00,
1.597974024012672e-06,0.000000000000000e+00,8.141709894162161e-04,1.295234928359713e+05,1.295232854250904e+05,1.599580055134556e+03,1.597974024012672e-06,0.000000000000000e+00,-1.000000000000000e+03,8.634885695006026e+04,2.074108809173370e-01,3.077772567595438e+05,2.210471612324687e-03,8.291237636257385e+08,0.000000000000000e+00,1.083823837836817e-05,8.525415580058714e+10,8.525415580058714e+10,-5.796430284671370e+00,1.597974024012672e-06,1.000000000000000e+00,0.000000000000000e+00,6.776695271800381e+02,6.776695271800381e+02,3.337534692883664e+02,8.141709894162161e-04,1.000000000000000e+03,1.000000000000000e+00,
1.762262300000882e-05,0.000000000000000e+00,2.200739195540236e-02,1.410309699129521e+06,1.410295957551417e+06,1.520013557922052e+03,1.762262300000882e-05,0.000000000000000e+00,-1.000000000000000e+03,9.401973050342783e+05,1.374157810328422e+01,3.000248761232493e+05,4.187930128883030e-03,7.409131188025620e+08,0.000000000000000e+00,-2.709089410225033e-06,8.101343366349399e+10,8.101343366349397e+10,-4.753929449519419e+00,1.762262300000882e-05,1.000000000000000e+00,0.000000000000000e+00,1.248814773793399e+03,1.248814773793399e+03,-2.018511153382550e+00,2.200739195540236e-02,1.000000000000000e+03,1.000000000000000e+00,
1.942374782200421e-04,0.000000000000000e+00,3.636106302215377e-01,1.552633383889356e+07,1.552599350114921e+07,1.501439823857932e+03,1.942374782200421e-04,0.000000000000000e+00,-1.000000000000000e+03,1.035066233409947e+07,3.403377443469653e+02,2.981861719488091e+05,6.281474638017410e-03,6.549659920296028e+08,0.000000000000000e+00,-3.093732514501198e-06,8.002349382733623e+10,8.002349382733624e+10,-3.711666969001818e+00,1.942374782200421e-04,1.000000000000000e+00,0.000000000000000e+00,1.871990068825035e+03,1.871990068825035e+03,-5.698805209810167e+02,3.636106302215377e-01,1.000000000000000e+03,1.000000000000000e+00,
2.128700107030184e-03,0.000000000000000e+00,4.383031215300592e+00,1.708970476098572e+08,1.708925352404138e+08,1.506256842384774e+03,2.128700107030184e-03,0.000000000000000e+00,-1.000000000000000e+03,1.139283568269425e+08,4.512369443411454e+03,2.986641192076111e+05,6.894091307043106e-03,5.696327710418249e+08,0.000000000000000e+00,-2.170928144236086e-07,8.028023049185229e+10,8.028023049185229e+10,-2.671885518005459e+00,2.128700107030184e-03,1.000000000000000e+00,0.000000000000000e+00,2.059017707954878e+03,2.059017707954878e+03,-1.333215232128678e+03,4.383031215300592e+00,1.000000000000000e+03,1.000000000000000e+00,
7.506086998123788e-08,0.000000000000000e+00,-7.506086955992711e-08,5.141965216349599e+03,5.141965216312069e+03,1.285304306809491e+03,7.506086998123788e-08,0.000000000000000e+00,-1.000000000000000e+03,3.427976810874713e+03,3.753045080416136e-08,2.758903534985409e+05,3.624629125285868e-06,8.419701007813482e+08,0.000000000000000e+00,2.596434833801453e-14,6.850393843819487e+10,6.850393843819487e+10,-7.124586406271706e+00,7.506086998123788e-08,1.000000000000000e+00,0.000000000000000e+00,-9.999999999990281e-01,1.000000210676225e+00,-7.089459505347800e-01,7.506088579477863e-08,1.000000000000000e+03,1.000000000000000e+00,
7.520507926595713e-08,0.000000000000000e+00,-7.506089027485161e-08,5.160564539863034e+03,5.160564539824512e+03,1.287479914716659e+03,7.520507926595713e-08,0.000000000000000e+00,-1.000000000000000e+03,3.440376359883009e+03,3.852121547449874e-08,2.761237517090878e+05,3.665537245140124e-06,8.419920411699800e+08,0.000000000000000e+00,5.686100887827283e-10,6.861989363211177e+10,6.861989363211176e+10,-7.123752826659904e+00,7.520507926595713e-08,1.000000000000000e+00,0.000000000000000e+00,-1.000000268680459e+00,1.012141896157485e+00,-5.639647887194871e-01,7.611821152891984e-08,1.000000000000000e+03,1.000000000000000e+00,
1.375751268567054e-07,0.000000000000000e+00,-5.046979233289495e-08,1.136947954540068e+04,1.136947954539020e+04,1.626455452937391e+03,1.375751268567054e-07,0.000000000000000e+00,-1.000000000000000e+03,7.579653030260132e+03,4.149177301207975e-08,3.103520516214001e+05,3.728490579556267e-06,8.472178926957155e+08,0.000000000000000e+00,1.552032365591427e-09,8.668655635105093e+10,8.668655635105093e+10,-6.861460078057844e+00,1.375751268567054e-07,1.000000000000000e+00,0.000000000000000e+00,-3.903503375994724e-01,1.037791891545917e+00,-1.245980623497714e-01,8.039752126857946e-08,1.000000000000000e+03,1.000000000000000e+00,
1.597974024012672e-06,0.000000000000000e+00,8.141709894162161e-04,1.295234928359713e+05,1.295232854250904e+05,1.599580055134556e+03,1.597974024012672e-06,0.000000000000000e+00,-1.000000000000000e+03,8.634885695006026e+04,2.074108809173370e-01,3.077772567595438e+05,2.210471612324687e-03,8.291237636257385e+08,0.000000000000000e+00,1.083823837836817e-05,8.525415580058714e+10,8.525415580058714e+10,-5.796430284671370e+00,1.597974024012672e-06,1.000000000000000e+00,0.000000000000000e+00,6.776695271800381e+02,6.776695271800381e+02,1.851648850034915e+02,8.141709894162161e-04,1.000000000000000e+03,1.000000000000000e+00,
1.762262300000882e-05,0.000000000000000e+00,2.200739195540236e-02,1.410309699129521e+06,1.410295957551417e+06,1.520013557922052e+03,1.762262300000882e-05,0.000000000000000e+00,-1.000000000000000e+03,9.401973050342783e+05,1.374157810328422e+01,3.000248761232493e+05,4.187930128883030e-03,7.409131188025620e+08,0.000000000000000e+00,-2.709089410225033e-06,8.101343366349399e+10,8.101343366349397e+10,-4.753929449519419e+00,1.762262300000882e-05,1.000000000000000e+00,0.000000000000000e+00,1.248814773793399e+03,1.248814773793399e+03,-1.343923100513135e+00,2.200739195540236e-02,1.000000000000000e+03,1.000000000000000e+00,
1.942374782200421e-04,0.000000000000000e+00,3.636106302215377e-01,1.552633383889356e+07,1.552599350114921e+07,1.501439823857932e+03,1.942374782200421e-04,0.000000000000000e+00,-1.000000000000000e+03,1.035066233409947e+07,3.403377443469653e+02,2.981861719488091e+05,6.281474638017410e-03,6.549659920296028e+08,0.000000000000000e+00,-3.093732514501198e-06,8.002349382733623e+10,8.002349382733624e+10,-3.711666969001818e+00,1.942374782200421e-04,1.000000000000000e+00,0.000000000000000e+00,1.871990068825035e+03,1.871990068825035e+03,-4.029688480357048e+02,3.636106302215377e-01,1.000000000000000e+03,1.000000000000000e+00,
2.128700107030184e-03,0.000000000000000e+00,4.383031215300592e+00,1.708970476098572e+08,1.708925352404138e+08,1.506256842384774e+03,2.128700107030184e-03,0.000000000000000e+00,-1.000000000000000e+03,1.139283568269425e+08,4.512369443411454e+03,2.986641192076111e+05,6.894091307043106e-03,5.696327710418249e+08,0.000000000000000e+00,-2.170928144236086e-07,8.028023049185229e+10,8.028023049185229e+10,-2.671885518005459e+00,2.128700107030184e-03,1.000000000000000e+00,0.000000000000000e+00,2.059017707954878e+03,2.059017707954878e+03,-1.046492228206960e+03,4.383031215300592e+00,1.000000000000000e+03,1.000000000000000e+00,

