1
0
28
0
(64 0
((0,0) (63,63) (0,0))
((448,0) (511,63) (0,0))
((384,0) (447,63) (0,0))
((320,0) (383,63) (0,0))
((256,0) (319,63) (0,0))
((192,0) (255,63) (0,0))
((128,0) (191,63) (0,0))
((64,0) (127,63) (0,0))
((0,448) (63,511) (0,0))
((0,384) (63,447) (0,0))
((0,320) (63,383) (0,0))
((0,256) (63,319) (0,0))
((0,192) (63,255) (0,0))
((0,128) (63,191) (0,0))
((0,64) (63,127) (0,0))
((448,448) (511,511) (0,0))
((448,384) (511,447) (0,0))
((448,320) (511,383) (0,0))
((448,256) (511,319) (0,0))
((448,192) (511,255) (0,0))
((448,128) (511,191) (0,0))
((448,64) (511,127) (0,0))
((384,448) (447,511) (0,0))
((384,384) (447,447) (0,0))
((384,320) (447,383) (0,0))
((384,256) (447,319) (0,0))
((384,192) (447,255) (0,0))
((384,128) (447,191) (0,0))
((384,64) (447,127) (0,0))
((320,448) (383,511) (0,0))
((320,384) (383,447) (0,0))
((320,320) (383,383) (0,0))
((320,256) (383,319) (0,0))
((320,192) (383,255) (0,0))
((320,128) (383,191) (0,0))
((320,64) (383,127) (0,0))
((256,448) (319,511) (0,0))
((256,384) (319,447) (0,0))
((256,320) (319,383) (0,0))
((256,256) (319,319) (0,0))
((256,192) (319,255) (0,0))
((256,128) (319,191) (0,0))
((256,64) (319,127) (0,0))
((192,448) (255,511) (0,0))
((192,384) (255,447) (0,0))
((192,320) (255,383) (0,0))
((192,256) (255,319) (0,0))
((192,192) (255,255) (0,0))
((192,128) (255,191) (0,0))
((192,64) (255,127) (0,0))
((128,448) (191,511) (0,0))
((128,384) (191,447) (0,0))
((128,320) (191,383) (0,0))
((128,256) (191,319) (0,0))
((128,192) (191,255) (0,0))
((128,128) (191,191) (0,0))
((128,64) (191,127) (0,0))
((64,448) (127,511) (0,0))
((64,384) (127,447) (0,0))
((64,320) (127,383) (0,0))
((64,256) (127,319) (0,0))
((64,192) (127,255) (0,0))
((64,128) (127,191) (0,0))
((64,64) (127,127) (0,0))
)
64
FabOnDisk: Cell_D_0000 0
FabOnDisk: Cell_D_0001 0
FabOnDisk: Cell_D_0001 917590
FabOnDisk: Cell_D_0001 1835180
FabOnDisk: Cell_D_0001 2752770
FabOnDisk: Cell_D_0000 917587
FabOnDisk: Cell_D_0000 1835177
FabOnDisk: Cell_D_0000 2752767
FabOnDisk: Cell_D_0002 0
FabOnDisk: Cell_D_0002 917590
FabOnDisk: Cell_D_0002 1835180
FabOnDisk: Cell_D_0002 2752770
FabOnDisk: Cell_D_0000 3670356
FabOnDisk: Cell_D_0000 4587946
FabOnDisk: Cell_D_0000 5505536
FabOnDisk: Cell_D_0003 0
FabOnDisk: Cell_D_0003 917593
FabOnDisk: Cell_D_0003 1835186
FabOnDisk: Cell_D_0003 2752779
FabOnDisk: Cell_D_0001 3670360
FabOnDisk: Cell_D_0001 4587953
FabOnDisk: Cell_D_0001 5505546
FabOnDisk: Cell_D_0003 3670372
FabOnDisk: Cell_D_0003 4587965
FabOnDisk: Cell_D_0003 5505558
FabOnDisk: Cell_D_0003 6423151
FabOnDisk: Cell_D_0001 6423138
FabOnDisk: Cell_D_0001 7340731
FabOnDisk: Cell_D_0001 8258324
FabOnDisk: Cell_D_0003 7340744
FabOnDisk: Cell_D_0003 8258337
FabOnDisk: Cell_D_0003 9175930
FabOnDisk: Cell_D_0003 10093523
FabOnDisk: Cell_D_0001 9175916
FabOnDisk: Cell_D_0001 10093509
FabOnDisk: Cell_D_0001 11011102
FabOnDisk: Cell_D_0003 11011116
FabOnDisk: Cell_D_0003 11928709
FabOnDisk: Cell_D_0003 12846302
FabOnDisk: Cell_D_0003 13763895
FabOnDisk: Cell_D_0001 11928694
FabOnDisk: Cell_D_0001 12846287
FabOnDisk: Cell_D_0001 13763880
FabOnDisk: Cell_D_0002 3670360
FabOnDisk: Cell_D_0002 4587953
FabOnDisk: Cell_D_0002 5505546
FabOnDisk: Cell_D_0002 6423139
FabOnDisk: Cell_D_0000 6423125
FabOnDisk: Cell_D_0000 7340718
FabOnDisk: Cell_D_0000 8258311
FabOnDisk: Cell_D_0002 7340732
FabOnDisk: Cell_D_0002 8258325
FabOnDisk: Cell_D_0002 9175918
FabOnDisk: Cell_D_0002 10093511
FabOnDisk: Cell_D_0000 9175903
FabOnDisk: Cell_D_0000 10093496
FabOnDisk: Cell_D_0000 11011089
FabOnDisk: Cell_D_0002 11011104
FabOnDisk: Cell_D_0002 11928696
FabOnDisk: Cell_D_0002 12846288
FabOnDisk: Cell_D_0002 13763880
FabOnDisk: Cell_D_0000 11928681
FabOnDisk: Cell_D_0000 12846273
FabOnDisk: Cell_D_0000 13763865

64,28
3.655901399049593e-03,0.000000000000000e+00,9.087532339373073e+00,2.961555852091295e+08,2.961442906971877e+08,1.519845046248239e+03,3.655901399049593e-03,0.000000000000000e+00,-1.000000000000000e+03,1.974295271314585e+08,1.129451194179091e+04,3.000082449902222e+05,7.500951241765937e-03,4.097537984037259e+08,0.000000000000000e+00,-1.274393060059538e-07,8.100445235590186e+10,8.100445235590186e+10,-2.437005525855637e+00,3.655901399049593e-03,1.000000000000000e+00,0.000000000000000e+00,2.485247347165212e+03,2.485247347165212e+03,-1.985335674315363e+03,9.087532339373073e+00,1.000000000000000e+03,1.000000000000000e+00,
3.655901399049593e-03,0.000000000000000e+00,9.087532339373073e+00,2.961555852091295e+08,2.961442906971877e+08,1.519845046248239e+03,3.655901399049593e-03,0.000000000000000e+00,-1.000000000000000e+03,1.974295271314585e+08,1.129451194179091e+04,3.000082449902222e+05,7.500951241765937e-03,4.097537984037259e+08,0.000000000000000e+00,-1.274393060059538e-07,8.100445235590186e+10,8.100445235590186e+10,-2.437005525855637e+00,3.655901399049593e-03,1.000000000000000e+00,0.000000000000000e+00,2.485247347165212e+03,2.485247347165212e+03,-1.985335674315363e+03,9.087532339373073e+00,1.000000000000000e+03,1.000000000000000e+00,
3.655901399049593e-03,0.000000000000000e+00,9.087532339373073e+00,2.961555852091295e+08,2.961442906971877e+08,1.519845046248239e+03,3.655901399049593e-03,0.000000000000000e+00,-1.000000000000000e+03,1.974295271314585e+08,1.129451194179091e+04,3.000082449902222e+05,7.500951241765937e-03,4.097537984037259e+08,0.000000000000000e+00,-1.274393060059538e-07,8.100445235590186e+10,8.100445235590186e+10,-2.437005525855637e+00,3.655901399049593e-03,1.000000000000000e+00,0.000000000000000e+00,2.485247347165212e+03,2.485247347165212e+03,-2.220713255717547e+03,9.087532339373073e+00,1.000000000000000e+03,1.000000000000000e+00,
3.655901399049593e-03,0.000000000000000e+00,9.087532339373073e+00,2.961555852091295e+08,2.961442906971877e+08,1.519845046248239e+03,3.655901399049593e-03,0.000000000000000e+00,-1.000000000000000e+03,1.974295271314585e+08,1.129451194179091e+04,3.000082449902222e+05,7.500951241765937e-03,4.097537984037259e+08,0.000000000000000e+00,-1.274393060059538e-07,8.100445235590186e+10,8.100445235590186e+10,-2.437005525855637e+00,3.655901399049593e-03,1.000000000000000e+00,0.000000000000000e+00,2.485247347165212e+03,2.485247347165212e+03,-2.410142974906826e+03,9.087532339373073e+00,1.000000000000000e+03,1.000000000000000e+00,
3.655901399049593e-03,0.000000000000000e+00,9.087532339373073e+00,2.961555852091295e+08,2.961442906971877e+08,1.519845046248239e+03,3.655901399049593e-03,0.000000000000000e+00,-1.000000000000000e+03,1.974295271314585e+08,1.129451194179091e+04,3.000082449902222e+05,7.500951241765937e-03,4.097537984037259e+08,0.000000000000000e+00,-1.274393060059538e-07,8.100445235590186e+10,8.100445235590186e+10,-2.437005525855637e+00,3.655901399049593e-03,1.000000000000000e+00,0.000000000000000e+00,2.485247347165212e+03,2.485247347165212e+03,-2.487693058801929e+03,9.087532339373073e+00,1.000000000000000e+03,1.000000000000000e+00,
3.655901399049593e-03,0.000000000000000e+00,9.087532339373073e+00,2.961555852091295e+08,2.961442906971877e+08,1.519845046248239e+03,3.655901399049593e-03,0.000000000000000e+00,-1.000000000000000e+03,1.974295271314585e+08,1.129451194179091e+04,3.000082449902222e+05,7.500951241765937e-03,4.097537984037259e+08,0.000000000000000e+00,-1.274393060059538e-07,8.100445235590186e+10,8.100445235590186e+10,-2.437005525855637e+00,3.655901399049593e-03,1.000000000000000e+00,0.000000000000000e+00,2.485247347165212e+03,2.485247347165212e+03,-2.487693058801929e+03,9.087532339373073e+00,1.000000000000000e+03,1.000000000000000e+00,
3.655901399049593e-03,0.000000000000000e+00,9.087532339373073e+00,2.961555852091295e+08,2.961442906971877e+08,1.519845046248239e+03,3.655901399049593e-03,0.000000000000000e+00,-1.000000000000000e+03,1.974295271314585e+08,1.129451194179091e+04,3.000082449902222e+05,7.500951241765937e-03,4.097537984037259e+08,0.000000000000000e+00,-1.274393060059538e-07,8.100445235590186e+10,8.100445235590186e+10,-2.437005525855637e+00,3.655901399049593e-03,1.000000000000000e+00,0.000000000000000e+00,2.485247347165212e+03,2.485247347165212e+03,-2.410142974906826e+03,9.087532339373073e+00,1.000000000000000e+03,1.000000000000000e+00,
3.655901399049593e-03,0.000000000000000e+00,9.087532339373073e+00,2.961555852091295e+08,2.961442906971877e+08,1.519845046248239e+03,3.655901399049593e-03,0.000000000000000e+00,-1.000000000000000e+03,1.974295271314585e+08,1.129451194179091e+04,3.000082449902222e+05,7.500951241765937e-03,4.097537984037259e+08,0.000000000000000e+00,-1.274393060059538e-07,8.100445235590186e+10,8.100445235590186e+10,-2.437005525855637e+00,3.655901399049593e-03,1.000000000000000e+00,0.000000000000000e+00,2.485247347165212e+03,2.485247347165212e+03,-2.220713255717547e+03,9.087532339373073e+00,1.000000000000000e+03,1.000000000000000e+00,
7.506089538713751e-08,0.000000000000000e+00,-7.508420175753370e-08,2.663773822251008e+03,2.663773822213478e+03,6.658463570220669e+02,7.506089538713751e-08,0.000000000000000e+00,-1.000000000000000e+03,1.775849214808985e+03,3.753057047476372e-08,1.985731605584782e+05,5.035221831242797e-06,8.069165370403854e+08,0.000000000000000e+00,-1.361419721901402e-12,3.548817008476485e+10,3.548817008476485e+10,-7.124586259275805e+00,7.506089538713751e-08,1.000000000000000e+00,0.000000000000000e+00,-1.000043347595623e+00,1.000001573538577e+00,-7.986868433982228e-01,7.506102160418817e-08,1.000000000000000e+03,1.000000000000000e+00,
7.508349813864964e-08,0.000000000000000e+00,-7.675941835723536e-08,2.665629448409191e+03,2.665629448371647e+03,6.661096133144118e+02,7.508349813864964e-08,0.000000000000000e+00,-1.000000000000000e+03,1.777086298914431e+03,3.692918215665645e-08,1.986124117065932e+05,4.619387298377138e-06,8.069269073421260e+08,0.000000000000000e+00,-1.419771508184981e-09,3.550220107551835e+10,3.550220107551835e+10,-7.124455501808261e+00,7.508349813864964e-08,1.000000000000000e+00,0.000000000000000e+00,-1.000035009194526e+00,9.622058881371263e-01,-7.052876565343300e-01,7.508612675144169e-08,1.000000000000000e+03,1.000000000000000e+00,
8.011789852958872e-08,0.000000000000000e+00,-7.765575870907657e-08,3.150562701229118e+03,3.150562701192257e+03,7.378175815800638e+02,8.011789852958872e-08,0.000000000000000e+00,-1.000000000000000e+03,2.100375134128171e+03,8.649651125169044e-11,2.090297177805266e+05,8.926587493485210e-08,8.100702389395972e+08,0.000000000000000e+00,-5.701167030186262e-08,3.932408062386594e+10,3.932408062386593e+10,-7.096270450653708e+00,8.011789852958872e-08,1.000000000000000e+00,0.000000000000000e+00,-9.592646385727898e-01,3.071033587285318e-02,-5.297050286657420e-01,5.633055373266055e-09,1.000000000000000e+03,1.000000000000000e+00,
2.141446559653796e-07,0.000000000000000e+00,2.140487632106016e-08,2.293138932449738e+04,2.293138932449631e+04,1.552285801952503e+03,2.141446559653796e-07,0.000000000000000e+00,-1.000000000000000e+03,1.528759288299754e+04,1.069764566980260e-09,3.031931442355699e+05,2.897778415287004e-07,7.251450194454405e+08,0.000000000000000e+00,-4.016158601647434e-04,8.273347444030600e+10,8.273347444030598e+10,-6.669292759061975e+00,2.141446559653796e-07,1.000000000000000e+00,0.000000000000000e+00,9.995522057071858e-02,9.995522057071858e-02,2.410867960534668e-02,2.140487632106016e-08,1.000000000000000e+03,1.000000000000000e+00,
2.770707917849075e-06,0.000000000000000e+00,6.669390251300079e-03,2.289536408913012e+05,2.289456139235292e+05,1.505609604647269e+03,2.770707917849075e-06,0.000000000000000e+00,-1.000000000000000e+03,1.526304092823528e+05,8.026967771952545e+00,2.985999444089456e+05,7.944120960316443e-03,6.381655148808789e+08,0.000000000000000e+00,-2.635162475389734e-06,8.024573412092285e+10,8.024573412092287e+10,-5.557409254207767e+00,2.770707917849075e-06,1.000000000000000e+00,0.000000000000000e+00,2.407106937665802e+03,2.407106937665802e+03,-7.884635749873693e+02,6.669390251300079e-03,1.000000000000000e+03,1.000000000000000e+00,
3.060587246197573e-05,0.000000000000000e+00,7.703091085728379e-02,2.455809863369234e+06,2.455712925089907e+06,1.501392891921645e+03,3.060587246197573e-05,0.000000000000000e+00,-1.000000000000000e+03,1.637141950059938e+06,9.693827932653802e+01,2.981815115676328e+05,8.382833755083439e-03,5.527049837765089e+08,0.000000000000000e+00,-3.353074717587106e-07,8.002099245668248e+10,8.002099245668248e+10,-4.514195235834094e+00,3.060587246197573e-05,1.000000000000000e+00,0.000000000000000e+00,2.499683574421768e+03,2.499683574421768e+03,-1.381515623551596e+03,7.703091085728379e-02,1.000000000000000e+03,1.000000000000000e+00,
3.376939033514855e-04,0.000000000000000e+00,8.450774104545404e-01,2.702349892352987e+07,2.702244152240036e+07,1.501372584653484e+03,3.376939033514855e-04,0.000000000000000e+00,-1.000000000000000e+03,1.801496101493357e+07,1.057401129503409e+03,2.981794950160612e+05,8.289263559770580e-03,4.686266475019726e+08,0.000000000000000e+00,-2.668248133833231e-07,8.001991012322995e+10,8.001991012322995e+10,-3.471476779947084e+00,3.376939033514855e-04,1.000000000000000e+00,0.000000000000000e+00,2.485753898701417e+03,2.485753898701417e+03,-1.753110166961336e+03,8.450774104545404e-01,1.000000000000000e+03,1.000000000000000e+00,
7.506089538713751e-08,0.000000000000000e+00,-7.508420175753370e-08,2.663773822251008e+03,2.663773822213478e+03,6.658463570220669e+02,7.506089538713751e-08,0.000000000000000e+00,-1.000000000000000e+03,1.775849214808985e+03,3.753057047476372e-08,1.985731605584782e+05,5.035221831242797e-06,8.069165370403854e+08,0.000000000000000e+00,-1.361419721901402e-12,3.548817008476485e+10,3.548817008476485e+10,-7.124586259275805e+00,7.506089538713751e-08,1.000000000000000e+00,0.000000000000000e+00,-1.000043347595623e+00,1.000001573538577e+00,-7.986868433982228e-01,7.506102160418817e-08,1.000000000000000e+03,1.000000000000000e+00,
7.508349813864964e-08,0.000000000000000e+00,-7.675941835723536e-08,2.665629448409191e+03,2.665629448371647e+03,6.661096133144118e+02,7.508349813864964e-08,0.000000000000000e+00,-1.000000000000000e+03,1.777086298914431e+03,3.692918215665645e-08,1.986124117065932e+05,4.619387298377138e-06,8.069269073421260e+08,0.000000000000000e+00,-1.419771508184981e-09,3.550220107551835e+10,3.550220107551835e+10,-7.124455501808261e+00,7.508349813864964e-08,1.000000000000000e+00,0.000000000000000e+00,-1.000035009194526e+00,9.622058881371263e-01,-7.052876565343300e-01,7.508612675144169e-08,1.000000000000000e+03,1.000000000000000e+00,
8.011789852958872e-08,0.000000000000000e+00,-7.765575870907657e-08,3.150562701229118e+03,3.150562701192257e+03,7.378175815800638e+02,8.011789852958872e-08,0.000000000000000e+00,-1.000000000000000e+03,2.100375134128171e+03,8.649651125169044e-11,2.090297177805266e+05,8.926587493485210e-08,8.100702389395972e+08,0.000000000000000e+00,-5.701167030186262e-08,3.932408062386594e+10,3.932408062386593e+10,-7.096270450653708e+00,8.011789852958872e-08,1.000000000000000e+00,0.000000000000000e+00,-9.592646385727898e-01,3.071033587285318e-02,-5.297050286657420e-01,5.633055373266055e-09,1.000000000000000e+03,1.000000000000000e+00,
2.141446559653796e-07,0.000000000000000e+00,2.140487632106016e-08,2.293138932449738e+04,2.293138932449631e+04,1.552285801952503e+03,2.141446559653796e-07,0.000000000000000e+00,-1.000000000000000e+03,1.528759288299754e+04,1.069764566980260e-09,3.031931442355699e+05,2.897778415287004e-07,7.251450194454405e+08,0.000000000000000e+00,-4.016158601647434e-04,8.273347444030600e+10,8.273347444030598e+10,-6.669292759061975e+00,2.141446559653796e-07,1.000000000000000e+00,0.000000000000000e+00,9.995522057071858e-02,9.995522057071858e-02,2.410867960534668e-02,2.140487632106016e-08,1.000000000000000e+03,1.000000000000000e+00,
2.770707917849075e-06,0.000000000000000e+00,6.669390251300079e-03,2.289536408913012e+05,2.289456139235292e+05,1.505609604647269e+03,2.770707917849075e-06,0.000000000000000e+00,-1.000000000000000e+03,1.526304092823528e+05,8.026967771952545e+00,2.985999444089456e+05,7.944120960316443e-03,6.381655148808789e+08,0.000000000000000e+00,-2.635162475389734e-06,8.024573412092285e+10,8.024573412092287e+10,-5.557409254207767e+00,2.770707917849075e-06,1.000000000000000e+00,0.000000000000000e+00,2.407106937665802e+03,2.407106937665802e+03,-7.884635749873693e+02,6.669390251300079e-03,1.000000000000000e+03,1.000000000000000e+00,
3.060587246197573e-05,0.000000000000000e+00,7.703091085728379e-02,2.455809863369234e+06,2.455712925089907e+06,1.501392891921645e+03,3.060587246197573e-05,0.000000000000000e+00,-1.000000000000000e+03,1.637141950059938e+06,9.693827932653802e+01,2.981815115676328e+05,8.382833755083439e-03,5.527049837765089e+08,0.000000000000000e+00,-3.353074717587106e-07,8.002099245668248e+10,8.002099245668248e+10,-4.514195235834094e+00,3.060587246197573e-05,1.000000000000000e+00,0.000000000000000e+00,2.499683574421768e+03,2.499683574421768e+03,-1.381515623551596e+03,7.703091085728379e-02,1.000000000000000e+03,1.000000000000000e+00,
3.376939033514855e-04,0.000000000000000e+00,8.450774104545404e-01,2.702349892352987e+07,2.702244152240036e+07,1.501372584653484e+03,3.376939033514855e-04,0.000000000000000e+00,-1.000000000000000e+03,1.801496101493357e+07,1.057401129503409e+03,2.981794950160612e+05,8.289263559770580e-03,4.686266475019726e+08,0.000000000000000e+00,-2.668248133833231e-07,8.001991012322995e+10,8.001991012322995e+10,-3.471476779947084e+00,3.376939033514855e-04,1.000000000000000e+00,0.000000000000000e+00,2.485753898701417e+03,2.485753898701417e+03,-1.753110166961336e+03,8.450774104545404e-01,1.000000000000000e+03,1.000000000000000e+00,
7.506089538713751e-08,0.000000000000000e+00,-7.508420175753370e-08,2.663773822251008e+03,2.663773822213478e+03,6.658463570220669e+02,7.506089538713751e-08,0.000000000000000e+00,-1.000000000000000e+03,1.775849214808985e+03,3.753057047476372e-08,1.985731605584782e+05,5.035221831242797e-06,8.069165370403854e+08,0.000000000000000e+00,-1.361419721901402e-12,3.548817008476485e+10,3.548817008476485e+10,-7.124586259275805e+00,7.506089538713751e-08,1.000000000000000e+00,0.000000000000000e+00,-1.000043347595623e+00,1.000001573538577e+00,-8.933776203428556e-01,7.506102160418817e-08,1.000000000000000e+03,1.000000000000000e+00,
7.508349813864964e-08,0.000000000000000e+00,-7.675941835723536e-08,2.665629448409191e+03,2.665629448371647e+03,6.661096133144118e+02,7.508349813864964e-08,0.000000000000000e+00,-1.000000000000000e+03,1.777086298914431e+03,3.692918215665645e-08,1.986124117065932e+05,4.619387298377138e-06,8.069269073421260e+08,0.000000000000000e+00,-1.419771508184981e-09,3.550220107551835e+10,3.550220107551835e+10,-7.124455501808261e+00,7.508349813864964e-08,1.000000000000000e+00,0.000000000000000e+00,-1.000035009194526e+00,9.622058881371263e-01,-8.304078423559025e-01,7.508612675144169e-08,1.000000000000000e+03,1.000000000000000e+00,
8.011789852958872e-08,0.000000000000000e+00,-7.765575870907657e-08,3.150562701229118e+03,3.150562701192257e+03,7.378175815800638e+02,8.011789852958872e-08,0.000000000000000e+00,-1.000000000000000e+03,2.100375134128171e+03,8.649651125169044e-11,2.090297177805266e+05,8.926587493485210e-08,8.100702389395972e+08,0.000000000000000e+00,-5.701167030186262e-08,3.932408062386594e+10,3.932408062386593e+10,-7.096270450653708e+00,8.011789852958872e-08,1.000000000000000e+00,0.000000000000000e+00,-9.592646385727898e-01,3.071033587285318e-02,-6.756477568623662e-01,5.633055373266055e-09,1.000000000000000e+03,1.000000000000000e+00,
2.141446559653796e-07,0.000000000000000e+00,2.140487632106016e-08,2.293138932449738e+04,2.293138932449631e+04,1.552285801952503e+03,2.141446559653796e-07,0.000000000000000e+00,-1.000000000000000e+03,1.528759288299754e+04,1.069764566980260e-09,3.031931442355699e+05,2.897778415287004e-07,7.251450194454405e+08,0.000000000000000e+00,-4.016158601647434e-04,8.273347444030600e+10,8.273347444030598e+10,-6.669292759061975e+00,2.141446559653796e-07,1.000000000000000e+00,0.000000000000000e+00,9.995522057071858e-02,9.995522057071858e-02,3.145994760213310e-02,2.140487632106016e-08,1.000000000000000e+03,1.000000000000000e+00,
2.770707917849075e-06,0.000000000000000e+00,6.669390251300079e-03,2.289536408913012e+05,2.289456139235292e+05,1.505609604647269e+03,2.770707917849075e-06,0.000000000000000e+00,-1.000000000000000e+03,1.526304092823528e+05,8.026967771952545e+00,2.985999444089456e+05,7.944120960316443e-03,6.381655148808789e+08,0.000000000000000e+00,-2.635162475389734e-06,8.024573412092285e+10,8.024573412092287e+10,-5.557409254207767e+00,2.770707917849075e-06,1.000000000000000e+00,0.000000000000000e+00,2.407106937665802e+03,2.407106937665802e+03,-1.115049096769547e+03,6.669390251300079e-03,1.000000000000000e+03,1.000000000000000e+00,
3.060587246197573e-05,0.000000000000000e+00,7.703091085728379e-02,2.455809863369234e+06,2.455712925089907e+06,1.501392891921645e+03,3.060587246197573e-05,0.000000000000000e+00,-1.000000000000000e+03,1.637141950059938e+06,9.693827932653802e+01,2.981815115676328e+05,8.382833755083439e-03,5.527049837765089e+08,0.000000000000000e+00,-3.353074717587106e-07,8.002099245668248e+10,8.002099245668248e+10,-4.514195235834094e+00,3.060587246197573e-05,1.000000000000000e+00,0.000000000000000e+00,2.499683574421768e+03,2.499683574421768e+03,-1.762146631822822e+03,7.703091085728379e-02,1.000000000000000e+03,1.000000000000000e+00,
3.376939033514855e-04,0.000000000000000e+00,8.450774104545404e-01,2.702349892352987e+07,2.702244152240036e+07,1.501372584653484e+03,3.376939033514855e-04,0.000000000000000e+00,-1.000000000000000e+03,1.801496101493357e+07,1.057401129503409e+03,2.981794950160612e+05,8.289263559770580e-03,4.686266475019726e+08,0.000000000000000e+00,-2.668248133833231e-07,8.001991012322995e+10,8.001991012322995e+10,-3.471476779947084e+00,3.376939033514855e-04,1.000000000000000e+00,0.000000000000000e+00,2.485753898701417e+03,2.485753898701417e+03,-2.064117268565436e+03,8.450774104545404e-01,1.000000000000000e+03,1.000000000000000e+00,
7.506089538713751e-08,0.000000000000000e+00,-7.508420175753370e-08,2.663773822251008e+03,2.663773822213478e+03,6.658463570220669e+02,7.506089538713751e-08,0.000000000000000e+00,-1.000000000000000e+03,1.775849214808985e+03,3.753057047476372e-08,1.985731605584782e+05,5.035221831242797e-06,8.069165370403854e+08,0.000000000000000e+00,-1.361419721901402e-12,3.548817008476485e+10,3.548817008476485e+10,-7.124586259275805e+00,7.506089538713751e-08,1.000000000000000e+00,0.000000000000000e+00,-1.000043347595623e+00,1.000001573538577e+00,-9.695838893493655e-01,7.506102160418817e-08,1.000000000000000e+03,1.000000000000000e+00,
7.508349813864964e-08,0.000000000000000e+00,-7.675941835723536e-08,2.665629448409191e+03,2.665629448371647e+03,6.661096133144118e+02,7.508349813864964e-08,0.000000000000000e+00,-1.000000000000000e+03,1.777086298914431e+03,3.692918215665645e-08,1.986124117065932e+05,4.619387298377138e-06,8.069269073421260e+08,0.000000000000000e+00,-1.419771508184981e-09,3.550220107551835e+10,3.550220107551835e+10,-7.124455501808261e+00,7.508349813864964e-08,1.000000000000000e+00,0.000000000000000e+00,-1.000035009194526e+00,9.622058881371263e-01,-9.477220757390215e-01,7.508612675144169e-08,1.000000000000000e+03,1.000000000000000e+00,
8.011789852958872e-08,0.000000000000000e+00,-7.765575870907657e-08,3.150562701229118e+03,3.150562701192257e+03,7.378175815800638e+02,8.011789852958872e-08,0.000000000000000e+00,-1.000000000000000e+03,2.100375134128171e+03,8.649651125169044e-11,2.090297177805266e+05,8.926587493485210e-08,8.100702389395972e+08,0.000000000000000e+00,-5.701167030186262e-08,3.932408062386594e+10,3.932408062386593e+10,-7.096270450653708e+00,8.011789852958872e-08,1.000000000000000e+00,0.000000000000000e+00,-9.592646385727898e-01,3.071033587285318e-02,-8.559688761343002e-01,5.633055373266055e-09,1.000000000000000e+03,1.000000000000000e+00,
2.141446559653796e-07,0.000000000000000e+00,2.140487632106016e-08,2.293138932449738e+04,2.293138932449631e+04,1.552285801952503e+03,2.141446559653796e-07,0.000000000000000e+00,-1.000000000000000e+03,1.528759288299754e+04,1.069764566980260e-09,3.031931442355699e+05,2.897778415287004e-07,7.251450194454405e+08,0.000000000000000e+00,-4.016158601647434e-04,8.273347444030600e+10,8.273347444030598e+10,-6.669292759061975e+00,2.141446559653796e-07,1.000000000000000e+00,0.000000000000000e+00,9.995522057071858e-02,9.995522057071858e-02,4.456092911524077e-02,2.140487632106016e-08,1.000000000000000e+03,1.000000000000000e+00,
2.770707917849075e-06,0.000000000000000e+00,6.669390251300079e-03,2.289536408913012e+05,2.289456139235292e+05,1.505609604647269e+03,2.770707917849075e-06,0.000000000000000e+00,-1.000000000000000e+03,1.526304092823528e+05,8.026967771952545e+00,2.985999444089456e+05,7.944120960316443e-03,6.381655148808789e+08,0.000000000000000e+00,-2.635162475389734e-06,8.024573412092285e+10,8.024573412092287e+10,-5.557409254207767e+00,2.770707917849075e-06,1.000000000000000e+00,0.000000000000000e+00,2.407106937665802e+03,2.407106937665802e+03,-1.765767638917640e+03,6.669390251300079e-03,1.000000000000000e+03,1.000000000000000e+00,
3.060587246197573e-05,0.000000000000000e+00,7.703091085728379e-02,2.455809863369234e+06,2.455712925089907e+06,1.501392891921645e+03,3.060587246197573e-05,0.000000000000000e+00,-1.000000000000000e+03,1.637141950059938e+06,9.693827932653802e+01,2.981815115676328e+05,8.382833755083439e-03,5.527049837765089e+08,0.000000000000000e+00,-3.353074717587106e-07,8.002099245668248e+10,8.002099245668248e+10,-4.514195235834094e+00,3.060587246197573e-05,1.000000000000000e+00,0.000000000000000e+00,2.499683574421768e+03,2.499683574421768e+03,-2.232439398644348e+03,7.703091085728379e-02,1.000000000000000e+03,1.000000000000000e+00,
3.376939033514855e-04,0.000000000000000e+00,8.450774104545404e-01,2.702349892352987e+07,2.702244152240036e+07,1.501372584653484e+03,3.376939033514855e-04,0.000000000000000e+00,-1.000000000000000e+03,1.801496101493357e+07,1.057401129503409e+03,2.981794950160612e+05,8.289263559770580e-03,4.686266475019726e+08,0.000000000000000e+00,-2.668248133833231e-07,8.001991012322995e+10,8.001991012322995e+10,-3.471476779947084e+00,3.376939033514855e-04,1.000000000000000e+00,0.000000000000000e+00,2.485753898701417e+03,2.485753898701417e+03,-2.355721372745884e+03,8.450774104545404e-01,1.000000000000000e+03,1.000000000000000e+00,
7.506089538713751e-08,0.000000000000000e+00,-7.508420175753370e-08,2.663773822251008e+03,2.663773822213478e+03,6.658463570220669e+02,7.506089538713751e-08,0.000000000000000e+00,-1.000000000000000e+03,1.775849214808985e+03,3.753057047476372e-08,1.985731605584782e+05,5.035221831242797e-06,8.069165370403854e+08,0.000000000000000e+00,-1.361419721901402e-12,3.548817008476485e+10,3.548817008476485e+10,-7.124586259275805e+00,7.506089538713751e-08,1.000000000000000e+00,0.000000000000000e+00,-1.000043347595623e+00,1.000001573538577e+00,-1.000040110156431e+00,7.506102160418817e-08,1.000000000000000e+03,1.000000000000000e+00,
7.508349813864964e-08,0.000000000000000e+00,-7.675941835723536e-08,2.665629448409191e+03,2.665629448371647e+03,6.661096133144118e+02,7.508349813864964e-08,0.000000000000000e+00,-1.000000000000000e+03,1.777086298914431e+03,3.692918215665645e-08,1.986124117065932e+05,4.619387298377138e-06,8.069269073421260e+08,0.000000000000000e+00,-1.419771508184981e-09,3.550220107551835e+10,3.550220107551835e+10,-7.124455501808261e+00,7.508349813864964e-08,1.000000000000000e+00,0.000000000000000e+00,-1.000035009194526e+00,9.622058881371263e-01,-1.000031600520747e+00,7.508612675144169e-08,1.000000000000000e+03,1.000000000000000e+00,
8.011789852958872e-08,0.000000000000000e+00,-7.765575870907657e-08,3.150562701229118e+03,3.150562701192257e+03,7.378175815800638e+02,8.011789852958872e-08,0.000000000000000e+00,-1.000000000000000e+03,2.100375134128171e+03,8.649651125169044e-11,2.090297177805266e+05,8.926587493485210e-08,8.100702389395972e+08,0.000000000000000e+00,-5.701167030186262e-08,3.932408062386594e+10,3.932408062386593e+10,-7.096270450653708e+00,8.011789852958872e-08,1.000000000000000e+00,0.000000000000000e+00,-9.592646385727898e-01,3.071033587285318e-02,-9.592572625360767e-01,5.633055373266055e-09,1.000000000000000e+03,1.000000000000000e+00,
2.141446559653796e-07,0.000000000000000e+00,2.140487632106016e-08,2.293138932449738e+04,2.293138932449631e+04,1.552285801952503e+03,2.141446559653796e-07,0.000000000000000e+00,-1.000000000000000e+03,1.528759288299754e+04,1.069764566980260e-09,3.031931442355699e+05,2.897778415287004e-07,7.251450194454405e+08,0.000000000000000e+00,-4.016158601647434e-04,8.273347444030600e+10,8.273347444030598e+10,-6.669292759061975e+00,2.141446559653796e-07,1.000000000000000e+00,0.000000000000000e+00,9.995522057071858e-02,9.995522057071858e-02,7.067901428055219e-02,2.140487632106016e-08,1.000000000000000e+03,1.000000000000000e+00,
2.770707917849075e-06,0.000000000000000e+00,6.669390251300079e-03,2.289536408913012e+05,2.289456139235292e+05,1.505609604647269e+03,2.770707917849075e-06,0.000000000000000e+00,-1.000000000000000e+03,1.526304092823528e+05,8.026967771952545e+00,2.985999444089456e+05,7.944120960316443e-03,6.381655148808789e+08,0.000000000000000e+00,-2.635162475389734e-06,8.024573412092285e+10,8.024573412092287e+10,-5.557409254207767e+00,2.770707917849075e-06,1.000000000000000e+00,0.000000000000000e+00,2.407106937665802e+03,2.407106937665802e+03,-2.516897407259500e+03,6.669390251300079e-03,1.000000000000000e+03,1.000000000000000e+00,
3.060587246197573e-05,0.000000000000000e+00,7.703091085728379e-02,2.455809863369234e+06,2.455712925089907e+06,1.501392891921645e+03,3.060587246197573e-05,0.000000000000000e+00,-1.000000000000000e+03,1.637141950059938e+06,9.693827932653802e+01,2.981815115676328e+05,8.382833755083439e-03,5.527049837765089e+08,0.000000000000000e+00,-3.353074717587106e-07,8.002099245668248e+10,8.002099245668248e+10,-4.514195235834094e+00,3.060587246197573e-05,1.000000000000000e+00,0.000000000000000e+00,2.499683574421768e+03,2.499683574421768e+03,-2.516791395692041e+03,7.703091085728379e-02,1.000000000000000e+03,1.000000000000000e+00,
3.376939033514855e-04,0.000000000000000e+00,8.450774104545404e-01,2.702349892352987e+07,2.702244152240036e+07,1.501372584653484e+03,3.376939033514855e-04,0.000000000000000e+00,-1.000000000000000e+03,1.801496101493357e+07,1.057401129503409e+03,2.981794950160612e+05,8.289263559770580e-03,4.686266475019726e+08,0.000000000000000e+00,-2.668248133833231e-07,8.001991012322995e+10,8.001991012322995e+10,-3.471476779947084e+00,3.376939033514855e-04,1.000000000000000e+00,0.000000000000000e+00,2.485753898701417e+03,2.485753898701417e+03,-2.502931267565114e+03,8.450774104545404e-01,1.000000000000000e+03,1.000000000000000e+00,
7.506089538713751e-08,0.000000000000000e+00,-7.508420175753370e-08,2.663773822251008e+03,2.663773822213478e+03,6.658463570220669e+02,7.506089538713751e-08,0.000000000000000e+00,-1.000000000000000e+03,1.775849214808985e+03,3.753057047476372e-08,1.985731605584782e+05,5.035221831242797e-06,8.069165370403854e+08,0.000000000000000e+00,-1.361419721901402e-12,3.548817008476485e+10,3.548817008476485e+10,-7.124586259275805e+00,7.506089538713751e-08,1.000000000000000e+00,0.000000000000000e+00,-1.000043347595623e+00,1.000001573538577e+00,-1.000040110156431e+00,7.506102160418817e-08,1.000000000000000e+03,1.000000000000000e+00,
7.508349813864964e-08,0.000000000000000e+00,-7.675941835723536e-08,2.665629448409191e+03,2.665629448371647e+03,6.661096133144118e+02,7.508349813864964e-08,0.000000000000000e+00,-1.000000000000000e+03,1.777086298914431e+03,3.692918215665645e-08,1.986124117065932e+05,4.619387298377138e-06,8.069269073421260e+08,0.000000000000000e+00,-1.419771508184981e-09,3.550220107551835e+10,3.550220107551835e+10,-7.124455501808261e+00,7.508349813864964e-08,1.000000000000000e+00,0.000000000000000e+00,-1.000035009194526e+00,9.622058881371263e-01,-1.000031600520747e+00,7.508612675144169e-08,1.000000000000000e+03,1.000000000000000e+00,
8.011789852958872e-08,0.000000000000000e+00,-7.765575870907657e-08,3.150562701229118e+03,3.150562701192257e+03,7.378175815800638e+02,8.011789852958872e-08,0.000000000000000e+00,-1.000000000000000e+03,2.100375134128171e+03,8.649651125169044e-11,2.090297177805266e+05,8.926587493485210e-08,8.100702389395972e+08,0.000000000000000e+00,-5.701167030186262e-08,3.932408062386594e+10,3.932408062386593e+10,-7.096270450653708e+00,8.011789852958872e-08,1.000000000000000e+00,0.000000000000000e+00,-9.592646385727898e-01,3.071033587285318e-02,-9.592572625360767e-01,5.633055373266055e-09,1.000000000000000e+03,1.000000000000000e+00,
2.141446559653796e-07,0.000000000000000e+00,2.140487632106016e-08,2.293138932449738e+04,2.293138932449631e+04,1.552285801952503e+03,2.141446559653796e-07,0.000000000000000e+00,-1.000000000000000e+03,1.528759288299754e+04,1.069764566980260e-09,3.031931442355699e+05,2.897778415287004e-07,7.251450194454405e+08,0.000000000000000e+00,-4.016158601647434e-04,8.273347444030600e+10,8.273347444030598e+10,-6.669292759061975e+00,2.141446559653796e-07,1.000000000000000e+00,0.000000000000000e+00,9.995522057071858e-02,9.995522057071858e-02,7.067901428055219e-02,2.140487632106016e-08,1.000000000000000e+03,1.000000000000000e+00,
2.770707917849075e-06,0.000000000000000e+00,6.669390251300079e-03,2.289536408913012e+05,2.289456139235292e+05,1.505609604647269e+03,2.770707917849075e-06,0.000000000000000e+00,-1.000000000000000e+03,1.526304092823528e+05,8.026967771952545e+00,2.985999444089456e+05,7.944120960316443e-03,6.381655148808789e+08,0.000000000000000e+00,-2.635162475389734e-06,8.024573412092285e+10,8.024573412092287e+10,-5.557409254207767e+00,2.770707917849075e-06,1.000000000000000e+00,0.000000000000000e+00,2.407106937665802e+03,2.407106937665802e+03,-2.516897407259500e+03,6.669390251300079e-03,1.000000000000000e+03,1.000000000000000e+00,
3.060587246197573e-05,0.000000000000000e+00,7.703091085728379e-02,2.455809863369234e+06,2.455712925089907e+06,1.501392891921645e+03,3.060587246197573e-05,0.000000000000000e+00,-1.000000000000000e+03,1.637141950059938e+06,9.693827932653802e+01,2.981815115676328e+05,8.382833755083439e-03,5.527049837765089e+08,0.000000000000000e+00,-3.353074717587106e-07,8.002099245668248e+10,8.002099245668248e+10,-4.514195235834094e+00,3.060587246197573e-05,1.000000000000000e+00,0.000000000000000e+00,2.499683574421768e+03,2.499683574421768e+03,-2.516791395692041e+03,7.703091085728379e-02,1.000000000000000e+03,1.000000000000000e+00,
3.376939033514855e-04,0.000000000000000e+00,8.450774104545404e-01,2.702349892352987e+07,2.702244152240036e+07,1.501372584653484e+03,3.376939033514855e-04,0.000000000000000e+00,-1.000000000000000e+03,1.801496101493357e+07,1.057401129503409e+03,2.981794950160612e+05,8.289263559770580e-03,4.686266475019726e+08,0.000000000000000e+00,-2.668248133833231e-07,8.001991012322995e+10,8.001991012322995e+10,-3.471476779947084e+00,3.376939033514855e-04,1.000000000000000e+00,0.000000000000000e+00,2.485753898701417e+03,2.485753898701417e+03,-2.502931267565114e+03,8.450774104545404e-01,1.000000000000000e+03,1.000000000000000e+00,
7.506089538713751e-08,0.000000000000000e+00,-7.508420175753370e-08,2.663773822251008e+03,2.663773822213478e+03,6.658463570220669e+02,7.506089538713751e-08,0.000000000000000e+00,-1.000000000000000e+03,1.775849214808985e+03,3.753057047476372e-08,1.985731605584782e+05,5.035221831242797e-06,8.069165370403854e+08,0.000000000000000e+00,-1.361419721901402e-12,3.548817008476485e+10,3.548817008476485e+10,-7.124586259275805e+00,7.506089538713751e-08,1.000000000000000e+00,0.000000000000000e+00,-1.000043347595623e+00,1.000001573538577e+00,-9.695838893493655e-01,7.506102160418817e-08,1.000000000000000e+03,1.000000000000000e+00,
7.508349813864964e-08,0.000000000000000e+00,-7.675941835723536e-08,2.665629448409191e+03,2.665629448371647e+03,6.661096133144118e+02,7.508349813864964e-08,0.000000000000000e+00,-1.000000000000000e+03,1.777086298914431e+03,3.692918215665645e-08,1.986124117065932e+05,4.619387298377138e-06,8.069269073421260e+08,0.000000000000000e+00,-1.419771508184981e-09,3.550220107551835e+10,3.550220107551835e+10,-7.124455501808261e+00,7.508349813864964e-08,1.000000000000000e+00,0.000000000000000e+00,-1.000035009194526e+00,9.622058881371263e-01,-9.477220757390215e-01,7.508612675144169e-08,1.000000000000000e+03,1.000000000000000e+00,
8.011789852958872e-08,0.000000000000000e+00,-7.765575870907657e-08,3.150562701229118e+03,3.150562701192257e+03,7.378175815800638e+02,8.011789852958872e-08,0.000000000000000e+00,-1.000000000000000e+03,2.100375134128171e+03,8.649651125169044e-11,2.090297177805266e+05,8.926587493485210e-08,8.100702389395972e+08,0.000000000000000e+00,-5.701167030186262e-08,3.932408062386594e+10,3.932408062386593e+10,-7.096270450653708e+00,8.011789852958872e-08,1.000000000000000e+00,0.000000000000000e+00,-9.592646385727898e-01,3.071033587285318e-02,-8.559688761343002e-01,5.633055373266055e-09,1.000000000000000e+03,1.000000000000000e+00,
2.141446559653796e-07,0.000000000000000e+00,2.140487632106016e-08,2.293138932449738e+04,2.293138932449631e+04,1.552285801952503e+03,2.141446559653796e-07,0.000000000000000e+00,-1.000000000000000e+03,1.528759288299754e+04,1.069764566980260e-09,3.031931442355699e+05,2.897778415287004e-07,7.251450194454405e+08,0.000000000000000e+00,-4.016158601647434e-04,8.273347444030600e+10,8.273347444030598e+10,-6.669292759061975e+00,2.141446559653796e-07,1.000000000000000e+00,0.000000000000000e+00,9.995522057071858e-02,9.995522057071858e-02,4.456092911524077e-02,2.140487632106016e-08,1.000000000000000e+03,1.000000000000000e+00,
2.770707917849075e-06,0.000000000000000e+00,6.669390251300079e-03,2.289536408913012e+05,2.289456139235292e+05,1.505609604647269e+03,2.770707917849075e-06,0.000000000000000e+00,-1.000000000000000e+03,1.526304092823528e+05,8.026967771952545e+00,2.985999444089456e+05,7.944120960316443e-03,6.381655148808789e+08,0.000000000000000e+00,-2.635162475389734e-06,8.024573412092285e+10,8.024573412092287e+10,-5.557409254207767e+00,2.770707917849075e-06,1.000000000000000e+00,0.000000000000000e+00,2.407106937665802e+03,2.407106937665802e+03,-1.765767638917640e+03,6.669390251300079e-03,1.000000000000000e+03,1.000000000000000e+00,
3.060587246197573e-05,0.000000000000000e+00,7.703091085728379e-02,2.455809863369234e+06,2.455712925089907e+06,1.501392891921645e+03,3.060587246197573e-05,0.000000000000000e+00,-1.000000000000000e+03,1.637141950059938e+06,9.693827932653802e+01,2.981815115676328e+05,8.382833755083439e-03,5.527049837765089e+08,0.000000000000000e+00,-3.353074717587106e-07,8.002099245668248e+10,8.002099245668248e+10,-4.514195235834094e+00,3.060587246197573e-05,1.000000000000000e+00,0.000000000000000e+00,2.499683574421768e+03,2.499683574421768e+03,-2.232439398644348e+03,7.703091085728379e-02,1.000000000000000e+03,1.000000000000000e+00,
3.376939033514855e-04,0.000000000000000e+00,8.450774104545404e-01,2.702349892352987e+07,2.702244152240036e+07,1.501372584653484e+03,3.376939033514855e-04,0.000000000000000e+00,-1.000000000000000e+03,1.801496101493357e+07,1.057401129503409e+03,2.981794950160612e+05,8.289263559770580e-03,4.686266475019726e+08,0.000000000000000e+00,-2.668248133833231e-07,8.001991012322995e+10,8.001991012322995e+10,-3.471476779947084e+00,3.376939033514855e-04,1.000000000000000e+00,0.000000000000000e+00,2.485753898701417e+03,2.485753898701417e+03,-2.355721372745884e+03,8.450774104545404e-01,1.000000000000000e+03,1.000000000000000e+00,
7.506089538713751e-08,0.000000000000000e+00,-7.508420175753370e-08,2.663773822251008e+03,2.663773822213478e+03,6.658463570220669e+02,7.506089538713751e-08,0.000000000000000e+00,-1.000000000000000e+03,1.775849214808985e+03,3.753057047476372e-08,1.985731605584782e+05,5.035221831242797e-06,8.069165370403854e+08,0.000000000000000e+00,-1.361419721901402e-12,3.548817008476485e+10,3.548817008476485e+10,-7.124586259275805e+00,7.506089538713751e-08,1.000000000000000e+00,0.000000000000000e+00,-1.000043347595623e+00,1.000001573538577e+00,-8.933776203428556e-01,7.506102160418817e-08,1.000000000000000e+03,1.000000000000000e+00,
7.508349813864964e-08,0.000000000000000e+00,-7.675941835723536e-08,2.665629448409191e+03,2.665629448371647e+03,6.661096133144118e+02,7.508349813864964e-08,0.000000000000000e+00,-1.000000000000000e+03,1.777086298914431e+03,3.692918215665645e-08,1.986124117065932e+05,4.619387298377138e-06,8.069269073421260e+08,0.000000000000000e+00,-1.419771508184981e-09,3.550220107551835e+10,3.550220107551835e+10,-7.124455501808261e+00,7.508349813864964e-08,1.000000000000000e+00,0.000000000000000e+00,-1.000035009194526e+00,9.622058881371263e-01,-8.304078423559025e-01,7.508612675144169e-08,1.000000000000000e+03,1.000000000000000e+00,
8.011789852958872e-08,0.000000000000000e+00,-7.765575870907657e-08,3.150562701229118e+03,3.150562701192257e+03,7.378175815800638e+02,8.011789852958872e-08,0.000000000000000e+00,-1.000000000000000e+03,2.100375134128171e+03,8.649651125169044e-11,2.090297177805266e+05,8.926587493485210e-08,8.100702389395972e+08,0.000000000000000e+00,-5.701167030186262e-08,3.932408062386594e+10,3.932408062386593e+10,-7.096270450653708e+00,8.011789852958872e-08,1.000000000000000e+00,0.000000000000000e+00,-9.592646385727898e-01,3.071033587285318e-02,-6.756477568623662e-01,5.633055373266055e-09,1.000000000000000e+03,1.000000000000000e+00,
2.141446559653796e-07,0.000000000000000e+00,2.140487632106016e-08,2.293138932449738e+04,2.293138932449631e+04,1.552285801952503e+03,2.141446559653796e-07,0.000000000000000e+00,-1.000000000000000e+03,1.528759288299754e+04,1.069764566980260e-09,3.031931442355699e+05,2.897778415287004e-07,7.251450194454405e+08,0.000000000000000e+00,-4.016158601647434e-04,8.273347444030600e+10,8.273347444030598e+10,-6.669292759061975e+00,2.141446559653796e-07,1.000000000000000e+00,0.000000000000000e+00,9.995522057071858e-02,9.995522057071858e-02,3.145994760213310e-02,2.140487632106016e-08,1.000000000000000e+03,1.000000000000000e+00,
2.770707917849075e-06,0.000000000000000e+00,6.669390251300079e-03,2.289536408913012e+05,2.289456139235292e+05,1.505609604647269e+03,2.770707917849075e-06,0.000000000000000e+00,-1.000000000000000e+03,1.526304092823528e+05,8.026967771952545e+00,2.985999444089456e+05,7.944120960316443e-03,6.381655148808789e+08,0.000000000000000e+00,-2.635162475389734e-06,8.024573412092285e+10,8.024573412092287e+10,-5.557409254207767e+00,2.770707917849075e-06,1.000000000000000e+00,0.000000000000000e+00,2.407106937665802e+03,2.407106937665802e+03,-1.115049096769547e+03,6.669390251300079e-03,1.000000000000000e+03,1.000000000000000e+00,
3.060587246197573e-05,0.000000000000000e+00,7.703091085728379e-02,2.455809863369234e+06,2.455712925089907e+06,1.501392891921645e+03,3.060587246197573e-05,0.000000000000000e+00,-1.000000000000000e+03,1.637141950059938e+06,9.693827932653802e+01,2.981815115676328e+05,8.382833755083439e-03,5.527049837765089e+08,0.000000000000000e+00,-3.353074717587106e-07,8.002099245668248e+10,8.002099245668248e+10,-4.514195235834094e+00,3.060587246197573e-05,1.000000000000000e+00,0.000000000000000e+00,2.499683574421768e+03,2.499683574421768e+03,-1.762146631822822e+03,7.703091085728379e-02,1.000000000000000e+03,1.000000000000000e+00,
3.376939033514855e-04,0.000000000000000e+00,8.450774104545404e-01,2.702349892352987e+07,2.702244152240036e+07,1.501372584653484e+03,3.376939033514855e-04,0.000000000000000e+00,-1.000000000000000e+03,1.801496101493357e+07,1.057401129503409e+03,2.981794950160612e+05,8.289263559770580e-03,4.686266475019726e+08,0.000000000000000e+00,-2.668248133833231e-07,8.001991012322995e+10,8.001991012322995e+10,-3.471476779947084e+00,3.376939033514855e-04,1.000000000000000e+00,0.000000000000000e+00,2.485753898701417e+03,2.485753898701417e+03,-2.064117268565436e+03,8.450774104545404e-01,1.000000000000000e+03,1.000000000000000e+00,

64,28
2.489995218745991e-02,0.000000000000000e+00,6.189518067015112e+01,2.457877309924417e+09,2.457800381796978e+09,1.854063856136510e+03,2.489995218745991e-02,0.000000000000000e+00,-1.000000000000000e+03,1.638533587864653e+09,7.692812743873500e+04,3.313567928435899e+05,8.285492047839044e-03,4.673881275292823e+08,2.500000000000000e-07,6.211869105187159e-04,9.881759174723077e+10,9.881759174723076e+10,-1.603801486829656e+00,2.489995218745991e-02,1.000000000000000e+00,0.000000000000000e+00,2.487698618408147e+03,2.487698618408147e+03,-1.495777338569053e+03,6.189518067015112e+01,1.000000000000000e+03,1.000000000000000e+00,
2.489995218745991e-02,0.000000000000000e+00,6.189518067015112e+01,2.457877309924417e+09,2.457800381796978e+09,1.854063856136510e+03,2.489995218745991e-02,0.000000000000000e+00,-1.000000000000000e+03,1.638533587864653e+09,7.692812743873500e+04,3.313567928435899e+05,8.285492047839044e-03,4.673881275292823e+08,2.500000000000000e-07,6.211869105187159e-04,9.881759174723077e+10,9.881759174723076e+10,-1.603801486829656e+00,2.489995218745991e-02,1.000000000000000e+00,0.000000000000000e+00,2.487698618408147e+03,2.487698618408147e+03,-1.495777338569053e+03,6.189518067015112e+01,1.000000000000000e+03,1.000000000000000e+00,
2.489995218745991e-02,0.000000000000000e+00,6.189518067015112e+01,2.457877309924417e+09,2.457800381796978e+09,1.854063856136510e+03,2.489995218745991e-02,0.000000000000000e+00,-1.000000000000000e+03,1.638533587864653e+09,7.692812743873500e+04,3.313567928435899e+05,8.285492047839044e-03,4.673881275292823e+08,2.500000000000000e-07,6.211869105187159e-04,9.881759174723077e+10,9.881759174723076e+10,-1.603801486829656e+00,2.489995218745991e-02,1.000000000000000e+00,0.000000000000000e+00,2.487698618408147e+03,2.487698618408147e+03,-1.762237870181990e+03,6.189518067015112e+01,1.000000000000000e+03,1.000000000000000e+00,
2.489995218745991e-02,0.000000000000000e+00,6.189518067015112e+01,2.457877309924417e+09,2.457800381796978e+09,1.854063856136510e+03,2.489995218745991e-02,0.000000000000000e+00,-1.000000000000000e+03,1.638533587864653e+09,7.692812743873500e+04,3.313567928435899e+05,8.285492047839044e-03,4.673881275292823e+08,2.500000000000000e-07,6.211869105187159e-04,9.881759174723077e+10,9.881759174723076e+10,-1.603801486829656e+00,2.489995218745991e-02,1.000000000000000e+00,0.000000000000000e+00,2.487698618408147e+03,2.487698618408147e+03,-2.072371947288888e+03,6.189518067015112e+01,1.000000000000000e+03,1.000000000000000e+00,
2.489995218745991e-02,0.000000000000000e+00,6.189518067015112e+01,2.457877309924417e+09,2.457800381796978e+09,1.854063856136510e+03,2.489995218745991e-02,0.000000000000000e+00,-1.000000000000000e+03,1.638533587864653e+09,7.692812743873500e+04,3.313567928435899e+05,8.285492047839044e-03,4.673881275292823e+08,2.500000000000000e-07,6.211869105187159e-04,9.881759174723077e+10,9.881759174723076e+10,-1.603801486829656e+00,2.489995218745991e-02,1.000000000000000e+00,0.000000000000000e+00,2.487698618408147e+03,2.487698618408147e+03,-2.360598275916745e+03,6.189518067015112e+01,1.000000000000000e+03,1.000000000000000e+00,
2.489995218745991e-02,0.000000000000000e+00,6.189518067015112e+01,2.457877309924417e+09,2.457800381796978e+09,1.854063856136510e+03,2.489995218745991e-02,0.000000000000000e+00,-1.000000000000000e+03,1.638533587864653e+09,7.692812743873500e+04,3.313567928435899e+05,8.285492047839044e-03,4.673881275292823e+08,2.500000000000000e-07,6.211869105187159e-04,9.881759174723077e+10,9.881759174723076e+10,-1.603801486829656e+00,2.489995218745991e-02,1.000000000000000e+00,0.000000000000000e+00,2.487698618408147e+03,2.487698618408147e+03,-2.360598275916745e+03,6.189518067015112e+01,1.000000000000000e+03,1.000000000000000e+00,
2.489995218745991e-02,0.000000000000000e+00,6.189518067015112e+01,2.457877309924417e+09,2.457800381796978e+09,1.854063856136510e+03,2.489995218745991e-02,0.000000000000000e+00,-1.000000000000000e+03,1.638533587864653e+09,7.692812743873500e+04,3.313567928435899e+05,8.285492047839044e-03,4.673881275292823e+08,2.500000000000000e-07,6.211869105187159e-04,9.881759174723077e+10,9.881759174723076e+10,-1.603801486829656e+00,2.489995218745991e-02,1.000000000000000e+00,0.000000000000000e+00,2.487698618408147e+03,2.487698618408147e+03,-2.072371947288888e+03,6.189518067015112e+01,1.000000000000000e+03,1.000000000000000e+00,
2.489995218745991e-02,0.000000000000000e+00,6.189518067015112e+01,2.457877309924417e+09,2.457800381796978e+09,1.854063856136510e+03,2.489995218745991e-02,0.000000000000000e+00,-1.000000000000000e+03,1.638533587864653e+09,7.692812743873500e+04,3.313567928435899e+05,8.285492047839044e-03,4.673881275292823e+08,2.500000000000000e-07,6.211869105187159e-04,9.881759174723077e+10,9.881759174723076e+10,-1.603801486829656e+00,2.489995218745991e-02,1.000000000000000e+00,0.000000000000000e+00,2.487698618408147e+03,2.487698618408147e+03,-1.762237870181990e+03,6.189518067015112e+01,1.000000000000000e+03,1.000000000000000e+00,
7.508133678312146e-08,0.000000000000000e+00,-7.506102160418817e-08,2.665449335799182e+03,2.665449335761638e+03,6.660837791853243e+02,7.508133678312146e-08,0.000000000000000e+00,-1.000000000000000e+03,1.776966223841093e+03,3.754353342063421e-08,1.986085602170408e+05,5.035950705585664e-06,8.069258630567104e+08,0.000000000000000e+00,8.381783263566867e-13,3.550082417233733e+10,3.550082417233733e+10,-7.124468003600440e+00,7.508133678312146e-08,1.000000000000000e+00,0.000000000000000e+00,-1.000001573538577e+00,1.000043347595623e+00,-6.017720681244857e-01,7.508420175753370e-08,1.000000000000000e+03,1.000000000000000e+00,
7.977442177769774e-08,0.000000000000000e+00,-7.508612675144169e-08,3.115110402921055e+03,3.115110402884126e+03,7.326561511658131e+02,7.977442177769774e-08,0.000000000000000e+00,-1.000000000000000e+03,2.076740268589417e+03,3.756464835612944e-08,2.082972970192744e+05,5.035108332866232e-06,8.098487393950372e+08,0.000000000000000e+00,-1.820572881228166e-12,3.904898755098224e+10,3.904898755098224e+10,-7.098136334983593e+00,7.977442177769774e-08,1.000000000000000e+00,0.000000000000000e+00,-9.622058881371263e-01,1.000035009194526e+00,-4.323290280554080e-01,7.675941835723536e-08,1.000000000000000e+03,1.000000000000000e+00,
2.059913566634992e-07,0.000000000000000e+00,3.051156704047958e-08,2.202126628309957e+04,2.202126628309731e+04,2.005781921637201e+03,2.059913566634992e-07,0.000000000000000e+00,-1.000000000000000e+03,1.468084418873154e+04,3.686179031684933e-08,3.446477047556761e+05,4.589130429674032e-06,8.451205685831387e+08,0.000000000000000e+00,1.410819341134097e-08,1.069038363540201e+11,1.069038363540201e+11,-6.686151002116767e+00,2.059913566634992e-07,1.000000000000000e+00,0.000000000000000e+00,1.481206179457436e-01,9.592646385727898e-01,4.705867284035180e-02,7.765575870907657e-08,1.000000000000000e+03,1.000000000000000e+00,
2.668555780457201e-06,0.000000000000000e+00,6.409274478953042e-03,2.207865882772992e+05,2.207788914549866e+05,2.048127636079732e+03,2.668555780457201e-06,0.000000000000000e+00,-1.000000000000000e+03,1.471859276366578e+05,7.696822312539555e+00,3.482667740349344e+05,7.921605466276599e-03,8.285293138147631e+08,0.000000000000000e+00,-1.254190384776990e-08,1.091607713070300e+11,1.091607713070300e+11,-5.573723714767244e+00,2.668555780457201e-06,1.000000000000000e+00,0.000000000000000e+00,2.401776468714080e+03,2.401776468714080e+03,3.966727959894402e+02,6.409274478953042e-03,1.000000000000000e+03,1.000000000000000e+00,
2.947873705101940e-05,0.000000000000000e+00,7.419539072613685e-02,2.365636267255986e+06,2.365542895616701e+06,1.550358033933038e+03,2.947873705101940e-05,0.000000000000000e+00,-1.000000000000000e+03,1.577028597077800e+06,9.337163928489511e+01,3.030048194998681e+05,8.429044186241153e-03,7.237440173798316e+08,0.000000000000000e+00,1.996152714468735e-08,8.263072857613290e+10,8.263072857613289e+10,-4.530491126766937e+00,2.947873705101940e-05,1.000000000000000e+00,0.000000000000000e+00,2.516983359531607e+03,2.516983359531607e+03,-4.710572071428358e+00,7.419539072613685e-02,1.000000000000000e+03,1.000000000000000e+00,
3.252651134528509e-04,0.000000000000000e+00,8.137624113573463e-01,2.602905514313412e+07,2.602803719003256e+07,1.505439316226039e+03,3.252651134528509e-04,0.000000000000000e+00,-1.000000000000000e+03,1.735202479335504e+07,1.017953101561434e+03,2.985830577104280e+05,8.429972680127521e-03,6.368262348036709e+08,0.000000000000000e+00,2.271756291286238e-07,8.023665811653786e+10,8.023665811653786e+10,-3.487762514791950e+00,3.252651134528509e-04,1.000000000000000e+00,0.000000000000000e+00,2.516867014752997e+03,2.516867014752997e+03,-6.160465986519374e+02,8.137624113573463e-01,1.000000000000000e+03,1.000000000000000e+00,
3.526009092429123e-03,0.000000000000000e+00,8.764790848362336e+00,2.853821970772021e+08,2.853713035206909e+08,1.518508730542161e+03,3.526009092429123e-03,0.000000000000000e+00,-1.000000000000000e+03,1.902475356804606e+08,1.089355651130959e+04,2.998763256563909e+05,8.394100243460847e-03,5.513722479657408e+08,0.000000000000000e+00,3.763136783674099e-07,8.093322962026001e+10,8.093322962026003e+10,-2.452716572131222e+00,3.526009092429123e-03,1.000000000000000e+00,0.000000000000000e+00,2.502949638714113e+03,2.502949638714113e+03,-1.124396950626403e+03,8.764790848362336e+00,1.000000000000000e+03,1.000000000000000e+00,
7.508133678312146e-08,0.000000000000000e+00,-7.506102160418817e-08,2.665449335799182e+03,2.665449335761638e+03,6.660837791853243e+02,7.508133678312146e-08,0.000000000000000e+00,-1.000000000000000e+03,1.776966223841093e+03,3.754353342063421e-08,1.986085602170408e+05,5.035950705585664e-06,8.069258630567104e+08,0.000000000000000e+00,8.381783263566867e-13,3.550082417233733e+10,3.550082417233733e+10,-7.124468003600440e+00,7.508133678312146e-08,1.000000000000000e+00,0.000000000000000e+00,-1.000001573538577e+00,1.000043347595623e+00,-6.017720681244857e-01,7.508420175753370e-08,1.000000000000000e+03,1.000000000000000e+00,
7.977442177769774e-08,0.000000000000000e+00,-7.508612675144169e-08,3.115110402921055e+03,3.115110402884126e+03,7.326561511658131e+02,7.977442177769774e-08,0.000000000000000e+00,-1.000000000000000e+03,2.076740268589417e+03,3.756464835612944e-08,2.082972970192744e+05,5.035108332866232e-06,8.098487393950372e+08,0.000000000000000e+00,-1.820572881228166e-12,3.904898755098224e+10,3.904898755098224e+10,-7.098136334983593e+00,7.977442177769774e-08,1.000000000000000e+00,0.000000000000000e+00,-9.622058881371263e-01,1.000035009194526e+00,-4.323290280554080e-01,7.675941835723536e-08,1.000000000000000e+03,1.000000000000000e+00,
2.059913566634992e-07,0.000000000000000e+00,3.051156704047958e-08,2.202126628309957e+04,2.202126628309731e+04,2.005781921637201e+03,2.059913566634992e-07,0.000000000000000e+00,-1.000000000000000e+03,1.468084418873154e+04,3.686179031684933e-08,3.446477047556761e+05,4.589130429674032e-06,8.451205685831387e+08,0.000000000000000e+00,1.410819341134097e-08,1.069038363540201e+11,1.069038363540201e+11,-6.686151002116767e+00,2.059913566634992e-07,1.000000000000000e+00,0.000000000000000e+00,1.481206179457436e-01,9.592646385727898e-01,4.705867284035180e-02,7.765575870907657e-08,1.000000000000000e+03,1.000000000000000e+00,
2.668555780457201e-06,0.000000000000000e+00,6.409274478953042e-03,2.207865882772992e+05,2.207788914549866e+05,2.048127636079732e+03,2.668555780457201e-06,0.000000000000000e+00,-1.000000000000000e+03,1.471859276366578e+05,7.696822312539555e+00,3.482667740349344e+05,7.921605466276599e-03,8.285293138147631e+08,0.000000000000000e+00,-1.254190384776990e-08,1.091607713070300e+11,1.091607713070300e+11,-5.573723714767244e+00,2.668555780457201e-06,1.000000000000000e+00,0.000000000000000e+00,2.401776468714080e+03,2.401776468714080e+03,3.966727959894402e+02,6.409274478953042e-03,1.000000000000000e+03,1.000000000000000e+00,
2.947873705101940e-05,0.000000000000000e+00,7.419539072613685e-02,2.365636267255986e+06,2.365542895616701e+06,1.550358033933038e+03,2.947873705101940e-05,0.000000000000000e+00,-1.000000000000000e+03,1.577028597077800e+06,9.337163928489511e+01,3.030048194998681e+05,8.429044186241153e-03,7.237440173798316e+08,0.000000000000000e+00,1.996152714468735e-08,8.263072857613290e+10,8.263072857613289e+10,-4.530491126766937e+00,2.947873705101940e-05,1.000000000000000e+00,0.000000000000000e+00,2.516983359531607e+03,2.516983359531607e+03,-4.710572071428358e+00,7.419539072613685e-02,1.000000000000000e+03,1.000000000000000e+00,
3.252651134528509e-04,0.000000000000000e+00,8.137624113573463e-01,2.602905514313412e+07,2.602803719003256e+07,1.505439316226039e+03,3.252651134528509e-04,0.000000000000000e+00,-1.000000000000000e+03,1.735202479335504e+07,1.017953101561434e+03,2.985830577104280e+05,8.429972680127521e-03,6.368262348036709e+08,0.000000000000000e+00,2.271756291286238e-07,8.023665811653786e+10,8.023665811653786e+10,-3.487762514791950e+00,3.252651134528509e-04,1.000000000000000e+00,0.000000000000000e+00,2.516867014752997e+03,2.516867014752997e+03,-6.160465986519374e+02,8.137624113573463e-01,1.000000000000000e+03,1.000000000000000e+00,
3.526009092429123e-03,0.000000000000000e+00,8.764790848362336e+00,2.853821970772021e+08,2.853713035206909e+08,1.518508730542161e+03,3.526009092429123e-03,0.000000000000000e+00,-1.000000000000000e+03,1.902475356804606e+08,1.089355651130959e+04,2.998763256563909e+05,8.394100243460847e-03,5.513722479657408e+08,0.000000000000000e+00,3.763136783674099e-07,8.093322962026001e+10,8.093322962026003e+10,-2.452716572131222e+00,3.526009092429123e-03,1.000000000000000e+00,0.000000000000000e+00,2.502949638714113e+03,2.502949638714113e+03,-1.124396950626403e+03,8.764790848362336e+00,1.000000000000000e+03,1.000000000000000e+00,
7.508133678312146e-08,0.000000000000000e+00,-7.506102160418817e-08,2.665449335799182e+03,2.665449335761638e+03,6.660837791853243e+02,7.508133678312146e-08,0.000000000000000e+00,-1.000000000000000e+03,1.776966223841093e+03,3.754353342063421e-08,1.986085602170408e+05,5.035950705585664e-06,8.069258630567104e+08,0.000000000000000e+00,8.381783263566867e-13,3.550082417233733e+10,3.550082417233733e+10,-7.124468003600440e+00,7.508133678312146e-08,1.000000000000000e+00,0.000000000000000e+00,-1.000001573538577e+00,1.000043347595623e+00,-7.089728533266906e-01,7.508420175753370e-08,1.000000000000000e+03,1.000000000000000e+00,
7.977442177769774e-08,0.000000000000000e+00,-7.508612675144169e-08,3.115110402921055e+03,3.115110402884126e+03,7.326561511658131e+02,7.977442177769774e-08,0.000000000000000e+00,-1.000000000000000e+03,2.076740268589417e+03,3.756464835612944e-08,2.082972970192744e+05,5.035108332866232e-06,8.098487393950372e+08,0.000000000000000e+00,-1.820572881228166e-12,3.904898755098224e+10,3.904898755098224e+10,-7.098136334983593e+00,7.977442177769774e-08,1.000000000000000e+00,0.000000000000000e+00,-9.622058881371263e-01,1.000035009194526e+00,-5.361404783934234e-01,7.675941835723536e-08,1.000000000000000e+03,1.000000000000000e+00,
2.059913566634992e-07,0.000000000000000e+00,3.051156704047958e-08,2.202126628309957e+04,2.202126628309731e+04,2.005781921637201e+03,2.059913566634992e-07,0.000000000000000e+00,-1.000000000000000e+03,1.468084418873154e+04,3.686179031684933e-08,3.446477047556761e+05,4.589130429674032e-06,8.451205685831387e+08,0.000000000000000e+00,1.410819341134097e-08,1.069038363540201e+11,1.069038363540201e+11,-6.686151002116767e+00,2.059913566634992e-07,1.000000000000000e+00,0.000000000000000e+00,1.481206179457436e-01,9.592646385727898e-01,6.644751281025377e-02,7.765575870907657e-08,1.000000000000000e+03,1.000000000000000e+00,
2.668555780457201e-06,0.000000000000000e+00,6.409274478953042e-03,2.207865882772992e+05,2.207788914549866e+05,2.048127636079732e+03,2.668555780457201e-06,0.000000000000000e+00,-1.000000000000000e+03,1.471859276366578e+05,7.696822312539555e+00,3.482667740349344e+05,7.921605466276599e-03,8.285293138147631e+08,0.000000000000000e+00,-1.254190384776990e-08,1.091607713070300e+11,1.091607713070300e+11,-5.573723714767244e+00,2.668555780457201e-06,1.000000000000000e+00,0.000000000000000e+00,2.401776468714080e+03,2.401776468714080e+03,5.733300701086692e+02,6.409274478953042e-03,1.000000000000000e+03,1.000000000000000e+00,
2.947873705101940e-05,0.000000000000000e+00,7.419539072613685e-02,2.365636267255986e+06,2.365542895616701e+06,1.550358033933038e+03,2.947873705101940e-05,0.000000000000000e+00,-1.000000000000000e+03,1.577028597077800e+06,9.337163928489511e+01,3.030048194998681e+05,8.429044186241153e-03,7.237440173798316e+08,0.000000000000000e+00,1.996152714468735e-08,8.263072857613290e+10,8.263072857613289e+10,-4.530491126766937e+00,2.947873705101940e-05,1.000000000000000e+00,0.000000000000000e+00,2.516983359531607e+03,2.516983359531607e+03,-6.284853088539792e+00,7.419539072613685e-02,1.000000000000000e+03,1.000000000000000e+00,
3.252651134528509e-04,0.000000000000000e+00,8.137624113573463e-01,2.602905514313412e+07,2.602803719003256e+07,1.505439316226039e+03,3.252651134528509e-04,0.000000000000000e+00,-1.000000000000000e+03,1.735202479335504e+07,1.017953101561434e+03,2.985830577104280e+05,8.429972680127521e-03,6.368262348036709e+08,0.000000000000000e+00,2.271756291286238e-07,8.023665811653786e+10,8.023665811653786e+10,-3.487762514791950e+00,3.252651134528509e-04,1.000000000000000e+00,0.000000000000000e+00,2.516867014752997e+03,2.516867014752997e+03,-8.033725682390719e+02,8.137624113573463e-01,1.000000000000000e+03,1.000000000000000e+00,
3.526009092429123e-03,0.000000000000000e+00,8.764790848362336e+00,2.853821970772021e+08,2.853713035206909e+08,1.518508730542161e+03,3.526009092429123e-03,0.000000000000000e+00,-1.000000000000000e+03,1.902475356804606e+08,1.089355651130959e+04,2.998763256563909e+05,8.394100243460847e-03,5.513722479657408e+08,0.000000000000000e+00,3.763136783674099e-07,8.093322962026001e+10,8.093322962026003e+10,-2.452716572131222e+00,3.526009092429123e-03,1.000000000000000e+00,0.000000000000000e+00,2.502949638714113e+03,2.502949638714113e+03,-1.394388717603496e+03,8.764790848362336e+00,1.000000000000000e+03,1.000000000000000e+00,
7.508133678312146e-08,0.000000000000000e+00,-7.506102160418817e-08,2.665449335799182e+03,2.665449335761638e+03,6.660837791853243e+02,7.508133678312146e-08,0.000000000000000e+00,-1.000000000000000e+03,1.776966223841093e+03,3.754353342063421e-08,1.986085602170408e+05,5.035950705585664e-06,8.069258630567104e+08,0.000000000000000e+00,8.381783263566867e-13,3.550082417233733e+10,3.550082417233733e+10,-7.124468003600440e+00,7.508133678312146e-08,1.000000000000000e+00,0.000000000000000e+00,-1.000001573538577e+00,1.000043347595623e+00,-8.337441145058698e-01,7.508420175753370e-08,1.000000000000000e+03,1.000000000000000e+00,
7.977442177769774e-08,0.000000000000000e+00,-7.508612675144169e-08,3.115110402921055e+03,3.115110402884126e+03,7.326561511658131e+02,7.977442177769774e-08,0.000000000000000e+00,-1.000000000000000e+03,2.076740268589417e+03,3.756464835612944e-08,2.082972970192744e+05,5.035108332866232e-06,8.098487393950372e+08,0.000000000000000e+00,-1.820572881228166e-12,3.904898755098224e+10,3.904898755098224e+10,-7.098136334983593e+00,7.977442177769774e-08,1.000000000000000e+00,0.000000000000000e+00,-9.622058881371263e-01,1.000035009194526e+00,-6.830348406691724e-01,7.675941835723536e-08,1.000000000000000e+03,1.000000000000000e+00,
2.059913566634992e-07,0.000000000000000e+00,3.051156704047958e-08,2.202126628309957e+04,2.202126628309731e+04,2.005781921637201e+03,2.059913566634992e-07,0.000000000000000e+00,-1.000000000000000e+03,1.468084418873154e+04,3.686179031684933e-08,3.446477047556761e+05,4.589130429674032e-06,8.451205685831387e+08,0.000000000000000e+00,1.410819341134097e-08,1.069038363540201e+11,1.069038363540201e+11,-6.686151002116767e+00,2.059913566634992e-07,1.000000000000000e+00,0.000000000000000e+00,1.481206179457436e-01,9.592646385727898e-01,1.047370933829772e-01,7.765575870907657e-08,1.000000000000000e+03,1.000000000000000e+00,
2.668555780457201e-06,0.000000000000000e+00,6.409274478953042e-03,2.207865882772992e+05,2.207788914549866e+05,2.048127636079732e+03,2.668555780457201e-06,0.000000000000000e+00,-1.000000000000000e+03,1.471859276366578e+05,7.696822312539555e+00,3.482667740349344e+05,7.921605466276599e-03,8.285293138147631e+08,0.000000000000000e+00,-1.254190384776990e-08,1.091607713070300e+11,1.091607713070300e+11,-5.573723714767244e+00,2.668555780457201e-06,1.000000000000000e+00,0.000000000000000e+00,2.401776468714080e+03,2.401776468714080e+03,9.964471166549832e+02,6.409274478953042e-03,1.000000000000000e+03,1.000000000000000e+00,
2.947873705101940e-05,0.000000000000000e+00,7.419539072613685e-02,2.365636267255986e+06,2.365542895616701e+06,1.550358033933038e+03,2.947873705101940e-05,0.000000000000000e+00,-1.000000000000000e+03,1.577028597077800e+06,9.337163928489511e+01,3.030048194998681e+05,8.429044186241153e-03,7.237440173798316e+08,0.000000000000000e+00,1.996152714468735e-08,8.263072857613290e+10,8.263072857613289e+10,-4.530491126766937e+00,2.947873705101940e-05,1.000000000000000e+00,0.000000000000000e+00,2.516983359531607e+03,2.516983359531607e+03,-9.439562465846867e+00,7.419539072613685e-02,1.000000000000000e+03,1.000000000000000e+00,
3.252651134528509e-04,0.000000000000000e+00,8.137624113573463e-01,2.602905514313412e+07,2.602803719003256e+07,1.505439316226039e+03,3.252651134528509e-04,0.000000000000000e+00,-1.000000000000000e+03,1.735202479335504e+07,1.017953101561434e+03,2.985830577104280e+05,8.429972680127521e-03,6.368262348036709e+08,0.000000000000000e+00,2.271756291286238e-07,8.023665811653786e+10,8.023665811653786e+10,-3.487762514791950e+00,3.252651134528509e-04,1.000000000000000e+00,0.000000000000000e+00,2.516867014752997e+03,2.516867014752997e+03,-1.136133425602602e+03,8.137624113573463e-01,1.000000000000000e+03,1.000000000000000e+00,
3.526009092429123e-03,0.000000000000000e+00,8.764790848362336e+00,2.853821970772021e+08,2.853713035206909e+08,1.518508730542161e+03,3.526009092429123e-03,0.000000000000000e+00,-1.000000000000000e+03,1.902475356804606e+08,1.089355651130959e+04,2.998763256563909e+05,8.394100243460847e-03,5.513722479657408e+08,0.000000000000000e+00,3.763136783674099e-07,8.093322962026001e+10,8.093322962026003e+10,-2.452716572131222e+00,3.526009092429123e-03,1.000000000000000e+00,0.000000000000000e+00,2.502949638714113e+03,2.502949638714113e+03,-1.776430084915742e+03,8.764790848362336e+00,1.000000000000000e+03,1.000000000000000e+00,
7.508133678312146e-08,0.000000000000000e+00,-7.506102160418817e-08,2.665449335799182e+03,2.665449335761638e+03,6.660837791853243e+02,7.508133678312146e-08,0.000000000000000e+00,-1.000000000000000e+03,1.776966223841093e+03,3.754353342063421e-08,1.986085602170408e+05,5.035950705585664e-06,8.069258630567104e+08,0.000000000000000e+00,8.381783263566867e-13,3.550082417233733e+10,3.550082417233733e+10,-7.124468003600440e+00,7.508133678312146e-08,1.000000000000000e+00,0.000000000000000e+00,-1.000001573538577e+00,1.000043347595623e+00,-9.497015831704518e-01,7.508420175753370e-08,1.000000000000000e+03,1.000000000000000e+00,
7.977442177769774e-08,0.000000000000000e+00,-7.508612675144169e-08,3.115110402921055e+03,3.115110402884126e+03,7.326561511658131e+02,7.977442177769774e-08,0.000000000000000e+00,-1.000000000000000e+03,2.076740268589417e+03,3.756464835612944e-08,2.082972970192744e+05,5.035108332866232e-06,8.098487393950372e+08,0.000000000000000e+00,-1.820572881228166e-12,3.904898755098224e+10,3.904898755098224e+10,-7.098136334983593e+00,7.977442177769774e-08,1.000000000000000e+00,0.000000000000000e+00,-9.622058881371263e-01,1.000035009194526e+00,-8.626276008128518e-01,7.675941835723536e-08,1.000000000000000e+03,1.000000000000000e+00,
2.059913566634992e-07,0.000000000000000e+00,3.051156704047958e-08,2.202126628309957e+04,2.202126628309731e+04,2.005781921637201e+03,2.059913566634992e-07,0.000000000000000e+00,-1.000000000000000e+03,1.468084418873154e+04,3.686179031684933e-08,3.446477047556761e+05,4.589130429674032e-06,8.451205685831387e+08,0.000000000000000e+00,1.410819341134097e-08,1.069038363540201e+11,1.069038363540201e+11,-6.686151002116767e+00,2.059913566634992e-07,1.000000000000000e+00,0.000000000000000e+00,1.481206179457436e-01,9.592646385727898e-01,1.481161676740481e-01,7.765575870907657e-08,1.000000000000000e+03,1.000000000000000e+00,
2.668555780457201e-06,0.000000000000000e+00,6.409274478953042e-03,2.207865882772992e+05,2.207788914549866e+05,2.048127636079732e+03,2.668555780457201e-06,0.000000000000000e+00,-1.000000000000000e+03,1.471859276366578e+05,7.696822312539555e+00,3.482667740349344e+05,7.921605466276599e-03,8.285293138147631e+08,0.000000000000000e+00,-1.254190384776990e-08,1.091607713070300e+11,1.091607713070300e+11,-5.573723714767244e+00,2.668555780457201e-06,1.000000000000000e+00,0.000000000000000e+00,2.401776468714080e+03,2.401776468714080e+03,2.364677876622378e+03,6.409274478953042e-03,1.000000000000000e+03,1.000000000000000e+00,
2.947873705101940e-05,0.000000000000000e+00,7.419539072613685e-02,2.365636267255986e+06,2.365542895616701e+06,1.550358033933038e+03,2.947873705101940e-05,0.000000000000000e+00,-1.000000000000000e+03,1.577028597077800e+06,9.337163928489511e+01,3.030048194998681e+05,8.429044186241153e-03,7.237440173798316e+08,0.000000000000000e+00,1.996152714468735e-08,8.263072857613290e+10,8.263072857613289e+10,-4.530491126766937e+00,2.947873705101940e-05,1.000000000000000e+00,0.000000000000000e+00,2.516983359531607e+03,2.516983359531607e+03,-1.895301039898562e+01,7.419539072613685e-02,1.000000000000000e+03,1.000000000000000e+00,
3.252651134528509e-04,0.000000000000000e+00,8.137624113573463e-01,2.602905514313412e+07,2.602803719003256e+07,1.505439316226039e+03,3.252651134528509e-04,0.000000000000000e+00,-1.000000000000000e+03,1.735202479335504e+07,1.017953101561434e+03,2.985830577104280e+05,8.429972680127521e-03,6.368262348036709e+08,0.000000000000000e+00,2.271756291286238e-07,8.023665811653786e+10,8.023665811653786e+10,-3.487762514791950e+00,3.252651134528509e-04,1.000000000000000e+00,0.000000000000000e+00,2.516867014752997e+03,2.516867014752997e+03,-1.793542857020270e+03,8.137624113573463e-01,1.000000000000000e+03,1.000000000000000e+00,
3.526009092429123e-03,0.000000000000000e+00,8.764790848362336e+00,2.853821970772021e+08,2.853713035206909e+08,1.518508730542161e+03,3.526009092429123e-03,0.000000000000000e+00,-1.000000000000000e+03,1.902475356804606e+08,1.089355651130959e+04,2.998763256563909e+05,8.394100243460847e-03,5.513722479657408e+08,0.000000000000000e+00,3.763136783674099e-07,8.093322962026001e+10,8.093322962026003e+10,-2.452716572131222e+00,3.526009092429123e-03,1.000000000000000e+00,0.000000000000000e+00,2.502949638714113e+03,2.502949638714113e+03,-2.243513113710773e+03,8.764790848362336e+00,1.000000000000000e+03,1.000000000000000e+00,
7.508133678312146e-08,0.000000000000000e+00,-7.506102160418817e-08,2.665449335799182e+03,2.665449335761638e+03,6.660837791853243e+02,7.508133678312146e-08,0.000000000000000e+00,-1.000000000000000e+03,1.776966223841093e+03,3.754353342063421e-08,1.986085602170408e+05,5.035950705585664e-06,8.069258630567104e+08,0.000000000000000e+00,8.381783263566867e-13,3.550082417233733e+10,3.550082417233733e+10,-7.124468003600440e+00,7.508133678312146e-08,1.000000000000000e+00,0.000000000000000e+00,-1.000001573538577e+00,1.000043347595623e+00,-9.497015831704518e-01,7.508420175753370e-08,1.000000000000000e+03,1.000000000000000e+00,
7.977442177769774e-08,0.000000000000000e+00,-7.508612675144169e-08,3.115110402921055e+03,3.115110402884126e+03,7.326561511658131e+02,7.977442177769774e-08,0.000000000000000e+00,-1.000000000000000e+03,2.076740268589417e+03,3.756464835612944e-08,2.082972970192744e+05,5.035108332866232e-06,8.098487393950372e+08,0.000000000000000e+00,-1.820572881228166e-12,3.904898755098224e+10,3.904898755098224e+10,-7.098136334983593e+00,7.977442177769774e-08,1.000000000000000e+00,0.000000000000000e+00,-9.622058881371263e-01,1.000035009194526e+00,-8.626276008128518e-01,7.675941835723536e-08,1.000000000000000e+03,1.000000000000000e+00,
2.059913566634992e-07,0.000000000000000e+00,3.051156704047958e-08,2.202126628309957e+04,2.202126628309731e+04,2.005781921637201e+03,2.059913566634992e-07,0.000000000000000e+00,-1.000000000000000e+03,1.468084418873154e+04,3.686179031684933e-08,3.446477047556761e+05,4.589130429674032e-06,8.451205685831387e+08,0.000000000000000e+00,1.410819341134097e-08,1.069038363540201e+11,1.069038363540201e+11,-6.686151002116767e+00,2.059913566634992e-07,1.000000000000000e+00,0.000000000000000e+00,1.481206179457436e-01,9.592646385727898e-01,1.481161676740481e-01,7.765575870907657e-08,1.000000000000000e+03,1.000000000000000e+00,
2.668555780457201e-06,0.000000000000000e+00,6.409274478953042e-03,2.207865882772992e+05,2.207788914549866e+05,2.048127636079732e+03,2.668555780457201e-06,0.000000000000000e+00,-1.000000000000000e+03,1.471859276366578e+05,7.696822312539555e+00,3.482667740349344e+05,7.921605466276599e-03,8.285293138147631e+08,0.000000000000000e+00,-1.254190384776990e-08,1.091607713070300e+11,1.091607713070300e+11,-5.573723714767244e+00,2.668555780457201e-06,1.000000000000000e+00,0.000000000000000e+00,2.401776468714080e+03,2.401776468714080e+03,2.364677876622378e+03,6.409274478953042e-03,1.000000000000000e+03,1.000000000000000e+00,
2.947873705101940e-05,0.000000000000000e+00,7.419539072613685e-02,2.365636267255986e+06,2.365542895616701e+06,1.550358033933038e+03,2.947873705101940e-05,0.000000000000000e+00,-1.000000000000000e+03,1.577028597077800e+06,9.337163928489511e+01,3.030048194998681e+05,8.429044186241153e-03,7.237440173798316e+08,0.000000000000000e+00,1.996152714468735e-08,8.263072857613290e+10,8.263072857613289e+10,-4.530491126766937e+00,2.947873705101940e-05,1.000000000000000e+00,0.000000000000000e+00,2.516983359531607e+03,2.516983359531607e+03,-1.895301039898562e+01,7.419539072613685e-02,1.000000000000000e+03,1.000000000000000e+00,
3.252651134528509e-04,0.000000000000000e+00,8.137624113573463e-01,2.602905514313412e+07,2.602803719003256e+07,1.505439316226039e+03,3.252651134528509e-04,0.000000000000000e+00,-1.000000000000000e+03,1.735202479335504e+07,1.017953101561434e+03,2.985830577104280e+05,8.429972680127521e-03,6.368262348036709e+08,0.000000000000000e+00,2.271756291286238e-07,8.023665811653786e+10,8.023665811653786e+10,-3.487762514791950e+00,3.252651134528509e-04,1.000000000000000e+00,0.000000000000000e+00,2.516867014752997e+03,2.516867014752997e+03,-1.793542857020270e+03,8.137624113573463e-01,1.000000000000000e+03,1.000000000000000e+00,
3.526009092429123e-03,0.000000000000000e+00,8.764790848362336e+00,2.853821970772021e+08,2.853713035206909e+08,1.518508730542161e+03,3.526009092429123e-03,0.000000000000000e+00,-1.000000000000000e+03,1.902475356804606e+08,1.089355651130959e+04,2.998763256563909e+05,8.394100243460847e-03,5.513722479657408e+08,0.000000000000000e+00,3.763136783674099e-07,8.093322962026001e+10,8.093322962026003e+10,-2.452716572131222e+00,3.526009092429123e-03,1.000000000000000e+00,0.000000000000000e+00,2.502949638714113e+03,2.502949638714113e+03,-2.243513113710773e+03,8.764790848362336e+00,1.000000000000000e+03,1.000000000000000e+00,
7.508133678312146e-08,0.000000000000000e+00,-7.506102160418817e-08,2.665449335799182e+03,2.665449335761638e+03,6.660837791853243e+02,7.508133678312146e-08,0.000000000000000e+00,-1.000000000000000e+03,1.776966223841093e+03,3.754353342063421e-08,1.986085602170408e+05,5.035950705585664e-06,8.069258630567104e+08,0.000000000000000e+00,8.381783263566867e-13,3.550082417233733e+10,3.550082417233733e+10,-7.124468003600440e+00,7.508133678312146e-08,1.000000000000000e+00,0.000000000000000e+00,-1.000001573538577e+00,1.000043347595623e+00,-8.337441145058698e-01,7.508420175753370e-08,1.000000000000000e+03,1.000000000000000e+00,
7.977442177769774e-08,0.000000000000000e+00,-7.508612675144169e-08,3.115110402921055e+03,3.115110402884126e+03,7.326561511658131e+02,7.977442177769774e-08,0.000000000000000e+00,-1.000000000000000e+03,2.076740268589417e+03,3.756464835612944e-08,2.082972970192744e+05,5.035108332866232e-06,8.098487393950372e+08,0.000000000000000e+00,-1.820572881228166e-12,3.904898755098224e+10,3.904898755098224e+10,-7.098136334983593e+00,7.977442177769774e-08,1.000000000000000e+00,0.000000000000000e+00,-9.622058881371263e-01,1.000035009194526e+00,-6.830348406691724e-01,7.675941835723536e-08,1.000000000000000e+03,1.000000000000000e+00,
2.059913566634992e-07,0.000000000000000e+00,3.051156704047958e-08,2.202126628309957e+04,2.202126628309731e+04,2.005781921637201e+03,2.059913566634992e-07,0.000000000000000e+00,-1.000000000000000e+03,1.468084418873154e+04,3.686179031684933e-08,3.446477047556761e+05,4.589130429674032e-06,8.451205685831387e+08,0.000000000000000e+00,1.410819341134097e-08,1.069038363540201e+11,1.069038363540201e+11,-6.686151002116767e+00,2.059913566634992e-07,1.000000000000000e+00,0.000000000000000e+00,1.481206179457436e-01,9.592646385727898e-01,1.047370933829772e-01,7.765575870907657e-08,1.000000000000000e+03,1.000000000000000e+00,
2.668555780457201e-06,0.000000000000000e+00,6.409274478953042e-03,2.207865882772992e+05,2.207788914549866e+05,2.048127636079732e+03,2.668555780457201e-06,0.000000000000000e+00,-1.000000000000000e+03,1.471859276366578e+05,7.696822312539555e+00,3.482667740349344e+05,7.921605466276599e-03,8.285293138147631e+08,0.000000000000000e+00,-1.254190384776990e-08,1.091607713070300e+11,1.091607713070300e+11,-5.573723714767244e+00,2.668555780457201e-06,1.000000000000000e+00,0.000000000000000e+00,2.401776468714080e+03,2.401776468714080e+03,9.964471166549832e+02,6.409274478953042e-03,1.000000000000000e+03,1.000000000000000e+00,
2.947873705101940e-05,0.000000000000000e+00,7.419539072613685e-02,2.365636267255986e+06,2.365542895616701e+06,1.550358033933038e+03,2.947873705101940e-05,0.000000000000000e+00,-1.000000000000000e+03,1.577028597077800e+06,9.337163928489511e+01,3.030048194998681e+05,8.429044186241153e-03,7.237440173798316e+08,0.000000000000000e+00,1.996152714468735e-08,8.263072857613290e+10,8.263072857613289e+10,-4.530491126766937e+00,2.947873705101940e-05,1.000000000000000e+00,0.000000000000000e+00,2.516983359531607e+03,2.516983359531607e+03,-9.439562465846867e+00,7.419539072613685e-02,1.000000000000000e+03,1.000000000000000e+00,
3.252651134528509e-04,0.000000000000000e+00,8.137624113573463e-01,2.602905514313412e+07,2.602803719003256e+07,1.505439316226039e+03,3.252651134528509e-04,0.000000000000000e+00,-1.000000000000000e+03,1.735202479335504e+07,1.017953101561434e+03,2.985830577104280e+05,8.429972680127521e-03,6.368262348036709e+08,0.000000000000000e+00,2.271756291286238e-07,8.023665811653786e+10,8.023665811653786e+10,-3.487762514791950e+00,3.252651134528509e-04,1.000000000000000e+00,0.000000000000000e+00,2.516867014752997e+03,2.516867014752997e+03,-1.136133425602602e+03,8.137624113573463e-01,1.000000000000000e+03,1.000000000000000e+00,
3.526009092429123e-03,0.000000000000000e+00,8.764790848362336e+00,2.853821970772021e+08,2.853713035206909e+08,1.518508730542161e+03,3.526009092429123e-03,0.000000000000000e+00,-1.000000000000000e+03,1.902475356804606e+08,1.089355651130959e+04,2.998763256563909e+05,8.394100243460847e-03,5.513722479657408e+08,0.000000000000000e+00,3.763136783674099e-07,8.093322962026001e+10,8.093322962026003e+10,-2.452716572131222e+00,3.526009092429123e-03,1.000000000000000e+00,0.000000000000000e+00,2.502949638714113e+03,2.502949638714113e+03,-1.776430084915742e+03,8.764790848362336e+00,1.000000000000000e+03,1.000000000000000e+00,
7.508133678312146e-08,0.000000000000000e+00,-7.506102160418817e-08,2.665449335799182e+03,2.665449335761638e+03,6.660837791853243e+02,7.508133678312146e-08,0.000000000000000e+00,-1.000000000000000e+03,1.776966223841093e+03,3.754353342063421e-08,1.986085602170408e+05,5.035950705585664e-06,8.069258630567104e+08,0.000000000000000e+00,8.381783263566867e-13,3.550082417233733e+10,3.550082417233733e+10,-7.124468003600440e+00,7.508133678312146e-08,1.000000000000000e+00,0.000000000000000e+00,-1.000001573538577e+00,1.000043347595623e+00,-7.089728533266906e-01,7.508420175753370e-08,1.000000000000000e+03,1.000000000000000e+00,
7.977442177769774e-08,0.000000000000000e+00,-7.508612675144169e-08,3.115110402921055e+03,3.115110402884126e+03,7.326561511658131e+02,7.977442177769774e-08,0.000000000000000e+00,-1.000000000000000e+03,2.076740268589417e+03,3.756464835612944e-08,2.082972970192744e+05,5.035108332866232e-06,8.098487393950372e+08,0.000000000000000e+00,-1.820572881228166e-12,3.904898755098224e+10,3.904898755098224e+10,-7.098136334983593e+00,7.977442177769774e-08,1.000000000000000e+00,0.000000000000000e+00,-9.622058881371263e-01,1.000035009194526e+00,-5.361404783934234e-01,7.675941835723536e-08,1.000000000000000e+03,1.000000000000000e+00,
2.059913566634992e-07,0.000000000000000e+00,3.051156704047958e-08,2.202126628309957e+04,2.202126628309731e+04,2.005781921637201e+03,2.059913566634992e-07,0.000000000000000e+00,-1.000000000000000e+03,1.468084418873154e+04,3.686179031684933e-08,3.446477047556761e+05,4.589130429674032e-06,8.451205685831387e+08,0.000000000000000e+00,1.410819341134097e-08,1.069038363540201e+11,1.069038363540201e+11,-6.686151002116767e+00,2.059913566634992e-07,1.000000000000000e+00,0.000000000000000e+00,1.481206179457436e-01,9.592646385727898e-01,6.644751281025377e-02,7.765575870907657e-08,1.000000000000000e+03,1.000000000000000e+00,
2.668555780457201e-06,0.000000000000000e+00,6.409274478953042e-03,2.207865882772992e+05,2.207788914549866e+05,2.048127636079732e+03,2.668555780457201e-06,0.000000000000000e+00,-1.000000000000000e+03,1.471859276366578e+05,7.696822312539555e+00,3.482667740349344e+05,7.921605466276599e-03,8.285293138147631e+08,0.000000000000000e+00,-1.254190384776990e-08,1.091607713070300e+11,1.091607713070300e+11,-5.573723714767244e+00,2.668555780457201e-06,1.000000000000000e+00,0.000000000000000e+00,2.401776468714080e+03,2.401776468714080e+03,5.733300701086692e+02,6.409274478953042e-03,1.000000000000000e+03,1.000000000000000e+00,
2.947873705101940e-05,0.000000000000000e+00,7.419539072613685e-02,2.365636267255986e+06,2.365542895616701e+06,1.550358033933038e+03,2.947873705101940e-05,0.000000000000000e+00,-1.000000000000000e+03,1.577028597077800e+06,9.337163928489511e+01,3.030048194998681e+05,8.429044186241153e-03,7.237440173798316e+08,0.000000000000000e+00,1.996152714468735e-08,8.263072857613290e+10,8.263072857613289e+10,-4.530491126766937e+00,2.947873705101940e-05,1.000000000000000e+00,0.000000000000000e+00,2.516983359531607e+03,2.516983359531607e+03,-6.284853088539792e+00,7.419539072613685e-02,1.000000000000000e+03,1.000000000000000e+00,
3.252651134528509e-04,0.000000000000000e+00,8.137624113573463e-01,2.602905514313412e+07,2.602803719003256e+07,1.505439316226039e+03,3.252651134528509e-04,0.000000000000000e+00,-1.000000000000000e+03,1.735202479335504e+07,1.017953101561434e+03,2.985830577104280e+05,8.429972680127521e-03,6.368262348036709e+08,0.000000000000000e+00,2.271756291286238e-07,8.023665811653786e+10,8.023665811653786e+10,-3.487762514791950e+00,3.252651134528509e-04,1.000000000000000e+00,0.000000000000000e+00,2.516867014752997e+03,2.516867014752997e+03,-8.033725682390719e+02,8.137624113573463e-01,1.000000000000000e+03,1.000000000000000e+00,
3.526009092429123e-03,0.000000000000000e+00,8.764790848362336e+00,2.853821970772021e+08,2.853713035206909e+08,1.518508730542161e+03,3.526009092429123e-03,0.000000000000000e+00,-1.000000000000000e+03,1.902475356804606e+08,1.089355651130959e+04,2.998763256563909e+05,8.394100243460847e-03,5.513722479657408e+08,0.000000000000000e+00,3.763136783674099e-07,8.093322962026001e+10,8.093322962026003e+10,-2.452716572131222e+00,3.526009092429123e-03,1.000000000000000e+00,0.000000000000000e+00,2.502949638714113e+03,2.502949638714113e+03,-1.394388717603496e+03,8.764790848362336e+00,1.000000000000000e+03,1.000000000000000e+00,

