1
0
28
0
(64 0
((0,0) (63,63) (0,0))
((448,0) (511,63) (0,0))
((384,0) (447,63) (0,0))
((320,0) (383,63) (0,0))
((256,0) (319,63) (0,0))
((192,0) (255,63) (0,0))
((128,0) (191,63) (0,0))
((64,0) (127,63) (0,0))
((0,448) (63,511) (0,0))
((0,384) (63,447) (0,0))
((0,320) (63,383) (0,0))
((0,256) (63,319) (0,0))
((0,192) (63,255) (0,0))
((0,128) (63,191) (0,0))
((0,64) (63,127) (0,0))
((448,448) (511,511) (0,0))
((448,384) (511,447) (0,0))
((448,320) (511,383) (0,0))
((448,256) (511,319) (0,0))
((448,192) (511,255) (0,0))
((448,128) (511,191) (0,0))
((448,64) (511,127) (0,0))
((384,448) (447,511) (0,0))
((384,384) (447,447) (0,0))
((384,320) (447,383) (0,0))
((384,256) (447,319) (0,0))
((384,192) (447,255) (0,0))
((384,128) (447,191) (0,0))
((384,64) (447,127) (0,0))
((320,448) (383,511) (0,0))
((320,384) (383,447) (0,0))
((320,320) (383,383) (0,0))
((320,256) (383,319) (0,0))
((320,192) (383,255) (0,0))
((320,128) (383,191) (0,0))
((320,64) (383,127) (0,0))
((256,448) (319,511) (0,0))
((256,384) (319,447) (0,0))
((256,320) (319,383) (0,0))
((256,256) (319,319) (0,0))
((256,192) (319,255) (0,0))
((256,128) (319,191) (0,0))
((256,64) (319,127) (0,0))
((192,448) (255,511) (0,0))
((192,384) (255,447) (0,0))
((192,320) (255,383) (0,0))
((192,256) (255,319) (0,0))
((192,192) (255,255) (0,0))
((192,128) (255,191) (0,0))
((192,64) (255,127) (0,0))
((128,448) (191,511) (0,0))
((128,384) (191,447) (0,0))
((128,320) (191,383) (0,0))
((128,256) (191,319) (0,0))
((128,192) (191,255) (0,0))
((128,128) (191,191) (0,0))
((128,64) (191,127) (0,0))
((64,448) (127,511) (0,0))
((64,384) (127,447) (0,0))
((64,320) (127,383) (0,0))
((64,256) (127,319) (0,0))
((64,192) (127,255) (0,0))
((64,128) (127,191) (0,0))
((64,64) (127,127) (0,0))
)
64
FabOnDisk: Cell_D_0000 0
FabOnDisk: Cell_D_0001 0
FabOnDisk: Cell_D_0001 917590
FabOnDisk: Cell_D_0001 1835180
FabOnDisk: Cell_D_0001 2752770
FabOnDisk: Cell_D_0000 917587
FabOnDisk: Cell_D_0000 1835177
FabOnDisk: Cell_D_0000 2752767
FabOnDisk: Cell_D_0002 0
FabOnDisk: Cell_D_0002 917590
FabOnDisk: Cell_D_0002 1835180
FabOnDisk: Cell_D_0002 2752770
FabOnDisk: Cell_D_0000 3670356
FabOnDisk: Cell_D_0000 4587946
FabOnDisk: Cell_D_0000 5505536
FabOnDisk: Cell_D_0003 0
FabOnDisk: Cell_D_0003 917593
FabOnDisk: Cell_D_0003 1835186
FabOnDisk: Cell_D_0003 2752779
FabOnDisk: Cell_D_0001 3670360
FabOnDisk: Cell_D_0001 4587953
FabOnDisk: Cell_D_0001 5505546
FabOnDisk: Cell_D_0003 3670372
FabOnDisk: Cell_D_0003 4587965
FabOnDisk: Cell_D_0003 5505558
FabOnDisk: Cell_D_0003 6423151
FabOnDisk: Cell_D_0001 6423138
FabOnDisk: Cell_D_0001 7340731
FabOnDisk: Cell_D_0001 8258324
FabOnDisk: Cell_D_0003 7340744
FabOnDisk: Cell_D_0003 8258337
FabOnDisk: Cell_D_0003 9175930
FabOnDisk: Cell_D_0003 10093523
FabOnDisk: Cell_D_0001 9175916
FabOnDisk: Cell_D_0001 10093509
FabOnDisk: Cell_D_0001 11011102
FabOnDisk: Cell_D_0003 11011116
FabOnDisk: Cell_D_0003 11928709
FabOnDisk: Cell_D_0003 12846302
FabOnDisk: Cell_D_0003 13763895
FabOnDisk: Cell_D_0001 11928694
FabOnDisk: Cell_D_0001 12846287
FabOnDisk: Cell_D_0001 13763880
FabOnDisk: Cell_D_0002 3670360
FabOnDisk: Cell_D_0002 4587953
FabOnDisk: Cell_D_0002 5505546
FabOnDisk: Cell_D_0002 6423139
FabOnDisk: Cell_D_0000 6423125
FabOnDisk: Cell_D_0000 7340718
FabOnDisk: Cell_D_0000 8258311
FabOnDisk: Cell_D_0002 7340732
FabOnDisk: Cell_D_0002 8258325
FabOnDisk: Cell_D_0002 9175918
FabOnDisk: Cell_D_0002 10093511
FabOnDisk: Cell_D_0000 9175903
FabOnDisk: Cell_D_0000 10093496
FabOnDisk: Cell_D_0000 11011089
FabOnDisk: Cell_D_0002 11011104
FabOnDisk: Cell_D_0002 11928696
FabOnDisk: Cell_D_0002 12846288
FabOnDisk: Cell_D_0002 13763880
FabOnDisk: Cell_D_0000 11928681
FabOnDisk: Cell_D_0000 12846273
FabOnDisk: Cell_D_0000 13763865

64,28
2.164689474491592e-03,0.000000000000000e+00,4.369788385426701e+00,1.738660079090837e+08,1.738615973340894e+08,1.506948747728375e+03,2.164689474491592e-03,0.000000000000000e+00,-1.000000000000000e+03,1.159077315560596e+08,4.410574994340664e+03,2.987327076344259e+05,6.127456942792987e-03,4.251942218866823e+08,0.000000000000000e+00,-1.568143802265809e-06,8.031710754953583e+10,8.031710754953583e+10,-2.664604394547176e+00,2.164689474491592e-03,1.000000000000000e+00,0.000000000000000e+00,2.005082817130975e+03,2.005082817130975e+03,-1.620699507911637e+03,4.369788385426701e+00,1.000000000000000e+03,1.000000000000000e+00,
2.164689474491592e-03,0.000000000000000e+00,4.369788385426701e+00,1.738660079090837e+08,1.738615973340894e+08,1.506948747728375e+03,2.164689474491592e-03,0.000000000000000e+00,-1.000000000000000e+03,1.159077315560596e+08,4.410574994340664e+03,2.987327076344259e+05,6.127456942792987e-03,4.251942218866823e+08,0.000000000000000e+00,-1.568143802265809e-06,8.031710754953583e+10,8.031710754953583e+10,-2.664604394547176e+00,2.164689474491592e-03,1.000000000000000e+00,0.000000000000000e+00,2.005082817130975e+03,2.005082817130975e+03,-1.620699507911637e+03,4.369788385426701e+00,1.000000000000000e+03,1.000000000000000e+00,
2.164689474491592e-03,0.000000000000000e+00,4.369788385426701e+00,1.738660079090837e+08,1.738615973340894e+08,1.506948747728375e+03,2.164689474491592e-03,0.000000000000000e+00,-1.000000000000000e+03,1.159077315560596e+08,4.410574994340664e+03,2.987327076344259e+05,6.127456942792987e-03,4.251942218866823e+08,0.000000000000000e+00,-1.568143802265809e-06,8.031710754953583e+10,8.031710754953583e+10,-2.664604394547176e+00,2.164689474491592e-03,1.000000000000000e+00,0.000000000000000e+00,2.005082817130975e+03,2.005082817130975e+03,-1.812846526316220e+03,4.369788385426701e+00,1.000000000000000e+03,1.000000000000000e+00,
2.164689474491592e-03,0.000000000000000e+00,4.369788385426701e+00,1.738660079090837e+08,1.738615973340894e+08,1.506948747728375e+03,2.164689474491592e-03,0.000000000000000e+00,-1.000000000000000e+03,1.159077315560596e+08,4.410574994340664e+03,2.987327076344259e+05,6.127456942792987e-03,4.251942218866823e+08,0.000000000000000e+00,-1.568143802265809e-06,8.031710754953583e+10,8.031710754953583e+10,-2.664604394547176e+00,2.164689474491592e-03,1.000000000000000e+00,0.000000000000000e+00,2.005082817130975e+03,2.005082817130975e+03,-1.969308242987145e+03,4.369788385426701e+00,1.000000000000000e+03,1.000000000000000e+00,
2.164689474491592e-03,0.000000000000000e+00,4.369788385426701e+00,1.738660079090837e+08,1.738615973340894e+08,1.506948747728375e+03,2.164689474491592e-03,0.000000000000000e+00,-1.000000000000000e+03,1.159077315560596e+08,4.410574994340664e+03,2.987327076344259e+05,6.127456942792987e-03,4.251942218866823e+08,0.000000000000000e+00,-1.568143802265809e-06,8.031710754953583e+10,8.031710754953583e+10,-2.664604394547176e+00,2.164689474491592e-03,1.000000000000000e+00,0.000000000000000e+00,2.005082817130975e+03,2.005082817130975e+03,-2.037812529956913e+03,4.369788385426701e+00,1.000000000000000e+03,1.000000000000000e+00,
2.164689474491592e-03,0.000000000000000e+00,4.369788385426701e+00,1.738660079090837e+08,1.738615973340894e+08,1.506948747728375e+03,2.164689474491592e-03,0.000000000000000e+00,-1.000000000000000e+03,1.159077315560596e+08,4.410574994340664e+03,2.987327076344259e+05,6.127456942792987e-03,4.251942218866823e+08,0.000000000000000e+00,-1.568143802265809e-06,8.031710754953583e+10,8.031710754953583e+10,-2.664604394547176e+00,2.164689474491592e-03,1.000000000000000e+00,0.000000000000000e+00,2.005082817130975e+03,2.005082817130975e+03,-2.037812529956913e+03,4.369788385426701e+00,1.000000000000000e+03,1.000000000000000e+00,
2.164689474491592e-03,0.000000000000000e+00,4.369788385426701e+00,1.738660079090837e+08,1.738615973340894e+08,1.506948747728375e+03,2.164689474491592e-03,0.000000000000000e+00,-1.000000000000000e+03,1.159077315560596e+08,4.410574994340664e+03,2.987327076344259e+05,6.127456942792987e-03,4.251942218866823e+08,0.000000000000000e+00,-1.568143802265809e-06,8.031710754953583e+10,8.031710754953583e+10,-2.664604394547176e+00,2.164689474491592e-03,1.000000000000000e+00,0.000000000000000e+00,2.005082817130975e+03,2.005082817130975e+03,-1.969308242987145e+03,4.369788385426701e+00,1.000000000000000e+03,1.000000000000000e+00,
2.164689474491592e-03,0.000000000000000e+00,4.369788385426701e+00,1.738660079090837e+08,1.738615973340894e+08,1.506948747728375e+03,2.164689474491592e-03,0.000000000000000e+00,-1.000000000000000e+03,1.159077315560596e+08,4.410574994340664e+03,2.987327076344259e+05,6.127456942792987e-03,4.251942218866823e+08,0.000000000000000e+00,-1.568143802265809e-06,8.031710754953583e+10,8.031710754953583e+10,-2.664604394547176e+00,2.164689474491592e-03,1.000000000000000e+00,0.000000000000000e+00,2.005082817130975e+03,2.005082817130975e+03,-1.812846526316220e+03,4.369788385426701e+00,1.000000000000000e+03,1.000000000000000e+00,
7.506086955999973e-08,0.000000000000000e+00,-7.506087235482521e-08,5.251465412665716e+03,5.251465412628186e+03,1.312675381073907e+03,7.506086955999973e-08,0.000000000000000e+00,-1.000000000000000e+03,3.500976941752125e+03,3.753043477992752e-08,2.788124767484142e+05,3.586640065973015e-06,8.430931836735784e+08,0.000000000000000e+00,-2.423061751244404e-19,6.996275747152650e+10,6.996275747152650e+10,-7.124586408708947e+00,7.506086955999973e-08,1.000000000000000e+00,0.000000000000000e+00,-1.000000036514614e+00,9.999999999990341e-01,-7.986851776066398e-01,7.506086955992753e-08,1.000000000000000e+03,1.000000000000000e+00,
7.506086963260439e-08,0.000000000000000e+00,-7.591483123528172e-08,5.251465421641379e+03,5.251465421603849e+03,1.312675382047785e+03,7.506086963260439e-08,0.000000000000000e+00,-1.000000000000000e+03,3.500976947735899e+03,3.753043843276324e-08,2.788124768518402e+05,3.586640237451686e-06,8.430931836787512e+08,0.000000000000000e+00,6.722157663840988e-15,6.996275752343210e+10,6.996275752343210e+10,-7.124586408288863e+00,7.506086963260439e-08,1.000000000000000e+00,0.000000000000000e+00,-1.010215049667373e+00,1.000000048180376e+00,-7.052629998258018e-01,7.506087324906534e-08,1.000000000000000e+03,1.000000000000000e+00,
7.516137582212714e-08,0.000000000000000e+00,-8.135953949806320e-08,5.264538815024617e+03,5.264538814986176e+03,1.314183568685066e+03,7.516137582212714e-08,0.000000000000000e+00,-1.000000000000000e+03,3.509692543324117e+03,9.005024488141151e-09,2.789726004224475e+05,1.203069529945719e-06,8.304373716431592e+08,0.000000000000000e+00,-4.956605668167064e-08,7.004314060781630e+10,7.004314060781630e+10,-7.124005278777883e+00,7.516137582212714e-08,1.000000000000000e+00,0.000000000000000e+00,-1.048660973501882e+00,3.634498245735765e-01,-5.584897266432551e-01,4.955305453073994e-08,1.000000000000000e+03,1.000000000000000e+00,
1.410633154807873e-07,0.000000000000000e+00,-7.495002582744705e-08,1.156445126368114e+04,1.156445126367252e+04,1.517960850837635e+03,1.410633154807873e-07,0.000000000000000e+00,-1.000000000000000e+03,7.709634175781680e+03,3.270262017288380e-10,2.998222229134745e+05,1.575862490253115e-07,7.427430817486053e+08,0.000000000000000e+00,-3.038373715750166e-04,8.090402881749950e+10,8.090402881749950e+10,-6.850585912933716e+00,1.410633154807873e-07,1.000000000000000e+00,0.000000000000000e+00,-3.495230045837673e-01,4.773211250246002e-02,-1.094937542514026e-01,1.370256561395575e-08,1.000000000000000e+03,1.000000000000000e+00,
1.632559448420477e-06,0.000000000000000e+00,4.357932226680458e-03,1.320197691584316e+05,1.320139526556051e+05,1.499367888764265e+03,1.632559448420477e-06,0.000000000000000e+00,-1.000000000000000e+03,8.800930177040340e+04,5.816502826501878e+00,2.979803576115079e+05,8.905479474512278e-03,6.569892087999352e+08,0.000000000000000e+00,-4.025722415044470e-06,7.991306417005388e+10,7.991306417005389e+10,-5.787130995259081e+00,1.632559448420477e-06,1.000000000000000e+00,0.000000000000000e+00,2.669386545706998e+03,2.669386545706998e+03,-8.761566007574561e+02,4.357932226680458e-03,1.000000000000000e+03,1.000000000000000e+00,
1.790568106061766e-05,0.000000000000000e+00,5.002441119303959e-02,1.430923367863917e+06,1.430853489435201e+06,1.498959723562734e+03,1.790568106061766e-05,0.000000000000000e+00,-1.000000000000000e+03,9.539023262901342e+05,6.987842871596368e+01,2.979397960214849e+05,7.965666879271222e-03,5.717430319266163e+08,0.000000000000000e+00,1.600487490872411e-06,7.989130984799165e+10,7.989130984799167e+10,-4.747009155509780e+00,1.790568106061766e-05,1.000000000000000e+00,0.000000000000000e+00,2.373798039077588e+03,2.373798039077588e+03,-1.310809038272354e+03,5.002441119303959e-02,1.000000000000000e+03,1.000000000000000e+00,
1.972688980678588e-04,0.000000000000000e+00,4.667780079460527e-01,1.576762353236074e+07,1.576707128689570e+07,1.499625561909245e+03,1.972688980678588e-04,0.000000000000000e+00,-1.000000000000000e+03,1.051138085793047e+07,5.522454650381221e+02,2.980059611468154e+05,6.765752514087534e-03,4.868547251123179e+08,0.000000000000000e+00,1.117745103301161e-06,7.992679759113350e+10,7.992679759113351e+10,-3.704941381358327e+00,1.972688980678588e-04,1.000000000000000e+00,0.000000000000000e+00,2.020831100587481e+03,2.020831100587481e+03,-1.425217335474096e+03,4.667780079460527e-01,1.000000000000000e+03,1.000000000000000e+00,
7.506086955999973e-08,0.000000000000000e+00,-7.506087235482521e-08,5.251465412665716e+03,5.251465412628186e+03,1.312675381073907e+03,7.506086955999973e-08,0.000000000000000e+00,-1.000000000000000e+03,3.500976941752125e+03,3.753043477992752e-08,2.788124767484142e+05,3.586640065973015e-06,8.430931836735784e+08,0.000000000000000e+00,-2.423061751244404e-19,6.996275747152650e+10,6.996275747152650e+10,-7.124586408708947e+00,7.506086955999973e-08,1.000000000000000e+00,0.000000000000000e+00,-1.000000036514614e+00,9.999999999990341e-01,-7.986851776066398e-01,7.506086955992753e-08,1.000000000000000e+03,1.000000000000000e+00,
7.506086963260439e-08,0.000000000000000e+00,-7.591483123528172e-08,5.251465421641379e+03,5.251465421603849e+03,1.312675382047785e+03,7.506086963260439e-08,0.000000000000000e+00,-1.000000000000000e+03,3.500976947735899e+03,3.753043843276324e-08,2.788124768518402e+05,3.586640237451686e-06,8.430931836787512e+08,0.000000000000000e+00,6.722157663840988e-15,6.996275752343210e+10,6.996275752343210e+10,-7.124586408288863e+00,7.506086963260439e-08,1.000000000000000e+00,0.000000000000000e+00,-1.010215049667373e+00,1.000000048180376e+00,-7.052629998258018e-01,7.506087324906534e-08,1.000000000000000e+03,1.000000000000000e+00,
7.516137582212714e-08,0.000000000000000e+00,-8.135953949806320e-08,5.264538815024617e+03,5.264538814986176e+03,1.314183568685066e+03,7.516137582212714e-08,0.000000000000000e+00,-1.000000000000000e+03,3.509692543324117e+03,9.005024488141151e-09,2.789726004224475e+05,1.203069529945719e-06,8.304373716431592e+08,0.000000000000000e+00,-4.956605668167064e-08,7.004314060781630e+10,7.004314060781630e+10,-7.124005278777883e+00,7.516137582212714e-08,1.000000000000000e+00,0.000000000000000e+00,-1.048660973501882e+00,3.634498245735765e-01,-5.584897266432551e-01,4.955305453073994e-08,1.000000000000000e+03,1.000000000000000e+00,
1.410633154807873e-07,0.000000000000000e+00,-7.495002582744705e-08,1.156445126368114e+04,1.156445126367252e+04,1.517960850837635e+03,1.410633154807873e-07,0.000000000000000e+00,-1.000000000000000e+03,7.709634175781680e+03,3.270262017288380e-10,2.998222229134745e+05,1.575862490253115e-07,7.427430817486053e+08,0.000000000000000e+00,-3.038373715750166e-04,8.090402881749950e+10,8.090402881749950e+10,-6.850585912933716e+00,1.410633154807873e-07,1.000000000000000e+00,0.000000000000000e+00,-3.495230045837673e-01,4.773211250246002e-02,-1.094937542514026e-01,1.370256561395575e-08,1.000000000000000e+03,1.000000000000000e+00,
1.632559448420477e-06,0.000000000000000e+00,4.357932226680458e-03,1.320197691584316e+05,1.320139526556051e+05,1.499367888764265e+03,1.632559448420477e-06,0.000000000000000e+00,-1.000000000000000e+03,8.800930177040340e+04,5.816502826501878e+00,2.979803576115079e+05,8.905479474512278e-03,6.569892087999352e+08,0.000000000000000e+00,-4.025722415044470e-06,7.991306417005388e+10,7.991306417005389e+10,-5.787130995259081e+00,1.632559448420477e-06,1.000000000000000e+00,0.000000000000000e+00,2.669386545706998e+03,2.669386545706998e+03,-8.761566007574561e+02,4.357932226680458e-03,1.000000000000000e+03,1.000000000000000e+00,
1.790568106061766e-05,0.000000000000000e+00,5.002441119303959e-02,1.430923367863917e+06,1.430853489435201e+06,1.498959723562734e+03,1.790568106061766e-05,0.000000000000000e+00,-1.000000000000000e+03,9.539023262901342e+05,6.987842871596368e+01,2.979397960214849e+05,7.965666879271222e-03,5.717430319266163e+08,0.000000000000000e+00,1.600487490872411e-06,7.989130984799165e+10,7.989130984799167e+10,-4.747009155509780e+00,1.790568106061766e-05,1.000000000000000e+00,0.000000000000000e+00,2.373798039077588e+03,2.373798039077588e+03,-1.310809038272354e+03,5.002441119303959e-02,1.000000000000000e+03,1.000000000000000e+00,
1.972688980678588e-04,0.000000000000000e+00,4.667780079460527e-01,1.576762353236074e+07,1.576707128689570e+07,1.499625561909245e+03,1.972688980678588e-04,0.000000000000000e+00,-1.000000000000000e+03,1.051138085793047e+07,5.522454650381221e+02,2.980059611468154e+05,6.765752514087534e-03,4.868547251123179e+08,0.000000000000000e+00,1.117745103301161e-06,7.992679759113350e+10,7.992679759113351e+10,-3.704941381358327e+00,1.972688980678588e-04,1.000000000000000e+00,0.000000000000000e+00,2.020831100587481e+03,2.020831100587481e+03,-1.425217335474096e+03,4.667780079460527e-01,1.000000000000000e+03,1.000000000000000e+00,
7.506086955999973e-08,0.000000000000000e+00,-7.506087235482521e-08,5.251465412665716e+03,5.251465412628186e+03,1.312675381073907e+03,7.506086955999973e-08,0.000000000000000e+00,-1.000000000000000e+03,3.500976941752125e+03,3.753043477992752e-08,2.788124767484142e+05,3.586640065973015e-06,8.430931836735784e+08,0.000000000000000e+00,-2.423061751244404e-19,6.996275747152650e+10,6.996275747152650e+10,-7.124586408708947e+00,7.506086955999973e-08,1.000000000000000e+00,0.000000000000000e+00,-1.000000036514614e+00,9.999999999990341e-01,-8.933757570582244e-01,7.506086955992753e-08,1.000000000000000e+03,1.000000000000000e+00,
7.506086963260439e-08,0.000000000000000e+00,-7.591483123528172e-08,5.251465421641379e+03,5.251465421603849e+03,1.312675382047785e+03,7.506086963260439e-08,0.000000000000000e+00,-1.000000000000000e+03,3.500976947735899e+03,3.753043843276324e-08,2.788124768518402e+05,3.586640237451686e-06,8.430931836787512e+08,0.000000000000000e+00,6.722157663840988e-15,6.996275752343210e+10,6.996275752343210e+10,-7.124586408288863e+00,7.506086963260439e-08,1.000000000000000e+00,0.000000000000000e+00,-1.010215049667373e+00,1.000000048180376e+00,-8.303788114719235e-01,7.506087324906534e-08,1.000000000000000e+03,1.000000000000000e+00,
7.516137582212714e-08,0.000000000000000e+00,-8.135953949806320e-08,5.264538815024617e+03,5.264538814986176e+03,1.314183568685066e+03,7.516137582212714e-08,0.000000000000000e+00,-1.000000000000000e+03,3.509692543324117e+03,9.005024488141151e-09,2.789726004224475e+05,1.203069529945719e-06,8.304373716431592e+08,0.000000000000000e+00,-4.956605668167064e-08,7.004314060781630e+10,7.004314060781630e+10,-7.124005278777883e+00,7.516137582212714e-08,1.000000000000000e+00,0.000000000000000e+00,-1.048660973501882e+00,3.634498245735765e-01,-7.123631278103356e-01,4.955305453073994e-08,1.000000000000000e+03,1.000000000000000e+00,
1.410633154807873e-07,0.000000000000000e+00,-7.495002582744705e-08,1.156445126368114e+04,1.156445126367252e+04,1.517960850837635e+03,1.410633154807873e-07,0.000000000000000e+00,-1.000000000000000e+03,7.709634175781680e+03,3.270262017288380e-10,2.998222229134745e+05,1.575862490253115e-07,7.427430817486053e+08,0.000000000000000e+00,-3.038373715750166e-04,8.090402881749950e+10,8.090402881749950e+10,-6.850585912933716e+00,1.410633154807873e-07,1.000000000000000e+00,0.000000000000000e+00,-3.495230045837673e-01,4.773211250246002e-02,-1.548466101073712e-01,1.370256561395575e-08,1.000000000000000e+03,1.000000000000000e+00,
1.632559448420477e-06,0.000000000000000e+00,4.357932226680458e-03,1.320197691584316e+05,1.320139526556051e+05,1.499367888764265e+03,1.632559448420477e-06,0.000000000000000e+00,-1.000000000000000e+03,8.800930177040340e+04,5.816502826501878e+00,2.979803576115079e+05,8.905479474512278e-03,6.569892087999352e+08,0.000000000000000e+00,-4.025722415044470e-06,7.991306417005388e+10,7.991306417005389e+10,-5.787130995259081e+00,1.632559448420477e-06,1.000000000000000e+00,0.000000000000000e+00,2.669386545706998e+03,2.669386545706998e+03,-1.239065008575606e+03,4.357932226680458e-03,1.000000000000000e+03,1.000000000000000e+00,
1.790568106061766e-05,0.000000000000000e+00,5.002441119303959e-02,1.430923367863917e+06,1.430853489435201e+06,1.498959723562734e+03,1.790568106061766e-05,0.000000000000000e+00,-1.000000000000000e+03,9.539023262901342e+05,6.987842871596368e+01,2.979397960214849e+05,7.965666879271222e-03,5.717430319266163e+08,0.000000000000000e+00,1.600487490872411e-06,7.989130984799165e+10,7.989130984799167e+10,-4.747009155509780e+00,1.790568106061766e-05,1.000000000000000e+00,0.000000000000000e+00,2.373798039077588e+03,2.373798039077588e+03,-1.671959181913860e+03,5.002441119303959e-02,1.000000000000000e+03,1.000000000000000e+00,
1.972688980678588e-04,0.000000000000000e+00,4.667780079460527e-01,1.576762353236074e+07,1.576707128689570e+07,1.499625561909245e+03,1.972688980678588e-04,0.000000000000000e+00,-1.000000000000000e+03,1.051138085793047e+07,5.522454650381221e+02,2.980059611468154e+05,6.765752514087534e-03,4.868547251123179e+08,0.000000000000000e+00,1.117745103301161e-06,7.992679759113350e+10,7.992679759113351e+10,-3.704941381358327e+00,1.972688980678588e-04,1.000000000000000e+00,0.000000000000000e+00,2.020831100587481e+03,2.020831100587481e+03,-1.680971117043104e+03,4.667780079460527e-01,1.000000000000000e+03,1.000000000000000e+00,
7.506086955999973e-08,0.000000000000000e+00,-7.506087235482521e-08,5.251465412665716e+03,5.251465412628186e+03,1.312675381073907e+03,7.506086955999973e-08,0.000000000000000e+00,-1.000000000000000e+03,3.500976941752125e+03,3.753043477992752e-08,2.788124767484142e+05,3.586640065973015e-06,8.430931836735784e+08,0.000000000000000e+00,-2.423061751244404e-19,6.996275747152650e+10,6.996275747152650e+10,-7.124586408708947e+00,7.506086955999973e-08,1.000000000000000e+00,0.000000000000000e+00,-1.000000036514614e+00,9.999999999990341e-01,-9.695818671241400e-01,7.506086955992753e-08,1.000000000000000e+03,1.000000000000000e+00,
7.506086963260439e-08,0.000000000000000e+00,-7.591483123528172e-08,5.251465421641379e+03,5.251465421603849e+03,1.312675382047785e+03,7.506086963260439e-08,0.000000000000000e+00,-1.000000000000000e+03,3.500976947735899e+03,3.753043843276324e-08,2.788124768518402e+05,3.586640237451686e-06,8.430931836787512e+08,0.000000000000000e+00,6.722157663840988e-15,6.996275752343210e+10,6.996275752343210e+10,-7.124586408288863e+00,7.506086963260439e-08,1.000000000000000e+00,0.000000000000000e+00,-1.010215049667373e+00,1.000000048180376e+00,-9.476889435740518e-01,7.506087324906534e-08,1.000000000000000e+03,1.000000000000000e+00,
7.516137582212714e-08,0.000000000000000e+00,-8.135953949806320e-08,5.264538815024617e+03,5.264538814986176e+03,1.314183568685066e+03,7.516137582212714e-08,0.000000000000000e+00,-1.000000000000000e+03,3.509692543324117e+03,9.005024488141151e-09,2.789726004224475e+05,1.203069529945719e-06,8.304373716431592e+08,0.000000000000000e+00,-4.956605668167064e-08,7.004314060781630e+10,7.004314060781630e+10,-7.124005278777883e+00,7.516137582212714e-08,1.000000000000000e+00,0.000000000000000e+00,-1.048660973501882e+00,3.634498245735765e-01,-9.024830760084058e-01,4.955305453073994e-08,1.000000000000000e+03,1.000000000000000e+00,
1.410633154807873e-07,0.000000000000000e+00,-7.495002582744705e-08,1.156445126368114e+04,1.156445126367252e+04,1.517960850837635e+03,1.410633154807873e-07,0.000000000000000e+00,-1.000000000000000e+03,7.709634175781680e+03,3.270262017288380e-10,2.998222229134745e+05,1.575862490253115e-07,7.427430817486053e+08,0.000000000000000e+00,-3.038373715750166e-04,8.090402881749950e+10,8.090402881749950e+10,-6.850585912933716e+00,1.410633154807873e-07,1.000000000000000e+00,0.000000000000000e+00,-3.495230045837673e-01,4.773211250246002e-02,-2.452117435150062e-01,1.370256561395575e-08,1.000000000000000e+03,1.000000000000000e+00,
1.632559448420477e-06,0.000000000000000e+00,4.357932226680458e-03,1.320197691584316e+05,1.320139526556051e+05,1.499367888764265e+03,1.632559448420477e-06,0.000000000000000e+00,-1.000000000000000e+03,8.800930177040340e+04,5.816502826501878e+00,2.979803576115079e+05,8.905479474512278e-03,6.569892087999352e+08,0.000000000000000e+00,-4.025722415044470e-06,7.991306417005388e+10,7.991306417005389e+10,-5.787130995259081e+00,1.632559448420477e-06,1.000000000000000e+00,0.000000000000000e+00,2.669386545706998e+03,2.669386545706998e+03,-1.962156555255431e+03,4.357932226680458e-03,1.000000000000000e+03,1.000000000000000e+00,
1.790568106061766e-05,0.000000000000000e+00,5.002441119303959e-02,1.430923367863917e+06,1.430853489435201e+06,1.498959723562734e+03,1.790568106061766e-05,0.000000000000000e+00,-1.000000000000000e+03,9.539023262901342e+05,6.987842871596368e+01,2.979397960214849e+05,7.965666879271222e-03,5.717430319266163e+08,0.000000000000000e+00,1.600487490872411e-06,7.989130984799165e+10,7.989130984799167e+10,-4.747009155509780e+00,1.790568106061766e-05,1.000000000000000e+00,0.000000000000000e+00,2.373798039077588e+03,2.373798039077588e+03,-2.171300696904580e+03,5.002441119303959e-02,1.000000000000000e+03,1.000000000000000e+00,
1.972688980678588e-04,0.000000000000000e+00,4.667780079460527e-01,1.576762353236074e+07,1.576707128689570e+07,1.499625561909245e+03,1.972688980678588e-04,0.000000000000000e+00,-1.000000000000000e+03,1.051138085793047e+07,5.522454650381221e+02,2.980059611468154e+05,6.765752514087534e-03,4.868547251123179e+08,0.000000000000000e+00,1.117745103301161e-06,7.992679759113350e+10,7.992679759113351e+10,-3.704941381358327e+00,1.972688980678588e-04,1.000000000000000e+00,0.000000000000000e+00,2.020831100587481e+03,2.020831100587481e+03,-2.114746890128492e+03,4.667780079460527e-01,1.000000000000000e+03,1.000000000000000e+00,
7.506086955999973e-08,0.000000000000000e+00,-7.506087235482521e-08,5.251465412665716e+03,5.251465412628186e+03,1.312675381073907e+03,7.506086955999973e-08,0.000000000000000e+00,-1.000000000000000e+03,3.500976941752125e+03,3.753043477992752e-08,2.788124767484142e+05,3.586640065973015e-06,8.430931836735784e+08,0.000000000000000e+00,-2.423061751244404e-19,6.996275747152650e+10,6.996275747152650e+10,-7.124586408708947e+00,7.506086955999973e-08,1.000000000000000e+00,0.000000000000000e+00,-1.000000036514614e+00,9.999999999990341e-01,-9.999980851848805e-01,7.506086955992753e-08,1.000000000000000e+03,1.000000000000000e+00,
7.506086963260439e-08,0.000000000000000e+00,-7.591483123528172e-08,5.251465421641379e+03,5.251465421603849e+03,1.312675382047785e+03,7.506086963260439e-08,0.000000000000000e+00,-1.000000000000000e+03,3.500976947735899e+03,3.753043843276324e-08,2.788124768518402e+05,3.586640237451686e-06,8.430931836787512e+08,0.000000000000000e+00,6.722157663840988e-15,6.996275752343210e+10,6.996275752343210e+10,-7.124586408288863e+00,7.506086963260439e-08,1.000000000000000e+00,0.000000000000000e+00,-1.010215049667373e+00,1.000000048180376e+00,-1.010207402287560e+00,7.506087324906534e-08,1.000000000000000e+03,1.000000000000000e+00,
7.516137582212714e-08,0.000000000000000e+00,-8.135953949806320e-08,5.264538815024617e+03,5.264538814986176e+03,1.314183568685066e+03,7.516137582212714e-08,0.000000000000000e+00,-1.000000000000000e+03,3.509692543324117e+03,9.005024488141151e-09,2.789726004224475e+05,1.203069529945719e-06,8.304373716431592e+08,0.000000000000000e+00,-4.956605668167064e-08,7.004314060781630e+10,7.004314060781630e+10,-7.124005278777883e+00,7.516137582212714e-08,1.000000000000000e+00,0.000000000000000e+00,-1.048660973501882e+00,3.634498245735765e-01,-1.048648970079703e+00,4.955305453073994e-08,1.000000000000000e+03,1.000000000000000e+00,
1.410633154807873e-07,0.000000000000000e+00,-7.495002582744705e-08,1.156445126368114e+04,1.156445126367252e+04,1.517960850837635e+03,1.410633154807873e-07,0.000000000000000e+00,-1.000000000000000e+03,7.709634175781680e+03,3.270262017288380e-10,2.998222229134745e+05,1.575862490253115e-07,7.427430817486053e+08,0.000000000000000e+00,-3.038373715750166e-04,8.090402881749950e+10,8.090402881749950e+10,-6.850585912933716e+00,1.410633154807873e-07,1.000000000000000e+00,0.000000000000000e+00,-3.495230045837673e-01,4.773211250246002e-02,-3.495121698527682e-01,1.370256561395575e-08,1.000000000000000e+03,1.000000000000000e+00,
1.632559448420477e-06,0.000000000000000e+00,4.357932226680458e-03,1.320197691584316e+05,1.320139526556051e+05,1.499367888764265e+03,1.632559448420477e-06,0.000000000000000e+00,-1.000000000000000e+03,8.800930177040340e+04,5.816502826501878e+00,2.979803576115079e+05,8.905479474512278e-03,6.569892087999352e+08,0.000000000000000e+00,-4.025722415044470e-06,7.991306417005388e+10,7.991306417005389e+10,-5.787130995259081e+00,1.632559448420477e-06,1.000000000000000e+00,0.000000000000000e+00,2.669386545706998e+03,2.669386545706998e+03,-2.825838207463388e+03,4.357932226680458e-03,1.000000000000000e+03,1.000000000000000e+00,
1.790568106061766e-05,0.000000000000000e+00,5.002441119303959e-02,1.430923367863917e+06,1.430853489435201e+06,1.498959723562734e+03,1.790568106061766e-05,0.000000000000000e+00,-1.000000000000000e+03,9.539023262901342e+05,6.987842871596368e+01,2.979397960214849e+05,7.965666879271222e-03,5.717430319266163e+08,0.000000000000000e+00,1.600487490872411e-06,7.989130984799165e+10,7.989130984799167e+10,-4.747009155509780e+00,1.790568106061766e-05,1.000000000000000e+00,0.000000000000000e+00,2.373798039077588e+03,2.373798039077588e+03,-2.793689223236051e+03,5.002441119303959e-02,1.000000000000000e+03,1.000000000000000e+00,
1.972688980678588e-04,0.000000000000000e+00,4.667780079460527e-01,1.576762353236074e+07,1.576707128689570e+07,1.499625561909245e+03,1.972688980678588e-04,0.000000000000000e+00,-1.000000000000000e+03,1.051138085793047e+07,5.522454650381221e+02,2.980059611468154e+05,6.765752514087534e-03,4.868547251123179e+08,0.000000000000000e+00,1.117745103301161e-06,7.992679759113350e+10,7.992679759113351e+10,-3.704941381358327e+00,1.972688980678588e-04,1.000000000000000e+00,0.000000000000000e+00,2.020831100587481e+03,2.020831100587481e+03,-2.366183818049164e+03,4.667780079460527e-01,1.000000000000000e+03,1.000000000000000e+00,
7.506086955999973e-08,0.000000000000000e+00,-7.506087235482521e-08,5.251465412665716e+03,5.251465412628186e+03,1.312675381073907e+03,7.506086955999973e-08,0.000000000000000e+00,-1.000000000000000e+03,3.500976941752125e+03,3.753043477992752e-08,2.788124767484142e+05,3.586640065973015e-06,8.430931836735784e+08,0.000000000000000e+00,-2.423061751244404e-19,6.996275747152650e+10,6.996275747152650e+10,-7.124586408708947e+00,7.506086955999973e-08,1.000000000000000e+00,0.000000000000000e+00,-1.000000036514614e+00,9.999999999990341e-01,-9.999980851848805e-01,7.506086955992753e-08,1.000000000000000e+03,1.000000000000000e+00,
7.506086963260439e-08,0.000000000000000e+00,-7.591483123528172e-08,5.251465421641379e+03,5.251465421603849e+03,1.312675382047785e+03,7.506086963260439e-08,0.000000000000000e+00,-1.000000000000000e+03,3.500976947735899e+03,3.753043843276324e-08,2.788124768518402e+05,3.586640237451686e-06,8.430931836787512e+08,0.000000000000000e+00,6.722157663840988e-15,6.996275752343210e+10,6.996275752343210e+10,-7.124586408288863e+00,7.506086963260439e-08,1.000000000000000e+00,0.000000000000000e+00,-1.010215049667373e+00,1.000000048180376e+00,-1.010207402287560e+00,7.506087324906534e-08,1.000000000000000e+03,1.000000000000000e+00,
7.516137582212714e-08,0.000000000000000e+00,-8.135953949806320e-08,5.264538815024617e+03,5.264538814986176e+03,1.314183568685066e+03,7.516137582212714e-08,0.000000000000000e+00,-1.000000000000000e+03,3.509692543324117e+03,9.005024488141151e-09,2.789726004224475e+05,1.203069529945719e-06,8.304373716431592e+08,0.000000000000000e+00,-4.956605668167064e-08,7.004314060781630e+10,7.004314060781630e+10,-7.124005278777883e+00,7.516137582212714e-08,1.000000000000000e+00,0.000000000000000e+00,-1.048660973501882e+00,3.634498245735765e-01,-1.048648970079703e+00,4.955305453073994e-08,1.000000000000000e+03,1.000000000000000e+00,
1.410633154807873e-07,0.000000000000000e+00,-7.495002582744705e-08,1.156445126368114e+04,1.156445126367252e+04,1.517960850837635e+03,1.410633154807873e-07,0.000000000000000e+00,-1.000000000000000e+03,7.709634175781680e+03,3.270262017288380e-10,2.998222229134745e+05,1.575862490253115e-07,7.427430817486053e+08,0.000000000000000e+00,-3.038373715750166e-04,8.090402881749950e+10,8.090402881749950e+10,-6.850585912933716e+00,1.410633154807873e-07,1.000000000000000e+00,0.000000000000000e+00,-3.495230045837673e-01,4.773211250246002e-02,-3.495121698527682e-01,1.370256561395575e-08,1.000000000000000e+03,1.000000000000000e+00,
1.632559448420477e-06,0.000000000000000e+00,4.357932226680458e-03,1.320197691584316e+05,1.320139526556051e+05,1.499367888764265e+03,1.632559448420477e-06,0.000000000000000e+00,-1.000000000000000e+03,8.800930177040340e+04,5.816502826501878e+00,2.979803576115079e+05,8.905479474512278e-03,6.569892087999352e+08,0.000000000000000e+00,-4.025722415044470e-06,7.991306417005388e+10,7.991306417005389e+10,-5.787130995259081e+00,1.632559448420477e-06,1.000000000000000e+00,0.000000000000000e+00,2.669386545706998e+03,2.669386545706998e+03,-2.825838207463388e+03,4.357932226680458e-03,1.000000000000000e+03,1.000000000000000e+00,
1.790568106061766e-05,0.000000000000000e+00,5.002441119303959e-02,1.430923367863917e+06,1.430853489435201e+06,1.498959723562734e+03,1.790568106061766e-05,0.000000000000000e+00,-1.000000000000000e+03,9.539023262901342e+05,6.987842871596368e+01,2.979397960214849e+05,7.965666879271222e-03,5.717430319266163e+08,0.000000000000000e+00,1.600487490872411e-06,7.989130984799165e+10,7.989130984799167e+10,-4.747009155509780e+00,1.790568106061766e-05,1.000000000000000e+00,0.000000000000000e+00,2.373798039077588e+03,2.373798039077588e+03,-2.793689223236051e+03,5.002441119303959e-02,1.000000000000000e+03,1.000000000000000e+00,
1.972688980678588e-04,0.000000000000000e+00,4.667780079460527e-01,1.576762353236074e+07,1.576707128689570e+07,1.499625561909245e+03,1.972688980678588e-04,0.000000000000000e+00,-1.000000000000000e+03,1.051138085793047e+07,5.522454650381221e+02,2.980059611468154e+05,6.765752514087534e-03,4.868547251123179e+08,0.000000000000000e+00,1.117745103301161e-06,7.992679759113350e+10,7.992679759113351e+10,-3.704941381358327e+00,1.972688980678588e-04,1.000000000000000e+00,0.000000000000000e+00,2.020831100587481e+03,2.020831100587481e+03,-2.366183818049164e+03,4.667780079460527e-01,1.000000000000000e+03,1.000000000000000e+00,
7.506086955999973e-08,0.000000000000000e+00,-7.506087235482521e-08,5.251465412665716e+03,5.251465412628186e+03,1.312675381073907e+03,7.506086955999973e-08,0.000000000000000e+00,-1.000000000000000e+03,3.500976941752125e+03,3.753043477992752e-08,2.788124767484142e+05,3.586640065973015e-06,8.430931836735784e+08,0.000000000000000e+00,-2.423061751244404e-19,6.996275747152650e+10,6.996275747152650e+10,-7.124586408708947e+00,7.506086955999973e-08,1.000000000000000e+00,0.000000000000000e+00,-1.000000036514614e+00,9.999999999990341e-01,-9.695818671241400e-01,7.506086955992753e-08,1.000000000000000e+03,1.000000000000000e+00,
7.506086963260439e-08,0.000000000000000e+00,-7.591483123528172e-08,5.251465421641379e+03,5.251465421603849e+03,1.312675382047785e+03,7.506086963260439e-08,0.000000000000000e+00,-1.000000000000000e+03,3.500976947735899e+03,3.753043843276324e-08,2.788124768518402e+05,3.586640237451686e-06,8.430931836787512e+08,0.000000000000000e+00,6.722157663840988e-15,6.996275752343210e+10,6.996275752343210e+10,-7.124586408288863e+00,7.506086963260439e-08,1.000000000000000e+00,0.000000000000000e+00,-1.010215049667373e+00,1.000000048180376e+00,-9.476889435740518e-01,7.506087324906534e-08,1.000000000000000e+03,1.000000000000000e+00,
7.516137582212714e-08,0.000000000000000e+00,-8.135953949806320e-08,5.264538815024617e+03,5.264538814986176e+03,1.314183568685066e+03,7.516137582212714e-08,0.000000000000000e+00,-1.000000000000000e+03,3.509692543324117e+03,9.005024488141151e-09,2.789726004224475e+05,1.203069529945719e-06,8.304373716431592e+08,0.000000000000000e+00,-4.956605668167064e-08,7.004314060781630e+10,7.004314060781630e+10,-7.124005278777883e+00,7.516137582212714e-08,1.000000000000000e+00,0.000000000000000e+00,-1.048660973501882e+00,3.634498245735765e-01,-9.024830760084058e-01,4.955305453073994e-08,1.000000000000000e+03,1.000000000000000e+00,
1.410633154807873e-07,0.000000000000000e+00,-7.495002582744705e-08,1.156445126368114e+04,1.156445126367252e+04,1.517960850837635e+03,1.410633154807873e-07,0.000000000000000e+00,-1.000000000000000e+03,7.709634175781680e+03,3.270262017288380e-10,2.998222229134745e+05,1.575862490253115e-07,7.427430817486053e+08,0.000000000000000e+00,-3.038373715750166e-04,8.090402881749950e+10,8.090402881749950e+10,-6.850585912933716e+00,1.410633154807873e-07,1.000000000000000e+00,0.000000000000000e+00,-3.495230045837673e-01,4.773211250246002e-02,-2.452117435150062e-01,1.370256561395575e-08,1.000000000000000e+03,1.000000000000000e+00,
1.632559448420477e-06,0.000000000000000e+00,4.357932226680458e-03,1.320197691584316e+05,1.320139526556051e+05,1.499367888764265e+03,1.632559448420477e-06,0.000000000000000e+00,-1.000000000000000e+03,8.800930177040340e+04,5.816502826501878e+00,2.979803576115079e+05,8.905479474512278e-03,6.569892087999352e+08,0.000000000000000e+00,-4.025722415044470e-06,7.991306417005388e+10,7.991306417005389e+10,-5.787130995259081e+00,1.632559448420477e-06,1.000000000000000e+00,0.000000000000000e+00,2.669386545706998e+03,2.669386545706998e+03,-1.962156555255431e+03,4.357932226680458e-03,1.000000000000000e+03,1.000000000000000e+00,
1.790568106061766e-05,0.000000000000000e+00,5.002441119303959e-02,1.430923367863917e+06,1.430853489435201e+06,1.498959723562734e+03,1.790568106061766e-05,0.000000000000000e+00,-1.000000000000000e+03,9.539023262901342e+05,6.987842871596368e+01,2.979397960214849e+05,7.965666879271222e-03,5.717430319266163e+08,0.000000000000000e+00,1.600487490872411e-06,7.989130984799165e+10,7.989130984799167e+10,-4.747009155509780e+00,1.790568106061766e-05,1.000000000000000e+00,0.000000000000000e+00,2.373798039077588e+03,2.373798039077588e+03,-2.171300696904580e+03,5.002441119303959e-02,1.000000000000000e+03,1.000000000000000e+00,
1.972688980678588e-04,0.000000000000000e+00,4.667780079460527e-01,1.576762353236074e+07,1.576707128689570e+07,1.499625561909245e+03,1.972688980678588e-04,0.000000000000000e+00,-1.000000000000000e+03,1.051138085793047e+07,5.522454650381221e+02,2.980059611468154e+05,6.765752514087534e-03,4.868547251123179e+08,0.000000000000000e+00,1.117745103301161e-06,7.992679759113350e+10,7.992679759113351e+10,-3.704941381358327e+00,1.972688980678588e-04,1.000000000000000e+00,0.000000000000000e+00,2.020831100587481e+03,2.020831100587481e+03,-2.114746890128492e+03,4.667780079460527e-01,1.000000000000000e+03,1.000000000000000e+00,
7.506086955999973e-08,0.000000000000000e+00,-7.506087235482521e-08,5.251465412665716e+03,5.251465412628186e+03,1.312675381073907e+03,7.506086955999973e-08,0.000000000000000e+00,-1.000000000000000e+03,3.500976941752125e+03,3.753043477992752e-08,2.788124767484142e+05,3.586640065973015e-06,8.430931836735784e+08,0.000000000000000e+00,-2.423061751244404e-19,6.996275747152650e+10,6.996275747152650e+10,-7.124586408708947e+00,7.506086955999973e-08,1.000000000000000e+00,0.000000000000000e+00,-1.000000036514614e+00,9.999999999990341e-01,-8.933757570582244e-01,7.506086955992753e-08,1.000000000000000e+03,1.000000000000000e+00,
7.506086963260439e-08,0.000000000000000e+00,-7.591483123528172e-08,5.251465421641379e+03,5.251465421603849e+03,1.312675382047785e+03,7.506086963260439e-08,0.000000000000000e+00,-1.000000000000000e+03,3.500976947735899e+03,3.753043843276324e-08,2.788124768518402e+05,3.586640237451686e-06,8.430931836787512e+08,0.000000000000000e+00,6.722157663840988e-15,6.996275752343210e+10,6.996275752343210e+10,-7.124586408288863e+00,7.506086963260439e-08,1.000000000000000e+00,0.000000000000000e+00,-1.010215049667373e+00,1.000000048180376e+00,-8.303788114719235e-01,7.506087324906534e-08,1.000000000000000e+03,1.000000000000000e+00,
7.516137582212714e-08,0.000000000000000e+00,-8.135953949806320e-08,5.264538815024617e+03,5.264538814986176e+03,1.314183568685066e+03,7.516137582212714e-08,0.000000000000000e+00,-1.000000000000000e+03,3.509692543324117e+03,9.005024488141151e-09,2.789726004224475e+05,1.203069529945719e-06,8.304373716431592e+08,0.000000000000000e+00,-4.956605668167064e-08,7.004314060781630e+10,7.004314060781630e+10,-7.124005278777883e+00,7.516137582212714e-08,1.000000000000000e+00,0.000000000000000e+00,-1.048660973501882e+00,3.634498245735765e-01,-7.123631278103356e-01,4.955305453073994e-08,1.000000000000000e+03,1.000000000000000e+00,
1.410633154807873e-07,0.000000000000000e+00,-7.495002582744705e-08,1.156445126368114e+04,1.156445126367252e+04,1.517960850837635e+03,1.410633154807873e-07,0.000000000000000e+00,-1.000000000000000e+03,7.709634175781680e+03,3.270262017288380e-10,2.998222229134745e+05,1.575862490253115e-07,7.427430817486053e+08,0.000000000000000e+00,-3.038373715750166e-04,8.090402881749950e+10,8.090402881749950e+10,-6.850585912933716e+00,1.410633154807873e-07,1.000000000000000e+00,0.000000000000000e+00,-3.495230045837673e-01,4.773211250246002e-02,-1.548466101073712e-01,1.370256561395575e-08,1.000000000000000e+03,1.000000000000000e+00,
1.632559448420477e-06,0.000000000000000e+00,4.357932226680458e-03,1.320197691584316e+05,1.320139526556051e+05,1.499367888764265e+03,1.632559448420477e-06,0.000000000000000e+00,-1.000000000000000e+03,8.800930177040340e+04,5.816502826501878e+00,2.979803576115079e+05,8.905479474512278e-03,6.569892087999352e+08,0.000000000000000e+00,-4.025722415044470e-06,7.991306417005388e+10,7.991306417005389e+10,-5.787130995259081e+00,1.632559448420477e-06,1.000000000000000e+00,0.000000000000000e+00,2.669386545706998e+03,2.669386545706998e+03,-1.239065008575606e+03,4.357932226680458e-03,1.000000000000000e+03,1.000000000000000e+00,
1.790568106061766e-05,0.000000000000000e+00,5.002441119303959e-02,1.430923367863917e+06,1.430853489435201e+06,1.498959723562734e+03,1.790568106061766e-05,0.000000000000000e+00,-1.000000000000000e+03,9.539023262901342e+05,6.987842871596368e+01,2.979397960214849e+05,7.965666879271222e-03,5.717430319266163e+08,0.000000000000000e+00,1.600487490872411e-06,7.989130984799165e+10,7.989130984799167e+10,-4.747009155509780e+00,1.790568106061766e-05,1.000000000000000e+00,0.000000000000000e+00,2.373798039077588e+03,2.373798039077588e+03,-1.671959181913860e+03,5.002441119303959e-02,1.000000000000000e+03,1.000000000000000e+00,
1.972688980678588e-04,0.000000000000000e+00,4.667780079460527e-01,1.576762353236074e+07,1.576707128689570e+07,1.499625561909245e+03,1.972688980678588e-04,0.000000000000000e+00,-1.000000000000000e+03,1.051138085793047e+07,5.522454650381221e+02,2.980059611468154e+05,6.765752514087534e-03,4.868547251123179e+08,0.000000000000000e+00,1.117745103301161e-06,7.992679759113350e+10,7.992679759113351e+10,-3.704941381358327e+00,1.972688980678588e-04,1.000000000000000e+00,0.000000000000000e+00,2.020831100587481e+03,2.020831100587481e+03,-1.680971117043104e+03,4.667780079460527e-01,1.000000000000000e+03,1.000000000000000e+00,

64,28
1.612340630732436e-02,0.000000000000000e+00,3.271776840338753e+01,1.591481451342638e+09,1.591448255740267e+09,1.852356957003662e+03,1.612340630732436e-02,0.000000000000000e+00,-1.000000000000000e+03,1.060965503826845e+09,3.319560237130012e+04,3.312042299058977e+05,6.757437309710193e-03,4.855549986968925e+08,2.500000000000000e-07,5.072926747685456e-04,9.872661771680284e+10,9.872661771680284e+10,-1.792543201724639e+00,1.612340630732436e-02,1.000000000000000e+00,0.000000000000000e+00,2.037817408625450e+03,2.037817408625450e+03,-1.214731390872441e+03,3.271776840338753e+01,1.000000000000000e+03,1.000000000000000e+00,
1.612340630732436e-02,0.000000000000000e+00,3.271776840338753e+01,1.591481451342638e+09,1.591448255740267e+09,1.852356957003662e+03,1.612340630732436e-02,0.000000000000000e+00,-1.000000000000000e+03,1.060965503826845e+09,3.319560237130012e+04,3.312042299058977e+05,6.757437309710193e-03,4.855549986968925e+08,2.500000000000000e-07,5.072926747685456e-04,9.872661771680284e+10,9.872661771680284e+10,-1.792543201724639e+00,1.612340630732436e-02,1.000000000000000e+00,0.000000000000000e+00,2.037817408625450e+03,2.037817408625450e+03,-1.214731390872441e+03,3.271776840338753e+01,1.000000000000000e+03,1.000000000000000e+00,
1.612340630732436e-02,0.000000000000000e+00,3.271776840338753e+01,1.591481451342638e+09,1.591448255740267e+09,1.852356957003662e+03,1.612340630732436e-02,0.000000000000000e+00,-1.000000000000000e+03,1.060965503826845e+09,3.319560237130012e+04,3.312042299058977e+05,6.757437309710193e-03,4.855549986968925e+08,2.500000000000000e-07,5.072926747685456e-04,9.872661771680284e+10,9.872661771680284e+10,-1.792543201724639e+00,1.612340630732436e-02,1.000000000000000e+00,0.000000000000000e+00,2.037817408625450e+03,2.037817408625450e+03,-1.431125879432110e+03,3.271776840338753e+01,1.000000000000000e+03,1.000000000000000e+00,
1.612340630732436e-02,0.000000000000000e+00,3.271776840338753e+01,1.591481451342638e+09,1.591448255740267e+09,1.852356957003662e+03,1.612340630732436e-02,0.000000000000000e+00,-1.000000000000000e+03,1.060965503826845e+09,3.319560237130012e+04,3.312042299058977e+05,6.757437309710193e-03,4.855549986968925e+08,2.500000000000000e-07,5.072926747685456e-04,9.872661771680284e+10,9.872661771680284e+10,-1.792543201724639e+00,1.612340630732436e-02,1.000000000000000e+00,0.000000000000000e+00,2.037817408625450e+03,2.037817408625450e+03,-1.682987964200291e+03,3.271776840338753e+01,1.000000000000000e+03,1.000000000000000e+00,
1.612340630732436e-02,0.000000000000000e+00,3.271776840338753e+01,1.591481451342638e+09,1.591448255740267e+09,1.852356957003662e+03,1.612340630732436e-02,0.000000000000000e+00,-1.000000000000000e+03,1.060965503826845e+09,3.319560237130012e+04,3.312042299058977e+05,6.757437309710193e-03,4.855549986968925e+08,2.500000000000000e-07,5.072926747685456e-04,9.872661771680284e+10,9.872661771680284e+10,-1.792543201724639e+00,1.612340630732436e-02,1.000000000000000e+00,0.000000000000000e+00,2.037817408625450e+03,2.037817408625450e+03,-1.913225752415390e+03,3.271776840338753e+01,1.000000000000000e+03,1.000000000000000e+00,
1.612340630732436e-02,0.000000000000000e+00,3.271776840338753e+01,1.591481451342638e+09,1.591448255740267e+09,1.852356957003662e+03,1.612340630732436e-02,0.000000000000000e+00,-1.000000000000000e+03,1.060965503826845e+09,3.319560237130012e+04,3.312042299058977e+05,6.757437309710193e-03,4.855549986968925e+08,2.500000000000000e-07,5.072926747685456e-04,9.872661771680284e+10,9.872661771680284e+10,-1.792543201724639e+00,1.612340630732436e-02,1.000000000000000e+00,0.000000000000000e+00,2.037817408625450e+03,2.037817408625450e+03,-1.913225752415390e+03,3.271776840338753e+01,1.000000000000000e+03,1.000000000000000e+00,
1.612340630732436e-02,0.000000000000000e+00,3.271776840338753e+01,1.591481451342638e+09,1.591448255740267e+09,1.852356957003662e+03,1.612340630732436e-02,0.000000000000000e+00,-1.000000000000000e+03,1.060965503826845e+09,3.319560237130012e+04,3.312042299058977e+05,6.757437309710193e-03,4.855549986968925e+08,2.500000000000000e-07,5.072926747685456e-04,9.872661771680284e+10,9.872661771680284e+10,-1.792543201724639e+00,1.612340630732436e-02,1.000000000000000e+00,0.000000000000000e+00,2.037817408625450e+03,2.037817408625450e+03,-1.682987964200291e+03,3.271776840338753e+01,1.000000000000000e+03,1.000000000000000e+00,
1.612340630732436e-02,0.000000000000000e+00,3.271776840338753e+01,1.591481451342638e+09,1.591448255740267e+09,1.852356957003662e+03,1.612340630732436e-02,0.000000000000000e+00,-1.000000000000000e+03,1.060965503826845e+09,3.319560237130012e+04,3.312042299058977e+05,6.757437309710193e-03,4.855549986968925e+08,2.500000000000000e-07,5.072926747685456e-04,9.872661771680284e+10,9.872661771680284e+10,-1.792543201724639e+00,1.612340630732436e-02,1.000000000000000e+00,0.000000000000000e+00,2.037817408625450e+03,2.037817408625450e+03,-1.431125879432110e+03,3.271776840338753e+01,1.000000000000000e+03,1.000000000000000e+00,
7.506086961400649e-08,0.000000000000000e+00,-7.506086955992753e-08,5.251465419339204e+03,5.251465419301674e+03,1.312675381797567e+03,7.506086961400649e-08,0.000000000000000e+00,-1.000000000000000e+03,3.500976946201116e+03,3.753043754782202e-08,2.788124768252670e+05,3.586640195952632e-06,8.430931836773956e+08,0.000000000000000e+00,5.143606318647187e-15,6.996275751009605e+10,6.996275751009605e+10,-7.124586408396469e+00,7.506086961400649e-08,1.000000000000000e+00,0.000000000000000e+00,-9.999999999990341e-01,1.000000036514614e+00,-6.017491283883099e-01,7.506087235482521e-08,1.000000000000000e+03,1.000000000000000e+00,
7.514719886649646e-08,0.000000000000000e+00,-7.506087324906534e-08,5.262679274776172e+03,5.262679274737827e+03,1.313967213594526e+03,7.514719886649646e-08,0.000000000000000e+00,-1.000000000000000e+03,3.508452849825218e+03,3.834515250342020e-08,2.789496357362246e+05,3.621496213827771e-06,8.431047668487900e+08,0.000000000000000e+00,5.649068449410377e-10,7.003160934963516e+10,7.003160934963516e+10,-7.124087203227391e+00,7.514719886649646e-08,1.000000000000000e+00,0.000000000000000e+00,-1.000000048180376e+00,1.010215049667373e+00,-4.539000394138095e-01,7.591483123528172e-08,1.000000000000000e+03,1.000000000000000e+00,
1.363408404141586e-07,0.000000000000000e+00,-4.955305453073994e-08,1.119891499339995e+04,1.119891499339095e+04,1.621531054133876e+03,1.363408404141586e-07,0.000000000000000e+00,-1.000000000000000e+03,7.465943328927300e+03,4.244609681972163e-08,3.098818709518111e+05,3.724621511332092e-06,8.475169743745246e+08,0.000000000000000e+00,1.071408242895089e-09,8.642409655013541e+10,8.642409655013541e+10,-6.865374033308762e+00,1.363408404141586e-07,1.000000000000000e+00,0.000000000000000e+00,-3.634498245735765e-01,1.048660973501882e+00,-8.896061130634220e-02,8.135953949806320e-08,1.000000000000000e+03,1.000000000000000e+00,
1.572585808941017e-06,0.000000000000000e+00,4.186631682830075e-03,1.272341005547710e+05,1.272285276045548e+05,1.590410715867947e+03,1.572585808941017e-06,0.000000000000000e+00,-1.000000000000000e+03,8.481901840303655e+04,5.572950216141115e+00,3.068938467543291e+05,8.879460583013461e-03,8.291245094576231e+08,0.000000000000000e+00,5.216327939407198e-09,8.476544985810265e+10,8.476544985810266e+10,-5.803385647737807e+00,1.572585808941017e-06,1.000000000000000e+00,0.000000000000000e+00,2.662259610271672e+03,2.662259610271672e+03,2.450399828779379e+02,4.186631682830075e-03,1.000000000000000e+03,1.000000000000000e+00,
1.724752835231451e-05,0.000000000000000e+00,4.823863641554314e-02,1.378370297950082e+06,1.378302839993333e+06,1.517194472717666e+03,1.724752835231451e-05,0.000000000000000e+00,-1.000000000000000e+03,9.188685599955560e+05,6.745795674887817e+01,2.997465272192087e+05,9.479469441985657e-03,7.413862886137085e+08,0.000000000000000e+00,1.508121907950340e-06,8.086318252197821e+10,8.086318252197820e+10,-4.763273132466677e+00,1.724752835231451e-05,1.000000000000000e+00,0.000000000000000e+00,2.826008824110032e+03,2.826008824110032e+03,-5.223838423334642e+00,4.823863641554314e-02,1.000000000000000e+03,1.000000000000000e+00,
1.900047676657309e-04,0.000000000000000e+00,4.510329449003047e-01,1.518677538332765e+07,1.518624005276757e+07,1.499602597812545e+03,1.900047676657309e-04,0.000000000000000e+00,-1.000000000000000e+03,1.012416003517838e+07,5.353305600818666e+02,2.980036794226031e+05,9.375841016244953e-03,6.556569162649213e+08,0.000000000000000e+00,3.940984124227952e-06,7.992557365446863e+10,7.992557365446863e+10,-3.721235501442221e+00,1.900047676657309e-04,1.000000000000000e+00,0.000000000000000e+00,2.793773161919259e+03,2.793773161919259e+03,-6.838241526933972e+02,4.510329449003047e-01,1.000000000000000e+03,1.000000000000000e+00,
2.085945150427812e-03,0.000000000000000e+00,4.215342834104154e+00,1.674882161945854e+08,1.674839569466360e+08,1.506470911961156e+03,2.085945150427812e-03,0.000000000000000e+00,-1.000000000000000e+03,1.116559712977573e+08,4.259247949398125e+03,2.986853415610076e+05,7.940115429946269e-03,5.704107413664451e+08,0.000000000000000e+00,3.790022537979212e-06,8.029163993707419e+10,8.029163993707419e+10,-2.680697115458729e+00,2.085945150427812e-03,1.000000000000000e+00,0.000000000000000e+00,2.366201730317797e+03,2.366201730317797e+03,-1.063158838314582e+03,4.215342834104154e+00,1.000000000000000e+03,1.000000000000000e+00,
7.506086961400649e-08,0.000000000000000e+00,-7.506086955992753e-08,5.251465419339204e+03,5.251465419301674e+03,1.312675381797567e+03,7.506086961400649e-08,0.000000000000000e+00,-1.000000000000000e+03,3.500976946201116e+03,3.753043754782202e-08,2.788124768252670e+05,3.586640195952632e-06,8.430931836773956e+08,0.000000000000000e+00,5.143606318647187e-15,6.996275751009605e+10,6.996275751009605e+10,-7.124586408396469e+00,7.506086961400649e-08,1.000000000000000e+00,0.000000000000000e+00,-9.999999999990341e-01,1.000000036514614e+00,-6.017491283883099e-01,7.506087235482521e-08,1.000000000000000e+03,1.000000000000000e+00,
7.514719886649646e-08,0.000000000000000e+00,-7.506087324906534e-08,5.262679274776172e+03,5.262679274737827e+03,1.313967213594526e+03,7.514719886649646e-08,0.000000000000000e+00,-1.000000000000000e+03,3.508452849825218e+03,3.834515250342020e-08,2.789496357362246e+05,3.621496213827771e-06,8.431047668487900e+08,0.000000000000000e+00,5.649068449410377e-10,7.003160934963516e+10,7.003160934963516e+10,-7.124087203227391e+00,7.514719886649646e-08,1.000000000000000e+00,0.000000000000000e+00,-1.000000048180376e+00,1.010215049667373e+00,-4.539000394138095e-01,7.591483123528172e-08,1.000000000000000e+03,1.000000000000000e+00,
1.363408404141586e-07,0.000000000000000e+00,-4.955305453073994e-08,1.119891499339995e+04,1.119891499339095e+04,1.621531054133876e+03,1.363408404141586e-07,0.000000000000000e+00,-1.000000000000000e+03,7.465943328927300e+03,4.244609681972163e-08,3.098818709518111e+05,3.724621511332092e-06,8.475169743745246e+08,0.000000000000000e+00,1.071408242895089e-09,8.642409655013541e+10,8.642409655013541e+10,-6.865374033308762e+00,1.363408404141586e-07,1.000000000000000e+00,0.000000000000000e+00,-3.634498245735765e-01,1.048660973501882e+00,-8.896061130634220e-02,8.135953949806320e-08,1.000000000000000e+03,1.000000000000000e+00,
1.572585808941017e-06,0.000000000000000e+00,4.186631682830075e-03,1.272341005547710e+05,1.272285276045548e+05,1.590410715867947e+03,1.572585808941017e-06,0.000000000000000e+00,-1.000000000000000e+03,8.481901840303655e+04,5.572950216141115e+00,3.068938467543291e+05,8.879460583013461e-03,8.291245094576231e+08,0.000000000000000e+00,5.216327939407198e-09,8.476544985810265e+10,8.476544985810266e+10,-5.803385647737807e+00,1.572585808941017e-06,1.000000000000000e+00,0.000000000000000e+00,2.662259610271672e+03,2.662259610271672e+03,2.450399828779379e+02,4.186631682830075e-03,1.000000000000000e+03,1.000000000000000e+00,
1.724752835231451e-05,0.000000000000000e+00,4.823863641554314e-02,1.378370297950082e+06,1.378302839993333e+06,1.517194472717666e+03,1.724752835231451e-05,0.000000000000000e+00,-1.000000000000000e+03,9.188685599955560e+05,6.745795674887817e+01,2.997465272192087e+05,9.479469441985657e-03,7.413862886137085e+08,0.000000000000000e+00,1.508121907950340e-06,8.086318252197821e+10,8.086318252197820e+10,-4.763273132466677e+00,1.724752835231451e-05,1.000000000000000e+00,0.000000000000000e+00,2.826008824110032e+03,2.826008824110032e+03,-5.223838423334642e+00,4.823863641554314e-02,1.000000000000000e+03,1.000000000000000e+00,
1.900047676657309e-04,0.000000000000000e+00,4.510329449003047e-01,1.518677538332765e+07,1.518624005276757e+07,1.499602597812545e+03,1.900047676657309e-04,0.000000000000000e+00,-1.000000000000000e+03,1.012416003517838e+07,5.353305600818666e+02,2.980036794226031e+05,9.375841016244953e-03,6.556569162649213e+08,0.000000000000000e+00,3.940984124227952e-06,7.992557365446863e+10,7.992557365446863e+10,-3.721235501442221e+00,1.900047676657309e-04,1.000000000000000e+00,0.000000000000000e+00,2.793773161919259e+03,2.793773161919259e+03,-6.838241526933972e+02,4.510329449003047e-01,1.000000000000000e+03,1.000000000000000e+00,
2.085945150427812e-03,0.000000000000000e+00,4.215342834104154e+00,1.674882161945854e+08,1.674839569466360e+08,1.506470911961156e+03,2.085945150427812e-03,0.000000000000000e+00,-1.000000000000000e+03,1.116559712977573e+08,4.259247949398125e+03,2.986853415610076e+05,7.940115429946269e-03,5.704107413664451e+08,0.000000000000000e+00,3.790022537979212e-06,8.029163993707419e+10,8.029163993707419e+10,-2.680697115458729e+00,2.085945150427812e-03,1.000000000000000e+00,0.000000000000000e+00,2.366201730317797e+03,2.366201730317797e+03,-1.063158838314582e+03,4.215342834104154e+00,1.000000000000000e+03,1.000000000000000e+00,
7.506086961400649e-08,0.000000000000000e+00,-7.506086955992753e-08,5.251465419339204e+03,5.251465419301674e+03,1.312675381797567e+03,7.506086961400649e-08,0.000000000000000e+00,-1.000000000000000e+03,3.500976946201116e+03,3.753043754782202e-08,2.788124768252670e+05,3.586640195952632e-06,8.430931836773956e+08,0.000000000000000e+00,5.143606318647187e-15,6.996275751009605e+10,6.996275751009605e+10,-7.124586408396469e+00,7.506086961400649e-08,1.000000000000000e+00,0.000000000000000e+00,-9.999999999990341e-01,1.000000036514614e+00,-7.089458270636375e-01,7.506087235482521e-08,1.000000000000000e+03,1.000000000000000e+00,
7.514719886649646e-08,0.000000000000000e+00,-7.506087324906534e-08,5.262679274776172e+03,5.262679274737827e+03,1.313967213594526e+03,7.514719886649646e-08,0.000000000000000e+00,-1.000000000000000e+03,3.508452849825218e+03,3.834515250342020e-08,2.789496357362246e+05,3.621496213827771e-06,8.431047668487900e+08,0.000000000000000e+00,5.649068449410377e-10,7.003160934963516e+10,7.003160934963516e+10,-7.124087203227391e+00,7.514719886649646e-08,1.000000000000000e+00,0.000000000000000e+00,-1.000000048180376e+00,1.010215049667373e+00,-5.628911511417756e-01,7.591483123528172e-08,1.000000000000000e+03,1.000000000000000e+00,
1.363408404141586e-07,0.000000000000000e+00,-4.955305453073994e-08,1.119891499339995e+04,1.119891499339095e+04,1.621531054133876e+03,1.363408404141586e-07,0.000000000000000e+00,-1.000000000000000e+03,7.465943328927300e+03,4.244609681972163e-08,3.098818709518111e+05,3.724621511332092e-06,8.475169743745246e+08,0.000000000000000e+00,1.071408242895089e-09,8.642409655013541e+10,8.642409655013541e+10,-6.865374033308762e+00,1.363408404141586e-07,1.000000000000000e+00,0.000000000000000e+00,-3.634498245735765e-01,1.048660973501882e+00,-1.160115402530990e-01,8.135953949806320e-08,1.000000000000000e+03,1.000000000000000e+00,
1.572585808941017e-06,0.000000000000000e+00,4.186631682830075e-03,1.272341005547710e+05,1.272285276045548e+05,1.590410715867947e+03,1.572585808941017e-06,0.000000000000000e+00,-1.000000000000000e+03,8.481901840303655e+04,5.572950216141115e+00,3.068938467543291e+05,8.879460583013461e-03,8.291245094576231e+08,0.000000000000000e+00,5.216327939407198e-09,8.476544985810265e+10,8.476544985810266e+10,-5.803385647737807e+00,1.572585808941017e-06,1.000000000000000e+00,0.000000000000000e+00,2.662259610271672e+03,2.662259610271672e+03,3.619530308064243e+02,4.186631682830075e-03,1.000000000000000e+03,1.000000000000000e+00,
1.724752835231451e-05,0.000000000000000e+00,4.823863641554314e-02,1.378370297950082e+06,1.378302839993333e+06,1.517194472717666e+03,1.724752835231451e-05,0.000000000000000e+00,-1.000000000000000e+03,9.188685599955560e+05,6.745795674887817e+01,2.997465272192087e+05,9.479469441985657e-03,7.413862886137085e+08,0.000000000000000e+00,1.508121907950340e-06,8.086318252197821e+10,8.086318252197820e+10,-4.763273132466677e+00,1.724752835231451e-05,1.000000000000000e+00,0.000000000000000e+00,2.826008824110032e+03,2.826008824110032e+03,-6.969653908505512e+00,4.823863641554314e-02,1.000000000000000e+03,1.000000000000000e+00,
1.900047676657309e-04,0.000000000000000e+00,4.510329449003047e-01,1.518677538332765e+07,1.518624005276757e+07,1.499602597812545e+03,1.900047676657309e-04,0.000000000000000e+00,-1.000000000000000e+03,1.012416003517838e+07,5.353305600818666e+02,2.980036794226031e+05,9.375841016244953e-03,6.556569162649213e+08,0.000000000000000e+00,3.940984124227952e-06,7.992557365446863e+10,7.992557365446863e+10,-3.721235501442221e+00,1.900047676657309e-04,1.000000000000000e+00,0.000000000000000e+00,2.793773161919259e+03,2.793773161919259e+03,-8.917597580691943e+02,4.510329449003047e-01,1.000000000000000e+03,1.000000000000000e+00,
2.085945150427812e-03,0.000000000000000e+00,4.215342834104154e+00,1.674882161945854e+08,1.674839569466360e+08,1.506470911961156e+03,2.085945150427812e-03,0.000000000000000e+00,-1.000000000000000e+03,1.116559712977573e+08,4.259247949398125e+03,2.986853415610076e+05,7.940115429946269e-03,5.704107413664451e+08,0.000000000000000e+00,3.790022537979212e-06,8.029163993707419e+10,8.029163993707419e+10,-2.680697115458729e+00,2.085945150427812e-03,1.000000000000000e+00,0.000000000000000e+00,2.366201730317797e+03,2.366201730317797e+03,-1.318446024191380e+03,4.215342834104154e+00,1.000000000000000e+03,1.000000000000000e+00,
7.506086961400649e-08,0.000000000000000e+00,-7.506086955992753e-08,5.251465419339204e+03,5.251465419301674e+03,1.312675381797567e+03,7.506086961400649e-08,0.000000000000000e+00,-1.000000000000000e+03,3.500976946201116e+03,3.753043754782202e-08,2.788124768252670e+05,3.586640195952632e-06,8.430931836773956e+08,0.000000000000000e+00,5.143606318647187e-15,6.996275751009605e+10,6.996275751009605e+10,-7.124586408396469e+00,7.506086961400649e-08,1.000000000000000e+00,0.000000000000000e+00,-9.999999999990341e-01,1.000000036514614e+00,-8.337123319239953e-01,7.506087235482521e-08,1.000000000000000e+03,1.000000000000000e+00,
7.514719886649646e-08,0.000000000000000e+00,-7.506087324906534e-08,5.262679274776172e+03,5.262679274737827e+03,1.313967213594526e+03,7.514719886649646e-08,0.000000000000000e+00,-1.000000000000000e+03,3.508452849825218e+03,3.834515250342020e-08,2.789496357362246e+05,3.621496213827771e-06,8.431047668487900e+08,0.000000000000000e+00,5.649068449410377e-10,7.003160934963516e+10,7.003160934963516e+10,-7.124087203227391e+00,7.514719886649646e-08,1.000000000000000e+00,0.000000000000000e+00,-1.000000048180376e+00,1.010215049667373e+00,-7.171147921647505e-01,7.591483123528172e-08,1.000000000000000e+03,1.000000000000000e+00,
1.363408404141586e-07,0.000000000000000e+00,-4.955305453073994e-08,1.119891499339995e+04,1.119891499339095e+04,1.621531054133876e+03,1.363408404141586e-07,0.000000000000000e+00,-1.000000000000000e+03,7.465943328927300e+03,4.244609681972163e-08,3.098818709518111e+05,3.724621511332092e-06,8.475169743745246e+08,0.000000000000000e+00,1.071408242895089e-09,8.642409655013541e+10,8.642409655013541e+10,-6.865374033308762e+00,1.363408404141586e-07,1.000000000000000e+00,0.000000000000000e+00,-3.634498245735765e-01,1.048660973501882e+00,-1.640640891262849e-01,8.135953949806320e-08,1.000000000000000e+03,1.000000000000000e+00,
1.572585808941017e-06,0.000000000000000e+00,4.186631682830075e-03,1.272341005547710e+05,1.272285276045548e+05,1.590410715867947e+03,1.572585808941017e-06,0.000000000000000e+00,-1.000000000000000e+03,8.481901840303655e+04,5.572950216141115e+00,3.068938467543291e+05,8.879460583013461e-03,8.291245094576231e+08,0.000000000000000e+00,5.216327939407198e-09,8.476544985810265e+10,8.476544985810266e+10,-5.803385647737807e+00,1.572585808941017e-06,1.000000000000000e+00,0.000000000000000e+00,2.662259610271672e+03,2.662259610271672e+03,6.747829887299129e+02,4.186631682830075e-03,1.000000000000000e+03,1.000000000000000e+00,
1.724752835231451e-05,0.000000000000000e+00,4.823863641554314e-02,1.378370297950082e+06,1.378302839993333e+06,1.517194472717666e+03,1.724752835231451e-05,0.000000000000000e+00,-1.000000000000000e+03,9.188685599955560e+05,6.745795674887817e+01,2.997465272192087e+05,9.479469441985657e-03,7.413862886137085e+08,0.000000000000000e+00,1.508121907950340e-06,8.086318252197821e+10,8.086318252197820e+10,-4.763273132466677e+00,1.724752835231451e-05,1.000000000000000e+00,0.000000000000000e+00,2.826008824110032e+03,2.826008824110032e+03,-1.046810203959074e+01,4.823863641554314e-02,1.000000000000000e+03,1.000000000000000e+00,
1.900047676657309e-04,0.000000000000000e+00,4.510329449003047e-01,1.518677538332765e+07,1.518624005276757e+07,1.499602597812545e+03,1.900047676657309e-04,0.000000000000000e+00,-1.000000000000000e+03,1.012416003517838e+07,5.353305600818666e+02,2.980036794226031e+05,9.375841016244953e-03,6.556569162649213e+08,0.000000000000000e+00,3.940984124227952e-06,7.992557365446863e+10,7.992557365446863e+10,-3.721235501442221e+00,1.900047676657309e-04,1.000000000000000e+00,0.000000000000000e+00,2.793773161919259e+03,2.793773161919259e+03,-1.261131022895719e+03,4.510329449003047e-01,1.000000000000000e+03,1.000000000000000e+00,
2.085945150427812e-03,0.000000000000000e+00,4.215342834104154e+00,1.674882161945854e+08,1.674839569466360e+08,1.506470911961156e+03,2.085945150427812e-03,0.000000000000000e+00,-1.000000000000000e+03,1.116559712977573e+08,4.259247949398125e+03,2.986853415610076e+05,7.940115429946269e-03,5.704107413664451e+08,0.000000000000000e+00,3.790022537979212e-06,8.029163993707419e+10,8.029163993707419e+10,-2.680697115458729e+00,2.085945150427812e-03,1.000000000000000e+00,0.000000000000000e+00,2.366201730317797e+03,2.366201730317797e+03,-1.676511099297641e+03,4.215342834104154e+00,1.000000000000000e+03,1.000000000000000e+00,
7.506086961400649e-08,0.000000000000000e+00,-7.506086955992753e-08,5.251465419339204e+03,5.251465419301674e+03,1.312675381797567e+03,7.506086961400649e-08,0.000000000000000e+00,-1.000000000000000e+03,3.500976946201116e+03,3.753043754782202e-08,2.788124768252670e+05,3.586640195952632e-06,8.430931836773956e+08,0.000000000000000e+00,5.143606318647187e-15,6.996275751009605e+10,6.996275751009605e+10,-7.124586408396469e+00,7.506086961400649e-08,1.000000000000000e+00,0.000000000000000e+00,-9.999999999990341e-01,1.000000036514614e+00,-9.496653802542354e-01,7.506087235482521e-08,1.000000000000000e+03,1.000000000000000e+00,
7.514719886649646e-08,0.000000000000000e+00,-7.506087324906534e-08,5.262679274776172e+03,5.262679274737827e+03,1.313967213594526e+03,7.514719886649646e-08,0.000000000000000e+00,-1.000000000000000e+03,3.508452849825218e+03,3.834515250342020e-08,2.789496357362246e+05,3.621496213827771e-06,8.431047668487900e+08,0.000000000000000e+00,5.649068449410377e-10,7.003160934963516e+10,7.003160934963516e+10,-7.124087203227391e+00,7.514719886649646e-08,1.000000000000000e+00,0.000000000000000e+00,-1.000000048180376e+00,1.010215049667373e+00,-9.056683141762394e-01,7.591483123528172e-08,1.000000000000000e+03,1.000000000000000e+00,
1.363408404141586e-07,0.000000000000000e+00,-4.955305453073994e-08,1.119891499339995e+04,1.119891499339095e+04,1.621531054133876e+03,1.363408404141586e-07,0.000000000000000e+00,-1.000000000000000e+03,7.465943328927300e+03,4.244609681972163e-08,3.098818709518111e+05,3.724621511332092e-06,8.475169743745246e+08,0.000000000000000e+00,1.071408242895089e-09,8.642409655013541e+10,8.642409655013541e+10,-6.865374033308762e+00,1.363408404141586e-07,1.000000000000000e+00,0.000000000000000e+00,-3.634498245735765e-01,1.048660973501882e+00,-2.589977273047069e-01,8.135953949806320e-08,1.000000000000000e+03,1.000000000000000e+00,
1.572585808941017e-06,0.000000000000000e+00,4.186631682830075e-03,1.272341005547710e+05,1.272285276045548e+05,1.590410715867947e+03,1.572585808941017e-06,0.000000000000000e+00,-1.000000000000000e+03,8.481901840303655e+04,5.572950216141115e+00,3.068938467543291e+05,8.879460583013461e-03,8.291245094576231e+08,0.000000000000000e+00,5.216327939407198e-09,8.476544985810265e+10,8.476544985810266e+10,-5.803385647737807e+00,1.572585808941017e-06,1.000000000000000e+00,0.000000000000000e+00,2.662259610271672e+03,2.662259610271672e+03,2.568289765994723e+03,4.186631682830075e-03,1.000000000000000e+03,1.000000000000000e+00,
1.724752835231451e-05,0.000000000000000e+00,4.823863641554314e-02,1.378370297950082e+06,1.378302839993333e+06,1.517194472717666e+03,1.724752835231451e-05,0.000000000000000e+00,-1.000000000000000e+03,9.188685599955560e+05,6.745795674887817e+01,2.997465272192087e+05,9.479469441985657e-03,7.413862886137085e+08,0.000000000000000e+00,1.508121907950340e-06,8.086318252197821e+10,8.086318252197820e+10,-4.763273132466677e+00,1.724752835231451e-05,1.000000000000000e+00,0.000000000000000e+00,2.826008824110032e+03,2.826008824110032e+03,-2.101814014493162e+01,4.823863641554314e-02,1.000000000000000e+03,1.000000000000000e+00,
1.900047676657309e-04,0.000000000000000e+00,4.510329449003047e-01,1.518677538332765e+07,1.518624005276757e+07,1.499602597812545e+03,1.900047676657309e-04,0.000000000000000e+00,-1.000000000000000e+03,1.012416003517838e+07,5.353305600818666e+02,2.980036794226031e+05,9.375841016244953e-03,6.556569162649213e+08,0.000000000000000e+00,3.940984124227952e-06,7.992557365446863e+10,7.992557365446863e+10,-3.721235501442221e+00,1.900047676657309e-04,1.000000000000000e+00,0.000000000000000e+00,2.793773161919259e+03,2.793773161919259e+03,-1.990868754417274e+03,4.510329449003047e-01,1.000000000000000e+03,1.000000000000000e+00,
2.085945150427812e-03,0.000000000000000e+00,4.215342834104154e+00,1.674882161945854e+08,1.674839569466360e+08,1.506470911961156e+03,2.085945150427812e-03,0.000000000000000e+00,-1.000000000000000e+03,1.116559712977573e+08,4.259247949398125e+03,2.986853415610076e+05,7.940115429946269e-03,5.704107413664451e+08,0.000000000000000e+00,3.790022537979212e-06,8.029163993707419e+10,8.029163993707419e+10,-2.680697115458729e+00,2.085945150427812e-03,1.000000000000000e+00,0.000000000000000e+00,2.366201730317797e+03,2.366201730317797e+03,-1.918127991788406e+03,4.215342834104154e+00,1.000000000000000e+03,1.000000000000000e+00,
7.506086961400649e-08,0.000000000000000e+00,-7.506086955992753e-08,5.251465419339204e+03,5.251465419301674e+03,1.312675381797567e+03,7.506086961400649e-08,0.000000000000000e+00,-1.000000000000000e+03,3.500976946201116e+03,3.753043754782202e-08,2.788124768252670e+05,3.586640195952632e-06,8.430931836773956e+08,0.000000000000000e+00,5.143606318647187e-15,6.996275751009605e+10,6.996275751009605e+10,-7.124586408396469e+00,7.506086961400649e-08,1.000000000000000e+00,0.000000000000000e+00,-9.999999999990341e-01,1.000000036514614e+00,-9.496653802542354e-01,7.506087235482521e-08,1.000000000000000e+03,1.000000000000000e+00,
7.514719886649646e-08,0.000000000000000e+00,-7.506087324906534e-08,5.262679274776172e+03,5.262679274737827e+03,1.313967213594526e+03,7.514719886649646e-08,0.000000000000000e+00,-1.000000000000000e+03,3.508452849825218e+03,3.834515250342020e-08,2.789496357362246e+05,3.621496213827771e-06,8.431047668487900e+08,0.000000000000000e+00,5.649068449410377e-10,7.003160934963516e+10,7.003160934963516e+10,-7.124087203227391e+00,7.514719886649646e-08,1.000000000000000e+00,0.000000000000000e+00,-1.000000048180376e+00,1.010215049667373e+00,-9.056683141762394e-01,7.591483123528172e-08,1.000000000000000e+03,1.000000000000000e+00,
1.363408404141586e-07,0.000000000000000e+00,-4.955305453073994e-08,1.119891499339995e+04,1.119891499339095e+04,1.621531054133876e+03,1.363408404141586e-07,0.000000000000000e+00,-1.000000000000000e+03,7.465943328927300e+03,4.244609681972163e-08,3.098818709518111e+05,3.724621511332092e-06,8.475169743745246e+08,0.000000000000000e+00,1.071408242895089e-09,8.642409655013541e+10,8.642409655013541e+10,-6.865374033308762e+00,1.363408404141586e-07,1.000000000000000e+00,0.000000000000000e+00,-3.634498245735765e-01,1.048660973501882e+00,-2.589977273047069e-01,8.135953949806320e-08,1.000000000000000e+03,1.000000000000000e+00,
1.572585808941017e-06,0.000000000000000e+00,4.186631682830075e-03,1.272341005547710e+05,1.272285276045548e+05,1.590410715867947e+03,1.572585808941017e-06,0.000000000000000e+00,-1.000000000000000e+03,8.481901840303655e+04,5.572950216141115e+00,3.068938467543291e+05,8.879460583013461e-03,8.291245094576231e+08,0.000000000000000e+00,5.216327939407198e-09,8.476544985810265e+10,8.476544985810266e+10,-5.803385647737807e+00,1.572585808941017e-06,1.000000000000000e+00,0.000000000000000e+00,2.662259610271672e+03,2.662259610271672e+03,2.568289765994723e+03,4.186631682830075e-03,1.000000000000000e+03,1.000000000000000e+00,
1.724752835231451e-05,0.000000000000000e+00,4.823863641554314e-02,1.378370297950082e+06,1.378302839993333e+06,1.517194472717666e+03,1.724752835231451e-05,0.000000000000000e+00,-1.000000000000000e+03,9.188685599955560e+05,6.745795674887817e+01,2.997465272192087e+05,9.479469441985657e-03,7.413862886137085e+08,0.000000000000000e+00,1.508121907950340e-06,8.086318252197821e+10,8.086318252197820e+10,-4.763273132466677e+00,1.724752835231451e-05,1.000000000000000e+00,0.000000000000000e+00,2.826008824110032e+03,2.826008824110032e+03,-2.101814014493162e+01,4.823863641554314e-02,1.000000000000000e+03,1.000000000000000e+00,
1.900047676657309e-04,0.000000000000000e+00,4.510329449003047e-01,1.518677538332765e+07,1.518624005276757e+07,1.499602597812545e+03,1.900047676657309e-04,0.000000000000000e+00,-1.000000000000000e+03,1.012416003517838e+07,5.353305600818666e+02,2.980036794226031e+05,9.375841016244953e-03,6.556569162649213e+08,0.000000000000000e+00,3.940984124227952e-06,7.992557365446863e+10,7.992557365446863e+10,-3.721235501442221e+00,1.900047676657309e-04,1.000000000000000e+00,0.000000000000000e+00,2.793773161919259e+03,2.793773161919259e+03,-1.990868754417274e+03,4.510329449003047e-01,1.000000000000000e+03,1.000000000000000e+00,
2.085945150427812e-03,0.000000000000000e+00,4.215342834104154e+00,1.674882161945854e+08,1.674839569466360e+08,1.506470911961156e+03,2.085945150427812e-03,0.000000000000000e+00,-1.000000000000000e+03,1.116559712977573e+08,4.259247949398125e+03,2.986853415610076e+05,7.940115429946269e-03,5.704107413664451e+08,0.000000000000000e+00,3.790022537979212e-06,8.029163993707419e+10,8.029163993707419e+10,-2.680697115458729e+00,2.085945150427812e-03,1.000000000000000e+00,0.000000000000000e+00,2.366201730317797e+03,2.366201730317797e+03,-1.918127991788406e+03,4.215342834104154e+00,1.000000000000000e+03,1.000000000000000e+00,
7.506086961400649e-08,0.000000000000000e+00,-7.506086955992753e-08,5.251465419339204e+03,5.251465419301674e+03,1.312675381797567e+03,7.506086961400649e-08,0.000000000000000e+00,-1.000000000000000e+03,3.500976946201116e+03,3.753043754782202e-08,2.788124768252670e+05,3.586640195952632e-06,8.430931836773956e+08,0.000000000000000e+00,5.143606318647187e-15,6.996275751009605e+10,6.996275751009605e+10,-7.124586408396469e+00,7.506086961400649e-08,1.000000000000000e+00,0.000000000000000e+00,-9.999999999990341e-01,1.000000036514614e+00,-8.337123319239953e-01,7.506087235482521e-08,1.000000000000000e+03,1.000000000000000e+00,
7.514719886649646e-08,0.000000000000000e+00,-7.506087324906534e-08,5.262679274776172e+03,5.262679274737827e+03,1.313967213594526e+03,7.514719886649646e-08,0.000000000000000e+00,-1.000000000000000e+03,3.508452849825218e+03,3.834515250342020e-08,2.789496357362246e+05,3.621496213827771e-06,8.431047668487900e+08,0.000000000000000e+00,5.649068449410377e-10,7.003160934963516e+10,7.003160934963516e+10,-7.124087203227391e+00,7.514719886649646e-08,1.000000000000000e+00,0.000000000000000e+00,-1.000000048180376e+00,1.010215049667373e+00,-7.171147921647505e-01,7.591483123528172e-08,1.000000000000000e+03,1.000000000000000e+00,
1.363408404141586e-07,0.000000000000000e+00,-4.955305453073994e-08,1.119891499339995e+04,1.119891499339095e+04,1.621531054133876e+03,1.363408404141586e-07,0.000000000000000e+00,-1.000000000000000e+03,7.465943328927300e+03,4.244609681972163e-08,3.098818709518111e+05,3.724621511332092e-06,8.475169743745246e+08,0.000000000000000e+00,1.071408242895089e-09,8.642409655013541e+10,8.642409655013541e+10,-6.865374033308762e+00,1.363408404141586e-07,1.000000000000000e+00,0.000000000000000e+00,-3.634498245735765e-01,1.048660973501882e+00,-1.640640891262849e-01,8.135953949806320e-08,1.000000000000000e+03,1.000000000000000e+00,
1.572585808941017e-06,0.000000000000000e+00,4.186631682830075e-03,1.272341005547710e+05,1.272285276045548e+05,1.590410715867947e+03,1.572585808941017e-06,0.000000000000000e+00,-1.000000000000000e+03,8.481901840303655e+04,5.572950216141115e+00,3.068938467543291e+05,8.879460583013461e-03,8.291245094576231e+08,0.000000000000000e+00,5.216327939407198e-09,8.476544985810265e+10,8.476544985810266e+10,-5.803385647737807e+00,1.572585808941017e-06,1.000000000000000e+00,0.000000000000000e+00,2.662259610271672e+03,2.662259610271672e+03,6.747829887299129e+02,4.186631682830075e-03,1.000000000000000e+03,1.000000000000000e+00,
1.724752835231451e-05,0.000000000000000e+00,4.823863641554314e-02,1.378370297950082e+06,1.378302839993333e+06,1.517194472717666e+03,1.724752835231451e-05,0.000000000000000e+00,-1.000000000000000e+03,9.188685599955560e+05,6.745795674887817e+01,2.997465272192087e+05,9.479469441985657e-03,7.413862886137085e+08,0.000000000000000e+00,1.508121907950340e-06,8.086318252197821e+10,8.086318252197820e+10,-4.763273132466677e+00,1.724752835231451e-05,1.000000000000000e+00,0.000000000000000e+00,2.826008824110032e+03,2.826008824110032e+03,-1.046810203959074e+01,4.823863641554314e-02,1.000000000000000e+03,1.000000000000000e+00,
1.900047676657309e-04,0.000000000000000e+00,4.510329449003047e-01,1.518677538332765e+07,1.518624005276757e+07,1.499602597812545e+03,1.900047676657309e-04,0.000000000000000e+00,-1.000000000000000e+03,1.012416003517838e+07,5.353305600818666e+02,2.980036794226031e+05,9.375841016244953e-03,6.556569162649213e+08,0.000000000000000e+00,3.940984124227952e-06,7.992557365446863e+10,7.992557365446863e+10,-3.721235501442221e+00,1.900047676657309e-04,1.000000000000000e+00,0.000000000000000e+00,2.793773161919259e+03,2.793773161919259e+03,-1.261131022895719e+03,4.510329449003047e-01,1.000000000000000e+03,1.000000000000000e+00,
2.085945150427812e-03,0.000000000000000e+00,4.215342834104154e+00,1.674882161945854e+08,1.674839569466360e+08,1.506470911961156e+03,2.085945150427812e-03,0.000000000000000e+00,-1.000000000000000e+03,1.116559712977573e+08,4.259247949398125e+03,2.986853415610076e+05,7.940115429946269e-03,5.704107413664451e+08,0.000000000000000e+00,3.790022537979212e-06,8.029163993707419e+10,8.029163993707419e+10,-2.680697115458729e+00,2.085945150427812e-03,1.000000000000000e+00,0.000000000000000e+00,2.366201730317797e+03,2.366201730317797e+03,-1.676511099297641e+03,4.215342834104154e+00,1.000000000000000e+03,1.000000000000000e+00,
7.506086961400649e-08,0.000000000000000e+00,-7.506086955992753e-08,5.251465419339204e+03,5.251465419301674e+03,1.312675381797567e+03,7.506086961400649e-08,0.000000000000000e+00,-1.000000000000000e+03,3.500976946201116e+03,3.753043754782202e-08,2.788124768252670e+05,3.586640195952632e-06,8.430931836773956e+08,0.000000000000000e+00,5.143606318647187e-15,6.996275751009605e+10,6.996275751009605e+10,-7.124586408396469e+00,7.506086961400649e-08,1.000000000000000e+00,0.000000000000000e+00,-9.999999999990341e-01,1.000000036514614e+00,-7.089458270636375e-01,7.506087235482521e-08,1.000000000000000e+03,1.000000000000000e+00,
7.514719886649646e-08,0.000000000000000e+00,-7.506087324906534e-08,5.262679274776172e+03,5.262679274737827e+03,1.313967213594526e+03,7.514719886649646e-08,0.000000000000000e+00,-1.000000000000000e+03,3.508452849825218e+03,3.834515250342020e-08,2.789496357362246e+05,3.621496213827771e-06,8.431047668487900e+08,0.000000000000000e+00,5.649068449410377e-10,7.003160934963516e+10,7.003160934963516e+10,-7.124087203227391e+00,7.514719886649646e-08,1.000000000000000e+00,0.000000000000000e+00,-1.000000048180376e+00,1.010215049667373e+00,-5.628911511417756e-01,7.591483123528172e-08,1.000000000000000e+03,1.000000000000000e+00,
1.363408404141586e-07,0.000000000000000e+00,-4.955305453073994e-08,1.119891499339995e+04,1.119891499339095e+04,1.621531054133876e+03,1.363408404141586e-07,0.000000000000000e+00,-1.000000000000000e+03,7.465943328927300e+03,4.244609681972163e-08,3.098818709518111e+05,3.724621511332092e-06,8.475169743745246e+08,0.000000000000000e+00,1.071408242895089e-09,8.642409655013541e+10,8.642409655013541e+10,-6.865374033308762e+00,1.363408404141586e-07,1.000000000000000e+00,0.000000000000000e+00,-3.634498245735765e-01,1.048660973501882e+00,-1.160115402530990e-01,8.135953949806320e-08,1.000000000000000e+03,1.000000000000000e+00,
1.572585808941017e-06,0.000000000000000e+00,4.186631682830075e-03,1.272341005547710e+05,1.272285276045548e+05,1.590410715867947e+03,1.572585808941017e-06,0.000000000000000e+00,-1.000000000000000e+03,8.481901840303655e+04,5.572950216141115e+00,3.068938467543291e+05,8.879460583013461e-03,8.291245094576231e+08,0.000000000000000e+00,5.216327939407198e-09,8.476544985810265e+10,8.476544985810266e+10,-5.803385647737807e+00,1.572585808941017e-06,1.000000000000000e+00,0.000000000000000e+00,2.662259610271672e+03,2.662259610271672e+03,3.619530308064243e+02,4.186631682830075e-03,1.000000000000000e+03,1.000000000000000e+00,
1.724752835231451e-05,0.000000000000000e+00,4.823863641554314e-02,1.378370297950082e+06,1.378302839993333e+06,1.517194472717666e+03,1.724752835231451e-05,0.000000000000000e+00,-1.000000000000000e+03,9.188685599955560e+05,6.745795674887817e+01,2.997465272192087e+05,9.479469441985657e-03,7.413862886137085e+08,0.000000000000000e+00,1.508121907950340e-06,8.086318252197821e+10,8.086318252197820e+10,-4.763273132466677e+00,1.724752835231451e-05,1.000000000000000e+00,0.000000000000000e+00,2.826008824110032e+03,2.826008824110032e+03,-6.969653908505512e+00,4.823863641554314e-02,1.000000000000000e+03,1.000000000000000e+00,
1.900047676657309e-04,0.000000000000000e+00,4.510329449003047e-01,1.518677538332765e+07,1.518624005276757e+07,1.499602597812545e+03,1.900047676657309e-04,0.000000000000000e+00,-1.000000000000000e+03,1.012416003517838e+07,5.353305600818666e+02,2.980036794226031e+05,9.375841016244953e-03,6.556569162649213e+08,0.000000000000000e+00,3.940984124227952e-06,7.992557365446863e+10,7.992557365446863e+10,-3.721235501442221e+00,1.900047676657309e-04,1.000000000000000e+00,0.000000000000000e+00,2.793773161919259e+03,2.793773161919259e+03,-8.917597580691943e+02,4.510329449003047e-01,1.000000000000000e+03,1.000000000000000e+00,
2.085945150427812e-03,0.000000000000000e+00,4.215342834104154e+00,1.674882161945854e+08,1.674839569466360e+08,1.506470911961156e+03,2.085945150427812e-03,0.000000000000000e+00,-1.000000000000000e+03,1.116559712977573e+08,4.259247949398125e+03,2.986853415610076e+05,7.940115429946269e-03,5.704107413664451e+08,0.000000000000000e+00,3.790022537979212e-06,8.029163993707419e+10,8.029163993707419e+10,-2.680697115458729e+00,2.085945150427812e-03,1.000000000000000e+00,0.000000000000000e+00,2.366201730317797e+03,2.366201730317797e+03,-1.318446024191380e+03,4.215342834104154e+00,1.000000000000000e+03,1.000000000000000e+00,

