1
0
7
0
(64 0
((0,0) (63,63) (0,0))
((448,0) (511,63) (0,0))
((384,0) (447,63) (0,0))
((320,0) (383,63) (0,0))
((256,0) (319,63) (0,0))
((192,0) (255,63) (0,0))
((128,0) (191,63) (0,0))
((64,0) (127,63) (0,0))
((0,448) (63,511) (0,0))
((0,384) (63,447) (0,0))
((0,320) (63,383) (0,0))
((0,256) (63,319) (0,0))
((0,192) (63,255) (0,0))
((0,128) (63,191) (0,0))
((0,64) (63,127) (0,0))
((448,448) (511,511) (0,0))
((448,384) (511,447) (0,0))
((448,320) (511,383) (0,0))
((448,256) (511,319) (0,0))
((448,192) (511,255) (0,0))
((448,128) (511,191) (0,0))
((448,64) (511,127) (0,0))
((384,448) (447,511) (0,0))
((384,384) (447,447) (0,0))
((384,320) (447,383) (0,0))
((384,256) (447,319) (0,0))
((384,192) (447,255) (0,0))
((384,128) (447,191) (0,0))
((384,64) (447,127) (0,0))
((320,448) (383,511) (0,0))
((320,384) (383,447) (0,0))
((320,320) (383,383) (0,0))
((320,256) (383,319) (0,0))
((320,192) (383,255) (0,0))
((320,128) (383,191) (0,0))
((320,64) (383,127) (0,0))
((256,448) (319,511) (0,0))
((256,384) (319,447) (0,0))
((256,320) (319,383) (0,0))
((256,256) (319,319) (0,0))
((256,192) (319,255) (0,0))
((256,128) (319,191) (0,0))
((256,64) (319,127) (0,0))
((192,448) (255,511) (0,0))
((192,384) (255,447) (0,0))
((192,320) (255,383) (0,0))
((192,256) (255,319) (0,0))
((192,192) (255,255) (0,0))
((192,128) (255,191) (0,0))
((192,64) (255,127) (0,0))
((128,448) (191,511) (0,0))
((128,384) (191,447) (0,0))
((128,320) (191,383) (0,0))
((128,256) (191,319) (0,0))
((128,192) (191,255) (0,0))
((128,128) (191,191) (0,0))
((128,64) (191,127) (0,0))
((64,448) (127,511) (0,0))
((64,384) (127,447) (0,0))
((64,320) (127,383) (0,0))
((64,256) (127,319) (0,0))
((64,192) (127,255) (0,0))
((64,128) (127,191) (0,0))
((64,64) (127,127) (0,0))
)
64
FabOnDisk: SD_0_New_MF_D_0000 0
FabOnDisk: SD_0_New_MF_D_0000 229458
FabOnDisk: SD_0_New_MF_D_0000 458919
FabOnDisk: SD_0_New_MF_D_0000 688380
FabOnDisk: SD_0_New_MF_D_0000 917841
FabOnDisk: SD_0_New_MF_D_0000 1147302
FabOnDisk: SD_0_New_MF_D_0000 1376763
FabOnDisk: SD_0_New_MF_D_0000 1606224
FabOnDisk: SD_0_New_MF_D_0000 1835684
FabOnDisk: SD_0_New_MF_D_0000 2065145
FabOnDisk: SD_0_New_MF_D_0000 2294606
FabOnDisk: SD_0_New_MF_D_0000 2524067
FabOnDisk: SD_0_New_MF_D_0000 2753528
FabOnDisk: SD_0_New_MF_D_0000 2982989
FabOnDisk: SD_0_New_MF_D_0000 3212450
FabOnDisk: SD_0_New_MF_D_0000 3441910
FabOnDisk: SD_0_New_MF_D_0000 3671374
FabOnDisk: SD_0_New_MF_D_0000 3900838
FabOnDisk: SD_0_New_MF_D_0000 4130302
FabOnDisk: SD_0_New_MF_D_0000 4359766
FabOnDisk: SD_0_New_MF_D_0000 4589230
FabOnDisk: SD_0_New_MF_D_0000 4818694
FabOnDisk: SD_0_New_MF_D_0000 5048157
FabOnDisk: SD_0_New_MF_D_0000 5277621
FabOnDisk: SD_0_New_MF_D_0000 5507085
FabOnDisk: SD_0_New_MF_D_0000 5736549
FabOnDisk: SD_0_New_MF_D_0000 5966013
FabOnDisk: SD_0_New_MF_D_0000 6195477
FabOnDisk: SD_0_New_MF_D_0000 6424941
FabOnDisk: SD_0_New_MF_D_0000 6654404
FabOnDisk: SD_0_New_MF_D_0000 6883868
FabOnDisk: SD_0_New_MF_D_0000 7113332
FabOnDisk: SD_0_New_MF_D_0000 7342796
FabOnDisk: SD_0_New_MF_D_0000 7572260
FabOnDisk: SD_0_New_MF_D_0000 7801724
FabOnDisk: SD_0_New_MF_D_0000 8031188
FabOnDisk: SD_0_New_MF_D_0000 8260651
FabOnDisk: SD_0_New_MF_D_0000 8490115
FabOnDisk: SD_0_New_MF_D_0000 8719579
FabOnDisk: SD_0_New_MF_D_0000 8949043
FabOnDisk: SD_0_New_MF_D_0000 9178507
FabOnDisk: SD_0_New_MF_D_0000 9407971
FabOnDisk: SD_0_New_MF_D_0000 9637435
FabOnDisk: SD_0_New_MF_D_0000 9866898
FabOnDisk: SD_0_New_MF_D_0000 10096362
FabOnDisk: SD_0_New_MF_D_0000 10325826
FabOnDisk: SD_0_New_MF_D_0000 10555290
FabOnDisk: SD_0_New_MF_D_0000 10784754
FabOnDisk: SD_0_New_MF_D_0000 11014218
FabOnDisk: SD_0_New_MF_D_0000 11243682
FabOnDisk: SD_0_New_MF_D_0000 11473145
FabOnDisk: SD_0_New_MF_D_0000 11702609
FabOnDisk: SD_0_New_MF_D_0000 11932073
FabOnDisk: SD_0_New_MF_D_0000 12161537
FabOnDisk: SD_0_New_MF_D_0000 12391001
FabOnDisk: SD_0_New_MF_D_0000 12620465
FabOnDisk: SD_0_New_MF_D_0000 12849929
FabOnDisk: SD_0_New_MF_D_0000 13079392
FabOnDisk: SD_0_New_MF_D_0000 13308855
FabOnDisk: SD_0_New_MF_D_0000 13538318
FabOnDisk: SD_0_New_MF_D_0000 13767781
FabOnDisk: SD_0_New_MF_D_0000 13997244
FabOnDisk: SD_0_New_MF_D_0000 14226707
FabOnDisk: SD_0_New_MF_D_0000 14456170

64,7
1.976724739897796e-03,0.000000000000000e+00,0.000000000000000e+00,1.586183398291604e+08,1.586183398291604e+08,1.505558462592468e+03,1.976724739897796e-03,
1.976724739897796e-03,0.000000000000000e+00,0.000000000000000e+00,1.586183398291604e+08,1.586183398291604e+08,1.505558462592468e+03,1.976724739897796e-03,
1.976724739897796e-03,0.000000000000000e+00,0.000000000000000e+00,1.586183398291604e+08,1.586183398291604e+08,1.505558462592468e+03,1.976724739897796e-03,
1.976724739897796e-03,0.000000000000000e+00,0.000000000000000e+00,1.586183398291604e+08,1.586183398291604e+08,1.505558462592468e+03,1.976724739897796e-03,
1.976724739897796e-03,0.000000000000000e+00,0.000000000000000e+00,1.586183398291604e+08,1.586183398291604e+08,1.505558462592468e+03,1.976724739897796e-03,
1.976724739897796e-03,0.000000000000000e+00,0.000000000000000e+00,1.586183398291604e+08,1.586183398291604e+08,1.505558462592468e+03,1.976724739897796e-03,
1.976724739897796e-03,0.000000000000000e+00,0.000000000000000e+00,1.586183398291604e+08,1.586183398291604e+08,1.505558462592468e+03,1.976724739897796e-03,
1.976724739897796e-03,0.000000000000000e+00,0.000000000000000e+00,1.586183398291604e+08,1.586183398291604e+08,1.505558462592468e+03,1.976724739897796e-03,
7.506086956000001e-08,0.000000000000000e+00,0.000000000000000e+00,6.000872898597271e+03,6.000872898597271e+03,1.500000000000000e+03,7.506086956000001e-08,
7.506086956000001e-08,0.000000000000000e+00,0.000000000000000e+00,6.000872898597271e+03,6.000872898597271e+03,1.500000000000000e+03,7.506086956000001e-08,
7.506086956000001e-08,0.000000000000000e+00,0.000000000000000e+00,6.000872898597271e+03,6.000872898597271e+03,1.500000000000000e+03,7.506086956000001e-08,
1.357676283451903e-07,0.000000000000000e+00,0.000000000000000e+00,1.085418122943843e+04,1.085418122943843e+04,1.500000000000000e+03,1.357676283451903e-07,
1.475553688577455e-06,0.000000000000000e+00,0.000000000000000e+00,1.179657284790840e+05,1.179657284790840e+05,1.500000003000000e+03,1.475553688577455e-06,
1.629499732931648e-05,0.000000000000000e+00,0.000000000000000e+00,1.302732475891129e+06,1.302732475891129e+06,1.500000377180992e+03,1.629499732931648e-05,
1.799644870412606e-04,0.000000000000000e+00,0.000000000000000e+00,1.438801773636930e+07,1.438801773636930e+07,1.500045987857228e+03,1.799644870412606e-04,
7.506086956000001e-08,0.000000000000000e+00,0.000000000000000e+00,6.000872898597271e+03,6.000872898597271e+03,1.500000000000000e+03,7.506086956000001e-08,
7.506086956000001e-08,0.000000000000000e+00,0.000000000000000e+00,6.000872898597271e+03,6.000872898597271e+03,1.500000000000000e+03,7.506086956000001e-08,
7.506086956000001e-08,0.000000000000000e+00,0.000000000000000e+00,6.000872898597271e+03,6.000872898597271e+03,1.500000000000000e+03,7.506086956000001e-08,
1.357676283451903e-07,0.000000000000000e+00,0.000000000000000e+00,1.085418122943843e+04,1.085418122943843e+04,1.500000000000000e+03,1.357676283451903e-07,
1.475553688577455e-06,0.000000000000000e+00,0.000000000000000e+00,1.179657284790840e+05,1.179657284790840e+05,1.500000003000000e+03,1.475553688577455e-06,
1.629499732931648e-05,0.000000000000000e+00,0.000000000000000e+00,1.302732475891129e+06,1.302732475891129e+06,1.500000377180992e+03,1.629499732931648e-05,
1.799644870412606e-04,0.000000000000000e+00,0.000000000000000e+00,1.438801773636930e+07,1.438801773636930e+07,1.500045987857228e+03,1.799644870412606e-04,
7.506086956000001e-08,0.000000000000000e+00,0.000000000000000e+00,6.000872898597271e+03,6.000872898597271e+03,1.500000000000000e+03,7.506086956000001e-08,
7.506086956000001e-08,0.000000000000000e+00,0.000000000000000e+00,6.000872898597271e+03,6.000872898597271e+03,1.500000000000000e+03,7.506086956000001e-08,
7.506086956000001e-08,0.000000000000000e+00,0.000000000000000e+00,6.000872898597271e+03,6.000872898597271e+03,1.500000000000000e+03,7.506086956000001e-08,
1.357676283451903e-07,0.000000000000000e+00,0.000000000000000e+00,1.085418122943843e+04,1.085418122943843e+04,1.500000000000000e+03,1.357676283451903e-07,
1.475553688577455e-06,0.000000000000000e+00,0.000000000000000e+00,1.179657284790840e+05,1.179657284790840e+05,1.500000003000000e+03,1.475553688577455e-06,
1.629499732931648e-05,0.000000000000000e+00,0.000000000000000e+00,1.302732475891129e+06,1.302732475891129e+06,1.500000377180992e+03,1.629499732931648e-05,
1.799644870412606e-04,0.000000000000000e+00,0.000000000000000e+00,1.438801773636930e+07,1.438801773636930e+07,1.500045987857228e+03,1.799644870412606e-04,
7.506086956000001e-08,0.000000000000000e+00,0.000000000000000e+00,6.000872898597271e+03,6.000872898597271e+03,1.500000000000000e+03,7.506086956000001e-08,
7.506086956000001e-08,0.000000000000000e+00,0.000000000000000e+00,6.000872898597271e+03,6.000872898597271e+03,1.500000000000000e+03,7.506086956000001e-08,
7.506086956000001e-08,0.000000000000000e+00,0.000000000000000e+00,6.000872898597271e+03,6.000872898597271e+03,1.500000000000000e+03,7.506086956000001e-08,
1.357676283451903e-07,0.000000000000000e+00,0.000000000000000e+00,1.085418122943843e+04,1.085418122943843e+04,1.500000000000000e+03,1.357676283451903e-07,
1.475553688577455e-06,0.000000000000000e+00,0.000000000000000e+00,1.179657284790840e+05,1.179657284790840e+05,1.500000003000000e+03,1.475553688577455e-06,
1.629499732931648e-05,0.000000000000000e+00,0.000000000000000e+00,1.302732475891129e+06,1.302732475891129e+06,1.500000377180992e+03,1.629499732931648e-05,
1.799644870412606e-04,0.000000000000000e+00,0.000000000000000e+00,1.438801773636930e+07,1.438801773636930e+07,1.500045987857228e+03,1.799644870412606e-04,
7.506086956000001e-08,0.000000000000000e+00,0.000000000000000e+00,6.000872898597271e+03,6.000872898597271e+03,1.500000000000000e+03,7.506086956000001e-08,
7.506086956000001e-08,0.000000000000000e+00,0.000000000000000e+00,6.000872898597271e+03,6.000872898597271e+03,1.500000000000000e+03,7.506086956000001e-08,
7.506086956000001e-08,0.000000000000000e+00,0.000000000000000e+00,6.000872898597271e+03,6.000872898597271e+03,1.500000000000000e+03,7.506086956000001e-08,
1.357676283451903e-07,0.000000000000000e+00,0.000000000000000e+00,1.085418122943843e+04,1.085418122943843e+04,1.500000000000000e+03,1.357676283451903e-07,
1.475553688577455e-06,0.000000000000000e+00,0.000000000000000e+00,1.179657284790840e+05,1.179657284790840e+05,1.500000003000000e+03,1.475553688577455e-06,
1.629499732931648e-05,0.000000000000000e+00,0.000000000000000e+00,1.302732475891129e+06,1.302732475891129e+06,1.500000377180992e+03,1.629499732931648e-05,
1.799644870412606e-04,0.000000000000000e+00,0.000000000000000e+00,1.438801773636930e+07,1.438801773636930e+07,1.500045987857228e+03,1.799644870412606e-04,
7.506086956000001e-08,0.000000000000000e+00,0.000000000000000e+00,6.000872898597271e+03,6.000872898597271e+03,1.500000000000000e+03,7.506086956000001e-08,
7.506086956000001e-08,0.000000000000000e+00,0.000000000000000e+00,6.000872898597271e+03,6.000872898597271e+03,1.500000000000000e+03,7.506086956000001e-08,
7.506086956000001e-08,0.000000000000000e+00,0.000000000000000e+00,6.000872898597271e+03,6.000872898597271e+03,1.500000000000000e+03,7.506086956000001e-08,
1.357676283451903e-07,0.000000000000000e+00,0.000000000000000e+00,1.085418122943843e+04,1.085418122943843e+04,1.500000000000000e+03,1.357676283451903e-07,
1.475553688577455e-06,0.000000000000000e+00,0.000000000000000e+00,1.179657284790840e+05,1.179657284790840e+05,1.500000003000000e+03,1.475553688577455e-06,
1.629499732931648e-05,0.000000000000000e+00,0.000000000000000e+00,1.302732475891129e+06,1.302732475891129e+06,1.500000377180992e+03,1.629499732931648e-05,
1.799644870412606e-04,0.000000000000000e+00,0.000000000000000e+00,1.438801773636930e+07,1.438801773636930e+07,1.500045987857228e+03,1.799644870412606e-04,
7.506086956000001e-08,0.000000000000000e+00,0.000000000000000e+00,6.000872898597271e+03,6.000872898597271e+03,1.500000000000000e+03,7.506086956000001e-08,
7.506086956000001e-08,0.000000000000000e+00,0.000000000000000e+00,6.000872898597271e+03,6.000872898597271e+03,1.500000000000000e+03,7.506086956000001e-08,
7.506086956000001e-08,0.000000000000000e+00,0.000000000000000e+00,6.000872898597271e+03,6.000872898597271e+03,1.500000000000000e+03,7.506086956000001e-08,
1.357676283451903e-07,0.000000000000000e+00,0.000000000000000e+00,1.085418122943843e+04,1.085418122943843e+04,1.500000000000000e+03,1.357676283451903e-07,
1.475553688577455e-06,0.000000000000000e+00,0.000000000000000e+00,1.179657284790840e+05,1.179657284790840e+05,1.500000003000000e+03,1.475553688577455e-06,
1.629499732931648e-05,0.000000000000000e+00,0.000000000000000e+00,1.302732475891129e+06,1.302732475891129e+06,1.500000377180992e+03,1.629499732931648e-05,
1.799644870412606e-04,0.000000000000000e+00,0.000000000000000e+00,1.438801773636930e+07,1.438801773636930e+07,1.500045987857228e+03,1.799644870412606e-04,
7.506086956000001e-08,0.000000000000000e+00,0.000000000000000e+00,6.000872898597271e+03,6.000872898597271e+03,1.500000000000000e+03,7.506086956000001e-08,
7.506086956000001e-08,0.000000000000000e+00,0.000000000000000e+00,6.000872898597271e+03,6.000872898597271e+03,1.500000000000000e+03,7.506086956000001e-08,
7.506086956000001e-08,0.000000000000000e+00,0.000000000000000e+00,6.000872898597271e+03,6.000872898597271e+03,1.500000000000000e+03,7.506086956000001e-08,
1.357676283451903e-07,0.000000000000000e+00,0.000000000000000e+00,1.085418122943843e+04,1.085418122943843e+04,1.500000000000000e+03,1.357676283451903e-07,
1.475553688577455e-06,0.000000000000000e+00,0.000000000000000e+00,1.179657284790840e+05,1.179657284790840e+05,1.500000003000000e+03,1.475553688577455e-06,
1.629499732931648e-05,0.000000000000000e+00,0.000000000000000e+00,1.302732475891129e+06,1.302732475891129e+06,1.500000377180992e+03,1.629499732931648e-05,
1.799644870412606e-04,0.000000000000000e+00,0.000000000000000e+00,1.438801773636930e+07,1.438801773636930e+07,1.500045987857228e+03,1.799644870412606e-04,

64,7
1.501851282910017e-02,0.000000000000000e+00,0.000000000000000e+00,1.477563775473450e+09,1.477563775473450e+09,1.845906620380945e+03,1.501851282910017e-02,
1.501851282910017e-02,0.000000000000000e+00,0.000000000000000e+00,1.477563775473450e+09,1.477563775473450e+09,1.845906620380945e+03,1.501851282910017e-02,
1.501851282910017e-02,0.000000000000000e+00,0.000000000000000e+00,1.477563775473450e+09,1.477563775473450e+09,1.845906620380945e+03,1.501851282910017e-02,
1.501851282910017e-02,0.000000000000000e+00,0.000000000000000e+00,1.477563775473450e+09,1.477563775473450e+09,1.845906620380945e+03,1.501851282910017e-02,
1.501851282910017e-02,0.000000000000000e+00,0.000000000000000e+00,1.477563775473450e+09,1.477563775473450e+09,1.845906620380945e+03,1.501851282910017e-02,
1.501851282910017e-02,0.000000000000000e+00,0.000000000000000e+00,1.477563775473450e+09,1.477563775473450e+09,1.845906620380945e+03,1.501851282910017e-02,
1.501851282910017e-02,0.000000000000000e+00,0.000000000000000e+00,1.477563775473450e+09,1.477563775473450e+09,1.845906620380945e+03,1.501851282910017e-02,
1.501851282910017e-02,0.000000000000000e+00,0.000000000000000e+00,1.477563775473450e+09,1.477563775473450e+09,1.845906620380945e+03,1.501851282910017e-02,
7.506086956000001e-08,0.000000000000000e+00,0.000000000000000e+00,6.000872898597271e+03,6.000872898597271e+03,1.500000000000000e+03,7.506086956000001e-08,
7.506086956000001e-08,0.000000000000000e+00,0.000000000000000e+00,6.000872898597271e+03,6.000872898597271e+03,1.500000000000000e+03,7.506086956000001e-08,
1.309383705103957e-07,0.000000000000000e+00,0.000000000000000e+00,1.046809773971824e+04,1.046809773971824e+04,1.500000000000000e+03,1.309383705103957e-07,
1.421166876890032e-06,0.000000000000000e+00,0.000000000000000e+00,1.136176793975580e+05,1.136176793975580e+05,1.500000003000000e+03,1.421166876890032e-06,
1.569477444384605e-05,0.000000000000000e+00,0.000000000000000e+00,1.254746568997461e+06,1.254746568997461e+06,1.500000349376034e+03,1.569477444384605e-05,
1.733360903779412e-04,0.000000000000000e+00,0.000000000000000e+00,1.385805197271030e+07,1.385805197271030e+07,1.500042662895603e+03,1.733360903779412e-04,
1.904670734833715e-03,0.000000000000000e+00,0.000000000000000e+00,1.527960543034867e+08,1.527960543034867e+08,1.505159945495143e+03,1.904670734833715e-03,
7.506086956000001e-08,0.000000000000000e+00,0.000000000000000e+00,6.000872898597271e+03,6.000872898597271e+03,1.500000000000000e+03,7.506086956000001e-08,
7.506086956000001e-08,0.000000000000000e+00,0.000000000000000e+00,6.000872898597271e+03,6.000872898597271e+03,1.500000000000000e+03,7.506086956000001e-08,
1.309383705103957e-07,0.000000000000000e+00,0.000000000000000e+00,1.046809773971824e+04,1.046809773971824e+04,1.500000000000000e+03,1.309383705103957e-07,
1.421166876890032e-06,0.000000000000000e+00,0.000000000000000e+00,1.136176793975580e+05,1.136176793975580e+05,1.500000003000000e+03,1.421166876890032e-06,
1.569477444384605e-05,0.000000000000000e+00,0.000000000000000e+00,1.254746568997461e+06,1.254746568997461e+06,1.500000349376034e+03,1.569477444384605e-05,
1.733360903779412e-04,0.000000000000000e+00,0.000000000000000e+00,1.385805197271030e+07,1.385805197271030e+07,1.500042662895603e+03,1.733360903779412e-04,
1.904670734833715e-03,0.000000000000000e+00,0.000000000000000e+00,1.527960543034867e+08,1.527960543034867e+08,1.505159945495143e+03,1.904670734833715e-03,
7.506086956000001e-08,0.000000000000000e+00,0.000000000000000e+00,6.000872898597271e+03,6.000872898597271e+03,1.500000000000000e+03,7.506086956000001e-08,
7.506086956000001e-08,0.000000000000000e+00,0.000000000000000e+00,6.000872898597271e+03,6.000872898597271e+03,1.500000000000000e+03,7.506086956000001e-08,
1.309383705103957e-07,0.000000000000000e+00,0.000000000000000e+00,1.046809773971824e+04,1.046809773971824e+04,1.500000000000000e+03,1.309383705103957e-07,
1.421166876890032e-06,0.000000000000000e+00,0.000000000000000e+00,1.136176793975580e+05,1.136176793975580e+05,1.500000003000000e+03,1.421166876890032e-06,
1.569477444384605e-05,0.000000000000000e+00,0.000000000000000e+00,1.254746568997461e+06,1.254746568997461e+06,1.500000349376034e+03,1.569477444384605e-05,
1.733360903779412e-04,0.000000000000000e+00,0.000000000000000e+00,1.385805197271030e+07,1.385805197271030e+07,1.500042662895603e+03,1.733360903779412e-04,
1.904670734833715e-03,0.000000000000000e+00,0.000000000000000e+00,1.527960543034867e+08,1.527960543034867e+08,1.505159945495143e+03,1.904670734833715e-03,
7.506086956000001e-08,0.000000000000000e+00,0.000000000000000e+00,6.000872898597271e+03,6.000872898597271e+03,1.500000000000000e+03,7.506086956000001e-08,
7.506086956000001e-08,0.000000000000000e+00,0.000000000000000e+00,6.000872898597271e+03,6.000872898597271e+03,1.500000000000000e+03,7.506086956000001e-08,
1.309383705103957e-07,0.000000000000000e+00,0.000000000000000e+00,1.046809773971824e+04,1.046809773971824e+04,1.500000000000000e+03,1.309383705103957e-07,
1.421166876890032e-06,0.000000000000000e+00,0.000000000000000e+00,1.136176793975580e+05,1.136176793975580e+05,1.500000003000000e+03,1.421166876890032e-06,
1.569477444384605e-05,0.000000000000000e+00,0.000000000000000e+00,1.254746568997461e+06,1.254746568997461e+06,1.500000349376034e+03,1.569477444384605e-05,
1.733360903779412e-04,0.000000000000000e+00,0.000000000000000e+00,1.385805197271030e+07,1.385805197271030e+07,1.500042662895603e+03,1.733360903779412e-04,
1.904670734833715e-03,0.000000000000000e+00,0.000000000000000e+00,1.527960543034867e+08,1.527960543034867e+08,1.505159945495143e+03,1.904670734833715e-03,
7.506086956000001e-08,0.000000000000000e+00,0.000000000000000e+00,6.000872898597271e+03,6.000872898597271e+03,1.500000000000000e+03,7.506086956000001e-08,
7.506086956000001e-08,0.000000000000000e+00,0.000000000000000e+00,6.000872898597271e+03,6.000872898597271e+03,1.500000000000000e+03,7.506086956000001e-08,
1.309383705103957e-07,0.000000000000000e+00,0.000000000000000e+00,1.046809773971824e+04,1.046809773971824e+04,1.500000000000000e+03,1.309383705103957e-07,
1.421166876890032e-06,0.000000000000000e+00,0.000000000000000e+00,1.136176793975580e+05,1.136176793975580e+05,1.500000003000000e+03,1.421166876890032e-06,
1.569477444384605e-05,0.000000000000000e+00,0.000000000000000e+00,1.254746568997461e+06,1.254746568997461e+06,1.500000349376034e+03,1.569477444384605e-05,
1.733360903779412e-04,0.000000000000000e+00,0.000000000000000e+00,1.385805197271030e+07,1.385805197271030e+07,1.500042662895603e+03,1.733360903779412e-04,
1.904670734833715e-03,0.000000000000000e+00,0.000000000000000e+00,1.527960543034867e+08,1.527960543034867e+08,1.505159945495143e+03,1.904670734833715e-03,
7.506086956000001e-08,0.000000000000000e+00,0.000000000000000e+00,6.000872898597271e+03,6.000872898597271e+03,1.500000000000000e+03,7.506086956000001e-08,
7.506086956000001e-08,0.000000000000000e+00,0.000000000000000e+00,6.000872898597271e+03,6.000872898597271e+03,1.500000000000000e+03,7.506086956000001e-08,
1.309383705103957e-07,0.000000000000000e+00,0.000000000000000e+00,1.046809773971824e+04,1.046809773971824e+04,1.500000000000000e+03,1.309383705103957e-07,
1.421166876890032e-06,0.000000000000000e+00,0.000000000000000e+00,1.136176793975580e+05,1.136176793975580e+05,1.500000003000000e+03,1.421166876890032e-06,
1.569477444384605e-05,0.000000000000000e+00,0.000000000000000e+00,1.254746568997461e+06,1.254746568997461e+06,1.500000349376034e+03,1.569477444384605e-05,
1.733360903779412e-04,0.000000000000000e+00,0.000000000000000e+00,1.385805197271030e+07,1.385805197271030e+07,1.500042662895603e+03,1.733360903779412e-04,
1.904670734833715e-03,0.000000000000000e+00,0.000000000000000e+00,1.527960543034867e+08,1.527960543034867e+08,1.505159945495143e+03,1.904670734833715e-03,
7.506086956000001e-08,0.000000000000000e+00,0.000000000000000e+00,6.000872898597271e+03,6.000872898597271e+03,1.500000000000000e+03,7.506086956000001e-08,
7.506086956000001e-08,0.000000000000000e+00,0.000000000000000e+00,6.000872898597271e+03,6.000872898597271e+03,1.500000000000000e+03,7.506086956000001e-08,
1.309383705103957e-07,0.000000000000000e+00,0.000000000000000e+00,1.046809773971824e+04,1.046809773971824e+04,1.500000000000000e+03,1.309383705103957e-07,
1.421166876890032e-06,0.000000000000000e+00,0.000000000000000e+00,1.136176793975580e+05,1.136176793975580e+05,1.500000003000000e+03,1.421166876890032e-06,
1.569477444384605e-05,0.000000000000000e+00,0.000000000000000e+00,1.254746568997461e+06,1.254746568997461e+06,1.500000349376034e+03,1.569477444384605e-05,
1.733360903779412e-04,0.000000000000000e+00,0.000000000000000e+00,1.385805197271030e+07,1.385805197271030e+07,1.500042662895603e+03,1.733360903779412e-04,
1.904670734833715e-03,0.000000000000000e+00,0.000000000000000e+00,1.527960543034867e+08,1.527960543034867e+08,1.505159945495143e+03,1.904670734833715e-03,
7.506086956000001e-08,0.000000000000000e+00,0.000000000000000e+00,6.000872898597271e+03,6.000872898597271e+03,1.500000000000000e+03,7.506086956000001e-08,
7.506086956000001e-08,0.000000000000000e+00,0.000000000000000e+00,6.000872898597271e+03,6.000872898597271e+03,1.500000000000000e+03,7.506086956000001e-08,
1.309383705103957e-07,0.000000000000000e+00,0.000000000000000e+00,1.046809773971824e+04,1.046809773971824e+04,1.500000000000000e+03,1.309383705103957e-07,
1.421166876890032e-06,0.000000000000000e+00,0.000000000000000e+00,1.136176793975580e+05,1.136176793975580e+05,1.500000003000000e+03,1.421166876890032e-06,
1.569477444384605e-05,0.000000000000000e+00,0.000000000000000e+00,1.254746568997461e+06,1.254746568997461e+06,1.500000349376034e+03,1.569477444384605e-05,
1.733360903779412e-04,0.000000000000000e+00,0.000000000000000e+00,1.385805197271030e+07,1.385805197271030e+07,1.500042662895603e+03,1.733360903779412e-04,
1.904670734833715e-03,0.000000000000000e+00,0.000000000000000e+00,1.527960543034867e+08,1.527960543034867e+08,1.505159945495143e+03,1.904670734833715e-03,

