1
0
28
0
(64 0
((0,0) (63,63) (0,0))
((448,0) (511,63) (0,0))
((384,0) (447,63) (0,0))
((320,0) (383,63) (0,0))
((256,0) (319,63) (0,0))
((192,0) (255,63) (0,0))
((128,0) (191,63) (0,0))
((64,0) (127,63) (0,0))
((0,448) (63,511) (0,0))
((0,384) (63,447) (0,0))
((0,320) (63,383) (0,0))
((0,256) (63,319) (0,0))
((0,192) (63,255) (0,0))
((0,128) (63,191) (0,0))
((0,64) (63,127) (0,0))
((448,448) (511,511) (0,0))
((448,384) (511,447) (0,0))
((448,320) (511,383) (0,0))
((448,256) (511,319) (0,0))
((448,192) (511,255) (0,0))
((448,128) (511,191) (0,0))
((448,64) (511,127) (0,0))
((384,448) (447,511) (0,0))
((384,384) (447,447) (0,0))
((384,320) (447,383) (0,0))
((384,256) (447,319) (0,0))
((384,192) (447,255) (0,0))
((384,128) (447,191) (0,0))
((384,64) (447,127) (0,0))
((320,448) (383,511) (0,0))
((320,384) (383,447) (0,0))
((320,320) (383,383) (0,0))
((320,256) (383,319) (0,0))
((320,192) (383,255) (0,0))
((320,128) (383,191) (0,0))
((320,64) (383,127) (0,0))
((256,448) (319,511) (0,0))
((256,384) (319,447) (0,0))
((256,320) (319,383) (0,0))
((256,256) (319,319) (0,0))
((256,192) (319,255) (0,0))
((256,128) (319,191) (0,0))
((256,64) (319,127) (0,0))
((192,448) (255,511) (0,0))
((192,384) (255,447) (0,0))
((192,320) (255,383) (0,0))
((192,256) (255,319) (0,0))
((192,192) (255,255) (0,0))
((192,128) (255,191) (0,0))
((192,64) (255,127) (0,0))
((128,448) (191,511) (0,0))
((128,384) (191,447) (0,0))
((128,320) (191,383) (0,0))
((128,256) (191,319) (0,0))
((128,192) (191,255) (0,0))
((128,128) (191,191) (0,0))
((128,64) (191,127) (0,0))
((64,448) (127,511) (0,0))
((64,384) (127,447) (0,0))
((64,320) (127,383) (0,0))
((64,256) (127,319) (0,0))
((64,192) (127,255) (0,0))
((64,128) (127,191) (0,0))
((64,64) (127,127) (0,0))
)
64
FabOnDisk: Cell_D_0000 0
FabOnDisk: Cell_D_0001 0
FabOnDisk: Cell_D_0001 917590
FabOnDisk: Cell_D_0001 1835180
FabOnDisk: Cell_D_0001 2752770
FabOnDisk: Cell_D_0000 917587
FabOnDisk: Cell_D_0000 1835177
FabOnDisk: Cell_D_0000 2752767
FabOnDisk: Cell_D_0002 0
FabOnDisk: Cell_D_0002 917590
FabOnDisk: Cell_D_0002 1835180
FabOnDisk: Cell_D_0002 2752770
FabOnDisk: Cell_D_0000 3670356
FabOnDisk: Cell_D_0000 4587946
FabOnDisk: Cell_D_0000 5505536
FabOnDisk: Cell_D_0003 0
FabOnDisk: Cell_D_0003 917593
FabOnDisk: Cell_D_0003 1835186
FabOnDisk: Cell_D_0003 2752779
FabOnDisk: Cell_D_0001 3670360
FabOnDisk: Cell_D_0001 4587953
FabOnDisk: Cell_D_0001 5505546
FabOnDisk: Cell_D_0003 3670372
FabOnDisk: Cell_D_0003 4587965
FabOnDisk: Cell_D_0003 5505558
FabOnDisk: Cell_D_0003 6423151
FabOnDisk: Cell_D_0001 6423138
FabOnDisk: Cell_D_0001 7340731
FabOnDisk: Cell_D_0001 8258324
FabOnDisk: Cell_D_0003 7340744
FabOnDisk: Cell_D_0003 8258337
FabOnDisk: Cell_D_0003 9175930
FabOnDisk: Cell_D_0003 10093523
FabOnDisk: Cell_D_0001 9175916
FabOnDisk: Cell_D_0001 10093509
FabOnDisk: Cell_D_0001 11011102
FabOnDisk: Cell_D_0003 11011116
FabOnDisk: Cell_D_0003 11928709
FabOnDisk: Cell_D_0003 12846302
FabOnDisk: Cell_D_0003 13763895
FabOnDisk: Cell_D_0001 11928694
FabOnDisk: Cell_D_0001 12846287
FabOnDisk: Cell_D_0001 13763880
FabOnDisk: Cell_D_0002 3670360
FabOnDisk: Cell_D_0002 4587953
FabOnDisk: Cell_D_0002 5505546
FabOnDisk: Cell_D_0002 6423139
FabOnDisk: Cell_D_0000 6423125
FabOnDisk: Cell_D_0000 7340718
FabOnDisk: Cell_D_0000 8258311
FabOnDisk: Cell_D_0002 7340732
FabOnDisk: Cell_D_0002 8258325
FabOnDisk: Cell_D_0002 9175918
FabOnDisk: Cell_D_0002 10093511
FabOnDisk: Cell_D_0000 9175903
FabOnDisk: Cell_D_0000 10093496
FabOnDisk: Cell_D_0000 11011089
FabOnDisk: Cell_D_0002 11011104
FabOnDisk: Cell_D_0002 11928696
FabOnDisk: Cell_D_0002 12846288
FabOnDisk: Cell_D_0002 13763880
FabOnDisk: Cell_D_0000 11928681
FabOnDisk: Cell_D_0000 12846273
FabOnDisk: Cell_D_0000 13763865

64,28
4.206553422631385e-03,0.000000000000000e+00,1.105189630872182e+01,3.421712171600606e+08,3.421566988121702e+08,1.526121323143213e+03,4.206553422631385e-03,0.000000000000000e+00,-1.000000000000000e+03,2.281044658747802e+08,1.451834789041289e+04,3.006270563966191e+05,7.929051724794424e-03,4.055424216670389e+08,0.000000000000000e+00,-9.124141509653327e-08,8.133896433392639e+10,8.133896433392639e+10,-2.376073591235071e+00,4.206553422631385e-03,1.000000000000000e+00,0.000000000000000e+00,2.626873397816926e+03,2.626873397816926e+03,-2.098044846284564e+03,1.105189630872182e+01,1.000000000000000e+03,1.000000000000000e+00,
4.206553422631385e-03,0.000000000000000e+00,1.105189630872182e+01,3.421712171600606e+08,3.421566988121702e+08,1.526121323143213e+03,4.206553422631385e-03,0.000000000000000e+00,-1.000000000000000e+03,2.281044658747802e+08,1.451834789041289e+04,3.006270563966191e+05,7.929051724794424e-03,4.055424216670389e+08,0.000000000000000e+00,-9.124141509653327e-08,8.133896433392639e+10,8.133896433392639e+10,-2.376073591235071e+00,4.206553422631385e-03,1.000000000000000e+00,0.000000000000000e+00,2.626873397816926e+03,2.626873397816926e+03,-2.098044846284564e+03,1.105189630872182e+01,1.000000000000000e+03,1.000000000000000e+00,
4.206553422631385e-03,0.000000000000000e+00,1.105189630872182e+01,3.421712171600606e+08,3.421566988121702e+08,1.526121323143213e+03,4.206553422631385e-03,0.000000000000000e+00,-1.000000000000000e+03,2.281044658747802e+08,1.451834789041289e+04,3.006270563966191e+05,7.929051724794424e-03,4.055424216670389e+08,0.000000000000000e+00,-9.124141509653327e-08,8.133896433392639e+10,8.133896433392639e+10,-2.376073591235071e+00,4.206553422631385e-03,1.000000000000000e+00,0.000000000000000e+00,2.626873397816926e+03,2.626873397816926e+03,-2.346785010469683e+03,1.105189630872182e+01,1.000000000000000e+03,1.000000000000000e+00,
4.206553422631385e-03,0.000000000000000e+00,1.105189630872182e+01,3.421712171600606e+08,3.421566988121702e+08,1.526121323143213e+03,4.206553422631385e-03,0.000000000000000e+00,-1.000000000000000e+03,2.281044658747802e+08,1.451834789041289e+04,3.006270563966191e+05,7.929051724794424e-03,4.055424216670389e+08,0.000000000000000e+00,-9.124141509653327e-08,8.133896433392639e+10,8.133896433392639e+10,-2.376073591235071e+00,4.206553422631385e-03,1.000000000000000e+00,0.000000000000000e+00,2.626873397816926e+03,2.626873397816926e+03,-2.546968813752849e+03,1.105189630872182e+01,1.000000000000000e+03,1.000000000000000e+00,
4.206553422631385e-03,0.000000000000000e+00,1.105189630872182e+01,3.421712171600606e+08,3.421566988121702e+08,1.526121323143213e+03,4.206553422631385e-03,0.000000000000000e+00,-1.000000000000000e+03,2.281044658747802e+08,1.451834789041289e+04,3.006270563966191e+05,7.929051724794424e-03,4.055424216670389e+08,0.000000000000000e+00,-9.124141509653327e-08,8.133896433392639e+10,8.133896433392639e+10,-2.376073591235071e+00,4.206553422631385e-03,1.000000000000000e+00,0.000000000000000e+00,2.626873397816926e+03,2.626873397816926e+03,-2.629825108231395e+03,1.105189630872182e+01,1.000000000000000e+03,1.000000000000000e+00,
4.206553422631385e-03,0.000000000000000e+00,1.105189630872182e+01,3.421712171600606e+08,3.421566988121702e+08,1.526121323143213e+03,4.206553422631385e-03,0.000000000000000e+00,-1.000000000000000e+03,2.281044658747802e+08,1.451834789041289e+04,3.006270563966191e+05,7.929051724794424e-03,4.055424216670389e+08,0.000000000000000e+00,-9.124141509653327e-08,8.133896433392639e+10,8.133896433392639e+10,-2.376073591235071e+00,4.206553422631385e-03,1.000000000000000e+00,0.000000000000000e+00,2.626873397816926e+03,2.626873397816926e+03,-2.629825108231395e+03,1.105189630872182e+01,1.000000000000000e+03,1.000000000000000e+00,
4.206553422631385e-03,0.000000000000000e+00,1.105189630872182e+01,3.421712171600606e+08,3.421566988121702e+08,1.526121323143213e+03,4.206553422631385e-03,0.000000000000000e+00,-1.000000000000000e+03,2.281044658747802e+08,1.451834789041289e+04,3.006270563966191e+05,7.929051724794424e-03,4.055424216670389e+08,0.000000000000000e+00,-9.124141509653327e-08,8.133896433392639e+10,8.133896433392639e+10,-2.376073591235071e+00,4.206553422631385e-03,1.000000000000000e+00,0.000000000000000e+00,2.626873397816926e+03,2.626873397816926e+03,-2.546968813752849e+03,1.105189630872182e+01,1.000000000000000e+03,1.000000000000000e+00,
4.206553422631385e-03,0.000000000000000e+00,1.105189630872182e+01,3.421712171600606e+08,3.421566988121702e+08,1.526121323143213e+03,4.206553422631385e-03,0.000000000000000e+00,-1.000000000000000e+03,2.281044658747802e+08,1.451834789041289e+04,3.006270563966191e+05,7.929051724794424e-03,4.055424216670389e+08,0.000000000000000e+00,-9.124141509653327e-08,8.133896433392639e+10,8.133896433392639e+10,-2.376073591235071e+00,4.206553422631385e-03,1.000000000000000e+00,0.000000000000000e+00,2.626873397816926e+03,2.626873397816926e+03,-2.346785010469683e+03,1.105189630872182e+01,1.000000000000000e+03,1.000000000000000e+00,
7.506095070566081e-08,0.000000000000000e+00,-7.507922797843948e-08,2.080824642134260e+03,2.080824642096729e+03,5.201299280341466e+02,7.506095070566081e-08,0.000000000000000e+00,-1.000000000000000e+03,1.387216428064486e+03,3.753065614133935e-08,1.755049847911570e+05,5.694449541944853e-06,7.937529949127309e+08,0.000000000000000e+00,-1.351993917098060e-11,2.772179971788982e+10,2.772179971788982e+10,-7.124585939208739e+00,7.506095070566081e-08,1.000000000000000e+00,0.000000000000000e+00,-1.000004030316744e+00,9.997733982933621e-01,-7.986883965605015e-01,7.506115527127407e-08,1.000000000000000e+03,1.000000000000000e+00,
7.509974559147078e-08,0.000000000000000e+00,-7.711296920118153e-08,2.083595795221226e+03,2.083595795183695e+03,5.205535692126151e+02,7.509974559147078e-08,0.000000000000000e+00,-1.000000000000000e+03,1.389063863455797e+03,3.626338173858291e-08,1.755764438643187e+05,4.943199860060171e-06,7.937780281147921e+08,0.000000000000000e+00,-2.061119316819155e-09,2.774437887603621e+10,2.774437887603621e+10,-7.124361534212976e+00,7.509974559147078e-08,1.000000000000000e+00,0.000000000000000e+00,-9.997449301008123e-01,9.405261427289791e-01,-7.050830744923675e-01,7.508058990693374e-08,1.000000000000000e+03,1.000000000000000e+00,
8.249815253360229e-08,0.000000000000000e+00,-7.786303287685785e-08,2.719215785986160e+03,2.719215785950003e+03,6.184290356543486e+02,8.249815253360229e-08,0.000000000000000e+00,-1.000000000000000e+03,1.812810523966669e+03,2.729973767646002e-12,1.913720328356382e+05,1.493979941288013e-08,7.996221622529262e+08,0.000000000000000e+00,-6.560042837036301e-08,3.296092945648014e+10,3.296092945648014e+10,-7.083555776946388e+00,8.249815253360229e-08,1.000000000000000e+00,0.000000000000000e+00,-9.362485473808826e-01,5.329808740378367e-03,-5.169955648177661e-01,1.024417160399718e-09,1.000000000000000e+03,1.000000000000000e+00,
2.438386937886907e-07,0.000000000000000e+00,1.277161110587511e-07,2.805711509017460e+04,2.805711509014115e+04,1.553565012142638e+03,2.438386937886907e-07,0.000000000000000e+00,-1.000000000000000e+03,1.870474339342743e+04,3.344712188728056e-08,3.033180464563957e+05,1.464853260787765e-06,7.198797523370427e+08,0.000000000000000e+00,-4.179589643987149e-04,8.280165357551180e+10,8.280165357551178e+10,-6.612897376791786e+00,2.438386937886907e-07,1.000000000000000e+00,0.000000000000000e+00,5.237729462635211e-01,5.237729462635211e-01,1.263313119146360e-01,1.277161110587511e-07,1.000000000000000e+03,1.000000000000000e+00,
3.217029246742403e-06,0.000000000000000e+00,7.684634229113445e-03,2.660413095463163e+05,2.660321312643198e+05,1.505343972701472e+03,3.217029246742403e-06,0.000000000000000e+00,-1.000000000000000e+03,1.773547541762132e+05,9.178281996512819e+00,2.985736025263020e+05,7.880429791649308e-03,6.329071503962206e+08,0.000000000000000e+00,-7.535951143092916e-06,8.023157651298077e+10,8.023157651298076e+10,-5.492544990810464e+00,3.217029246742403e-06,1.000000000000000e+00,0.000000000000000e+00,2.388736203407223e+03,2.388736203407223e+03,-7.966522583462986e+02,7.684634229113445e-03,1.000000000000000e+03,1.000000000000000e+00,
3.547745882491866e-05,0.000000000000000e+00,9.028561825309551e-02,2.846201504866157e+06,2.846086622161289e+06,1.501341358943791e+03,3.547745882491866e-05,0.000000000000000e+00,-1.000000000000000e+03,1.897391081440859e+06,1.148827048686227e+02,2.981763942152155e+05,8.523923075315505e-03,5.474853785623791e+08,0.000000000000000e+00,-9.050197491962990e-07,8.001824586046883e+10,8.001824586046883e+10,-4.450047495318309e+00,3.547745882491866e-05,1.000000000000000e+00,0.000000000000000e+00,2.544872751418168e+03,2.544872751418168e+03,-1.442717124202061e+03,9.028561825309551e-02,1.000000000000000e+03,1.000000000000000e+00,
3.911057210653632e-04,0.000000000000000e+00,1.022130016400745e+00,3.129694181975445e+07,3.129560618374332e+07,1.501341955635863e+03,3.911057210653632e-04,0.000000000000000e+00,-1.000000000000000e+03,2.086373745582888e+07,1.335636011129565e+03,2.981764534687196e+05,8.744244388636307e-03,4.638315902043713e+08,0.000000000000000e+00,-5.917259020690153e-07,8.001827766286514e+10,8.001827766286514e+10,-3.407705831174064e+00,3.911057210653632e-04,1.000000000000000e+00,0.000000000000000e+00,2.613436626844747e+03,2.613436626844747e+03,-1.852896356683138e+03,1.022130016400745e+00,1.000000000000000e+03,1.000000000000000e+00,
7.506095070566081e-08,0.000000000000000e+00,-7.507922797843948e-08,2.080824642134260e+03,2.080824642096729e+03,5.201299280341466e+02,7.506095070566081e-08,0.000000000000000e+00,-1.000000000000000e+03,1.387216428064486e+03,3.753065614133935e-08,1.755049847911570e+05,5.694449541944853e-06,7.937529949127309e+08,0.000000000000000e+00,-1.351993917098060e-11,2.772179971788982e+10,2.772179971788982e+10,-7.124585939208739e+00,7.506095070566081e-08,1.000000000000000e+00,0.000000000000000e+00,-1.000004030316744e+00,9.997733982933621e-01,-7.986883965605015e-01,7.506115527127407e-08,1.000000000000000e+03,1.000000000000000e+00,
7.509974559147078e-08,0.000000000000000e+00,-7.711296920118153e-08,2.083595795221226e+03,2.083595795183695e+03,5.205535692126151e+02,7.509974559147078e-08,0.000000000000000e+00,-1.000000000000000e+03,1.389063863455797e+03,3.626338173858291e-08,1.755764438643187e+05,4.943199860060171e-06,7.937780281147921e+08,0.000000000000000e+00,-2.061119316819155e-09,2.774437887603621e+10,2.774437887603621e+10,-7.124361534212976e+00,7.509974559147078e-08,1.000000000000000e+00,0.000000000000000e+00,-9.997449301008123e-01,9.405261427289791e-01,-7.050830744923675e-01,7.508058990693374e-08,1.000000000000000e+03,1.000000000000000e+00,
8.249815253360229e-08,0.000000000000000e+00,-7.786303287685785e-08,2.719215785986160e+03,2.719215785950003e+03,6.184290356543486e+02,8.249815253360229e-08,0.000000000000000e+00,-1.000000000000000e+03,1.812810523966669e+03,2.729973767646002e-12,1.913720328356382e+05,1.493979941288013e-08,7.996221622529262e+08,0.000000000000000e+00,-6.560042837036301e-08,3.296092945648014e+10,3.296092945648014e+10,-7.083555776946388e+00,8.249815253360229e-08,1.000000000000000e+00,0.000000000000000e+00,-9.362485473808826e-01,5.329808740378367e-03,-5.169955648177661e-01,1.024417160399718e-09,1.000000000000000e+03,1.000000000000000e+00,
2.438386937886907e-07,0.000000000000000e+00,1.277161110587511e-07,2.805711509017460e+04,2.805711509014115e+04,1.553565012142638e+03,2.438386937886907e-07,0.000000000000000e+00,-1.000000000000000e+03,1.870474339342743e+04,3.344712188728056e-08,3.033180464563957e+05,1.464853260787765e-06,7.198797523370427e+08,0.000000000000000e+00,-4.179589643987149e-04,8.280165357551180e+10,8.280165357551178e+10,-6.612897376791786e+00,2.438386937886907e-07,1.000000000000000e+00,0.000000000000000e+00,5.237729462635211e-01,5.237729462635211e-01,1.263313119146360e-01,1.277161110587511e-07,1.000000000000000e+03,1.000000000000000e+00,
3.217029246742403e-06,0.000000000000000e+00,7.684634229113445e-03,2.660413095463163e+05,2.660321312643198e+05,1.505343972701472e+03,3.217029246742403e-06,0.000000000000000e+00,-1.000000000000000e+03,1.773547541762132e+05,9.178281996512819e+00,2.985736025263020e+05,7.880429791649308e-03,6.329071503962206e+08,0.000000000000000e+00,-7.535951143092916e-06,8.023157651298077e+10,8.023157651298076e+10,-5.492544990810464e+00,3.217029246742403e-06,1.000000000000000e+00,0.000000000000000e+00,2.388736203407223e+03,2.388736203407223e+03,-7.966522583462986e+02,7.684634229113445e-03,1.000000000000000e+03,1.000000000000000e+00,
3.547745882491866e-05,0.000000000000000e+00,9.028561825309551e-02,2.846201504866157e+06,2.846086622161289e+06,1.501341358943791e+03,3.547745882491866e-05,0.000000000000000e+00,-1.000000000000000e+03,1.897391081440859e+06,1.148827048686227e+02,2.981763942152155e+05,8.523923075315505e-03,5.474853785623791e+08,0.000000000000000e+00,-9.050197491962990e-07,8.001824586046883e+10,8.001824586046883e+10,-4.450047495318309e+00,3.547745882491866e-05,1.000000000000000e+00,0.000000000000000e+00,2.544872751418168e+03,2.544872751418168e+03,-1.442717124202061e+03,9.028561825309551e-02,1.000000000000000e+03,1.000000000000000e+00,
3.911057210653632e-04,0.000000000000000e+00,1.022130016400745e+00,3.129694181975445e+07,3.129560618374332e+07,1.501341955635863e+03,3.911057210653632e-04,0.000000000000000e+00,-1.000000000000000e+03,2.086373745582888e+07,1.335636011129565e+03,2.981764534687196e+05,8.744244388636307e-03,4.638315902043713e+08,0.000000000000000e+00,-5.917259020690153e-07,8.001827766286514e+10,8.001827766286514e+10,-3.407705831174064e+00,3.911057210653632e-04,1.000000000000000e+00,0.000000000000000e+00,2.613436626844747e+03,2.613436626844747e+03,-1.852896356683138e+03,1.022130016400745e+00,1.000000000000000e+03,1.000000000000000e+00,
7.506095070566081e-08,0.000000000000000e+00,-7.507922797843948e-08,2.080824642134260e+03,2.080824642096729e+03,5.201299280341466e+02,7.506095070566081e-08,0.000000000000000e+00,-1.000000000000000e+03,1.387216428064486e+03,3.753065614133935e-08,1.755049847911570e+05,5.694449541944853e-06,7.937529949127309e+08,0.000000000000000e+00,-1.351993917098060e-11,2.772179971788982e+10,2.772179971788982e+10,-7.124585939208739e+00,7.506095070566081e-08,1.000000000000000e+00,0.000000000000000e+00,-1.000004030316744e+00,9.997733982933621e-01,-8.933793576450686e-01,7.506115527127407e-08,1.000000000000000e+03,1.000000000000000e+00,
7.509974559147078e-08,0.000000000000000e+00,-7.711296920118153e-08,2.083595795221226e+03,2.083595795183695e+03,5.205535692126151e+02,7.509974559147078e-08,0.000000000000000e+00,-1.000000000000000e+03,1.389063863455797e+03,3.626338173858291e-08,1.755764438643187e+05,4.943199860060171e-06,7.937780281147921e+08,0.000000000000000e+00,-2.061119316819155e-09,2.774437887603621e+10,2.774437887603621e+10,-7.124361534212976e+00,7.509974559147078e-08,1.000000000000000e+00,0.000000000000000e+00,-9.997449301008123e-01,9.405261427289791e-01,-8.301669668344369e-01,7.508058990693374e-08,1.000000000000000e+03,1.000000000000000e+00,
8.249815253360229e-08,0.000000000000000e+00,-7.786303287685785e-08,2.719215785986160e+03,2.719215785950003e+03,6.184290356543486e+02,8.249815253360229e-08,0.000000000000000e+00,-1.000000000000000e+03,1.812810523966669e+03,2.729973767646002e-12,1.913720328356382e+05,1.493979941288013e-08,7.996221622529262e+08,0.000000000000000e+00,-6.560042837036301e-08,3.296092945648014e+10,3.296092945648014e+10,-7.083555776946388e+00,8.249815253360229e-08,1.000000000000000e+00,0.000000000000000e+00,-9.362485473808826e-01,5.329808740378367e-03,-6.594366199557787e-01,1.024417160399718e-09,1.000000000000000e+03,1.000000000000000e+00,
2.438386937886907e-07,0.000000000000000e+00,1.277161110587511e-07,2.805711509017460e+04,2.805711509014115e+04,1.553565012142638e+03,2.438386937886907e-07,0.000000000000000e+00,-1.000000000000000e+03,1.870474339342743e+04,3.344712188728056e-08,3.033180464563957e+05,1.464853260787765e-06,7.198797523370427e+08,0.000000000000000e+00,-4.179589643987149e-04,8.280165357551180e+10,8.280165357551178e+10,-6.612897376791786e+00,2.438386937886907e-07,1.000000000000000e+00,0.000000000000000e+00,5.237729462635211e-01,5.237729462635211e-01,1.648525144637855e-01,1.277161110587511e-07,1.000000000000000e+03,1.000000000000000e+00,
3.217029246742403e-06,0.000000000000000e+00,7.684634229113445e-03,2.660413095463163e+05,2.660321312643198e+05,1.505343972701472e+03,3.217029246742403e-06,0.000000000000000e+00,-1.000000000000000e+03,1.773547541762132e+05,9.178281996512819e+00,2.985736025263020e+05,7.880429791649308e-03,6.329071503962206e+08,0.000000000000000e+00,-7.535951143092916e-06,8.023157651298077e+10,8.023157651298076e+10,-5.492544990810464e+00,3.217029246742403e-06,1.000000000000000e+00,0.000000000000000e+00,2.388736203407223e+03,2.388736203407223e+03,-1.126629573373367e+03,7.684634229113445e-03,1.000000000000000e+03,1.000000000000000e+00,
3.547745882491866e-05,0.000000000000000e+00,9.028561825309551e-02,2.846201504866157e+06,2.846086622161289e+06,1.501341358943791e+03,3.547745882491866e-05,0.000000000000000e+00,-1.000000000000000e+03,1.897391081440859e+06,1.148827048686227e+02,2.981763942152155e+05,8.523923075315505e-03,5.474853785623791e+08,0.000000000000000e+00,-9.050197491962990e-07,8.001824586046883e+10,8.001824586046883e+10,-4.450047495318309e+00,3.547745882491866e-05,1.000000000000000e+00,0.000000000000000e+00,2.544872751418168e+03,2.544872751418168e+03,-1.840210184920014e+03,9.028561825309551e-02,1.000000000000000e+03,1.000000000000000e+00,
3.911057210653632e-04,0.000000000000000e+00,1.022130016400745e+00,3.129694181975445e+07,3.129560618374332e+07,1.501341955635863e+03,3.911057210653632e-04,0.000000000000000e+00,-1.000000000000000e+03,2.086373745582888e+07,1.335636011129565e+03,2.981764534687196e+05,8.744244388636307e-03,4.638315902043713e+08,0.000000000000000e+00,-5.917259020690153e-07,8.001827766286514e+10,8.001827766286514e+10,-3.407705831174064e+00,3.911057210653632e-04,1.000000000000000e+00,0.000000000000000e+00,2.613436626844747e+03,2.613436626844747e+03,-2.181605833317831e+03,1.022130016400745e+00,1.000000000000000e+03,1.000000000000000e+00,
7.506095070566081e-08,0.000000000000000e+00,-7.507922797843948e-08,2.080824642134260e+03,2.080824642096729e+03,5.201299280341466e+02,7.506095070566081e-08,0.000000000000000e+00,-1.000000000000000e+03,1.387216428064486e+03,3.753065614133935e-08,1.755049847911570e+05,5.694449541944853e-06,7.937529949127309e+08,0.000000000000000e+00,-1.351993917098060e-11,2.772179971788982e+10,2.772179971788982e+10,-7.124585939208739e+00,7.506095070566081e-08,1.000000000000000e+00,0.000000000000000e+00,-1.000004030316744e+00,9.997733982933621e-01,-9.695857748457090e-01,7.506115527127407e-08,1.000000000000000e+03,1.000000000000000e+00,
7.509974559147078e-08,0.000000000000000e+00,-7.711296920118153e-08,2.083595795221226e+03,2.083595795183695e+03,5.205535692126151e+02,7.509974559147078e-08,0.000000000000000e+00,-1.000000000000000e+03,1.389063863455797e+03,3.626338173858291e-08,1.755764438643187e+05,4.943199860060171e-06,7.937780281147921e+08,0.000000000000000e+00,-2.061119316819155e-09,2.774437887603621e+10,2.774437887603621e+10,-7.124361534212976e+00,7.509974559147078e-08,1.000000000000000e+00,0.000000000000000e+00,-9.997449301008123e-01,9.405261427289791e-01,-9.474471710023917e-01,7.508058990693374e-08,1.000000000000000e+03,1.000000000000000e+00,
8.249815253360229e-08,0.000000000000000e+00,-7.786303287685785e-08,2.719215785986160e+03,2.719215785950003e+03,6.184290356543486e+02,8.249815253360229e-08,0.000000000000000e+00,-1.000000000000000e+03,1.812810523966669e+03,2.729973767646002e-12,1.913720328356382e+05,1.493979941288013e-08,7.996221622529262e+08,0.000000000000000e+00,-6.560042837036301e-08,3.296092945648014e+10,3.296092945648014e+10,-7.083555776946388e+00,8.249815253360229e-08,1.000000000000000e+00,0.000000000000000e+00,-9.362485473808826e-01,5.329808740378367e-03,-8.354312091356991e-01,1.024417160399718e-09,1.000000000000000e+03,1.000000000000000e+00,
2.438386937886907e-07,0.000000000000000e+00,1.277161110587511e-07,2.805711509017460e+04,2.805711509014115e+04,1.553565012142638e+03,2.438386937886907e-07,0.000000000000000e+00,-1.000000000000000e+03,1.870474339342743e+04,3.344712188728056e-08,3.033180464563957e+05,1.464853260787765e-06,7.198797523370427e+08,0.000000000000000e+00,-4.179589643987149e-04,8.280165357551180e+10,8.280165357551178e+10,-6.612897376791786e+00,2.438386937886907e-07,1.000000000000000e+00,0.000000000000000e+00,5.237729462635211e-01,5.237729462635211e-01,2.335026524644263e-01,1.277161110587511e-07,1.000000000000000e+03,1.000000000000000e+00,
3.217029246742403e-06,0.000000000000000e+00,7.684634229113445e-03,2.660413095463163e+05,2.660321312643198e+05,1.505343972701472e+03,3.217029246742403e-06,0.000000000000000e+00,-1.000000000000000e+03,1.773547541762132e+05,9.178281996512819e+00,2.985736025263020e+05,7.880429791649308e-03,6.329071503962206e+08,0.000000000000000e+00,-7.535951143092916e-06,8.023157651298077e+10,8.023157651298076e+10,-5.492544990810464e+00,3.217029246742403e-06,1.000000000000000e+00,0.000000000000000e+00,2.388736203407223e+03,2.388736203407223e+03,-1.784106231262597e+03,7.684634229113445e-03,1.000000000000000e+03,1.000000000000000e+00,
3.547745882491866e-05,0.000000000000000e+00,9.028561825309551e-02,2.846201504866157e+06,2.846086622161289e+06,1.501341358943791e+03,3.547745882491866e-05,0.000000000000000e+00,-1.000000000000000e+03,1.897391081440859e+06,1.148827048686227e+02,2.981763942152155e+05,8.523923075315505e-03,5.474853785623791e+08,0.000000000000000e+00,-9.050197491962990e-07,8.001824586046883e+10,8.001824586046883e+10,-4.450047495318309e+00,3.547745882491866e-05,1.000000000000000e+00,0.000000000000000e+00,2.544872751418168e+03,2.544872751418168e+03,-2.331337043360817e+03,9.028561825309551e-02,1.000000000000000e+03,1.000000000000000e+00,
3.911057210653632e-04,0.000000000000000e+00,1.022130016400745e+00,3.129694181975445e+07,3.129560618374332e+07,1.501341955635863e+03,3.911057210653632e-04,0.000000000000000e+00,-1.000000000000000e+03,2.086373745582888e+07,1.335636011129565e+03,2.981764534687196e+05,8.744244388636307e-03,4.638315902043713e+08,0.000000000000000e+00,-5.917259020690153e-07,8.001827766286514e+10,8.001827766286514e+10,-3.407705831174064e+00,3.911057210653632e-04,1.000000000000000e+00,0.000000000000000e+00,2.613436626844747e+03,2.613436626844747e+03,-2.489807903223298e+03,1.022130016400745e+00,1.000000000000000e+03,1.000000000000000e+00,
7.506095070566081e-08,0.000000000000000e+00,-7.507922797843948e-08,2.080824642134260e+03,2.080824642096729e+03,5.201299280341466e+02,7.506095070566081e-08,0.000000000000000e+00,-1.000000000000000e+03,1.387216428064486e+03,3.753065614133935e-08,1.755049847911570e+05,5.694449541944853e-06,7.937529949127309e+08,0.000000000000000e+00,-1.351993917098060e-11,2.772179971788982e+10,2.772179971788982e+10,-7.124585939208739e+00,7.506095070566081e-08,1.000000000000000e+00,0.000000000000000e+00,-1.000004030316744e+00,9.997733982933621e-01,-1.000002115493428e+00,7.506115527127407e-08,1.000000000000000e+03,1.000000000000000e+00,
7.509974559147078e-08,0.000000000000000e+00,-7.711296920118153e-08,2.083595795221226e+03,2.083595795183695e+03,5.205535692126151e+02,7.509974559147078e-08,0.000000000000000e+00,-1.000000000000000e+03,1.389063863455797e+03,3.626338173858291e-08,1.755764438643187e+05,4.943199860060171e-06,7.937780281147921e+08,0.000000000000000e+00,-2.061119316819155e-09,2.774437887603621e+10,2.774437887603621e+10,-7.124361534212976e+00,7.509974559147078e-08,1.000000000000000e+00,0.000000000000000e+00,-9.997449301008123e-01,9.405261427289791e-01,-9.997415224157830e-01,7.508058990693374e-08,1.000000000000000e+03,1.000000000000000e+00,
8.249815253360229e-08,0.000000000000000e+00,-7.786303287685785e-08,2.719215785986160e+03,2.719215785950003e+03,6.184290356543486e+02,8.249815253360229e-08,0.000000000000000e+00,-1.000000000000000e+03,1.812810523966669e+03,2.729973767646002e-12,1.913720328356382e+05,1.493979941288013e-08,7.996221622529262e+08,0.000000000000000e+00,-6.560042837036301e-08,3.296092945648014e+10,3.296092945648014e+10,-7.083555776946388e+00,8.249815253360229e-08,1.000000000000000e+00,0.000000000000000e+00,-9.362485473808826e-01,5.329808740378367e-03,-9.362413483209148e-01,1.024417160399718e-09,1.000000000000000e+03,1.000000000000000e+00,
2.438386937886907e-07,0.000000000000000e+00,1.277161110587511e-07,2.805711509017460e+04,2.805711509014115e+04,1.553565012142638e+03,2.438386937886907e-07,0.000000000000000e+00,-1.000000000000000e+03,1.870474339342743e+04,3.344712188728056e-08,3.033180464563957e+05,1.464853260787765e-06,7.198797523370427e+08,0.000000000000000e+00,-4.179589643987149e-04,8.280165357551180e+10,8.280165357551178e+10,-6.612897376791786e+00,2.438386937886907e-07,1.000000000000000e+00,0.000000000000000e+00,5.237729462635211e-01,5.237729462635211e-01,3.703634021049929e-01,1.277161110587511e-07,1.000000000000000e+03,1.000000000000000e+00,
3.217029246742403e-06,0.000000000000000e+00,7.684634229113445e-03,2.660413095463163e+05,2.660321312643198e+05,1.505343972701472e+03,3.217029246742403e-06,0.000000000000000e+00,-1.000000000000000e+03,1.773547541762132e+05,9.178281996512819e+00,2.985736025263020e+05,7.880429791649308e-03,6.329071503962206e+08,0.000000000000000e+00,-7.535951143092916e-06,8.023157651298077e+10,8.023157651298076e+10,-5.492544990810464e+00,3.217029246742403e-06,1.000000000000000e+00,0.000000000000000e+00,2.388736203407223e+03,2.388736203407223e+03,-2.542972988152481e+03,7.684634229113445e-03,1.000000000000000e+03,1.000000000000000e+00,
3.547745882491866e-05,0.000000000000000e+00,9.028561825309551e-02,2.846201504866157e+06,2.846086622161289e+06,1.501341358943791e+03,3.547745882491866e-05,0.000000000000000e+00,-1.000000000000000e+03,1.897391081440859e+06,1.148827048686227e+02,2.981763942152155e+05,8.523923075315505e-03,5.474853785623791e+08,0.000000000000000e+00,-9.050197491962990e-07,8.001824586046883e+10,8.001824586046883e+10,-4.450047495318309e+00,3.547745882491866e-05,1.000000000000000e+00,0.000000000000000e+00,2.544872751418168e+03,2.544872751418168e+03,-2.612655731552986e+03,9.028561825309551e-02,1.000000000000000e+03,1.000000000000000e+00,
3.911057210653632e-04,0.000000000000000e+00,1.022130016400745e+00,3.129694181975445e+07,3.129560618374332e+07,1.501341955635863e+03,3.911057210653632e-04,0.000000000000000e+00,-1.000000000000000e+03,2.086373745582888e+07,1.335636011129565e+03,2.981764534687196e+05,8.744244388636307e-03,4.638315902043713e+08,0.000000000000000e+00,-5.917259020690153e-07,8.001827766286514e+10,8.001827766286514e+10,-3.407705831174064e+00,3.911057210653632e-04,1.000000000000000e+00,0.000000000000000e+00,2.613436626844747e+03,2.613436626844747e+03,-2.627232863081739e+03,1.022130016400745e+00,1.000000000000000e+03,1.000000000000000e+00,
7.506095070566081e-08,0.000000000000000e+00,-7.507922797843948e-08,2.080824642134260e+03,2.080824642096729e+03,5.201299280341466e+02,7.506095070566081e-08,0.000000000000000e+00,-1.000000000000000e+03,1.387216428064486e+03,3.753065614133935e-08,1.755049847911570e+05,5.694449541944853e-06,7.937529949127309e+08,0.000000000000000e+00,-1.351993917098060e-11,2.772179971788982e+10,2.772179971788982e+10,-7.124585939208739e+00,7.506095070566081e-08,1.000000000000000e+00,0.000000000000000e+00,-1.000004030316744e+00,9.997733982933621e-01,-1.000002115493428e+00,7.506115527127407e-08,1.000000000000000e+03,1.000000000000000e+00,
7.509974559147078e-08,0.000000000000000e+00,-7.711296920118153e-08,2.083595795221226e+03,2.083595795183695e+03,5.205535692126151e+02,7.509974559147078e-08,0.000000000000000e+00,-1.000000000000000e+03,1.389063863455797e+03,3.626338173858291e-08,1.755764438643187e+05,4.943199860060171e-06,7.937780281147921e+08,0.000000000000000e+00,-2.061119316819155e-09,2.774437887603621e+10,2.774437887603621e+10,-7.124361534212976e+00,7.509974559147078e-08,1.000000000000000e+00,0.000000000000000e+00,-9.997449301008123e-01,9.405261427289791e-01,-9.997415224157830e-01,7.508058990693374e-08,1.000000000000000e+03,1.000000000000000e+00,
8.249815253360229e-08,0.000000000000000e+00,-7.786303287685785e-08,2.719215785986160e+03,2.719215785950003e+03,6.184290356543486e+02,8.249815253360229e-08,0.000000000000000e+00,-1.000000000000000e+03,1.812810523966669e+03,2.729973767646002e-12,1.913720328356382e+05,1.493979941288013e-08,7.996221622529262e+08,0.000000000000000e+00,-6.560042837036301e-08,3.296092945648014e+10,3.296092945648014e+10,-7.083555776946388e+00,8.249815253360229e-08,1.000000000000000e+00,0.000000000000000e+00,-9.362485473808826e-01,5.329808740378367e-03,-9.362413483209148e-01,1.024417160399718e-09,1.000000000000000e+03,1.000000000000000e+00,
2.438386937886907e-07,0.000000000000000e+00,1.277161110587511e-07,2.805711509017460e+04,2.805711509014115e+04,1.553565012142638e+03,2.438386937886907e-07,0.000000000000000e+00,-1.000000000000000e+03,1.870474339342743e+04,3.344712188728056e-08,3.033180464563957e+05,1.464853260787765e-06,7.198797523370427e+08,0.000000000000000e+00,-4.179589643987149e-04,8.280165357551180e+10,8.280165357551178e+10,-6.612897376791786e+00,2.438386937886907e-07,1.000000000000000e+00,0.000000000000000e+00,5.237729462635211e-01,5.237729462635211e-01,3.703634021049929e-01,1.277161110587511e-07,1.000000000000000e+03,1.000000000000000e+00,
3.217029246742403e-06,0.000000000000000e+00,7.684634229113445e-03,2.660413095463163e+05,2.660321312643198e+05,1.505343972701472e+03,3.217029246742403e-06,0.000000000000000e+00,-1.000000000000000e+03,1.773547541762132e+05,9.178281996512819e+00,2.985736025263020e+05,7.880429791649308e-03,6.329071503962206e+08,0.000000000000000e+00,-7.535951143092916e-06,8.023157651298077e+10,8.023157651298076e+10,-5.492544990810464e+00,3.217029246742403e-06,1.000000000000000e+00,0.000000000000000e+00,2.388736203407223e+03,2.388736203407223e+03,-2.542972988152481e+03,7.684634229113445e-03,1.000000000000000e+03,1.000000000000000e+00,
3.547745882491866e-05,0.000000000000000e+00,9.028561825309551e-02,2.846201504866157e+06,2.846086622161289e+06,1.501341358943791e+03,3.547745882491866e-05,0.000000000000000e+00,-1.000000000000000e+03,1.897391081440859e+06,1.148827048686227e+02,2.981763942152155e+05,8.523923075315505e-03,5.474853785623791e+08,0.000000000000000e+00,-9.050197491962990e-07,8.001824586046883e+10,8.001824586046883e+10,-4.450047495318309e+00,3.547745882491866e-05,1.000000000000000e+00,0.000000000000000e+00,2.544872751418168e+03,2.544872751418168e+03,-2.612655731552986e+03,9.028561825309551e-02,1.000000000000000e+03,1.000000000000000e+00,
3.911057210653632e-04,0.000000000000000e+00,1.022130016400745e+00,3.129694181975445e+07,3.129560618374332e+07,1.501341955635863e+03,3.911057210653632e-04,0.000000000000000e+00,-1.000000000000000e+03,2.086373745582888e+07,1.335636011129565e+03,2.981764534687196e+05,8.744244388636307e-03,4.638315902043713e+08,0.000000000000000e+00,-5.917259020690153e-07,8.001827766286514e+10,8.001827766286514e+10,-3.407705831174064e+00,3.911057210653632e-04,1.000000000000000e+00,0.000000000000000e+00,2.613436626844747e+03,2.613436626844747e+03,-2.627232863081739e+03,1.022130016400745e+00,1.000000000000000e+03,1.000000000000000e+00,
7.506095070566081e-08,0.000000000000000e+00,-7.507922797843948e-08,2.080824642134260e+03,2.080824642096729e+03,5.201299280341466e+02,7.506095070566081e-08,0.000000000000000e+00,-1.000000000000000e+03,1.387216428064486e+03,3.753065614133935e-08,1.755049847911570e+05,5.694449541944853e-06,7.937529949127309e+08,0.000000000000000e+00,-1.351993917098060e-11,2.772179971788982e+10,2.772179971788982e+10,-7.124585939208739e+00,7.506095070566081e-08,1.000000000000000e+00,0.000000000000000e+00,-1.000004030316744e+00,9.997733982933621e-01,-9.695857748457090e-01,7.506115527127407e-08,1.000000000000000e+03,1.000000000000000e+00,
7.509974559147078e-08,0.000000000000000e+00,-7.711296920118153e-08,2.083595795221226e+03,2.083595795183695e+03,5.205535692126151e+02,7.509974559147078e-08,0.000000000000000e+00,-1.000000000000000e+03,1.389063863455797e+03,3.626338173858291e-08,1.755764438643187e+05,4.943199860060171e-06,7.937780281147921e+08,0.000000000000000e+00,-2.061119316819155e-09,2.774437887603621e+10,2.774437887603621e+10,-7.124361534212976e+00,7.509974559147078e-08,1.000000000000000e+00,0.000000000000000e+00,-9.997449301008123e-01,9.405261427289791e-01,-9.474471710023917e-01,7.508058990693374e-08,1.000000000000000e+03,1.000000000000000e+00,
8.249815253360229e-08,0.000000000000000e+00,-7.786303287685785e-08,2.719215785986160e+03,2.719215785950003e+03,6.184290356543486e+02,8.249815253360229e-08,0.000000000000000e+00,-1.000000000000000e+03,1.812810523966669e+03,2.729973767646002e-12,1.913720328356382e+05,1.493979941288013e-08,7.996221622529262e+08,0.000000000000000e+00,-6.560042837036301e-08,3.296092945648014e+10,3.296092945648014e+10,-7.083555776946388e+00,8.249815253360229e-08,1.000000000000000e+00,0.000000000000000e+00,-9.362485473808826e-01,5.329808740378367e-03,-8.354312091356991e-01,1.024417160399718e-09,1.000000000000000e+03,1.000000000000000e+00,
2.438386937886907e-07,0.000000000000000e+00,1.277161110587511e-07,2.805711509017460e+04,2.805711509014115e+04,1.553565012142638e+03,2.438386937886907e-07,0.000000000000000e+00,-1.000000000000000e+03,1.870474339342743e+04,3.344712188728056e-08,3.033180464563957e+05,1.464853260787765e-06,7.198797523370427e+08,0.000000000000000e+00,-4.179589643987149e-04,8.280165357551180e+10,8.280165357551178e+10,-6.612897376791786e+00,2.438386937886907e-07,1.000000000000000e+00,0.000000000000000e+00,5.237729462635211e-01,5.237729462635211e-01,2.335026524644263e-01,1.277161110587511e-07,1.000000000000000e+03,1.000000000000000e+00,
3.217029246742403e-06,0.000000000000000e+00,7.684634229113445e-03,2.660413095463163e+05,2.660321312643198e+05,1.505343972701472e+03,3.217029246742403e-06,0.000000000000000e+00,-1.000000000000000e+03,1.773547541762132e+05,9.178281996512819e+00,2.985736025263020e+05,7.880429791649308e-03,6.329071503962206e+08,0.000000000000000e+00,-7.535951143092916e-06,8.023157651298077e+10,8.023157651298076e+10,-5.492544990810464e+00,3.217029246742403e-06,1.000000000000000e+00,0.000000000000000e+00,2.388736203407223e+03,2.388736203407223e+03,-1.784106231262597e+03,7.684634229113445e-03,1.000000000000000e+03,1.000000000000000e+00,
3.547745882491866e-05,0.000000000000000e+00,9.028561825309551e-02,2.846201504866157e+06,2.846086622161289e+06,1.501341358943791e+03,3.547745882491866e-05,0.000000000000000e+00,-1.000000000000000e+03,1.897391081440859e+06,1.148827048686227e+02,2.981763942152155e+05,8.523923075315505e-03,5.474853785623791e+08,0.000000000000000e+00,-9.050197491962990e-07,8.001824586046883e+10,8.001824586046883e+10,-4.450047495318309e+00,3.547745882491866e-05,1.000000000000000e+00,0.000000000000000e+00,2.544872751418168e+03,2.544872751418168e+03,-2.331337043360817e+03,9.028561825309551e-02,1.000000000000000e+03,1.000000000000000e+00,
3.911057210653632e-04,0.000000000000000e+00,1.022130016400745e+00,3.129694181975445e+07,3.129560618374332e+07,1.501341955635863e+03,3.911057210653632e-04,0.000000000000000e+00,-1.000000000000000e+03,2.086373745582888e+07,1.335636011129565e+03,2.981764534687196e+05,8.744244388636307e-03,4.638315902043713e+08,0.000000000000000e+00,-5.917259020690153e-07,8.001827766286514e+10,8.001827766286514e+10,-3.407705831174064e+00,3.911057210653632e-04,1.000000000000000e+00,0.000000000000000e+00,2.613436626844747e+03,2.613436626844747e+03,-2.489807903223298e+03,1.022130016400745e+00,1.000000000000000e+03,1.000000000000000e+00,
7.506095070566081e-08,0.000000000000000e+00,-7.507922797843948e-08,2.080824642134260e+03,2.080824642096729e+03,5.201299280341466e+02,7.506095070566081e-08,0.000000000000000e+00,-1.000000000000000e+03,1.387216428064486e+03,3.753065614133935e-08,1.755049847911570e+05,5.694449541944853e-06,7.937529949127309e+08,0.000000000000000e+00,-1.351993917098060e-11,2.772179971788982e+10,2.772179971788982e+10,-7.124585939208739e+00,7.506095070566081e-08,1.000000000000000e+00,0.000000000000000e+00,-1.000004030316744e+00,9.997733982933621e-01,-8.933793576450686e-01,7.506115527127407e-08,1.000000000000000e+03,1.000000000000000e+00,
7.509974559147078e-08,0.000000000000000e+00,-7.711296920118153e-08,2.083595795221226e+03,2.083595795183695e+03,5.205535692126151e+02,7.509974559147078e-08,0.000000000000000e+00,-1.000000000000000e+03,1.389063863455797e+03,3.626338173858291e-08,1.755764438643187e+05,4.943199860060171e-06,7.937780281147921e+08,0.000000000000000e+00,-2.061119316819155e-09,2.774437887603621e+10,2.774437887603621e+10,-7.124361534212976e+00,7.509974559147078e-08,1.000000000000000e+00,0.000000000000000e+00,-9.997449301008123e-01,9.405261427289791e-01,-8.301669668344369e-01,7.508058990693374e-08,1.000000000000000e+03,1.000000000000000e+00,
8.249815253360229e-08,0.000000000000000e+00,-7.786303287685785e-08,2.719215785986160e+03,2.719215785950003e+03,6.184290356543486e+02,8.249815253360229e-08,0.000000000000000e+00,-1.000000000000000e+03,1.812810523966669e+03,2.729973767646002e-12,1.913720328356382e+05,1.493979941288013e-08,7.996221622529262e+08,0.000000000000000e+00,-6.560042837036301e-08,3.296092945648014e+10,3.296092945648014e+10,-7.083555776946388e+00,8.249815253360229e-08,1.000000000000000e+00,0.000000000000000e+00,-9.362485473808826e-01,5.329808740378367e-03,-6.594366199557787e-01,1.024417160399718e-09,1.000000000000000e+03,1.000000000000000e+00,
2.438386937886907e-07,0.000000000000000e+00,1.277161110587511e-07,2.805711509017460e+04,2.805711509014115e+04,1.553565012142638e+03,2.438386937886907e-07,0.000000000000000e+00,-1.000000000000000e+03,1.870474339342743e+04,3.344712188728056e-08,3.033180464563957e+05,1.464853260787765e-06,7.198797523370427e+08,0.000000000000000e+00,-4.179589643987149e-04,8.280165357551180e+10,8.280165357551178e+10,-6.612897376791786e+00,2.438386937886907e-07,1.000000000000000e+00,0.000000000000000e+00,5.237729462635211e-01,5.237729462635211e-01,1.648525144637855e-01,1.277161110587511e-07,1.000000000000000e+03,1.000000000000000e+00,
3.217029246742403e-06,0.000000000000000e+00,7.684634229113445e-03,2.660413095463163e+05,2.660321312643198e+05,1.505343972701472e+03,3.217029246742403e-06,0.000000000000000e+00,-1.000000000000000e+03,1.773547541762132e+05,9.178281996512819e+00,2.985736025263020e+05,7.880429791649308e-03,6.329071503962206e+08,0.000000000000000e+00,-7.535951143092916e-06,8.023157651298077e+10,8.023157651298076e+10,-5.492544990810464e+00,3.217029246742403e-06,1.000000000000000e+00,0.000000000000000e+00,2.388736203407223e+03,2.388736203407223e+03,-1.126629573373367e+03,7.684634229113445e-03,1.000000000000000e+03,1.000000000000000e+00,
3.547745882491866e-05,0.000000000000000e+00,9.028561825309551e-02,2.846201504866157e+06,2.846086622161289e+06,1.501341358943791e+03,3.547745882491866e-05,0.000000000000000e+00,-1.000000000000000e+03,1.897391081440859e+06,1.148827048686227e+02,2.981763942152155e+05,8.523923075315505e-03,5.474853785623791e+08,0.000000000000000e+00,-9.050197491962990e-07,8.001824586046883e+10,8.001824586046883e+10,-4.450047495318309e+00,3.547745882491866e-05,1.000000000000000e+00,0.000000000000000e+00,2.544872751418168e+03,2.544872751418168e+03,-1.840210184920014e+03,9.028561825309551e-02,1.000000000000000e+03,1.000000000000000e+00,
3.911057210653632e-04,0.000000000000000e+00,1.022130016400745e+00,3.129694181975445e+07,3.129560618374332e+07,1.501341955635863e+03,3.911057210653632e-04,0.000000000000000e+00,-1.000000000000000e+03,2.086373745582888e+07,1.335636011129565e+03,2.981764534687196e+05,8.744244388636307e-03,4.638315902043713e+08,0.000000000000000e+00,-5.917259020690153e-07,8.001827766286514e+10,8.001827766286514e+10,-3.407705831174064e+00,3.911057210653632e-04,1.000000000000000e+00,0.000000000000000e+00,2.613436626844747e+03,2.613436626844747e+03,-2.181605833317831e+03,1.022130016400745e+00,1.000000000000000e+03,1.000000000000000e+00,

64,28
2.803562742691058e-02,0.000000000000000e+00,7.364604387885799e+01,2.767569653412401e+09,2.767472923995641e+09,1.854490731420975e+03,2.803562742691058e-02,0.000000000000000e+00,-1.000000000000000e+03,1.844981949330428e+09,9.672941675991507e+04,3.313949360510120e+05,8.739414308658771e-03,4.626226118884337e+08,2.500000000000000e-07,6.564836558822911e-04,9.884034327622890e+10,9.884034327622890e+10,-1.552289720107811e+00,2.803562742691058e-02,1.000000000000000e+00,0.000000000000000e+00,2.629831189447877e+03,2.629831189447877e+03,-1.580978073924441e+03,7.364604387885799e+01,1.000000000000000e+03,1.000000000000000e+00,
2.803562742691058e-02,0.000000000000000e+00,7.364604387885799e+01,2.767569653412401e+09,2.767472923995641e+09,1.854490731420975e+03,2.803562742691058e-02,0.000000000000000e+00,-1.000000000000000e+03,1.844981949330428e+09,9.672941675991507e+04,3.313949360510120e+05,8.739414308658771e-03,4.626226118884337e+08,2.500000000000000e-07,6.564836558822911e-04,9.884034327622890e+10,9.884034327622890e+10,-1.552289720107811e+00,2.803562742691058e-02,1.000000000000000e+00,0.000000000000000e+00,2.629831189447877e+03,2.629831189447877e+03,-1.580978073924441e+03,7.364604387885799e+01,1.000000000000000e+03,1.000000000000000e+00,
2.803562742691058e-02,0.000000000000000e+00,7.364604387885799e+01,2.767569653412401e+09,2.767472923995641e+09,1.854490731420975e+03,2.803562742691058e-02,0.000000000000000e+00,-1.000000000000000e+03,1.844981949330428e+09,9.672941675991507e+04,3.313949360510120e+05,8.739414308658771e-03,4.626226118884337e+08,2.500000000000000e-07,6.564836558822911e-04,9.884034327622890e+10,9.884034327622890e+10,-1.552289720107811e+00,2.803562742691058e-02,1.000000000000000e+00,0.000000000000000e+00,2.629831189447877e+03,2.629831189447877e+03,-1.862616421547298e+03,7.364604387885799e+01,1.000000000000000e+03,1.000000000000000e+00,
2.803562742691058e-02,0.000000000000000e+00,7.364604387885799e+01,2.767569653412401e+09,2.767472923995641e+09,1.854490731420975e+03,2.803562742691058e-02,0.000000000000000e+00,-1.000000000000000e+03,1.844981949330428e+09,9.672941675991507e+04,3.313949360510120e+05,8.739414308658771e-03,4.626226118884337e+08,2.500000000000000e-07,6.564836558822911e-04,9.884034327622890e+10,9.884034327622890e+10,-1.552289720107811e+00,2.803562742691058e-02,1.000000000000000e+00,0.000000000000000e+00,2.629831189447877e+03,2.629831189447877e+03,-2.190415996550796e+03,7.364604387885799e+01,1.000000000000000e+03,1.000000000000000e+00,
2.803562742691058e-02,0.000000000000000e+00,7.364604387885799e+01,2.767569653412401e+09,2.767472923995641e+09,1.854490731420975e+03,2.803562742691058e-02,0.000000000000000e+00,-1.000000000000000e+03,1.844981949330428e+09,9.672941675991507e+04,3.313949360510120e+05,8.739414308658771e-03,4.626226118884337e+08,2.500000000000000e-07,6.564836558822911e-04,9.884034327622890e+10,9.884034327622890e+10,-1.552289720107811e+00,2.803562742691058e-02,1.000000000000000e+00,0.000000000000000e+00,2.629831189447877e+03,2.629831189447877e+03,-2.495059939294514e+03,7.364604387885799e+01,1.000000000000000e+03,1.000000000000000e+00,
2.803562742691058e-02,0.000000000000000e+00,7.364604387885799e+01,2.767569653412401e+09,2.767472923995641e+09,1.854490731420975e+03,2.803562742691058e-02,0.000000000000000e+00,-1.000000000000000e+03,1.844981949330428e+09,9.672941675991507e+04,3.313949360510120e+05,8.739414308658771e-03,4.626226118884337e+08,2.500000000000000e-07,6.564836558822911e-04,9.884034327622890e+10,9.884034327622890e+10,-1.552289720107811e+00,2.803562742691058e-02,1.000000000000000e+00,0.000000000000000e+00,2.629831189447877e+03,2.629831189447877e+03,-2.495059939294514e+03,7.364604387885799e+01,1.000000000000000e+03,1.000000000000000e+00,
2.803562742691058e-02,0.000000000000000e+00,7.364604387885799e+01,2.767569653412401e+09,2.767472923995641e+09,1.854490731420975e+03,2.803562742691058e-02,0.000000000000000e+00,-1.000000000000000e+03,1.844981949330428e+09,9.672941675991507e+04,3.313949360510120e+05,8.739414308658771e-03,4.626226118884337e+08,2.500000000000000e-07,6.564836558822911e-04,9.884034327622890e+10,9.884034327622890e+10,-1.552289720107811e+00,2.803562742691058e-02,1.000000000000000e+00,0.000000000000000e+00,2.629831189447877e+03,2.629831189447877e+03,-2.190415996550796e+03,7.364604387885799e+01,1.000000000000000e+03,1.000000000000000e+00,
2.803562742691058e-02,0.000000000000000e+00,7.364604387885799e+01,2.767569653412401e+09,2.767472923995641e+09,1.854490731420975e+03,2.803562742691058e-02,0.000000000000000e+00,-1.000000000000000e+03,1.844981949330428e+09,9.672941675991507e+04,3.313949360510120e+05,8.739414308658771e-03,4.626226118884337e+08,2.500000000000000e-07,6.564836558822911e-04,9.884034327622890e+10,9.884034327622890e+10,-1.552289720107811e+00,2.803562742691058e-02,1.000000000000000e+00,0.000000000000000e+00,2.629831189447877e+03,2.629831189447877e+03,-1.862616421547298e+03,7.364604387885799e+01,1.000000000000000e+03,1.000000000000000e+00,
7.509624491569947e-08,0.000000000000000e+00,-7.506115527127407e-08,2.083341123353521e+03,2.083341123315990e+03,5.205142065449097e+02,7.509624491569947e-08,0.000000000000000e+00,-1.000000000000000e+03,1.388894082210660e+03,3.753243501467513e-08,1.755698054621632e+05,5.697866824162877e-06,7.937756540540715e+08,0.000000000000000e+00,-1.003304272995109e-14,2.774228093101964e+10,2.774228093101964e+10,-7.124381778750338e+00,7.509624491569947e-08,1.000000000000000e+00,0.000000000000000e+00,-9.997733982933621e-01,1.000004030316744e+00,-6.016127490411917e-01,7.507922797843948e-08,1.000000000000000e+03,1.000000000000000e+00,
8.198918211612360e-08,0.000000000000000e+00,-7.508058990693374e-08,2.671311089366742e+03,2.671311089330479e+03,6.113055446682977e+02,8.198918211612360e-08,0.000000000000000e+00,-1.000000000000000e+03,1.780874059553653e+03,3.753071955421761e-08,1.902666631645217e+05,5.694072098153393e-06,7.992245701224499e+08,0.000000000000000e+00,-1.501842274209686e-11,3.258126280058539e+10,3.258126280058539e+10,-7.086243445874858e+00,8.198918211612360e-08,1.000000000000000e+00,0.000000000000000e+00,-9.405261427289791e-01,9.997449301008123e-01,-4.225880948763987e-01,7.711296920118153e-08,1.000000000000000e+03,1.000000000000000e+00,
2.342478382277237e-07,0.000000000000000e+00,9.580828989597549e-08,2.692360386519045e+04,2.692360386517085e+04,2.156492849348087e+03,2.342478382277237e-07,0.000000000000000e+00,-1.000000000000000e+03,1.794906924344723e+04,3.615734566819065e-08,3.573613215031603e+05,4.892295564341886e-06,8.456491157785050e+08,0.000000000000000e+00,1.633100027968347e-08,1.149364026958366e+11,1.149364026958366e+11,-6.630324408338168e+00,2.342478382277237e-07,1.000000000000000e+00,0.000000000000000e+00,4.090039447998473e-01,9.362485473808826e-01,1.299426311858862e-01,9.580828989597549e-08,1.000000000000000e+03,1.000000000000000e+00,
3.098621384177711e-06,0.000000000000000e+00,7.371075345083711e-03,2.565797416603348e+05,2.565709744143556e+05,2.182184814181729e+03,3.098621384177711e-06,0.000000000000000e+00,-1.000000000000000e+03,1.710473162762371e+05,8.767245979185574e+00,3.594837793122091e+05,7.842672621684277e-03,8.277463843132150e+08,0.000000000000000e+00,-6.643630078052267e-08,1.163057288297301e+11,1.163057288297301e+11,-5.508831486299518e+00,3.098621384177711e-06,1.000000000000000e+00,0.000000000000000e+00,2.378824138606334e+03,2.378824138606334e+03,4.382138599542045e+02,7.371075345083711e-03,1.000000000000000e+03,1.000000000000000e+00,
3.417158869461689e-05,0.000000000000000e+00,8.690012079653943e-02,2.741750928677406e+06,2.741640432922264e+06,1.551563329127713e+03,3.417158869461689e-05,0.000000000000000e+00,-1.000000000000000e+03,1.827760288614843e+06,1.104957551423819e+02,3.031225791692866e+05,8.517336421349875e-03,7.184785538105992e+08,0.000000000000000e+00,1.352785835806117e-06,8.269496820201637e+10,8.269496820201637e+10,-4.466334829651148e+00,3.417158869461689e-05,1.000000000000000e+00,0.000000000000000e+00,2.543051819250913e+03,2.543051819250913e+03,-4.674621583988023e+00,8.690012079653943e-02,1.000000000000000e+03,1.000000000000000e+00,
3.767147485471242e-04,0.000000000000000e+00,9.842335149811208e-01,3.014533911006193e+07,3.014405336850847e+07,1.505171655340758e+03,3.767147485471242e-04,0.000000000000000e+00,-1.000000000000000e+03,2.009603557900565e+07,1.285741553454089e+03,2.985565131140008e+05,8.762181956010221e-03,6.315684974708271e+08,0.000000000000000e+00,-3.723382608712882e-07,8.022239237051143e+10,8.022239237051144e+10,-3.423987376645028e+00,3.767147485471242e-04,1.000000000000000e+00,0.000000000000000e+00,2.612675821100751e+03,2.612675821100751e+03,-6.229014855864439e+02,9.842335149811208e-01,1.000000000000000e+03,1.000000000000000e+00,
4.058808481888746e-03,0.000000000000000e+00,1.066347137559582e+01,3.297729574372532e+08,3.297589496782907e+08,1.524363193382356e+03,4.058808481888746e-03,0.000000000000000e+00,-1.000000000000000e+03,2.198392997855272e+08,1.400775896245752e+04,3.004538415683798e+05,8.801227805185118e-03,5.461533218115970e+08,0.000000000000000e+00,3.293378478815612e-08,8.124525982187735e+10,8.124525982187735e+10,-2.391601440730317e+00,4.058808481888746e-03,1.000000000000000e+00,0.000000000000000e+00,2.627241818178527e+03,2.627241818178527e+03,-1.174244026874188e+03,1.066347137559582e+01,1.000000000000000e+03,1.000000000000000e+00,
7.509624491569947e-08,0.000000000000000e+00,-7.506115527127407e-08,2.083341123353521e+03,2.083341123315990e+03,5.205142065449097e+02,7.509624491569947e-08,0.000000000000000e+00,-1.000000000000000e+03,1.388894082210660e+03,3.753243501467513e-08,1.755698054621632e+05,5.697866824162877e-06,7.937756540540715e+08,0.000000000000000e+00,-1.003304272995109e-14,2.774228093101964e+10,2.774228093101964e+10,-7.124381778750338e+00,7.509624491569947e-08,1.000000000000000e+00,0.000000000000000e+00,-9.997733982933621e-01,1.000004030316744e+00,-6.016127490411917e-01,7.507922797843948e-08,1.000000000000000e+03,1.000000000000000e+00,
8.198918211612360e-08,0.000000000000000e+00,-7.508058990693374e-08,2.671311089366742e+03,2.671311089330479e+03,6.113055446682977e+02,8.198918211612360e-08,0.000000000000000e+00,-1.000000000000000e+03,1.780874059553653e+03,3.753071955421761e-08,1.902666631645217e+05,5.694072098153393e-06,7.992245701224499e+08,0.000000000000000e+00,-1.501842274209686e-11,3.258126280058539e+10,3.258126280058539e+10,-7.086243445874858e+00,8.198918211612360e-08,1.000000000000000e+00,0.000000000000000e+00,-9.405261427289791e-01,9.997449301008123e-01,-4.225880948763987e-01,7.711296920118153e-08,1.000000000000000e+03,1.000000000000000e+00,
2.342478382277237e-07,0.000000000000000e+00,9.580828989597549e-08,2.692360386519045e+04,2.692360386517085e+04,2.156492849348087e+03,2.342478382277237e-07,0.000000000000000e+00,-1.000000000000000e+03,1.794906924344723e+04,3.615734566819065e-08,3.573613215031603e+05,4.892295564341886e-06,8.456491157785050e+08,0.000000000000000e+00,1.633100027968347e-08,1.149364026958366e+11,1.149364026958366e+11,-6.630324408338168e+00,2.342478382277237e-07,1.000000000000000e+00,0.000000000000000e+00,4.090039447998473e-01,9.362485473808826e-01,1.299426311858862e-01,9.580828989597549e-08,1.000000000000000e+03,1.000000000000000e+00,
3.098621384177711e-06,0.000000000000000e+00,7.371075345083711e-03,2.565797416603348e+05,2.565709744143556e+05,2.182184814181729e+03,3.098621384177711e-06,0.000000000000000e+00,-1.000000000000000e+03,1.710473162762371e+05,8.767245979185574e+00,3.594837793122091e+05,7.842672621684277e-03,8.277463843132150e+08,0.000000000000000e+00,-6.643630078052267e-08,1.163057288297301e+11,1.163057288297301e+11,-5.508831486299518e+00,3.098621384177711e-06,1.000000000000000e+00,0.000000000000000e+00,2.378824138606334e+03,2.378824138606334e+03,4.382138599542045e+02,7.371075345083711e-03,1.000000000000000e+03,1.000000000000000e+00,
3.417158869461689e-05,0.000000000000000e+00,8.690012079653943e-02,2.741750928677406e+06,2.741640432922264e+06,1.551563329127713e+03,3.417158869461689e-05,0.000000000000000e+00,-1.000000000000000e+03,1.827760288614843e+06,1.104957551423819e+02,3.031225791692866e+05,8.517336421349875e-03,7.184785538105992e+08,0.000000000000000e+00,1.352785835806117e-06,8.269496820201637e+10,8.269496820201637e+10,-4.466334829651148e+00,3.417158869461689e-05,1.000000000000000e+00,0.000000000000000e+00,2.543051819250913e+03,2.543051819250913e+03,-4.674621583988023e+00,8.690012079653943e-02,1.000000000000000e+03,1.000000000000000e+00,
3.767147485471242e-04,0.000000000000000e+00,9.842335149811208e-01,3.014533911006193e+07,3.014405336850847e+07,1.505171655340758e+03,3.767147485471242e-04,0.000000000000000e+00,-1.000000000000000e+03,2.009603557900565e+07,1.285741553454089e+03,2.985565131140008e+05,8.762181956010221e-03,6.315684974708271e+08,0.000000000000000e+00,-3.723382608712882e-07,8.022239237051143e+10,8.022239237051144e+10,-3.423987376645028e+00,3.767147485471242e-04,1.000000000000000e+00,0.000000000000000e+00,2.612675821100751e+03,2.612675821100751e+03,-6.229014855864439e+02,9.842335149811208e-01,1.000000000000000e+03,1.000000000000000e+00,
4.058808481888746e-03,0.000000000000000e+00,1.066347137559582e+01,3.297729574372532e+08,3.297589496782907e+08,1.524363193382356e+03,4.058808481888746e-03,0.000000000000000e+00,-1.000000000000000e+03,2.198392997855272e+08,1.400775896245752e+04,3.004538415683798e+05,8.801227805185118e-03,5.461533218115970e+08,0.000000000000000e+00,3.293378478815612e-08,8.124525982187735e+10,8.124525982187735e+10,-2.391601440730317e+00,4.058808481888746e-03,1.000000000000000e+00,0.000000000000000e+00,2.627241818178527e+03,2.627241818178527e+03,-1.174244026874188e+03,1.066347137559582e+01,1.000000000000000e+03,1.000000000000000e+00,
7.509624491569947e-08,0.000000000000000e+00,-7.506115527127407e-08,2.083341123353521e+03,2.083341123315990e+03,5.205142065449097e+02,7.509624491569947e-08,0.000000000000000e+00,-1.000000000000000e+03,1.388894082210660e+03,3.753243501467513e-08,1.755698054621632e+05,5.697866824162877e-06,7.937756540540715e+08,0.000000000000000e+00,-1.003304272995109e-14,2.774228093101964e+10,2.774228093101964e+10,-7.124381778750338e+00,7.509624491569947e-08,1.000000000000000e+00,0.000000000000000e+00,-9.997733982933621e-01,1.000004030316744e+00,-7.087851528482945e-01,7.507922797843948e-08,1.000000000000000e+03,1.000000000000000e+00,
8.198918211612360e-08,0.000000000000000e+00,-7.508058990693374e-08,2.671311089366742e+03,2.671311089330479e+03,6.113055446682977e+02,8.198918211612360e-08,0.000000000000000e+00,-1.000000000000000e+03,1.780874059553653e+03,3.753071955421761e-08,1.902666631645217e+05,5.694072098153393e-06,7.992245701224499e+08,0.000000000000000e+00,-1.501842274209686e-11,3.258126280058539e+10,3.258126280058539e+10,-7.086243445874858e+00,8.198918211612360e-08,1.000000000000000e+00,0.000000000000000e+00,-9.405261427289791e-01,9.997449301008123e-01,-5.240605387278336e-01,7.711296920118153e-08,1.000000000000000e+03,1.000000000000000e+00,
2.342478382277237e-07,0.000000000000000e+00,9.580828989597549e-08,2.692360386519045e+04,2.692360386517085e+04,2.156492849348087e+03,2.342478382277237e-07,0.000000000000000e+00,-1.000000000000000e+03,1.794906924344723e+04,3.615734566819065e-08,3.573613215031603e+05,4.892295564341886e-06,8.456491157785050e+08,0.000000000000000e+00,1.633100027968347e-08,1.149364026958366e+11,1.149364026958366e+11,-6.630324408338168e+00,2.342478382277237e-07,1.000000000000000e+00,0.000000000000000e+00,4.090039447998473e-01,9.362485473808826e-01,1.834808363511364e-01,9.580828989597549e-08,1.000000000000000e+03,1.000000000000000e+00,
3.098621384177711e-06,0.000000000000000e+00,7.371075345083711e-03,2.565797416603348e+05,2.565709744143556e+05,2.182184814181729e+03,3.098621384177711e-06,0.000000000000000e+00,-1.000000000000000e+03,1.710473162762371e+05,8.767245979185574e+00,3.594837793122091e+05,7.842672621684277e-03,8.277463843132150e+08,0.000000000000000e+00,-6.643630078052267e-08,1.163057288297301e+11,1.163057288297301e+11,-5.508831486299518e+00,3.098621384177711e-06,1.000000000000000e+00,0.000000000000000e+00,2.378824138606334e+03,2.378824138606334e+03,6.307817269423425e+02,7.371075345083711e-03,1.000000000000000e+03,1.000000000000000e+00,
3.417158869461689e-05,0.000000000000000e+00,8.690012079653943e-02,2.741750928677406e+06,2.741640432922264e+06,1.551563329127713e+03,3.417158869461689e-05,0.000000000000000e+00,-1.000000000000000e+03,1.827760288614843e+06,1.104957551423819e+02,3.031225791692866e+05,8.517336421349875e-03,7.184785538105992e+08,0.000000000000000e+00,1.352785835806117e-06,8.269496820201637e+10,8.269496820201637e+10,-4.466334829651148e+00,3.417158869461689e-05,1.000000000000000e+00,0.000000000000000e+00,2.543051819250913e+03,2.543051819250913e+03,-6.236887888432921e+00,8.690012079653943e-02,1.000000000000000e+03,1.000000000000000e+00,
3.767147485471242e-04,0.000000000000000e+00,9.842335149811208e-01,3.014533911006193e+07,3.014405336850847e+07,1.505171655340758e+03,3.767147485471242e-04,0.000000000000000e+00,-1.000000000000000e+03,2.009603557900565e+07,1.285741553454089e+03,2.985565131140008e+05,8.762181956010221e-03,6.315684974708271e+08,0.000000000000000e+00,-3.723382608712882e-07,8.022239237051143e+10,8.022239237051144e+10,-3.423987376645028e+00,3.767147485471242e-04,1.000000000000000e+00,0.000000000000000e+00,2.612675821100751e+03,2.612675821100751e+03,-8.123118727228783e+02,9.842335149811208e-01,1.000000000000000e+03,1.000000000000000e+00,
4.058808481888746e-03,0.000000000000000e+00,1.066347137559582e+01,3.297729574372532e+08,3.297589496782907e+08,1.524363193382356e+03,4.058808481888746e-03,0.000000000000000e+00,-1.000000000000000e+03,2.198392997855272e+08,1.400775896245752e+04,3.004538415683798e+05,8.801227805185118e-03,5.461533218115970e+08,0.000000000000000e+00,3.293378478815612e-08,8.124525982187735e+10,8.124525982187735e+10,-2.391601440730317e+00,4.058808481888746e-03,1.000000000000000e+00,0.000000000000000e+00,2.627241818178527e+03,2.627241818178527e+03,-1.456205143454447e+03,1.066347137559582e+01,1.000000000000000e+03,1.000000000000000e+00,
7.509624491569947e-08,0.000000000000000e+00,-7.506115527127407e-08,2.083341123353521e+03,2.083341123315990e+03,5.205142065449097e+02,7.509624491569947e-08,0.000000000000000e+00,-1.000000000000000e+03,1.388894082210660e+03,3.753243501467513e-08,1.755698054621632e+05,5.697866824162877e-06,7.937756540540715e+08,0.000000000000000e+00,-1.003304272995109e-14,2.774228093101964e+10,2.774228093101964e+10,-7.124381778750338e+00,7.509624491569947e-08,1.000000000000000e+00,0.000000000000000e+00,-9.997733982933621e-01,1.000004030316744e+00,-8.335233808509513e-01,7.507922797843948e-08,1.000000000000000e+03,1.000000000000000e+00,
8.198918211612360e-08,0.000000000000000e+00,-7.508058990693374e-08,2.671311089366742e+03,2.671311089330479e+03,6.113055446682977e+02,8.198918211612360e-08,0.000000000000000e+00,-1.000000000000000e+03,1.780874059553653e+03,3.753071955421761e-08,1.902666631645217e+05,5.694072098153393e-06,7.992245701224499e+08,0.000000000000000e+00,-1.501842274209686e-11,3.258126280058539e+10,3.258126280058539e+10,-7.086243445874858e+00,8.198918211612360e-08,1.000000000000000e+00,0.000000000000000e+00,-9.405261427289791e-01,9.997449301008123e-01,-6.676451806876990e-01,7.711296920118153e-08,1.000000000000000e+03,1.000000000000000e+00,
2.342478382277237e-07,0.000000000000000e+00,9.580828989597549e-08,2.692360386519045e+04,2.692360386517085e+04,2.156492849348087e+03,2.342478382277237e-07,0.000000000000000e+00,-1.000000000000000e+03,1.794906924344723e+04,3.615734566819065e-08,3.573613215031603e+05,4.892295564341886e-06,8.456491157785050e+08,0.000000000000000e+00,1.633100027968347e-08,1.149364026958366e+11,1.149364026958366e+11,-6.630324408338168e+00,2.342478382277237e-07,1.000000000000000e+00,0.000000000000000e+00,4.090039447998473e-01,9.362485473808826e-01,2.892094629000204e-01,9.580828989597549e-08,1.000000000000000e+03,1.000000000000000e+00,
3.098621384177711e-06,0.000000000000000e+00,7.371075345083711e-03,2.565797416603348e+05,2.565709744143556e+05,2.182184814181729e+03,3.098621384177711e-06,0.000000000000000e+00,-1.000000000000000e+03,1.710473162762371e+05,8.767245979185574e+00,3.594837793122091e+05,7.842672621684277e-03,8.277463843132150e+08,0.000000000000000e+00,-6.643630078052267e-08,1.163057288297301e+11,1.163057288297301e+11,-5.508831486299518e+00,3.098621384177711e-06,1.000000000000000e+00,0.000000000000000e+00,2.378824138606334e+03,2.378824138606334e+03,1.057973020096966e+03,7.371075345083711e-03,1.000000000000000e+03,1.000000000000000e+00,
3.417158869461689e-05,0.000000000000000e+00,8.690012079653943e-02,2.741750928677406e+06,2.741640432922264e+06,1.551563329127713e+03,3.417158869461689e-05,0.000000000000000e+00,-1.000000000000000e+03,1.827760288614843e+06,1.104957551423819e+02,3.031225791692866e+05,8.517336421349875e-03,7.184785538105992e+08,0.000000000000000e+00,1.352785835806117e-06,8.269496820201637e+10,8.269496820201637e+10,-4.466334829651148e+00,3.417158869461689e-05,1.000000000000000e+00,0.000000000000000e+00,2.543051819250913e+03,2.543051819250913e+03,-9.367520924665694e+00,8.690012079653943e-02,1.000000000000000e+03,1.000000000000000e+00,
3.767147485471242e-04,0.000000000000000e+00,9.842335149811208e-01,3.014533911006193e+07,3.014405336850847e+07,1.505171655340758e+03,3.767147485471242e-04,0.000000000000000e+00,-1.000000000000000e+03,2.009603557900565e+07,1.285741553454089e+03,2.985565131140008e+05,8.762181956010221e-03,6.315684974708271e+08,0.000000000000000e+00,-3.723382608712882e-07,8.022239237051143e+10,8.022239237051144e+10,-3.423987376645028e+00,3.767147485471242e-04,1.000000000000000e+00,0.000000000000000e+00,2.612675821100751e+03,2.612675821100751e+03,-1.148775433840391e+03,9.842335149811208e-01,1.000000000000000e+03,1.000000000000000e+00,
4.058808481888746e-03,0.000000000000000e+00,1.066347137559582e+01,3.297729574372532e+08,3.297589496782907e+08,1.524363193382356e+03,4.058808481888746e-03,0.000000000000000e+00,-1.000000000000000e+03,2.198392997855272e+08,1.400775896245752e+04,3.004538415683798e+05,8.801227805185118e-03,5.461533218115970e+08,0.000000000000000e+00,3.293378478815612e-08,8.124525982187735e+10,8.124525982187735e+10,-2.391601440730317e+00,4.058808481888746e-03,1.000000000000000e+00,0.000000000000000e+00,2.627241818178527e+03,2.627241818178527e+03,-1.855183274207409e+03,1.066347137559582e+01,1.000000000000000e+03,1.000000000000000e+00,
7.509624491569947e-08,0.000000000000000e+00,-7.506115527127407e-08,2.083341123353521e+03,2.083341123315990e+03,5.205142065449097e+02,7.509624491569947e-08,0.000000000000000e+00,-1.000000000000000e+03,1.388894082210660e+03,3.753243501467513e-08,1.755698054621632e+05,5.697866824162877e-06,7.937756540540715e+08,0.000000000000000e+00,-1.003304272995109e-14,2.774228093101964e+10,2.774228093101964e+10,-7.124381778750338e+00,7.509624491569947e-08,1.000000000000000e+00,0.000000000000000e+00,-9.997733982933621e-01,1.000004030316744e+00,-9.494501497895287e-01,7.507922797843948e-08,1.000000000000000e+03,1.000000000000000e+00,
8.198918211612360e-08,0.000000000000000e+00,-7.508058990693374e-08,2.671311089366742e+03,2.671311089330479e+03,6.113055446682977e+02,8.198918211612360e-08,0.000000000000000e+00,-1.000000000000000e+03,1.780874059553653e+03,3.753071955421761e-08,1.902666631645217e+05,5.694072098153393e-06,7.992245701224499e+08,0.000000000000000e+00,-1.501842274209686e-11,3.258126280058539e+10,3.258126280058539e+10,-7.086243445874858e+00,8.198918211612360e-08,1.000000000000000e+00,0.000000000000000e+00,-9.405261427289791e-01,9.997449301008123e-01,-8.431914832435959e-01,7.711296920118153e-08,1.000000000000000e+03,1.000000000000000e+00,
2.342478382277237e-07,0.000000000000000e+00,9.580828989597549e-08,2.692360386519045e+04,2.692360386517085e+04,2.156492849348087e+03,2.342478382277237e-07,0.000000000000000e+00,-1.000000000000000e+03,1.794906924344723e+04,3.615734566819065e-08,3.573613215031603e+05,4.892295564341886e-06,8.456491157785050e+08,0.000000000000000e+00,1.633100027968347e-08,1.149364026958366e+11,1.149364026958366e+11,-6.630324408338168e+00,2.342478382277237e-07,1.000000000000000e+00,0.000000000000000e+00,4.090039447998473e-01,9.362485473808826e-01,4.089916563102086e-01,9.580828989597549e-08,1.000000000000000e+03,1.000000000000000e+00,
3.098621384177711e-06,0.000000000000000e+00,7.371075345083711e-03,2.565797416603348e+05,2.565709744143556e+05,2.182184814181729e+03,3.098621384177711e-06,0.000000000000000e+00,-1.000000000000000e+03,1.710473162762371e+05,8.767245979185574e+00,3.594837793122091e+05,7.842672621684277e-03,8.277463843132150e+08,0.000000000000000e+00,-6.643630078052267e-08,1.163057288297301e+11,1.163057288297301e+11,-5.508831486299518e+00,3.098621384177711e-06,1.000000000000000e+00,0.000000000000000e+00,2.378824138606334e+03,2.378824138606334e+03,2.326480435073488e+03,7.371075345083711e-03,1.000000000000000e+03,1.000000000000000e+00,
3.417158869461689e-05,0.000000000000000e+00,8.690012079653943e-02,2.741750928677406e+06,2.741640432922264e+06,1.551563329127713e+03,3.417158869461689e-05,0.000000000000000e+00,-1.000000000000000e+03,1.827760288614843e+06,1.104957551423819e+02,3.031225791692866e+05,8.517336421349875e-03,7.184785538105992e+08,0.000000000000000e+00,1.352785835806117e-06,8.269496820201637e+10,8.269496820201637e+10,-4.466334829651148e+00,3.417158869461689e-05,1.000000000000000e+00,0.000000000000000e+00,2.543051819250913e+03,2.543051819250913e+03,-1.880836343212610e+01,8.690012079653943e-02,1.000000000000000e+03,1.000000000000000e+00,
3.767147485471242e-04,0.000000000000000e+00,9.842335149811208e-01,3.014533911006193e+07,3.014405336850847e+07,1.505171655340758e+03,3.767147485471242e-04,0.000000000000000e+00,-1.000000000000000e+03,2.009603557900565e+07,1.285741553454089e+03,2.985565131140008e+05,8.762181956010221e-03,6.315684974708271e+08,0.000000000000000e+00,-3.723382608712882e-07,8.022239237051143e+10,8.022239237051144e+10,-3.423987376645028e+00,3.767147485471242e-04,1.000000000000000e+00,0.000000000000000e+00,2.612675821100751e+03,2.612675821100751e+03,-1.813500005593072e+03,9.842335149811208e-01,1.000000000000000e+03,1.000000000000000e+00,
4.058808481888746e-03,0.000000000000000e+00,1.066347137559582e+01,3.297729574372532e+08,3.297589496782907e+08,1.524363193382356e+03,4.058808481888746e-03,0.000000000000000e+00,-1.000000000000000e+03,2.198392997855272e+08,1.400775896245752e+04,3.004538415683798e+05,8.801227805185118e-03,5.461533218115970e+08,0.000000000000000e+00,3.293378478815612e-08,8.124525982187735e+10,8.124525982187735e+10,-2.391601440730317e+00,4.058808481888746e-03,1.000000000000000e+00,0.000000000000000e+00,2.627241818178527e+03,2.627241818178527e+03,-2.342973156874128e+03,1.066347137559582e+01,1.000000000000000e+03,1.000000000000000e+00,
7.509624491569947e-08,0.000000000000000e+00,-7.506115527127407e-08,2.083341123353521e+03,2.083341123315990e+03,5.205142065449097e+02,7.509624491569947e-08,0.000000000000000e+00,-1.000000000000000e+03,1.388894082210660e+03,3.753243501467513e-08,1.755698054621632e+05,5.697866824162877e-06,7.937756540540715e+08,0.000000000000000e+00,-1.003304272995109e-14,2.774228093101964e+10,2.774228093101964e+10,-7.124381778750338e+00,7.509624491569947e-08,1.000000000000000e+00,0.000000000000000e+00,-9.997733982933621e-01,1.000004030316744e+00,-9.494501497895287e-01,7.507922797843948e-08,1.000000000000000e+03,1.000000000000000e+00,
8.198918211612360e-08,0.000000000000000e+00,-7.508058990693374e-08,2.671311089366742e+03,2.671311089330479e+03,6.113055446682977e+02,8.198918211612360e-08,0.000000000000000e+00,-1.000000000000000e+03,1.780874059553653e+03,3.753071955421761e-08,1.902666631645217e+05,5.694072098153393e-06,7.992245701224499e+08,0.000000000000000e+00,-1.501842274209686e-11,3.258126280058539e+10,3.258126280058539e+10,-7.086243445874858e+00,8.198918211612360e-08,1.000000000000000e+00,0.000000000000000e+00,-9.405261427289791e-01,9.997449301008123e-01,-8.431914832435959e-01,7.711296920118153e-08,1.000000000000000e+03,1.000000000000000e+00,
2.342478382277237e-07,0.000000000000000e+00,9.580828989597549e-08,2.692360386519045e+04,2.692360386517085e+04,2.156492849348087e+03,2.342478382277237e-07,0.000000000000000e+00,-1.000000000000000e+03,1.794906924344723e+04,3.615734566819065e-08,3.573613215031603e+05,4.892295564341886e-06,8.456491157785050e+08,0.000000000000000e+00,1.633100027968347e-08,1.149364026958366e+11,1.149364026958366e+11,-6.630324408338168e+00,2.342478382277237e-07,1.000000000000000e+00,0.000000000000000e+00,4.090039447998473e-01,9.362485473808826e-01,4.089916563102086e-01,9.580828989597549e-08,1.000000000000000e+03,1.000000000000000e+00,
3.098621384177711e-06,0.000000000000000e+00,7.371075345083711e-03,2.565797416603348e+05,2.565709744143556e+05,2.182184814181729e+03,3.098621384177711e-06,0.000000000000000e+00,-1.000000000000000e+03,1.710473162762371e+05,8.767245979185574e+00,3.594837793122091e+05,7.842672621684277e-03,8.277463843132150e+08,0.000000000000000e+00,-6.643630078052267e-08,1.163057288297301e+11,1.163057288297301e+11,-5.508831486299518e+00,3.098621384177711e-06,1.000000000000000e+00,0.000000000000000e+00,2.378824138606334e+03,2.378824138606334e+03,2.326480435073488e+03,7.371075345083711e-03,1.000000000000000e+03,1.000000000000000e+00,
3.417158869461689e-05,0.000000000000000e+00,8.690012079653943e-02,2.741750928677406e+06,2.741640432922264e+06,1.551563329127713e+03,3.417158869461689e-05,0.000000000000000e+00,-1.000000000000000e+03,1.827760288614843e+06,1.104957551423819e+02,3.031225791692866e+05,8.517336421349875e-03,7.184785538105992e+08,0.000000000000000e+00,1.352785835806117e-06,8.269496820201637e+10,8.269496820201637e+10,-4.466334829651148e+00,3.417158869461689e-05,1.000000000000000e+00,0.000000000000000e+00,2.543051819250913e+03,2.543051819250913e+03,-1.880836343212610e+01,8.690012079653943e-02,1.000000000000000e+03,1.000000000000000e+00,
3.767147485471242e-04,0.000000000000000e+00,9.842335149811208e-01,3.014533911006193e+07,3.014405336850847e+07,1.505171655340758e+03,3.767147485471242e-04,0.000000000000000e+00,-1.000000000000000e+03,2.009603557900565e+07,1.285741553454089e+03,2.985565131140008e+05,8.762181956010221e-03,6.315684974708271e+08,0.000000000000000e+00,-3.723382608712882e-07,8.022239237051143e+10,8.022239237051144e+10,-3.423987376645028e+00,3.767147485471242e-04,1.000000000000000e+00,0.000000000000000e+00,2.612675821100751e+03,2.612675821100751e+03,-1.813500005593072e+03,9.842335149811208e-01,1.000000000000000e+03,1.000000000000000e+00,
4.058808481888746e-03,0.000000000000000e+00,1.066347137559582e+01,3.297729574372532e+08,3.297589496782907e+08,1.524363193382356e+03,4.058808481888746e-03,0.000000000000000e+00,-1.000000000000000e+03,2.198392997855272e+08,1.400775896245752e+04,3.004538415683798e+05,8.801227805185118e-03,5.461533218115970e+08,0.000000000000000e+00,3.293378478815612e-08,8.124525982187735e+10,8.124525982187735e+10,-2.391601440730317e+00,4.058808481888746e-03,1.000000000000000e+00,0.000000000000000e+00,2.627241818178527e+03,2.627241818178527e+03,-2.342973156874128e+03,1.066347137559582e+01,1.000000000000000e+03,1.000000000000000e+00,
7.509624491569947e-08,0.000000000000000e+00,-7.506115527127407e-08,2.083341123353521e+03,2.083341123315990e+03,5.205142065449097e+02,7.509624491569947e-08,0.000000000000000e+00,-1.000000000000000e+03,1.388894082210660e+03,3.753243501467513e-08,1.755698054621632e+05,5.697866824162877e-06,7.937756540540715e+08,0.000000000000000e+00,-1.003304272995109e-14,2.774228093101964e+10,2.774228093101964e+10,-7.124381778750338e+00,7.509624491569947e-08,1.000000000000000e+00,0.000000000000000e+00,-9.997733982933621e-01,1.000004030316744e+00,-8.335233808509513e-01,7.507922797843948e-08,1.000000000000000e+03,1.000000000000000e+00,
8.198918211612360e-08,0.000000000000000e+00,-7.508058990693374e-08,2.671311089366742e+03,2.671311089330479e+03,6.113055446682977e+02,8.198918211612360e-08,0.000000000000000e+00,-1.000000000000000e+03,1.780874059553653e+03,3.753071955421761e-08,1.902666631645217e+05,5.694072098153393e-06,7.992245701224499e+08,0.000000000000000e+00,-1.501842274209686e-11,3.258126280058539e+10,3.258126280058539e+10,-7.086243445874858e+00,8.198918211612360e-08,1.000000000000000e+00,0.000000000000000e+00,-9.405261427289791e-01,9.997449301008123e-01,-6.676451806876990e-01,7.711296920118153e-08,1.000000000000000e+03,1.000000000000000e+00,
2.342478382277237e-07,0.000000000000000e+00,9.580828989597549e-08,2.692360386519045e+04,2.692360386517085e+04,2.156492849348087e+03,2.342478382277237e-07,0.000000000000000e+00,-1.000000000000000e+03,1.794906924344723e+04,3.615734566819065e-08,3.573613215031603e+05,4.892295564341886e-06,8.456491157785050e+08,0.000000000000000e+00,1.633100027968347e-08,1.149364026958366e+11,1.149364026958366e+11,-6.630324408338168e+00,2.342478382277237e-07,1.000000000000000e+00,0.000000000000000e+00,4.090039447998473e-01,9.362485473808826e-01,2.892094629000204e-01,9.580828989597549e-08,1.000000000000000e+03,1.000000000000000e+00,
3.098621384177711e-06,0.000000000000000e+00,7.371075345083711e-03,2.565797416603348e+05,2.565709744143556e+05,2.182184814181729e+03,3.098621384177711e-06,0.000000000000000e+00,-1.000000000000000e+03,1.710473162762371e+05,8.767245979185574e+00,3.594837793122091e+05,7.842672621684277e-03,8.277463843132150e+08,0.000000000000000e+00,-6.643630078052267e-08,1.163057288297301e+11,1.163057288297301e+11,-5.508831486299518e+00,3.098621384177711e-06,1.000000000000000e+00,0.000000000000000e+00,2.378824138606334e+03,2.378824138606334e+03,1.057973020096966e+03,7.371075345083711e-03,1.000000000000000e+03,1.000000000000000e+00,
3.417158869461689e-05,0.000000000000000e+00,8.690012079653943e-02,2.741750928677406e+06,2.741640432922264e+06,1.551563329127713e+03,3.417158869461689e-05,0.000000000000000e+00,-1.000000000000000e+03,1.827760288614843e+06,1.104957551423819e+02,3.031225791692866e+05,8.517336421349875e-03,7.184785538105992e+08,0.000000000000000e+00,1.352785835806117e-06,8.269496820201637e+10,8.269496820201637e+10,-4.466334829651148e+00,3.417158869461689e-05,1.000000000000000e+00,0.000000000000000e+00,2.543051819250913e+03,2.543051819250913e+03,-9.367520924665694e+00,8.690012079653943e-02,1.000000000000000e+03,1.000000000000000e+00,
3.767147485471242e-04,0.000000000000000e+00,9.842335149811208e-01,3.014533911006193e+07,3.014405336850847e+07,1.505171655340758e+03,3.767147485471242e-04,0.000000000000000e+00,-1.000000000000000e+03,2.009603557900565e+07,1.285741553454089e+03,2.985565131140008e+05,8.762181956010221e-03,6.315684974708271e+08,0.000000000000000e+00,-3.723382608712882e-07,8.022239237051143e+10,8.022239237051144e+10,-3.423987376645028e+00,3.767147485471242e-04,1.000000000000000e+00,0.000000000000000e+00,2.612675821100751e+03,2.612675821100751e+03,-1.148775433840391e+03,9.842335149811208e-01,1.000000000000000e+03,1.000000000000000e+00,
4.058808481888746e-03,0.000000000000000e+00,1.066347137559582e+01,3.297729574372532e+08,3.297589496782907e+08,1.524363193382356e+03,4.058808481888746e-03,0.000000000000000e+00,-1.000000000000000e+03,2.198392997855272e+08,1.400775896245752e+04,3.004538415683798e+05,8.801227805185118e-03,5.461533218115970e+08,0.000000000000000e+00,3.293378478815612e-08,8.124525982187735e+10,8.124525982187735e+10,-2.391601440730317e+00,4.058808481888746e-03,1.000000000000000e+00,0.000000000000000e+00,2.627241818178527e+03,2.627241818178527e+03,-1.855183274207409e+03,1.066347137559582e+01,1.000000000000000e+03,1.000000000000000e+00,
7.509624491569947e-08,0.000000000000000e+00,-7.506115527127407e-08,2.083341123353521e+03,2.083341123315990e+03,5.205142065449097e+02,7.509624491569947e-08,0.000000000000000e+00,-1.000000000000000e+03,1.388894082210660e+03,3.753243501467513e-08,1.755698054621632e+05,5.697866824162877e-06,7.937756540540715e+08,0.000000000000000e+00,-1.003304272995109e-14,2.774228093101964e+10,2.774228093101964e+10,-7.124381778750338e+00,7.509624491569947e-08,1.000000000000000e+00,0.000000000000000e+00,-9.997733982933621e-01,1.000004030316744e+00,-7.087851528482945e-01,7.507922797843948e-08,1.000000000000000e+03,1.000000000000000e+00,
8.198918211612360e-08,0.000000000000000e+00,-7.508058990693374e-08,2.671311089366742e+03,2.671311089330479e+03,6.113055446682977e+02,8.198918211612360e-08,0.000000000000000e+00,-1.000000000000000e+03,1.780874059553653e+03,3.753071955421761e-08,1.902666631645217e+05,5.694072098153393e-06,7.992245701224499e+08,0.000000000000000e+00,-1.501842274209686e-11,3.258126280058539e+10,3.258126280058539e+10,-7.086243445874858e+00,8.198918211612360e-08,1.000000000000000e+00,0.000000000000000e+00,-9.405261427289791e-01,9.997449301008123e-01,-5.240605387278336e-01,7.711296920118153e-08,1.000000000000000e+03,1.000000000000000e+00,
2.342478382277237e-07,0.000000000000000e+00,9.580828989597549e-08,2.692360386519045e+04,2.692360386517085e+04,2.156492849348087e+03,2.342478382277237e-07,0.000000000000000e+00,-1.000000000000000e+03,1.794906924344723e+04,3.615734566819065e-08,3.573613215031603e+05,4.892295564341886e-06,8.456491157785050e+08,0.000000000000000e+00,1.633100027968347e-08,1.149364026958366e+11,1.149364026958366e+11,-6.630324408338168e+00,2.342478382277237e-07,1.000000000000000e+00,0.000000000000000e+00,4.090039447998473e-01,9.362485473808826e-01,1.834808363511364e-01,9.580828989597549e-08,1.000000000000000e+03,1.000000000000000e+00,
3.098621384177711e-06,0.000000000000000e+00,7.371075345083711e-03,2.565797416603348e+05,2.565709744143556e+05,2.182184814181729e+03,3.098621384177711e-06,0.000000000000000e+00,-1.000000000000000e+03,1.710473162762371e+05,8.767245979185574e+00,3.594837793122091e+05,7.842672621684277e-03,8.277463843132150e+08,0.000000000000000e+00,-6.643630078052267e-08,1.163057288297301e+11,1.163057288297301e+11,-5.508831486299518e+00,3.098621384177711e-06,1.000000000000000e+00,0.000000000000000e+00,2.378824138606334e+03,2.378824138606334e+03,6.307817269423425e+02,7.371075345083711e-03,1.000000000000000e+03,1.000000000000000e+00,
3.417158869461689e-05,0.000000000000000e+00,8.690012079653943e-02,2.741750928677406e+06,2.741640432922264e+06,1.551563329127713e+03,3.417158869461689e-05,0.000000000000000e+00,-1.000000000000000e+03,1.827760288614843e+06,1.104957551423819e+02,3.031225791692866e+05,8.517336421349875e-03,7.184785538105992e+08,0.000000000000000e+00,1.352785835806117e-06,8.269496820201637e+10,8.269496820201637e+10,-4.466334829651148e+00,3.417158869461689e-05,1.000000000000000e+00,0.000000000000000e+00,2.543051819250913e+03,2.543051819250913e+03,-6.236887888432921e+00,8.690012079653943e-02,1.000000000000000e+03,1.000000000000000e+00,
3.767147485471242e-04,0.000000000000000e+00,9.842335149811208e-01,3.014533911006193e+07,3.014405336850847e+07,1.505171655340758e+03,3.767147485471242e-04,0.000000000000000e+00,-1.000000000000000e+03,2.009603557900565e+07,1.285741553454089e+03,2.985565131140008e+05,8.762181956010221e-03,6.315684974708271e+08,0.000000000000000e+00,-3.723382608712882e-07,8.022239237051143e+10,8.022239237051144e+10,-3.423987376645028e+00,3.767147485471242e-04,1.000000000000000e+00,0.000000000000000e+00,2.612675821100751e+03,2.612675821100751e+03,-8.123118727228783e+02,9.842335149811208e-01,1.000000000000000e+03,1.000000000000000e+00,
4.058808481888746e-03,0.000000000000000e+00,1.066347137559582e+01,3.297729574372532e+08,3.297589496782907e+08,1.524363193382356e+03,4.058808481888746e-03,0.000000000000000e+00,-1.000000000000000e+03,2.198392997855272e+08,1.400775896245752e+04,3.004538415683798e+05,8.801227805185118e-03,5.461533218115970e+08,0.000000000000000e+00,3.293378478815612e-08,8.124525982187735e+10,8.124525982187735e+10,-2.391601440730317e+00,4.058808481888746e-03,1.000000000000000e+00,0.000000000000000e+00,2.627241818178527e+03,2.627241818178527e+03,-1.456205143454447e+03,1.066347137559582e+01,1.000000000000000e+03,1.000000000000000e+00,

