1
0
28
0
(64 0
((0,0) (63,63) (0,0))
((448,0) (511,63) (0,0))
((384,0) (447,63) (0,0))
((320,0) (383,63) (0,0))
((256,0) (319,63) (0,0))
((192,0) (255,63) (0,0))
((128,0) (191,63) (0,0))
((64,0) (127,63) (0,0))
((0,448) (63,511) (0,0))
((0,384) (63,447) (0,0))
((0,320) (63,383) (0,0))
((0,256) (63,319) (0,0))
((0,192) (63,255) (0,0))
((0,128) (63,191) (0,0))
((0,64) (63,127) (0,0))
((448,448) (511,511) (0,0))
((448,384) (511,447) (0,0))
((448,320) (511,383) (0,0))
((448,256) (511,319) (0,0))
((448,192) (511,255) (0,0))
((448,128) (511,191) (0,0))
((448,64) (511,127) (0,0))
((384,448) (447,511) (0,0))
((384,384) (447,447) (0,0))
((384,320) (447,383) (0,0))
((384,256) (447,319) (0,0))
((384,192) (447,255) (0,0))
((384,128) (447,191) (0,0))
((384,64) (447,127) (0,0))
((320,448) (383,511) (0,0))
((320,384) (383,447) (0,0))
((320,320) (383,383) (0,0))
((320,256) (383,319) (0,0))
((320,192) (383,255) (0,0))
((320,128) (383,191) (0,0))
((320,64) (383,127) (0,0))
((256,448) (319,511) (0,0))
((256,384) (319,447) (0,0))
((256,320) (319,383) (0,0))
((256,256) (319,319) (0,0))
((256,192) (319,255) (0,0))
((256,128) (319,191) (0,0))
((256,64) (319,127) (0,0))
((192,448) (255,511) (0,0))
((192,384) (255,447) (0,0))
((192,320) (255,383) (0,0))
((192,256) (255,319) (0,0))
((192,192) (255,255) (0,0))
((192,128) (255,191) (0,0))
((192,64) (255,127) (0,0))
((128,448) (191,511) (0,0))
((128,384) (191,447) (0,0))
((128,320) (191,383) (0,0))
((128,256) (191,319) (0,0))
((128,192) (191,255) (0,0))
((128,128) (191,191) (0,0))
((128,64) (191,127) (0,0))
((64,448) (127,511) (0,0))
((64,384) (127,447) (0,0))
((64,320) (127,383) (0,0))
((64,256) (127,319) (0,0))
((64,192) (127,255) (0,0))
((64,128) (127,191) (0,0))
((64,64) (127,127) (0,0))
)
64
FabOnDisk: Cell_D_0000 0
FabOnDisk: Cell_D_0001 0
FabOnDisk: Cell_D_0001 917590
FabOnDisk: Cell_D_0001 1835180
FabOnDisk: Cell_D_0001 2752770
FabOnDisk: Cell_D_0000 917587
FabOnDisk: Cell_D_0000 1835177
FabOnDisk: Cell_D_0000 2752767
FabOnDisk: Cell_D_0002 0
FabOnDisk: Cell_D_0002 917590
FabOnDisk: Cell_D_0002 1835180
FabOnDisk: Cell_D_0002 2752770
FabOnDisk: Cell_D_0000 3670356
FabOnDisk: Cell_D_0000 4587946
FabOnDisk: Cell_D_0000 5505536
FabOnDisk: Cell_D_0003 0
FabOnDisk: Cell_D_0003 917593
FabOnDisk: Cell_D_0003 1835186
FabOnDisk: Cell_D_0003 2752779
FabOnDisk: Cell_D_0001 3670360
FabOnDisk: Cell_D_0001 4587953
FabOnDisk: Cell_D_0001 5505546
FabOnDisk: Cell_D_0003 3670372
FabOnDisk: Cell_D_0003 4587965
FabOnDisk: Cell_D_0003 5505558
FabOnDisk: Cell_D_0003 6423151
FabOnDisk: Cell_D_0001 6423138
FabOnDisk: Cell_D_0001 7340731
FabOnDisk: Cell_D_0001 8258324
FabOnDisk: Cell_D_0003 7340744
FabOnDisk: Cell_D_0003 8258337
FabOnDisk: Cell_D_0003 9175930
FabOnDisk: Cell_D_0003 10093523
FabOnDisk: Cell_D_0001 9175916
FabOnDisk: Cell_D_0001 10093509
FabOnDisk: Cell_D_0001 11011102
FabOnDisk: Cell_D_0003 11011116
FabOnDisk: Cell_D_0003 11928709
FabOnDisk: Cell_D_0003 12846302
FabOnDisk: Cell_D_0003 13763895
FabOnDisk: Cell_D_0001 11928694
FabOnDisk: Cell_D_0001 12846287
FabOnDisk: Cell_D_0001 13763880
FabOnDisk: Cell_D_0002 3670360
FabOnDisk: Cell_D_0002 4587953
FabOnDisk: Cell_D_0002 5505546
FabOnDisk: Cell_D_0002 6423139
FabOnDisk: Cell_D_0000 6423125
FabOnDisk: Cell_D_0000 7340718
FabOnDisk: Cell_D_0000 8258311
FabOnDisk: Cell_D_0002 7340732
FabOnDisk: Cell_D_0002 8258325
FabOnDisk: Cell_D_0002 9175918
FabOnDisk: Cell_D_0002 10093511
FabOnDisk: Cell_D_0000 9175903
FabOnDisk: Cell_D_0000 10093496
FabOnDisk: Cell_D_0000 11011089
FabOnDisk: Cell_D_0002 11011104
FabOnDisk: Cell_D_0002 11928696
FabOnDisk: Cell_D_0002 12846288
FabOnDisk: Cell_D_0002 13763880
FabOnDisk: Cell_D_0000 11928681
FabOnDisk: Cell_D_0000 12846273
FabOnDisk: Cell_D_0000 13763865

64,28
2.604521293055946e-03,0.000000000000000e+00,5.609633934352080e+00,2.096241942434129e+08,2.096181532114272e+08,1.510050252022635e+03,2.604521293055946e-03,0.000000000000000e+00,-1.000000000000000e+03,1.397454354742848e+08,6.041031985672935e+03,2.990399657746424e+05,6.519687908587943e-03,4.197706181933479e+08,0.000000000000000e+00,-1.976117968484914e-07,8.048241101744934e+10,8.048241101744933e+10,-2.584272087676898e+00,2.604521293055946e-03,1.000000000000000e+00,0.000000000000000e+00,2.153806132938220e+03,2.153806132938220e+03,-1.724961441043758e+03,5.609633934352080e+00,1.000000000000000e+03,1.000000000000000e+00,
2.604521293055946e-03,0.000000000000000e+00,5.609633934352080e+00,2.096241942434129e+08,2.096181532114272e+08,1.510050252022635e+03,2.604521293055946e-03,0.000000000000000e+00,-1.000000000000000e+03,1.397454354742848e+08,6.041031985672935e+03,2.990399657746424e+05,6.519687908587943e-03,4.197706181933479e+08,0.000000000000000e+00,-1.976117968484914e-07,8.048241101744934e+10,8.048241101744933e+10,-2.584272087676898e+00,2.604521293055946e-03,1.000000000000000e+00,0.000000000000000e+00,2.153806132938220e+03,2.153806132938220e+03,-1.724961441043758e+03,5.609633934352080e+00,1.000000000000000e+03,1.000000000000000e+00,
2.604521293055946e-03,0.000000000000000e+00,5.609633934352080e+00,2.096241942434129e+08,2.096181532114272e+08,1.510050252022635e+03,2.604521293055946e-03,0.000000000000000e+00,-1.000000000000000e+03,1.397454354742848e+08,6.041031985672935e+03,2.990399657746424e+05,6.519687908587943e-03,4.197706181933479e+08,0.000000000000000e+00,-1.976117968484914e-07,8.048241101744934e+10,8.048241101744933e+10,-2.584272087676898e+00,2.604521293055946e-03,1.000000000000000e+00,0.000000000000000e+00,2.153806132938220e+03,2.153806132938220e+03,-1.929469553831747e+03,5.609633934352080e+00,1.000000000000000e+03,1.000000000000000e+00,
2.604521293055946e-03,0.000000000000000e+00,5.609633934352080e+00,2.096241942434129e+08,2.096181532114272e+08,1.510050252022635e+03,2.604521293055946e-03,0.000000000000000e+00,-1.000000000000000e+03,1.397454354742848e+08,6.041031985672935e+03,2.990399657746424e+05,6.519687908587943e-03,4.197706181933479e+08,0.000000000000000e+00,-1.976117968484914e-07,8.048241101744934e+10,8.048241101744933e+10,-2.584272087676898e+00,2.604521293055946e-03,1.000000000000000e+00,0.000000000000000e+00,2.153806132938220e+03,2.153806132938220e+03,-2.094055807741648e+03,5.609633934352080e+00,1.000000000000000e+03,1.000000000000000e+00,
2.604521293055946e-03,0.000000000000000e+00,5.609633934352080e+00,2.096241942434129e+08,2.096181532114272e+08,1.510050252022635e+03,2.604521293055946e-03,0.000000000000000e+00,-1.000000000000000e+03,1.397454354742848e+08,6.041031985672935e+03,2.990399657746424e+05,6.519687908587943e-03,4.197706181933479e+08,0.000000000000000e+00,-1.976117968484914e-07,8.048241101744934e+10,8.048241101744933e+10,-2.584272087676898e+00,2.604521293055946e-03,1.000000000000000e+00,0.000000000000000e+00,2.153806132938220e+03,2.153806132938220e+03,-2.162487909163294e+03,5.609633934352080e+00,1.000000000000000e+03,1.000000000000000e+00,
2.604521293055946e-03,0.000000000000000e+00,5.609633934352080e+00,2.096241942434129e+08,2.096181532114272e+08,1.510050252022635e+03,2.604521293055946e-03,0.000000000000000e+00,-1.000000000000000e+03,1.397454354742848e+08,6.041031985672935e+03,2.990399657746424e+05,6.519687908587943e-03,4.197706181933479e+08,0.000000000000000e+00,-1.976117968484914e-07,8.048241101744934e+10,8.048241101744933e+10,-2.584272087676898e+00,2.604521293055946e-03,1.000000000000000e+00,0.000000000000000e+00,2.153806132938220e+03,2.153806132938220e+03,-2.162487909163294e+03,5.609633934352080e+00,1.000000000000000e+03,1.000000000000000e+00,
2.604521293055946e-03,0.000000000000000e+00,5.609633934352080e+00,2.096241942434129e+08,2.096181532114272e+08,1.510050252022635e+03,2.604521293055946e-03,0.000000000000000e+00,-1.000000000000000e+03,1.397454354742848e+08,6.041031985672935e+03,2.990399657746424e+05,6.519687908587943e-03,4.197706181933479e+08,0.000000000000000e+00,-1.976117968484914e-07,8.048241101744934e+10,8.048241101744933e+10,-2.584272087676898e+00,2.604521293055946e-03,1.000000000000000e+00,0.000000000000000e+00,2.153806132938220e+03,2.153806132938220e+03,-2.094055807741648e+03,5.609633934352080e+00,1.000000000000000e+03,1.000000000000000e+00,
2.604521293055946e-03,0.000000000000000e+00,5.609633934352080e+00,2.096241942434129e+08,2.096181532114272e+08,1.510050252022635e+03,2.604521293055946e-03,0.000000000000000e+00,-1.000000000000000e+03,1.397454354742848e+08,6.041031985672935e+03,2.990399657746424e+05,6.519687908587943e-03,4.197706181933479e+08,0.000000000000000e+00,-1.976117968484914e-07,8.048241101744934e+10,8.048241101744933e+10,-2.584272087676898e+00,2.604521293055946e-03,1.000000000000000e+00,0.000000000000000e+00,2.153806132938220e+03,2.153806132938220e+03,-1.929469553831747e+03,5.609633934352080e+00,1.000000000000000e+03,1.000000000000000e+00,
7.506086957168472e-08,0.000000000000000e+00,-7.506556135052059e-08,4.266433567368436e+03,4.266433567330906e+03,1.066453240743704e+03,7.506086957168472e-08,0.000000000000000e+00,-1.000000000000000e+03,2.844289044887271e+03,3.753043509160576e-08,2.513069176265849e+05,3.979198079831322e-06,8.320216819291620e+08,0.000000000000000e+00,-3.682459892573320e-17,5.683965016227759e+10,5.683965016227759e+10,-7.124586408641338e+00,7.506086957168472e-08,1.000000000000000e+00,0.000000000000000e+00,-1.000054661624039e+00,1.000000004071134e+00,-7.986851809754566e-01,7.506086987762866e-08,1.000000000000000e+03,1.000000000000000e+00,
7.506155283090441e-08,0.000000000000000e+00,-7.663202754385194e-08,4.266508140040098e+03,4.266508140002562e+03,1.066462173476977e+03,7.506155283090441e-08,0.000000000000000e+00,-1.000000000000000e+03,2.844338760001708e+03,3.753543505610284e-08,2.513079701120001e+05,3.972250200367908e-06,8.320218049200909e+08,0.000000000000000e+00,-1.457134685984851e-10,5.684012625763255e+10,5.684012625763254e+10,-7.124582455391662e+00,7.506155283090441e-08,1.000000000000000e+00,0.000000000000000e+00,-1.006760595193819e+00,1.000062062346386e+00,-7.053067361204459e-01,7.506621132699645e-08,1.000000000000000e+03,1.000000000000000e+00,
7.626074966618397e-08,0.000000000000000e+00,-7.767054917460367e-08,4.410431686407224e+03,4.410431686368646e+03,1.085101718992202e+03,7.626074966618397e-08,0.000000000000000e+00,-1.000000000000000e+03,2.940287790912431e+03,1.139683546147043e-08,2.534946278232710e+05,1.225387125800650e-06,8.304249195142748e+08,0.000000000000000e+00,-2.653920229922674e-08,5.783357370173280e+10,5.783357370173280e+10,-7.117698929795541e+00,7.626074966618397e-08,1.000000000000000e+00,0.000000000000000e+00,-1.005856895047987e+00,3.851797538890265e-01,-5.554332287467075e-01,5.162212058757224e-08,1.000000000000000e+03,1.000000000000000e+00,
1.594622751486717e-07,0.000000000000000e+00,-5.925933957501320e-08,1.417624714248058e+04,1.417624714246957e+04,1.537107147710952e+03,1.594622751486717e-07,0.000000000000000e+00,-1.000000000000000e+03,9.450831428313049e+03,1.420840411312953e-12,3.017071520024528e+05,1.097899303350147e-08,7.371405530465087e+08,0.000000000000000e+00,-2.288528925511222e-04,8.192448501248802e+10,8.192448501248802e+10,-6.797342043845667e+00,1.594622751486717e-07,1.000000000000000e+00,0.000000000000000e+00,-3.716198048708628e-01,3.475381487842261e-03,-1.164159355918234e-01,8.176601137362343e-10,1.000000000000000e+03,1.000000000000000e+00,
1.947995477533184e-06,0.000000000000000e+00,2.539721691772127e-03,1.594524215955186e+05,1.594507659997161e+05,1.504565485051308e+03,1.947995477533184e-06,0.000000000000000e+00,-1.000000000000000e+03,1.063005106664774e+05,1.655595802467154e+00,2.984963889707182e+05,4.323148023332665e-03,6.505661573590543e+08,0.000000000000000e+00,-4.509104753554993e-06,8.019008480570244e+10,8.019008480570244e+10,-5.710412055714417e+00,1.947995477533184e-06,1.000000000000000e+00,0.000000000000000e+00,1.303761595477761e+03,1.303761595477761e+03,-5.636072050692419e+02,2.539721691772127e-03,1.000000000000000e+03,1.000000000000000e+00,
2.156722317963850e-05,0.000000000000000e+00,3.894011315769114e-02,1.729363996700026e+06,1.729328843068979e+06,1.501046743638859e+03,2.156722317963850e-05,0.000000000000000e+00,-1.000000000000000e+03,1.152885895379320e+06,3.515363104707312e+01,2.981471364988144e+05,6.048985663287725e-03,5.650880670243829e+08,0.000000000000000e+00,-3.078196579188443e-06,8.000254350219841e+10,8.000254350219843e+10,-4.666205767525715e+00,2.156722317963850e-05,1.000000000000000e+00,0.000000000000000e+00,1.805522798802132e+03,1.805522798802132e+03,-1.136972593908102e+03,3.894011315769114e-02,1.000000000000000e+03,1.000000000000000e+00,
2.382464415172696e-04,0.000000000000000e+00,4.912025670804402e-01,1.906064851109884e+07,1.906014214474900e+07,1.500948695960095e+03,2.382464415172696e-04,0.000000000000000e+00,-1.000000000000000e+03,1.270676142983267e+07,5.063663498389020e+02,2.981373989232964e+05,6.915213668418413e-03,4.803766951480899e+08,0.000000000000000e+00,-1.363979846731013e-06,7.999731777307384e+10,7.999731777307385e+10,-3.622973577325334e+00,2.382464415172696e-04,1.000000000000000e+00,0.000000000000000e+00,2.061741463806228e+03,2.061741463806228e+03,-1.518715245386926e+03,4.912025670804402e-01,1.000000000000000e+03,1.000000000000000e+00,
7.506086957168472e-08,0.000000000000000e+00,-7.506556135052059e-08,4.266433567368436e+03,4.266433567330906e+03,1.066453240743704e+03,7.506086957168472e-08,0.000000000000000e+00,-1.000000000000000e+03,2.844289044887271e+03,3.753043509160576e-08,2.513069176265849e+05,3.979198079831322e-06,8.320216819291620e+08,0.000000000000000e+00,-3.682459892573320e-17,5.683965016227759e+10,5.683965016227759e+10,-7.124586408641338e+00,7.506086957168472e-08,1.000000000000000e+00,0.000000000000000e+00,-1.000054661624039e+00,1.000000004071134e+00,-7.986851809754566e-01,7.506086987762866e-08,1.000000000000000e+03,1.000000000000000e+00,
7.506155283090441e-08,0.000000000000000e+00,-7.663202754385194e-08,4.266508140040098e+03,4.266508140002562e+03,1.066462173476977e+03,7.506155283090441e-08,0.000000000000000e+00,-1.000000000000000e+03,2.844338760001708e+03,3.753543505610284e-08,2.513079701120001e+05,3.972250200367908e-06,8.320218049200909e+08,0.000000000000000e+00,-1.457134685984851e-10,5.684012625763255e+10,5.684012625763254e+10,-7.124582455391662e+00,7.506155283090441e-08,1.000000000000000e+00,0.000000000000000e+00,-1.006760595193819e+00,1.000062062346386e+00,-7.053067361204459e-01,7.506621132699645e-08,1.000000000000000e+03,1.000000000000000e+00,
7.626074966618397e-08,0.000000000000000e+00,-7.767054917460367e-08,4.410431686407224e+03,4.410431686368646e+03,1.085101718992202e+03,7.626074966618397e-08,0.000000000000000e+00,-1.000000000000000e+03,2.940287790912431e+03,1.139683546147043e-08,2.534946278232710e+05,1.225387125800650e-06,8.304249195142748e+08,0.000000000000000e+00,-2.653920229922674e-08,5.783357370173280e+10,5.783357370173280e+10,-7.117698929795541e+00,7.626074966618397e-08,1.000000000000000e+00,0.000000000000000e+00,-1.005856895047987e+00,3.851797538890265e-01,-5.554332287467075e-01,5.162212058757224e-08,1.000000000000000e+03,1.000000000000000e+00,
1.594622751486717e-07,0.000000000000000e+00,-5.925933957501320e-08,1.417624714248058e+04,1.417624714246957e+04,1.537107147710952e+03,1.594622751486717e-07,0.000000000000000e+00,-1.000000000000000e+03,9.450831428313049e+03,1.420840411312953e-12,3.017071520024528e+05,1.097899303350147e-08,7.371405530465087e+08,0.000000000000000e+00,-2.288528925511222e-04,8.192448501248802e+10,8.192448501248802e+10,-6.797342043845667e+00,1.594622751486717e-07,1.000000000000000e+00,0.000000000000000e+00,-3.716198048708628e-01,3.475381487842261e-03,-1.164159355918234e-01,8.176601137362343e-10,1.000000000000000e+03,1.000000000000000e+00,
1.947995477533184e-06,0.000000000000000e+00,2.539721691772127e-03,1.594524215955186e+05,1.594507659997161e+05,1.504565485051308e+03,1.947995477533184e-06,0.000000000000000e+00,-1.000000000000000e+03,1.063005106664774e+05,1.655595802467154e+00,2.984963889707182e+05,4.323148023332665e-03,6.505661573590543e+08,0.000000000000000e+00,-4.509104753554993e-06,8.019008480570244e+10,8.019008480570244e+10,-5.710412055714417e+00,1.947995477533184e-06,1.000000000000000e+00,0.000000000000000e+00,1.303761595477761e+03,1.303761595477761e+03,-5.636072050692419e+02,2.539721691772127e-03,1.000000000000000e+03,1.000000000000000e+00,
2.156722317963850e-05,0.000000000000000e+00,3.894011315769114e-02,1.729363996700026e+06,1.729328843068979e+06,1.501046743638859e+03,2.156722317963850e-05,0.000000000000000e+00,-1.000000000000000e+03,1.152885895379320e+06,3.515363104707312e+01,2.981471364988144e+05,6.048985663287725e-03,5.650880670243829e+08,0.000000000000000e+00,-3.078196579188443e-06,8.000254350219841e+10,8.000254350219843e+10,-4.666205767525715e+00,2.156722317963850e-05,1.000000000000000e+00,0.000000000000000e+00,1.805522798802132e+03,1.805522798802132e+03,-1.136972593908102e+03,3.894011315769114e-02,1.000000000000000e+03,1.000000000000000e+00,
2.382464415172696e-04,0.000000000000000e+00,4.912025670804402e-01,1.906064851109884e+07,1.906014214474900e+07,1.500948695960095e+03,2.382464415172696e-04,0.000000000000000e+00,-1.000000000000000e+03,1.270676142983267e+07,5.063663498389020e+02,2.981373989232964e+05,6.915213668418413e-03,4.803766951480899e+08,0.000000000000000e+00,-1.363979846731013e-06,7.999731777307384e+10,7.999731777307385e+10,-3.622973577325334e+00,2.382464415172696e-04,1.000000000000000e+00,0.000000000000000e+00,2.061741463806228e+03,2.061741463806228e+03,-1.518715245386926e+03,4.912025670804402e-01,1.000000000000000e+03,1.000000000000000e+00,
7.506086957168472e-08,0.000000000000000e+00,-7.506556135052059e-08,4.266433567368436e+03,4.266433567330906e+03,1.066453240743704e+03,7.506086957168472e-08,0.000000000000000e+00,-1.000000000000000e+03,2.844289044887271e+03,3.753043509160576e-08,2.513069176265849e+05,3.979198079831322e-06,8.320216819291620e+08,0.000000000000000e+00,-3.682459892573320e-17,5.683965016227759e+10,5.683965016227759e+10,-7.124586408641338e+00,7.506086957168472e-08,1.000000000000000e+00,0.000000000000000e+00,-1.000054661624039e+00,1.000000004071134e+00,-8.933757608264417e-01,7.506086987762866e-08,1.000000000000000e+03,1.000000000000000e+00,
7.506155283090441e-08,0.000000000000000e+00,-7.663202754385194e-08,4.266508140040098e+03,4.266508140002562e+03,1.066462173476977e+03,7.506155283090441e-08,0.000000000000000e+00,-1.000000000000000e+03,2.844338760001708e+03,3.753543505610284e-08,2.513079701120001e+05,3.972250200367908e-06,8.320218049200909e+08,0.000000000000000e+00,-1.457134685984851e-10,5.684012625763255e+10,5.684012625763254e+10,-7.124582455391662e+00,7.506155283090441e-08,1.000000000000000e+00,0.000000000000000e+00,-1.006760595193819e+00,1.000062062346386e+00,-8.304303067189076e-01,7.506621132699645e-08,1.000000000000000e+03,1.000000000000000e+00,
7.626074966618397e-08,0.000000000000000e+00,-7.767054917460367e-08,4.410431686407224e+03,4.410431686368646e+03,1.085101718992202e+03,7.626074966618397e-08,0.000000000000000e+00,-1.000000000000000e+03,2.940287790912431e+03,1.139683546147043e-08,2.534946278232710e+05,1.225387125800650e-06,8.304249195142748e+08,0.000000000000000e+00,-2.653920229922674e-08,5.783357370173280e+10,5.783357370173280e+10,-7.117698929795541e+00,7.626074966618397e-08,1.000000000000000e+00,0.000000000000000e+00,-1.005856895047987e+00,3.851797538890265e-01,-7.084645128531419e-01,5.162212058757224e-08,1.000000000000000e+03,1.000000000000000e+00,
1.594622751486717e-07,0.000000000000000e+00,-5.925933957501320e-08,1.417624714248058e+04,1.417624714246957e+04,1.537107147710952e+03,1.594622751486717e-07,0.000000000000000e+00,-1.000000000000000e+03,9.450831428313049e+03,1.420840411312953e-12,3.017071520024528e+05,1.097899303350147e-08,7.371405530465087e+08,0.000000000000000e+00,-2.288528925511222e-04,8.192448501248802e+10,8.192448501248802e+10,-6.797342043845667e+00,1.594622751486717e-07,1.000000000000000e+00,0.000000000000000e+00,-3.716198048708628e-01,3.475381487842261e-03,-1.646359932775891e-01,8.176601137362343e-10,1.000000000000000e+03,1.000000000000000e+00,
1.947995477533184e-06,0.000000000000000e+00,2.539721691772127e-03,1.594524215955186e+05,1.594507659997161e+05,1.504565485051308e+03,1.947995477533184e-06,0.000000000000000e+00,-1.000000000000000e+03,1.063005106664774e+05,1.655595802467154e+00,2.984963889707182e+05,4.323148023332665e-03,6.505661573590543e+08,0.000000000000000e+00,-4.509104753554993e-06,8.019008480570244e+10,8.019008480570244e+10,-5.710412055714417e+00,1.947995477533184e-06,1.000000000000000e+00,0.000000000000000e+00,1.303761595477761e+03,1.303761595477761e+03,-7.970561036447807e+02,2.539721691772127e-03,1.000000000000000e+03,1.000000000000000e+00,
2.156722317963850e-05,0.000000000000000e+00,3.894011315769114e-02,1.729363996700026e+06,1.729328843068979e+06,1.501046743638859e+03,2.156722317963850e-05,0.000000000000000e+00,-1.000000000000000e+03,1.152885895379320e+06,3.515363104707312e+01,2.981471364988144e+05,6.048985663287725e-03,5.650880670243829e+08,0.000000000000000e+00,-3.078196579188443e-06,8.000254350219841e+10,8.000254350219843e+10,-4.666205767525715e+00,2.156722317963850e-05,1.000000000000000e+00,0.000000000000000e+00,1.805522798802132e+03,1.805522798802132e+03,-1.450227845906945e+03,3.894011315769114e-02,1.000000000000000e+03,1.000000000000000e+00,
2.382464415172696e-04,0.000000000000000e+00,4.912025670804402e-01,1.906064851109884e+07,1.906014214474900e+07,1.500948695960095e+03,2.382464415172696e-04,0.000000000000000e+00,-1.000000000000000e+03,1.270676142983267e+07,5.063663498389020e+02,2.981373989232964e+05,6.915213668418413e-03,4.803766951480899e+08,0.000000000000000e+00,-1.363979846731013e-06,7.999731777307384e+10,7.999731777307385e+10,-3.622973577325334e+00,2.382464415172696e-04,1.000000000000000e+00,0.000000000000000e+00,2.061741463806228e+03,2.061741463806228e+03,-1.788139971528603e+03,4.912025670804402e-01,1.000000000000000e+03,1.000000000000000e+00,
7.506086957168472e-08,0.000000000000000e+00,-7.506556135052059e-08,4.266433567368436e+03,4.266433567330906e+03,1.066453240743704e+03,7.506086957168472e-08,0.000000000000000e+00,-1.000000000000000e+03,2.844289044887271e+03,3.753043509160576e-08,2.513069176265849e+05,3.979198079831322e-06,8.320216819291620e+08,0.000000000000000e+00,-3.682459892573320e-17,5.683965016227759e+10,5.683965016227759e+10,-7.124586408641338e+00,7.506086957168472e-08,1.000000000000000e+00,0.000000000000000e+00,-1.000054661624039e+00,1.000000004071134e+00,-9.695818712137910e-01,7.506086987762866e-08,1.000000000000000e+03,1.000000000000000e+00,
7.506155283090441e-08,0.000000000000000e+00,-7.663202754385194e-08,4.266508140040098e+03,4.266508140002562e+03,1.066462173476977e+03,7.506155283090441e-08,0.000000000000000e+00,-1.000000000000000e+03,2.844338760001708e+03,3.753543505610284e-08,2.513079701120001e+05,3.972250200367908e-06,8.320218049200909e+08,0.000000000000000e+00,-1.457134685984851e-10,5.684012625763255e+10,5.684012625763254e+10,-7.124582455391662e+00,7.506155283090441e-08,1.000000000000000e+00,0.000000000000000e+00,-1.006760595193819e+00,1.000062062346386e+00,-9.477477137106921e-01,7.506621132699645e-08,1.000000000000000e+03,1.000000000000000e+00,
7.626074966618397e-08,0.000000000000000e+00,-7.767054917460367e-08,4.410431686407224e+03,4.410431686368646e+03,1.085101718992202e+03,7.626074966618397e-08,0.000000000000000e+00,-1.000000000000000e+03,2.940287790912431e+03,1.139683546147043e-08,2.534946278232710e+05,1.225387125800650e-06,8.304249195142748e+08,0.000000000000000e+00,-2.653920229922674e-08,5.783357370173280e+10,5.783357370173280e+10,-7.117698929795541e+00,7.626074966618397e-08,1.000000000000000e+00,0.000000000000000e+00,-1.005856895047987e+00,3.851797538890265e-01,-8.975439741916744e-01,5.162212058757224e-08,1.000000000000000e+03,1.000000000000000e+00,
1.594622751486717e-07,0.000000000000000e+00,-5.925933957501320e-08,1.417624714248058e+04,1.417624714246957e+04,1.537107147710952e+03,1.594622751486717e-07,0.000000000000000e+00,-1.000000000000000e+03,9.450831428313049e+03,1.420840411312953e-12,3.017071520024528e+05,1.097899303350147e-08,7.371405530465087e+08,0.000000000000000e+00,-2.288528925511222e-04,8.192448501248802e+10,8.192448501248802e+10,-6.797342043845667e+00,1.594622751486717e-07,1.000000000000000e+00,0.000000000000000e+00,-3.716198048708628e-01,3.475381487842261e-03,-2.607139990273554e-01,8.176601137362343e-10,1.000000000000000e+03,1.000000000000000e+00,
1.947995477533184e-06,0.000000000000000e+00,2.539721691772127e-03,1.594524215955186e+05,1.594507659997161e+05,1.504565485051308e+03,1.947995477533184e-06,0.000000000000000e+00,-1.000000000000000e+03,1.063005106664774e+05,1.655595802467154e+00,2.984963889707182e+05,4.323148023332665e-03,6.505661573590543e+08,0.000000000000000e+00,-4.509104753554993e-06,8.019008480570244e+10,8.019008480570244e+10,-5.710412055714417e+00,1.947995477533184e-06,1.000000000000000e+00,0.000000000000000e+00,1.303761595477761e+03,1.303761595477761e+03,-1.262200810973453e+03,2.539721691772127e-03,1.000000000000000e+03,1.000000000000000e+00,
2.156722317963850e-05,0.000000000000000e+00,3.894011315769114e-02,1.729363996700026e+06,1.729328843068979e+06,1.501046743638859e+03,2.156722317963850e-05,0.000000000000000e+00,-1.000000000000000e+03,1.152885895379320e+06,3.515363104707312e+01,2.981471364988144e+05,6.048985663287725e-03,5.650880670243829e+08,0.000000000000000e+00,-3.078196579188443e-06,8.000254350219841e+10,8.000254350219843e+10,-4.666205767525715e+00,2.156722317963850e-05,1.000000000000000e+00,0.000000000000000e+00,1.805522798802132e+03,1.805522798802132e+03,-1.837273766976341e+03,3.894011315769114e-02,1.000000000000000e+03,1.000000000000000e+00,
2.382464415172696e-04,0.000000000000000e+00,4.912025670804402e-01,1.906064851109884e+07,1.906014214474900e+07,1.500948695960095e+03,2.382464415172696e-04,0.000000000000000e+00,-1.000000000000000e+03,1.270676142983267e+07,5.063663498389020e+02,2.981373989232964e+05,6.915213668418413e-03,4.803766951480899e+08,0.000000000000000e+00,-1.363979846731013e-06,7.999731777307384e+10,7.999731777307385e+10,-3.622973577325334e+00,2.382464415172696e-04,1.000000000000000e+00,0.000000000000000e+00,2.061741463806228e+03,2.061741463806228e+03,-2.040755926294218e+03,4.912025670804402e-01,1.000000000000000e+03,1.000000000000000e+00,
7.506086957168472e-08,0.000000000000000e+00,-7.506556135052059e-08,4.266433567368436e+03,4.266433567330906e+03,1.066453240743704e+03,7.506086957168472e-08,0.000000000000000e+00,-1.000000000000000e+03,2.844289044887271e+03,3.753043509160576e-08,2.513069176265849e+05,3.979198079831322e-06,8.320216819291620e+08,0.000000000000000e+00,-3.682459892573320e-17,5.683965016227759e+10,5.683965016227759e+10,-7.124586408641338e+00,7.506086957168472e-08,1.000000000000000e+00,0.000000000000000e+00,-1.000054661624039e+00,1.000000004071134e+00,-1.000051288206594e+00,7.506086987762866e-08,1.000000000000000e+03,1.000000000000000e+00,
7.506155283090441e-08,0.000000000000000e+00,-7.663202754385194e-08,4.266508140040098e+03,4.266508140002562e+03,1.066462173476977e+03,7.506155283090441e-08,0.000000000000000e+00,-1.000000000000000e+03,2.844338760001708e+03,3.753543505610284e-08,2.513079701120001e+05,3.972250200367908e-06,8.320218049200909e+08,0.000000000000000e+00,-1.457134685984851e-10,5.684012625763255e+10,5.684012625763254e+10,-7.124582455391662e+00,7.506155283090441e-08,1.000000000000000e+00,0.000000000000000e+00,-1.006760595193819e+00,1.000062062346386e+00,-1.006753427163608e+00,7.506621132699645e-08,1.000000000000000e+03,1.000000000000000e+00,
7.626074966618397e-08,0.000000000000000e+00,-7.767054917460367e-08,4.410431686407224e+03,4.410431686368646e+03,1.085101718992202e+03,7.626074966618397e-08,0.000000000000000e+00,-1.000000000000000e+03,2.940287790912431e+03,1.139683546147043e-08,2.534946278232710e+05,1.225387125800650e-06,8.304249195142748e+08,0.000000000000000e+00,-2.653920229922674e-08,5.783357370173280e+10,5.783357370173280e+10,-7.117698929795541e+00,7.626074966618397e-08,1.000000000000000e+00,0.000000000000000e+00,-1.005856895047987e+00,3.851797538890265e-01,-1.005849160751227e+00,5.162212058757224e-08,1.000000000000000e+03,1.000000000000000e+00,
1.594622751486717e-07,0.000000000000000e+00,-5.925933957501320e-08,1.417624714248058e+04,1.417624714246957e+04,1.537107147710952e+03,1.594622751486717e-07,0.000000000000000e+00,-1.000000000000000e+03,9.450831428313049e+03,1.420840411312953e-12,3.017071520024528e+05,1.097899303350147e-08,7.371405530465087e+08,0.000000000000000e+00,-2.288528925511222e-04,8.192448501248802e+10,8.192448501248802e+10,-6.797342043845667e+00,1.594622751486717e-07,1.000000000000000e+00,0.000000000000000e+00,-3.716198048708628e-01,3.475381487842261e-03,-3.716082851695357e-01,8.176601137362343e-10,1.000000000000000e+03,1.000000000000000e+00,
1.947995477533184e-06,0.000000000000000e+00,2.539721691772127e-03,1.594524215955186e+05,1.594507659997161e+05,1.504565485051308e+03,1.947995477533184e-06,0.000000000000000e+00,-1.000000000000000e+03,1.063005106664774e+05,1.655595802467154e+00,2.984963889707182e+05,4.323148023332665e-03,6.505661573590543e+08,0.000000000000000e+00,-4.509104753554993e-06,8.019008480570244e+10,8.019008480570244e+10,-5.710412055714417e+00,1.947995477533184e-06,1.000000000000000e+00,0.000000000000000e+00,1.303761595477761e+03,1.303761595477761e+03,-1.799075924788480e+03,2.539721691772127e-03,1.000000000000000e+03,1.000000000000000e+00,
2.156722317963850e-05,0.000000000000000e+00,3.894011315769114e-02,1.729363996700026e+06,1.729328843068979e+06,1.501046743638859e+03,2.156722317963850e-05,0.000000000000000e+00,-1.000000000000000e+03,1.152885895379320e+06,3.515363104707312e+01,2.981471364988144e+05,6.048985663287725e-03,5.650880670243829e+08,0.000000000000000e+00,-3.078196579188443e-06,8.000254350219841e+10,8.000254350219843e+10,-4.666205767525715e+00,2.156722317963850e-05,1.000000000000000e+00,0.000000000000000e+00,1.805522798802132e+03,1.805522798802132e+03,-2.058974634917157e+03,3.894011315769114e-02,1.000000000000000e+03,1.000000000000000e+00,
2.382464415172696e-04,0.000000000000000e+00,4.912025670804402e-01,1.906064851109884e+07,1.906014214474900e+07,1.500948695960095e+03,2.382464415172696e-04,0.000000000000000e+00,-1.000000000000000e+03,1.270676142983267e+07,5.063663498389020e+02,2.981373989232964e+05,6.915213668418413e-03,4.803766951480899e+08,0.000000000000000e+00,-1.363979846731013e-06,7.999731777307384e+10,7.999731777307385e+10,-3.622973577325334e+00,2.382464415172696e-04,1.000000000000000e+00,0.000000000000000e+00,2.061741463806228e+03,2.061741463806228e+03,-2.153395460006353e+03,4.912025670804402e-01,1.000000000000000e+03,1.000000000000000e+00,
7.506086957168472e-08,0.000000000000000e+00,-7.506556135052059e-08,4.266433567368436e+03,4.266433567330906e+03,1.066453240743704e+03,7.506086957168472e-08,0.000000000000000e+00,-1.000000000000000e+03,2.844289044887271e+03,3.753043509160576e-08,2.513069176265849e+05,3.979198079831322e-06,8.320216819291620e+08,0.000000000000000e+00,-3.682459892573320e-17,5.683965016227759e+10,5.683965016227759e+10,-7.124586408641338e+00,7.506086957168472e-08,1.000000000000000e+00,0.000000000000000e+00,-1.000054661624039e+00,1.000000004071134e+00,-1.000051288206594e+00,7.506086987762866e-08,1.000000000000000e+03,1.000000000000000e+00,
7.506155283090441e-08,0.000000000000000e+00,-7.663202754385194e-08,4.266508140040098e+03,4.266508140002562e+03,1.066462173476977e+03,7.506155283090441e-08,0.000000000000000e+00,-1.000000000000000e+03,2.844338760001708e+03,3.753543505610284e-08,2.513079701120001e+05,3.972250200367908e-06,8.320218049200909e+08,0.000000000000000e+00,-1.457134685984851e-10,5.684012625763255e+10,5.684012625763254e+10,-7.124582455391662e+00,7.506155283090441e-08,1.000000000000000e+00,0.000000000000000e+00,-1.006760595193819e+00,1.000062062346386e+00,-1.006753427163608e+00,7.506621132699645e-08,1.000000000000000e+03,1.000000000000000e+00,
7.626074966618397e-08,0.000000000000000e+00,-7.767054917460367e-08,4.410431686407224e+03,4.410431686368646e+03,1.085101718992202e+03,7.626074966618397e-08,0.000000000000000e+00,-1.000000000000000e+03,2.940287790912431e+03,1.139683546147043e-08,2.534946278232710e+05,1.225387125800650e-06,8.304249195142748e+08,0.000000000000000e+00,-2.653920229922674e-08,5.783357370173280e+10,5.783357370173280e+10,-7.117698929795541e+00,7.626074966618397e-08,1.000000000000000e+00,0.000000000000000e+00,-1.005856895047987e+00,3.851797538890265e-01,-1.005849160751227e+00,5.162212058757224e-08,1.000000000000000e+03,1.000000000000000e+00,
1.594622751486717e-07,0.000000000000000e+00,-5.925933957501320e-08,1.417624714248058e+04,1.417624714246957e+04,1.537107147710952e+03,1.594622751486717e-07,0.000000000000000e+00,-1.000000000000000e+03,9.450831428313049e+03,1.420840411312953e-12,3.017071520024528e+05,1.097899303350147e-08,7.371405530465087e+08,0.000000000000000e+00,-2.288528925511222e-04,8.192448501248802e+10,8.192448501248802e+10,-6.797342043845667e+00,1.594622751486717e-07,1.000000000000000e+00,0.000000000000000e+00,-3.716198048708628e-01,3.475381487842261e-03,-3.716082851695357e-01,8.176601137362343e-10,1.000000000000000e+03,1.000000000000000e+00,
1.947995477533184e-06,0.000000000000000e+00,2.539721691772127e-03,1.594524215955186e+05,1.594507659997161e+05,1.504565485051308e+03,1.947995477533184e-06,0.000000000000000e+00,-1.000000000000000e+03,1.063005106664774e+05,1.655595802467154e+00,2.984963889707182e+05,4.323148023332665e-03,6.505661573590543e+08,0.000000000000000e+00,-4.509104753554993e-06,8.019008480570244e+10,8.019008480570244e+10,-5.710412055714417e+00,1.947995477533184e-06,1.000000000000000e+00,0.000000000000000e+00,1.303761595477761e+03,1.303761595477761e+03,-1.799075924788480e+03,2.539721691772127e-03,1.000000000000000e+03,1.000000000000000e+00,
2.156722317963850e-05,0.000000000000000e+00,3.894011315769114e-02,1.729363996700026e+06,1.729328843068979e+06,1.501046743638859e+03,2.156722317963850e-05,0.000000000000000e+00,-1.000000000000000e+03,1.152885895379320e+06,3.515363104707312e+01,2.981471364988144e+05,6.048985663287725e-03,5.650880670243829e+08,0.000000000000000e+00,-3.078196579188443e-06,8.000254350219841e+10,8.000254350219843e+10,-4.666205767525715e+00,2.156722317963850e-05,1.000000000000000e+00,0.000000000000000e+00,1.805522798802132e+03,1.805522798802132e+03,-2.058974634917157e+03,3.894011315769114e-02,1.000000000000000e+03,1.000000000000000e+00,
2.382464415172696e-04,0.000000000000000e+00,4.912025670804402e-01,1.906064851109884e+07,1.906014214474900e+07,1.500948695960095e+03,2.382464415172696e-04,0.000000000000000e+00,-1.000000000000000e+03,1.270676142983267e+07,5.063663498389020e+02,2.981373989232964e+05,6.915213668418413e-03,4.803766951480899e+08,0.000000000000000e+00,-1.363979846731013e-06,7.999731777307384e+10,7.999731777307385e+10,-3.622973577325334e+00,2.382464415172696e-04,1.000000000000000e+00,0.000000000000000e+00,2.061741463806228e+03,2.061741463806228e+03,-2.153395460006353e+03,4.912025670804402e-01,1.000000000000000e+03,1.000000000000000e+00,
7.506086957168472e-08,0.000000000000000e+00,-7.506556135052059e-08,4.266433567368436e+03,4.266433567330906e+03,1.066453240743704e+03,7.506086957168472e-08,0.000000000000000e+00,-1.000000000000000e+03,2.844289044887271e+03,3.753043509160576e-08,2.513069176265849e+05,3.979198079831322e-06,8.320216819291620e+08,0.000000000000000e+00,-3.682459892573320e-17,5.683965016227759e+10,5.683965016227759e+10,-7.124586408641338e+00,7.506086957168472e-08,1.000000000000000e+00,0.000000000000000e+00,-1.000054661624039e+00,1.000000004071134e+00,-9.695818712137910e-01,7.506086987762866e-08,1.000000000000000e+03,1.000000000000000e+00,
7.506155283090441e-08,0.000000000000000e+00,-7.663202754385194e-08,4.266508140040098e+03,4.266508140002562e+03,1.066462173476977e+03,7.506155283090441e-08,0.000000000000000e+00,-1.000000000000000e+03,2.844338760001708e+03,3.753543505610284e-08,2.513079701120001e+05,3.972250200367908e-06,8.320218049200909e+08,0.000000000000000e+00,-1.457134685984851e-10,5.684012625763255e+10,5.684012625763254e+10,-7.124582455391662e+00,7.506155283090441e-08,1.000000000000000e+00,0.000000000000000e+00,-1.006760595193819e+00,1.000062062346386e+00,-9.477477137106921e-01,7.506621132699645e-08,1.000000000000000e+03,1.000000000000000e+00,
7.626074966618397e-08,0.000000000000000e+00,-7.767054917460367e-08,4.410431686407224e+03,4.410431686368646e+03,1.085101718992202e+03,7.626074966618397e-08,0.000000000000000e+00,-1.000000000000000e+03,2.940287790912431e+03,1.139683546147043e-08,2.534946278232710e+05,1.225387125800650e-06,8.304249195142748e+08,0.000000000000000e+00,-2.653920229922674e-08,5.783357370173280e+10,5.783357370173280e+10,-7.117698929795541e+00,7.626074966618397e-08,1.000000000000000e+00,0.000000000000000e+00,-1.005856895047987e+00,3.851797538890265e-01,-8.975439741916744e-01,5.162212058757224e-08,1.000000000000000e+03,1.000000000000000e+00,
1.594622751486717e-07,0.000000000000000e+00,-5.925933957501320e-08,1.417624714248058e+04,1.417624714246957e+04,1.537107147710952e+03,1.594622751486717e-07,0.000000000000000e+00,-1.000000000000000e+03,9.450831428313049e+03,1.420840411312953e-12,3.017071520024528e+05,1.097899303350147e-08,7.371405530465087e+08,0.000000000000000e+00,-2.288528925511222e-04,8.192448501248802e+10,8.192448501248802e+10,-6.797342043845667e+00,1.594622751486717e-07,1.000000000000000e+00,0.000000000000000e+00,-3.716198048708628e-01,3.475381487842261e-03,-2.607139990273554e-01,8.176601137362343e-10,1.000000000000000e+03,1.000000000000000e+00,
1.947995477533184e-06,0.000000000000000e+00,2.539721691772127e-03,1.594524215955186e+05,1.594507659997161e+05,1.504565485051308e+03,1.947995477533184e-06,0.000000000000000e+00,-1.000000000000000e+03,1.063005106664774e+05,1.655595802467154e+00,2.984963889707182e+05,4.323148023332665e-03,6.505661573590543e+08,0.000000000000000e+00,-4.509104753554993e-06,8.019008480570244e+10,8.019008480570244e+10,-5.710412055714417e+00,1.947995477533184e-06,1.000000000000000e+00,0.000000000000000e+00,1.303761595477761e+03,1.303761595477761e+03,-1.262200810973453e+03,2.539721691772127e-03,1.000000000000000e+03,1.000000000000000e+00,
2.156722317963850e-05,0.000000000000000e+00,3.894011315769114e-02,1.729363996700026e+06,1.729328843068979e+06,1.501046743638859e+03,2.156722317963850e-05,0.000000000000000e+00,-1.000000000000000e+03,1.152885895379320e+06,3.515363104707312e+01,2.981471364988144e+05,6.048985663287725e-03,5.650880670243829e+08,0.000000000000000e+00,-3.078196579188443e-06,8.000254350219841e+10,8.000254350219843e+10,-4.666205767525715e+00,2.156722317963850e-05,1.000000000000000e+00,0.000000000000000e+00,1.805522798802132e+03,1.805522798802132e+03,-1.837273766976341e+03,3.894011315769114e-02,1.000000000000000e+03,1.000000000000000e+00,
2.382464415172696e-04,0.000000000000000e+00,4.912025670804402e-01,1.906064851109884e+07,1.906014214474900e+07,1.500948695960095e+03,2.382464415172696e-04,0.000000000000000e+00,-1.000000000000000e+03,1.270676142983267e+07,5.063663498389020e+02,2.981373989232964e+05,6.915213668418413e-03,4.803766951480899e+08,0.000000000000000e+00,-1.363979846731013e-06,7.999731777307384e+10,7.999731777307385e+10,-3.622973577325334e+00,2.382464415172696e-04,1.000000000000000e+00,0.000000000000000e+00,2.061741463806228e+03,2.061741463806228e+03,-2.040755926294218e+03,4.912025670804402e-01,1.000000000000000e+03,1.000000000000000e+00,
7.506086957168472e-08,0.000000000000000e+00,-7.506556135052059e-08,4.266433567368436e+03,4.266433567330906e+03,1.066453240743704e+03,7.506086957168472e-08,0.000000000000000e+00,-1.000000000000000e+03,2.844289044887271e+03,3.753043509160576e-08,2.513069176265849e+05,3.979198079831322e-06,8.320216819291620e+08,0.000000000000000e+00,-3.682459892573320e-17,5.683965016227759e+10,5.683965016227759e+10,-7.124586408641338e+00,7.506086957168472e-08,1.000000000000000e+00,0.000000000000000e+00,-1.000054661624039e+00,1.000000004071134e+00,-8.933757608264417e-01,7.506086987762866e-08,1.000000000000000e+03,1.000000000000000e+00,
7.506155283090441e-08,0.000000000000000e+00,-7.663202754385194e-08,4.266508140040098e+03,4.266508140002562e+03,1.066462173476977e+03,7.506155283090441e-08,0.000000000000000e+00,-1.000000000000000e+03,2.844338760001708e+03,3.753543505610284e-08,2.513079701120001e+05,3.972250200367908e-06,8.320218049200909e+08,0.000000000000000e+00,-1.457134685984851e-10,5.684012625763255e+10,5.684012625763254e+10,-7.124582455391662e+00,7.506155283090441e-08,1.000000000000000e+00,0.000000000000000e+00,-1.006760595193819e+00,1.000062062346386e+00,-8.304303067189076e-01,7.506621132699645e-08,1.000000000000000e+03,1.000000000000000e+00,
7.626074966618397e-08,0.000000000000000e+00,-7.767054917460367e-08,4.410431686407224e+03,4.410431686368646e+03,1.085101718992202e+03,7.626074966618397e-08,0.000000000000000e+00,-1.000000000000000e+03,2.940287790912431e+03,1.139683546147043e-08,2.534946278232710e+05,1.225387125800650e-06,8.304249195142748e+08,0.000000000000000e+00,-2.653920229922674e-08,5.783357370173280e+10,5.783357370173280e+10,-7.117698929795541e+00,7.626074966618397e-08,1.000000000000000e+00,0.000000000000000e+00,-1.005856895047987e+00,3.851797538890265e-01,-7.084645128531419e-01,5.162212058757224e-08,1.000000000000000e+03,1.000000000000000e+00,
1.594622751486717e-07,0.000000000000000e+00,-5.925933957501320e-08,1.417624714248058e+04,1.417624714246957e+04,1.537107147710952e+03,1.594622751486717e-07,0.000000000000000e+00,-1.000000000000000e+03,9.450831428313049e+03,1.420840411312953e-12,3.017071520024528e+05,1.097899303350147e-08,7.371405530465087e+08,0.000000000000000e+00,-2.288528925511222e-04,8.192448501248802e+10,8.192448501248802e+10,-6.797342043845667e+00,1.594622751486717e-07,1.000000000000000e+00,0.000000000000000e+00,-3.716198048708628e-01,3.475381487842261e-03,-1.646359932775891e-01,8.176601137362343e-10,1.000000000000000e+03,1.000000000000000e+00,
1.947995477533184e-06,0.000000000000000e+00,2.539721691772127e-03,1.594524215955186e+05,1.594507659997161e+05,1.504565485051308e+03,1.947995477533184e-06,0.000000000000000e+00,-1.000000000000000e+03,1.063005106664774e+05,1.655595802467154e+00,2.984963889707182e+05,4.323148023332665e-03,6.505661573590543e+08,0.000000000000000e+00,-4.509104753554993e-06,8.019008480570244e+10,8.019008480570244e+10,-5.710412055714417e+00,1.947995477533184e-06,1.000000000000000e+00,0.000000000000000e+00,1.303761595477761e+03,1.303761595477761e+03,-7.970561036447807e+02,2.539721691772127e-03,1.000000000000000e+03,1.000000000000000e+00,
2.156722317963850e-05,0.000000000000000e+00,3.894011315769114e-02,1.729363996700026e+06,1.729328843068979e+06,1.501046743638859e+03,2.156722317963850e-05,0.000000000000000e+00,-1.000000000000000e+03,1.152885895379320e+06,3.515363104707312e+01,2.981471364988144e+05,6.048985663287725e-03,5.650880670243829e+08,0.000000000000000e+00,-3.078196579188443e-06,8.000254350219841e+10,8.000254350219843e+10,-4.666205767525715e+00,2.156722317963850e-05,1.000000000000000e+00,0.000000000000000e+00,1.805522798802132e+03,1.805522798802132e+03,-1.450227845906945e+03,3.894011315769114e-02,1.000000000000000e+03,1.000000000000000e+00,
2.382464415172696e-04,0.000000000000000e+00,4.912025670804402e-01,1.906064851109884e+07,1.906014214474900e+07,1.500948695960095e+03,2.382464415172696e-04,0.000000000000000e+00,-1.000000000000000e+03,1.270676142983267e+07,5.063663498389020e+02,2.981373989232964e+05,6.915213668418413e-03,4.803766951480899e+08,0.000000000000000e+00,-1.363979846731013e-06,7.999731777307384e+10,7.999731777307385e+10,-3.622973577325334e+00,2.382464415172696e-04,1.000000000000000e+00,0.000000000000000e+00,2.061741463806228e+03,2.061741463806228e+03,-1.788139971528603e+03,4.912025670804402e-01,1.000000000000000e+03,1.000000000000000e+00,

64,28
1.877845032976916e-02,0.000000000000000e+00,4.055678463758368e+01,1.853305874199851e+09,1.853262077913383e+09,1.853206935779032e+03,1.877845032976916e-02,0.000000000000000e+00,-1.000000000000000e+03,1.235508051942255e+09,4.379628646810610e+04,3.312802099370858e+05,7.202402285456843e-03,4.790921761999132e+08,2.500000000000000e-07,5.397141383750935e-04,9.877191974636368e+10,9.877191974636368e+10,-1.726340250248773e+00,1.877845032976916e-02,1.000000000000000e+00,0.000000000000000e+00,2.162492357825261e+03,2.162492357825261e+03,-1.296050915888171e+03,4.055678463758368e+01,1.000000000000000e+03,1.000000000000000e+00,
1.877845032976916e-02,0.000000000000000e+00,4.055678463758368e+01,1.853305874199851e+09,1.853262077913383e+09,1.853206935779032e+03,1.877845032976916e-02,0.000000000000000e+00,-1.000000000000000e+03,1.235508051942255e+09,4.379628646810610e+04,3.312802099370858e+05,7.202402285456843e-03,4.790921761999132e+08,2.500000000000000e-07,5.397141383750935e-04,9.877191974636368e+10,9.877191974636368e+10,-1.726340250248773e+00,1.877845032976916e-02,1.000000000000000e+00,0.000000000000000e+00,2.162492357825261e+03,2.162492357825261e+03,-1.296050915888171e+03,4.055678463758368e+01,1.000000000000000e+03,1.000000000000000e+00,
1.877845032976916e-02,0.000000000000000e+00,4.055678463758368e+01,1.853305874199851e+09,1.853262077913383e+09,1.853206935779032e+03,1.877845032976916e-02,0.000000000000000e+00,-1.000000000000000e+03,1.235508051942255e+09,4.379628646810610e+04,3.312802099370858e+05,7.202402285456843e-03,4.790921761999132e+08,2.500000000000000e-07,5.397141383750935e-04,9.877191974636368e+10,9.877191974636368e+10,-1.726340250248773e+00,1.877845032976916e-02,1.000000000000000e+00,0.000000000000000e+00,2.162492357825261e+03,2.162492357825261e+03,-1.526931814495295e+03,4.055678463758368e+01,1.000000000000000e+03,1.000000000000000e+00,
1.877845032976916e-02,0.000000000000000e+00,4.055678463758368e+01,1.853305874199851e+09,1.853262077913383e+09,1.853206935779032e+03,1.877845032976916e-02,0.000000000000000e+00,-1.000000000000000e+03,1.235508051942255e+09,4.379628646810610e+04,3.312802099370858e+05,7.202402285456843e-03,4.790921761999132e+08,2.500000000000000e-07,5.397141383750935e-04,9.877191974636368e+10,9.877191974636368e+10,-1.726340250248773e+00,1.877845032976916e-02,1.000000000000000e+00,0.000000000000000e+00,2.162492357825261e+03,2.162492357825261e+03,-1.795654668036488e+03,4.055678463758368e+01,1.000000000000000e+03,1.000000000000000e+00,
1.877845032976916e-02,0.000000000000000e+00,4.055678463758368e+01,1.853305874199851e+09,1.853262077913383e+09,1.853206935779032e+03,1.877845032976916e-02,0.000000000000000e+00,-1.000000000000000e+03,1.235508051942255e+09,4.379628646810610e+04,3.312802099370858e+05,7.202402285456843e-03,4.790921761999132e+08,2.500000000000000e-07,5.397141383750935e-04,9.877191974636368e+10,9.877191974636368e+10,-1.726340250248773e+00,1.877845032976916e-02,1.000000000000000e+00,0.000000000000000e+00,2.162492357825261e+03,2.162492357825261e+03,-2.045395045543868e+03,4.055678463758368e+01,1.000000000000000e+03,1.000000000000000e+00,
1.877845032976916e-02,0.000000000000000e+00,4.055678463758368e+01,1.853305874199851e+09,1.853262077913383e+09,1.853206935779032e+03,1.877845032976916e-02,0.000000000000000e+00,-1.000000000000000e+03,1.235508051942255e+09,4.379628646810610e+04,3.312802099370858e+05,7.202402285456843e-03,4.790921761999132e+08,2.500000000000000e-07,5.397141383750935e-04,9.877191974636368e+10,9.877191974636368e+10,-1.726340250248773e+00,1.877845032976916e-02,1.000000000000000e+00,0.000000000000000e+00,2.162492357825261e+03,2.162492357825261e+03,-2.045395045543868e+03,4.055678463758368e+01,1.000000000000000e+03,1.000000000000000e+00,
1.877845032976916e-02,0.000000000000000e+00,4.055678463758368e+01,1.853305874199851e+09,1.853262077913383e+09,1.853206935779032e+03,1.877845032976916e-02,0.000000000000000e+00,-1.000000000000000e+03,1.235508051942255e+09,4.379628646810610e+04,3.312802099370858e+05,7.202402285456843e-03,4.790921761999132e+08,2.500000000000000e-07,5.397141383750935e-04,9.877191974636368e+10,9.877191974636368e+10,-1.726340250248773e+00,1.877845032976916e-02,1.000000000000000e+00,0.000000000000000e+00,2.162492357825261e+03,2.162492357825261e+03,-1.795654668036488e+03,4.055678463758368e+01,1.000000000000000e+03,1.000000000000000e+00,
1.877845032976916e-02,0.000000000000000e+00,4.055678463758368e+01,1.853305874199851e+09,1.853262077913383e+09,1.853206935779032e+03,1.877845032976916e-02,0.000000000000000e+00,-1.000000000000000e+03,1.235508051942255e+09,4.379628646810610e+04,3.312802099370858e+05,7.202402285456843e-03,4.790921761999132e+08,2.500000000000000e-07,5.397141383750935e-04,9.877191974636368e+10,9.877191974636368e+10,-1.726340250248773e+00,1.877845032976916e-02,1.000000000000000e+00,0.000000000000000e+00,2.162492357825261e+03,2.162492357825261e+03,-1.526931814495295e+03,4.055678463758368e+01,1.000000000000000e+03,1.000000000000000e+00,
7.506145836930337e-08,0.000000000000000e+00,-7.506086987762866e-08,4.266497771420209e+03,4.266497771382674e+03,1.066460923815946e+03,7.506145836930337e-08,0.000000000000000e+00,-1.000000000000000e+03,2.844331847588449e+03,3.753483227800672e-08,2.513078228728965e+05,3.979401238654776e-06,8.320217871819372e+08,0.000000000000000e+00,3.495118323981750e-12,5.684005965340359e+10,5.684005965340359e+10,-7.124583001932153e+00,7.506145836930337e-08,1.000000000000000e+00,0.000000000000000e+00,-1.000000004071134e+00,1.000054661624039e+00,-6.017819989990941e-01,7.506556135052059e-08,1.000000000000000e+03,1.000000000000000e+00,
7.616050430693907e-08,0.000000000000000e+00,-7.506621132699645e-08,4.398049770885430e+03,4.398049770846877e+03,1.083479629853316e+03,7.616050430693907e-08,0.000000000000000e+00,-1.000000000000000e+03,2.932033180564585e+03,3.855323503252220e-08,2.533050858384739e+05,3.992135208190192e-06,8.323491209984384e+08,0.000000000000000e+00,1.202999957395368e-10,5.774711986047295e+10,5.774711986047295e+10,-7.118270188875214e+00,7.616050430693907e-08,1.000000000000000e+00,0.000000000000000e+00,-1.000062062346386e+00,1.006760595193819e+00,-4.520920723677118e-01,7.663202754385194e-08,1.000000000000000e+03,1.000000000000000e+00,
1.536340118013045e-07,0.000000000000000e+00,-5.162212058757224e-08,1.366187026750043e+04,1.366187026748903e+04,1.704139005478749e+03,1.536340118013045e-07,0.000000000000000e+00,-1.000000000000000e+03,9.107913511659355e+03,3.864077874297777e-08,3.176771974670175e+05,3.967961387131409e-06,8.452096983036839e+08,0.000000000000000e+00,-1.910404917632169e-10,9.082692161144858e+10,9.082692161144858e+10,-6.813512628689444e+00,1.536340118013045e-07,1.000000000000000e+00,0.000000000000000e+00,-3.851797538890265e-01,1.005856895047987e+00,-9.427938618211519e-02,7.767054917460367e-08,1.000000000000000e+03,1.000000000000000e+00,
1.876106782846045e-06,0.000000000000000e+00,2.430940330555742e-03,1.537006569423463e+05,1.536990820130979e+05,1.735165274921961e+03,1.876106782846045e-06,0.000000000000000e+00,-1.000000000000000e+03,1.024660546753986e+05,1.574929248365549e+00,3.205560353836140e+05,4.294683265457859e-03,8.290872586552817e+08,0.000000000000000e+00,-8.083068583057836e-09,9.248055463877469e+10,9.248055463877469e+10,-5.726742446404183e+00,1.876106782846045e-06,1.000000000000000e+00,0.000000000000000e+00,1.295736656773885e+03,1.295736656773885e+03,1.911922948050245e+02,2.430940330555742e-03,1.000000000000000e+03,1.000000000000000e+00,
2.077246436555186e-05,0.000000000000000e+00,3.737239903140829e-02,1.665779298030851e+06,1.665745679097036e+06,1.535780283226289e+03,2.077246436555186e-05,0.000000000000000e+00,-1.000000000000000e+03,1.110497119398024e+06,3.361893381507075e+01,3.015769037842720e+05,6.027314774537355e-03,7.357584511056036e+08,0.000000000000000e+00,-3.313491243975363e-06,8.185376600649725e+10,8.185376600649725e+10,-4.682511977375722e+00,2.077246436555186e-05,1.000000000000000e+00,0.000000000000000e+00,1.799131695389259e+03,1.799131695389259e+03,-2.551387669304739e+00,3.737239903140829e-02,1.000000000000000e+03,1.000000000000000e+00,
2.294737272148096e-04,0.000000000000000e+00,4.724842167699186e-01,1.835896826436350e+07,1.835848184411442e+07,1.504436198842308e+03,2.294737272148096e-04,0.000000000000000e+00,-1.000000000000000e+03,1.223898789607628e+07,4.864202490765053e+02,2.984835639072751e+05,6.905954191653285e-03,6.492274814636931e+08,0.000000000000000e+00,-1.387163157169880e-06,8.018319413050954e+10,8.018319413050954e+10,-3.639267030295733e+00,2.294737272148096e-04,1.000000000000000e+00,0.000000000000000e+00,2.058990467033412e+03,2.058990467033412e+03,-4.419328365268195e+02,4.724842167699186e-01,1.000000000000000e+03,1.000000000000000e+00,
2.510336519537264e-03,0.000000000000000e+00,5.405765690106385e+00,2.019520621310952e+08,2.019462417356086e+08,1.509364923901007e+03,2.510336519537264e-03,0.000000000000000e+00,-1.000000000000000e+03,1.346308278237391e+08,5.820395486601529e+03,2.989720992397959e+05,7.202805035185680e-03,5.637545139025363e+08,0.000000000000000e+00,-2.056998329402404e-07,8.044588451146535e+10,8.044588451146536e+10,-2.600268055896739e+00,2.510336519537264e-03,1.000000000000000e+00,0.000000000000000e+00,2.153402799997047e+03,2.153402799997047e+03,-9.263617008981057e+02,5.405765690106385e+00,1.000000000000000e+03,1.000000000000000e+00,
7.506145836930337e-08,0.000000000000000e+00,-7.506086987762866e-08,4.266497771420209e+03,4.266497771382674e+03,1.066460923815946e+03,7.506145836930337e-08,0.000000000000000e+00,-1.000000000000000e+03,2.844331847588449e+03,3.753483227800672e-08,2.513078228728965e+05,3.979401238654776e-06,8.320217871819372e+08,0.000000000000000e+00,3.495118323981750e-12,5.684005965340359e+10,5.684005965340359e+10,-7.124583001932153e+00,7.506145836930337e-08,1.000000000000000e+00,0.000000000000000e+00,-1.000000004071134e+00,1.000054661624039e+00,-6.017819989990941e-01,7.506556135052059e-08,1.000000000000000e+03,1.000000000000000e+00,
7.616050430693907e-08,0.000000000000000e+00,-7.506621132699645e-08,4.398049770885430e+03,4.398049770846877e+03,1.083479629853316e+03,7.616050430693907e-08,0.000000000000000e+00,-1.000000000000000e+03,2.932033180564585e+03,3.855323503252220e-08,2.533050858384739e+05,3.992135208190192e-06,8.323491209984384e+08,0.000000000000000e+00,1.202999957395368e-10,5.774711986047295e+10,5.774711986047295e+10,-7.118270188875214e+00,7.616050430693907e-08,1.000000000000000e+00,0.000000000000000e+00,-1.000062062346386e+00,1.006760595193819e+00,-4.520920723677118e-01,7.663202754385194e-08,1.000000000000000e+03,1.000000000000000e+00,
1.536340118013045e-07,0.000000000000000e+00,-5.162212058757224e-08,1.366187026750043e+04,1.366187026748903e+04,1.704139005478749e+03,1.536340118013045e-07,0.000000000000000e+00,-1.000000000000000e+03,9.107913511659355e+03,3.864077874297777e-08,3.176771974670175e+05,3.967961387131409e-06,8.452096983036839e+08,0.000000000000000e+00,-1.910404917632169e-10,9.082692161144858e+10,9.082692161144858e+10,-6.813512628689444e+00,1.536340118013045e-07,1.000000000000000e+00,0.000000000000000e+00,-3.851797538890265e-01,1.005856895047987e+00,-9.427938618211519e-02,7.767054917460367e-08,1.000000000000000e+03,1.000000000000000e+00,
1.876106782846045e-06,0.000000000000000e+00,2.430940330555742e-03,1.537006569423463e+05,1.536990820130979e+05,1.735165274921961e+03,1.876106782846045e-06,0.000000000000000e+00,-1.000000000000000e+03,1.024660546753986e+05,1.574929248365549e+00,3.205560353836140e+05,4.294683265457859e-03,8.290872586552817e+08,0.000000000000000e+00,-8.083068583057836e-09,9.248055463877469e+10,9.248055463877469e+10,-5.726742446404183e+00,1.876106782846045e-06,1.000000000000000e+00,0.000000000000000e+00,1.295736656773885e+03,1.295736656773885e+03,1.911922948050245e+02,2.430940330555742e-03,1.000000000000000e+03,1.000000000000000e+00,
2.077246436555186e-05,0.000000000000000e+00,3.737239903140829e-02,1.665779298030851e+06,1.665745679097036e+06,1.535780283226289e+03,2.077246436555186e-05,0.000000000000000e+00,-1.000000000000000e+03,1.110497119398024e+06,3.361893381507075e+01,3.015769037842720e+05,6.027314774537355e-03,7.357584511056036e+08,0.000000000000000e+00,-3.313491243975363e-06,8.185376600649725e+10,8.185376600649725e+10,-4.682511977375722e+00,2.077246436555186e-05,1.000000000000000e+00,0.000000000000000e+00,1.799131695389259e+03,1.799131695389259e+03,-2.551387669304739e+00,3.737239903140829e-02,1.000000000000000e+03,1.000000000000000e+00,
2.294737272148096e-04,0.000000000000000e+00,4.724842167699186e-01,1.835896826436350e+07,1.835848184411442e+07,1.504436198842308e+03,2.294737272148096e-04,0.000000000000000e+00,-1.000000000000000e+03,1.223898789607628e+07,4.864202490765053e+02,2.984835639072751e+05,6.905954191653285e-03,6.492274814636931e+08,0.000000000000000e+00,-1.387163157169880e-06,8.018319413050954e+10,8.018319413050954e+10,-3.639267030295733e+00,2.294737272148096e-04,1.000000000000000e+00,0.000000000000000e+00,2.058990467033412e+03,2.058990467033412e+03,-4.419328365268195e+02,4.724842167699186e-01,1.000000000000000e+03,1.000000000000000e+00,
2.510336519537264e-03,0.000000000000000e+00,5.405765690106385e+00,2.019520621310952e+08,2.019462417356086e+08,1.509364923901007e+03,2.510336519537264e-03,0.000000000000000e+00,-1.000000000000000e+03,1.346308278237391e+08,5.820395486601529e+03,2.989720992397959e+05,7.202805035185680e-03,5.637545139025363e+08,0.000000000000000e+00,-2.056998329402404e-07,8.044588451146535e+10,8.044588451146536e+10,-2.600268055896739e+00,2.510336519537264e-03,1.000000000000000e+00,0.000000000000000e+00,2.153402799997047e+03,2.153402799997047e+03,-9.263617008981057e+02,5.405765690106385e+00,1.000000000000000e+03,1.000000000000000e+00,
7.506145836930337e-08,0.000000000000000e+00,-7.506086987762866e-08,4.266497771420209e+03,4.266497771382674e+03,1.066460923815946e+03,7.506145836930337e-08,0.000000000000000e+00,-1.000000000000000e+03,2.844331847588449e+03,3.753483227800672e-08,2.513078228728965e+05,3.979401238654776e-06,8.320217871819372e+08,0.000000000000000e+00,3.495118323981750e-12,5.684005965340359e+10,5.684005965340359e+10,-7.124583001932153e+00,7.506145836930337e-08,1.000000000000000e+00,0.000000000000000e+00,-1.000000004071134e+00,1.000054661624039e+00,-7.089845533056031e-01,7.506556135052059e-08,1.000000000000000e+03,1.000000000000000e+00,
7.616050430693907e-08,0.000000000000000e+00,-7.506621132699645e-08,4.398049770885430e+03,4.398049770846877e+03,1.083479629853316e+03,7.616050430693907e-08,0.000000000000000e+00,-1.000000000000000e+03,2.932033180564585e+03,3.855323503252220e-08,2.533050858384739e+05,3.992135208190192e-06,8.323491209984384e+08,0.000000000000000e+00,1.202999957395368e-10,5.774711986047295e+10,5.774711986047295e+10,-7.118270188875214e+00,7.616050430693907e-08,1.000000000000000e+00,0.000000000000000e+00,-1.000062062346386e+00,1.006760595193819e+00,-5.606490525221794e-01,7.663202754385194e-08,1.000000000000000e+03,1.000000000000000e+00,
1.536340118013045e-07,0.000000000000000e+00,-5.162212058757224e-08,1.366187026750043e+04,1.366187026748903e+04,1.704139005478749e+03,1.536340118013045e-07,0.000000000000000e+00,-1.000000000000000e+03,9.107913511659355e+03,3.864077874297777e-08,3.176771974670175e+05,3.967961387131409e-06,8.452096983036839e+08,0.000000000000000e+00,-1.910404917632169e-10,9.082692161144858e+10,9.082692161144858e+10,-6.813512628689444e+00,1.536340118013045e-07,1.000000000000000e+00,0.000000000000000e+00,-3.851797538890265e-01,1.005856895047987e+00,-1.229476354140584e-01,7.767054917460367e-08,1.000000000000000e+03,1.000000000000000e+00,
1.876106782846045e-06,0.000000000000000e+00,2.430940330555742e-03,1.537006569423463e+05,1.536990820130979e+05,1.735165274921961e+03,1.876106782846045e-06,0.000000000000000e+00,-1.000000000000000e+03,1.024660546753986e+05,1.574929248365549e+00,3.205560353836140e+05,4.294683265457859e-03,8.290872586552817e+08,0.000000000000000e+00,-8.083068583057836e-09,9.248055463877469e+10,9.248055463877469e+10,-5.726742446404183e+00,1.876106782846045e-06,1.000000000000000e+00,0.000000000000000e+00,1.295736656773885e+03,1.295736656773885e+03,2.791502403791140e+02,2.430940330555742e-03,1.000000000000000e+03,1.000000000000000e+00,
2.077246436555186e-05,0.000000000000000e+00,3.737239903140829e-02,1.665779298030851e+06,1.665745679097036e+06,1.535780283226289e+03,2.077246436555186e-05,0.000000000000000e+00,-1.000000000000000e+03,1.110497119398024e+06,3.361893381507075e+01,3.015769037842720e+05,6.027314774537355e-03,7.357584511056036e+08,0.000000000000000e+00,-3.313491243975363e-06,8.185376600649725e+10,8.185376600649725e+10,-4.682511977375722e+00,2.077246436555186e-05,1.000000000000000e+00,0.000000000000000e+00,1.799131695389259e+03,1.799131695389259e+03,-3.404065669805155e+00,3.737239903140829e-02,1.000000000000000e+03,1.000000000000000e+00,
2.294737272148096e-04,0.000000000000000e+00,4.724842167699186e-01,1.835896826436350e+07,1.835848184411442e+07,1.504436198842308e+03,2.294737272148096e-04,0.000000000000000e+00,-1.000000000000000e+03,1.223898789607628e+07,4.864202490765053e+02,2.984835639072751e+05,6.905954191653285e-03,6.492274814636931e+08,0.000000000000000e+00,-1.387163157169880e-06,8.018319413050954e+10,8.018319413050954e+10,-3.639267030295733e+00,2.294737272148096e-04,1.000000000000000e+00,0.000000000000000e+00,2.058990467033412e+03,2.058990467033412e+03,-5.763147116575875e+02,4.724842167699186e-01,1.000000000000000e+03,1.000000000000000e+00,
2.510336519537264e-03,0.000000000000000e+00,5.405765690106385e+00,2.019520621310952e+08,2.019462417356086e+08,1.509364923901007e+03,2.510336519537264e-03,0.000000000000000e+00,-1.000000000000000e+03,1.346308278237391e+08,5.820395486601529e+03,2.989720992397959e+05,7.202805035185680e-03,5.637545139025363e+08,0.000000000000000e+00,-2.056998329402404e-07,8.044588451146535e+10,8.044588451146536e+10,-2.600268055896739e+00,2.510336519537264e-03,1.000000000000000e+00,0.000000000000000e+00,2.153402799997047e+03,2.153402799997047e+03,-1.148800966982960e+03,5.405765690106385e+00,1.000000000000000e+03,1.000000000000000e+00,
7.506145836930337e-08,0.000000000000000e+00,-7.506086987762866e-08,4.266497771420209e+03,4.266497771382674e+03,1.066460923815946e+03,7.506145836930337e-08,0.000000000000000e+00,-1.000000000000000e+03,2.844331847588449e+03,3.753483227800672e-08,2.513078228728965e+05,3.979401238654776e-06,8.320217871819372e+08,0.000000000000000e+00,3.495118323981750e-12,5.684005965340359e+10,5.684005965340359e+10,-7.124583001932153e+00,7.506145836930337e-08,1.000000000000000e+00,0.000000000000000e+00,-1.000000004071134e+00,1.000054661624039e+00,-8.337578735496926e-01,7.506556135052059e-08,1.000000000000000e+03,1.000000000000000e+00,
7.616050430693907e-08,0.000000000000000e+00,-7.506621132699645e-08,4.398049770885430e+03,4.398049770846877e+03,1.083479629853316e+03,7.616050430693907e-08,0.000000000000000e+00,-1.000000000000000e+03,2.932033180564585e+03,3.855323503252220e-08,2.533050858384739e+05,3.992135208190192e-06,8.323491209984384e+08,0.000000000000000e+00,1.202999957395368e-10,5.774711986047295e+10,5.774711986047295e+10,-7.118270188875214e+00,7.616050430693907e-08,1.000000000000000e+00,0.000000000000000e+00,-1.000062062346386e+00,1.006760595193819e+00,-7.142583925174240e-01,7.663202754385194e-08,1.000000000000000e+03,1.000000000000000e+00,
1.536340118013045e-07,0.000000000000000e+00,-5.162212058757224e-08,1.366187026750043e+04,1.366187026748903e+04,1.704139005478749e+03,1.536340118013045e-07,0.000000000000000e+00,-1.000000000000000e+03,9.107913511659355e+03,3.864077874297777e-08,3.176771974670175e+05,3.967961387131409e-06,8.452096983036839e+08,0.000000000000000e+00,-1.910404917632169e-10,9.082692161144858e+10,9.082692161144858e+10,-6.813512628689444e+00,1.536340118013045e-07,1.000000000000000e+00,0.000000000000000e+00,-3.851797538890265e-01,1.005856895047987e+00,-1.738731489163142e-01,7.767054917460367e-08,1.000000000000000e+03,1.000000000000000e+00,
1.876106782846045e-06,0.000000000000000e+00,2.430940330555742e-03,1.537006569423463e+05,1.536990820130979e+05,1.735165274921961e+03,1.876106782846045e-06,0.000000000000000e+00,-1.000000000000000e+03,1.024660546753986e+05,1.574929248365549e+00,3.205560353836140e+05,4.294683265457859e-03,8.290872586552817e+08,0.000000000000000e+00,-8.083068583057836e-09,9.248055463877469e+10,9.248055463877469e+10,-5.726742446404183e+00,1.876106782846045e-06,1.000000000000000e+00,0.000000000000000e+00,1.295736656773885e+03,1.295736656773885e+03,4.938255013424202e+02,2.430940330555742e-03,1.000000000000000e+03,1.000000000000000e+00,
2.077246436555186e-05,0.000000000000000e+00,3.737239903140829e-02,1.665779298030851e+06,1.665745679097036e+06,1.535780283226289e+03,2.077246436555186e-05,0.000000000000000e+00,-1.000000000000000e+03,1.110497119398024e+06,3.361893381507075e+01,3.015769037842720e+05,6.027314774537355e-03,7.357584511056036e+08,0.000000000000000e+00,-3.313491243975363e-06,8.185376600649725e+10,8.185376600649725e+10,-4.682511977375722e+00,2.077246436555186e-05,1.000000000000000e+00,0.000000000000000e+00,1.799131695389259e+03,1.799131695389259e+03,-5.112751256917016e+00,3.737239903140829e-02,1.000000000000000e+03,1.000000000000000e+00,
2.294737272148096e-04,0.000000000000000e+00,4.724842167699186e-01,1.835896826436350e+07,1.835848184411442e+07,1.504436198842308e+03,2.294737272148096e-04,0.000000000000000e+00,-1.000000000000000e+03,1.223898789607628e+07,4.864202490765053e+02,2.984835639072751e+05,6.905954191653285e-03,6.492274814636931e+08,0.000000000000000e+00,-1.387163157169880e-06,8.018319413050954e+10,8.018319413050954e+10,-3.639267030295733e+00,2.294737272148096e-04,1.000000000000000e+00,0.000000000000000e+00,2.058990467033412e+03,2.058990467033412e+03,-8.150270913729540e+02,4.724842167699186e-01,1.000000000000000e+03,1.000000000000000e+00,
2.510336519537264e-03,0.000000000000000e+00,5.405765690106385e+00,2.019520621310952e+08,2.019462417356086e+08,1.509364923901007e+03,2.510336519537264e-03,0.000000000000000e+00,-1.000000000000000e+03,1.346308278237391e+08,5.820395486601529e+03,2.989720992397959e+05,7.202805035185680e-03,5.637545139025363e+08,0.000000000000000e+00,-2.056998329402404e-07,8.044588451146535e+10,8.044588451146536e+10,-2.600268055896739e+00,2.510336519537264e-03,1.000000000000000e+00,0.000000000000000e+00,2.153402799997047e+03,2.153402799997047e+03,-1.463555014154332e+03,5.405765690106385e+00,1.000000000000000e+03,1.000000000000000e+00,
7.506145836930337e-08,0.000000000000000e+00,-7.506086987762866e-08,4.266497771420209e+03,4.266497771382674e+03,1.066460923815946e+03,7.506145836930337e-08,0.000000000000000e+00,-1.000000000000000e+03,2.844331847588449e+03,3.753483227800672e-08,2.513078228728965e+05,3.979401238654776e-06,8.320217871819372e+08,0.000000000000000e+00,3.495118323981750e-12,5.684005965340359e+10,5.684005965340359e+10,-7.124583001932153e+00,7.506145836930337e-08,1.000000000000000e+00,0.000000000000000e+00,-1.000000004071134e+00,1.000054661624039e+00,-9.497172558276545e-01,7.506556135052059e-08,1.000000000000000e+03,1.000000000000000e+00,
7.616050430693907e-08,0.000000000000000e+00,-7.506621132699645e-08,4.398049770885430e+03,4.398049770846877e+03,1.083479629853316e+03,7.616050430693907e-08,0.000000000000000e+00,-1.000000000000000e+03,2.932033180564585e+03,3.855323503252220e-08,2.533050858384739e+05,3.992135208190192e-06,8.323491209984384e+08,0.000000000000000e+00,1.202999957395368e-10,5.774711986047295e+10,5.774711986047295e+10,-7.118270188875214e+00,7.616050430693907e-08,1.000000000000000e+00,0.000000000000000e+00,-1.000062062346386e+00,1.006760595193819e+00,-9.020608712933522e-01,7.663202754385194e-08,1.000000000000000e+03,1.000000000000000e+00,
1.536340118013045e-07,0.000000000000000e+00,-5.162212058757224e-08,1.366187026750043e+04,1.366187026748903e+04,1.704139005478749e+03,1.536340118013045e-07,0.000000000000000e+00,-1.000000000000000e+03,9.107913511659355e+03,3.864077874297777e-08,3.176771974670175e+05,3.967961387131409e-06,8.452096983036839e+08,0.000000000000000e+00,-1.910404917632169e-10,9.082692161144858e+10,9.082692161144858e+10,-6.813512628689444e+00,1.536340118013045e-07,1.000000000000000e+00,0.000000000000000e+00,-3.851797538890265e-01,1.005856895047987e+00,-2.744826771565789e-01,7.767054917460367e-08,1.000000000000000e+03,1.000000000000000e+00,
1.876106782846045e-06,0.000000000000000e+00,2.430940330555742e-03,1.537006569423463e+05,1.536990820130979e+05,1.735165274921961e+03,1.876106782846045e-06,0.000000000000000e+00,-1.000000000000000e+03,1.024660546753986e+05,1.574929248365549e+00,3.205560353836140e+05,4.294683265457859e-03,8.290872586552817e+08,0.000000000000000e+00,-8.083068583057836e-09,9.248055463877469e+10,9.248055463877469e+10,-5.726742446404183e+00,1.876106782846045e-06,1.000000000000000e+00,0.000000000000000e+00,1.295736656773885e+03,1.295736656773885e+03,1.258736643378571e+03,2.430940330555742e-03,1.000000000000000e+03,1.000000000000000e+00,
2.077246436555186e-05,0.000000000000000e+00,3.737239903140829e-02,1.665779298030851e+06,1.665745679097036e+06,1.535780283226289e+03,2.077246436555186e-05,0.000000000000000e+00,-1.000000000000000e+03,1.110497119398024e+06,3.361893381507075e+01,3.015769037842720e+05,6.027314774537355e-03,7.357584511056036e+08,0.000000000000000e+00,-3.313491243975363e-06,8.185376600649725e+10,8.185376600649725e+10,-4.682511977375722e+00,2.077246436555186e-05,1.000000000000000e+00,0.000000000000000e+00,1.799131695389259e+03,1.799131695389259e+03,-1.026552110761221e+01,3.737239903140829e-02,1.000000000000000e+03,1.000000000000000e+00,
2.294737272148096e-04,0.000000000000000e+00,4.724842167699186e-01,1.835896826436350e+07,1.835848184411442e+07,1.504436198842308e+03,2.294737272148096e-04,0.000000000000000e+00,-1.000000000000000e+03,1.223898789607628e+07,4.864202490765053e+02,2.984835639072751e+05,6.905954191653285e-03,6.492274814636931e+08,0.000000000000000e+00,-1.387163157169880e-06,8.018319413050954e+10,8.018319413050954e+10,-3.639267030295733e+00,2.294737272148096e-04,1.000000000000000e+00,0.000000000000000e+00,2.058990467033412e+03,2.058990467033412e+03,-1.286632348867512e+03,4.724842167699186e-01,1.000000000000000e+03,1.000000000000000e+00,
2.510336519537264e-03,0.000000000000000e+00,5.405765690106385e+00,2.019520621310952e+08,2.019462417356086e+08,1.509364923901007e+03,2.510336519537264e-03,0.000000000000000e+00,-1.000000000000000e+03,1.346308278237391e+08,5.820395486601529e+03,2.989720992397959e+05,7.202805035185680e-03,5.637545139025363e+08,0.000000000000000e+00,-2.056998329402404e-07,8.044588451146535e+10,8.044588451146536e+10,-2.600268055896739e+00,2.510336519537264e-03,1.000000000000000e+00,0.000000000000000e+00,2.153402799997047e+03,2.153402799997047e+03,-1.848372696890090e+03,5.405765690106385e+00,1.000000000000000e+03,1.000000000000000e+00,
7.506145836930337e-08,0.000000000000000e+00,-7.506086987762866e-08,4.266497771420209e+03,4.266497771382674e+03,1.066460923815946e+03,7.506145836930337e-08,0.000000000000000e+00,-1.000000000000000e+03,2.844331847588449e+03,3.753483227800672e-08,2.513078228728965e+05,3.979401238654776e-06,8.320217871819372e+08,0.000000000000000e+00,3.495118323981750e-12,5.684005965340359e+10,5.684005965340359e+10,-7.124583001932153e+00,7.506145836930337e-08,1.000000000000000e+00,0.000000000000000e+00,-1.000000004071134e+00,1.000054661624039e+00,-9.497172558276545e-01,7.506556135052059e-08,1.000000000000000e+03,1.000000000000000e+00,
7.616050430693907e-08,0.000000000000000e+00,-7.506621132699645e-08,4.398049770885430e+03,4.398049770846877e+03,1.083479629853316e+03,7.616050430693907e-08,0.000000000000000e+00,-1.000000000000000e+03,2.932033180564585e+03,3.855323503252220e-08,2.533050858384739e+05,3.992135208190192e-06,8.323491209984384e+08,0.000000000000000e+00,1.202999957395368e-10,5.774711986047295e+10,5.774711986047295e+10,-7.118270188875214e+00,7.616050430693907e-08,1.000000000000000e+00,0.000000000000000e+00,-1.000062062346386e+00,1.006760595193819e+00,-9.020608712933522e-01,7.663202754385194e-08,1.000000000000000e+03,1.000000000000000e+00,
1.536340118013045e-07,0.000000000000000e+00,-5.162212058757224e-08,1.366187026750043e+04,1.366187026748903e+04,1.704139005478749e+03,1.536340118013045e-07,0.000000000000000e+00,-1.000000000000000e+03,9.107913511659355e+03,3.864077874297777e-08,3.176771974670175e+05,3.967961387131409e-06,8.452096983036839e+08,0.000000000000000e+00,-1.910404917632169e-10,9.082692161144858e+10,9.082692161144858e+10,-6.813512628689444e+00,1.536340118013045e-07,1.000000000000000e+00,0.000000000000000e+00,-3.851797538890265e-01,1.005856895047987e+00,-2.744826771565789e-01,7.767054917460367e-08,1.000000000000000e+03,1.000000000000000e+00,
1.876106782846045e-06,0.000000000000000e+00,2.430940330555742e-03,1.537006569423463e+05,1.536990820130979e+05,1.735165274921961e+03,1.876106782846045e-06,0.000000000000000e+00,-1.000000000000000e+03,1.024660546753986e+05,1.574929248365549e+00,3.205560353836140e+05,4.294683265457859e-03,8.290872586552817e+08,0.000000000000000e+00,-8.083068583057836e-09,9.248055463877469e+10,9.248055463877469e+10,-5.726742446404183e+00,1.876106782846045e-06,1.000000000000000e+00,0.000000000000000e+00,1.295736656773885e+03,1.295736656773885e+03,1.258736643378571e+03,2.430940330555742e-03,1.000000000000000e+03,1.000000000000000e+00,
2.077246436555186e-05,0.000000000000000e+00,3.737239903140829e-02,1.665779298030851e+06,1.665745679097036e+06,1.535780283226289e+03,2.077246436555186e-05,0.000000000000000e+00,-1.000000000000000e+03,1.110497119398024e+06,3.361893381507075e+01,3.015769037842720e+05,6.027314774537355e-03,7.357584511056036e+08,0.000000000000000e+00,-3.313491243975363e-06,8.185376600649725e+10,8.185376600649725e+10,-4.682511977375722e+00,2.077246436555186e-05,1.000000000000000e+00,0.000000000000000e+00,1.799131695389259e+03,1.799131695389259e+03,-1.026552110761221e+01,3.737239903140829e-02,1.000000000000000e+03,1.000000000000000e+00,
2.294737272148096e-04,0.000000000000000e+00,4.724842167699186e-01,1.835896826436350e+07,1.835848184411442e+07,1.504436198842308e+03,2.294737272148096e-04,0.000000000000000e+00,-1.000000000000000e+03,1.223898789607628e+07,4.864202490765053e+02,2.984835639072751e+05,6.905954191653285e-03,6.492274814636931e+08,0.000000000000000e+00,-1.387163157169880e-06,8.018319413050954e+10,8.018319413050954e+10,-3.639267030295733e+00,2.294737272148096e-04,1.000000000000000e+00,0.000000000000000e+00,2.058990467033412e+03,2.058990467033412e+03,-1.286632348867512e+03,4.724842167699186e-01,1.000000000000000e+03,1.000000000000000e+00,
2.510336519537264e-03,0.000000000000000e+00,5.405765690106385e+00,2.019520621310952e+08,2.019462417356086e+08,1.509364923901007e+03,2.510336519537264e-03,0.000000000000000e+00,-1.000000000000000e+03,1.346308278237391e+08,5.820395486601529e+03,2.989720992397959e+05,7.202805035185680e-03,5.637545139025363e+08,0.000000000000000e+00,-2.056998329402404e-07,8.044588451146535e+10,8.044588451146536e+10,-2.600268055896739e+00,2.510336519537264e-03,1.000000000000000e+00,0.000000000000000e+00,2.153402799997047e+03,2.153402799997047e+03,-1.848372696890090e+03,5.405765690106385e+00,1.000000000000000e+03,1.000000000000000e+00,
7.506145836930337e-08,0.000000000000000e+00,-7.506086987762866e-08,4.266497771420209e+03,4.266497771382674e+03,1.066460923815946e+03,7.506145836930337e-08,0.000000000000000e+00,-1.000000000000000e+03,2.844331847588449e+03,3.753483227800672e-08,2.513078228728965e+05,3.979401238654776e-06,8.320217871819372e+08,0.000000000000000e+00,3.495118323981750e-12,5.684005965340359e+10,5.684005965340359e+10,-7.124583001932153e+00,7.506145836930337e-08,1.000000000000000e+00,0.000000000000000e+00,-1.000000004071134e+00,1.000054661624039e+00,-8.337578735496926e-01,7.506556135052059e-08,1.000000000000000e+03,1.000000000000000e+00,
7.616050430693907e-08,0.000000000000000e+00,-7.506621132699645e-08,4.398049770885430e+03,4.398049770846877e+03,1.083479629853316e+03,7.616050430693907e-08,0.000000000000000e+00,-1.000000000000000e+03,2.932033180564585e+03,3.855323503252220e-08,2.533050858384739e+05,3.992135208190192e-06,8.323491209984384e+08,0.000000000000000e+00,1.202999957395368e-10,5.774711986047295e+10,5.774711986047295e+10,-7.118270188875214e+00,7.616050430693907e-08,1.000000000000000e+00,0.000000000000000e+00,-1.000062062346386e+00,1.006760595193819e+00,-7.142583925174240e-01,7.663202754385194e-08,1.000000000000000e+03,1.000000000000000e+00,
1.536340118013045e-07,0.000000000000000e+00,-5.162212058757224e-08,1.366187026750043e+04,1.366187026748903e+04,1.704139005478749e+03,1.536340118013045e-07,0.000000000000000e+00,-1.000000000000000e+03,9.107913511659355e+03,3.864077874297777e-08,3.176771974670175e+05,3.967961387131409e-06,8.452096983036839e+08,0.000000000000000e+00,-1.910404917632169e-10,9.082692161144858e+10,9.082692161144858e+10,-6.813512628689444e+00,1.536340118013045e-07,1.000000000000000e+00,0.000000000000000e+00,-3.851797538890265e-01,1.005856895047987e+00,-1.738731489163142e-01,7.767054917460367e-08,1.000000000000000e+03,1.000000000000000e+00,
1.876106782846045e-06,0.000000000000000e+00,2.430940330555742e-03,1.537006569423463e+05,1.536990820130979e+05,1.735165274921961e+03,1.876106782846045e-06,0.000000000000000e+00,-1.000000000000000e+03,1.024660546753986e+05,1.574929248365549e+00,3.205560353836140e+05,4.294683265457859e-03,8.290872586552817e+08,0.000000000000000e+00,-8.083068583057836e-09,9.248055463877469e+10,9.248055463877469e+10,-5.726742446404183e+00,1.876106782846045e-06,1.000000000000000e+00,0.000000000000000e+00,1.295736656773885e+03,1.295736656773885e+03,4.938255013424202e+02,2.430940330555742e-03,1.000000000000000e+03,1.000000000000000e+00,
2.077246436555186e-05,0.000000000000000e+00,3.737239903140829e-02,1.665779298030851e+06,1.665745679097036e+06,1.535780283226289e+03,2.077246436555186e-05,0.000000000000000e+00,-1.000000000000000e+03,1.110497119398024e+06,3.361893381507075e+01,3.015769037842720e+05,6.027314774537355e-03,7.357584511056036e+08,0.000000000000000e+00,-3.313491243975363e-06,8.185376600649725e+10,8.185376600649725e+10,-4.682511977375722e+00,2.077246436555186e-05,1.000000000000000e+00,0.000000000000000e+00,1.799131695389259e+03,1.799131695389259e+03,-5.112751256917016e+00,3.737239903140829e-02,1.000000000000000e+03,1.000000000000000e+00,
2.294737272148096e-04,0.000000000000000e+00,4.724842167699186e-01,1.835896826436350e+07,1.835848184411442e+07,1.504436198842308e+03,2.294737272148096e-04,0.000000000000000e+00,-1.000000000000000e+03,1.223898789607628e+07,4.864202490765053e+02,2.984835639072751e+05,6.905954191653285e-03,6.492274814636931e+08,0.000000000000000e+00,-1.387163157169880e-06,8.018319413050954e+10,8.018319413050954e+10,-3.639267030295733e+00,2.294737272148096e-04,1.000000000000000e+00,0.000000000000000e+00,2.058990467033412e+03,2.058990467033412e+03,-8.150270913729540e+02,4.724842167699186e-01,1.000000000000000e+03,1.000000000000000e+00,
2.510336519537264e-03,0.000000000000000e+00,5.405765690106385e+00,2.019520621310952e+08,2.019462417356086e+08,1.509364923901007e+03,2.510336519537264e-03,0.000000000000000e+00,-1.000000000000000e+03,1.346308278237391e+08,5.820395486601529e+03,2.989720992397959e+05,7.202805035185680e-03,5.637545139025363e+08,0.000000000000000e+00,-2.056998329402404e-07,8.044588451146535e+10,8.044588451146536e+10,-2.600268055896739e+00,2.510336519537264e-03,1.000000000000000e+00,0.000000000000000e+00,2.153402799997047e+03,2.153402799997047e+03,-1.463555014154332e+03,5.405765690106385e+00,1.000000000000000e+03,1.000000000000000e+00,
7.506145836930337e-08,0.000000000000000e+00,-7.506086987762866e-08,4.266497771420209e+03,4.266497771382674e+03,1.066460923815946e+03,7.506145836930337e-08,0.000000000000000e+00,-1.000000000000000e+03,2.844331847588449e+03,3.753483227800672e-08,2.513078228728965e+05,3.979401238654776e-06,8.320217871819372e+08,0.000000000000000e+00,3.495118323981750e-12,5.684005965340359e+10,5.684005965340359e+10,-7.124583001932153e+00,7.506145836930337e-08,1.000000000000000e+00,0.000000000000000e+00,-1.000000004071134e+00,1.000054661624039e+00,-7.089845533056031e-01,7.506556135052059e-08,1.000000000000000e+03,1.000000000000000e+00,
7.616050430693907e-08,0.000000000000000e+00,-7.506621132699645e-08,4.398049770885430e+03,4.398049770846877e+03,1.083479629853316e+03,7.616050430693907e-08,0.000000000000000e+00,-1.000000000000000e+03,2.932033180564585e+03,3.855323503252220e-08,2.533050858384739e+05,3.992135208190192e-06,8.323491209984384e+08,0.000000000000000e+00,1.202999957395368e-10,5.774711986047295e+10,5.774711986047295e+10,-7.118270188875214e+00,7.616050430693907e-08,1.000000000000000e+00,0.000000000000000e+00,-1.000062062346386e+00,1.006760595193819e+00,-5.606490525221794e-01,7.663202754385194e-08,1.000000000000000e+03,1.000000000000000e+00,
1.536340118013045e-07,0.000000000000000e+00,-5.162212058757224e-08,1.366187026750043e+04,1.366187026748903e+04,1.704139005478749e+03,1.536340118013045e-07,0.000000000000000e+00,-1.000000000000000e+03,9.107913511659355e+03,3.864077874297777e-08,3.176771974670175e+05,3.967961387131409e-06,8.452096983036839e+08,0.000000000000000e+00,-1.910404917632169e-10,9.082692161144858e+10,9.082692161144858e+10,-6.813512628689444e+00,1.536340118013045e-07,1.000000000000000e+00,0.000000000000000e+00,-3.851797538890265e-01,1.005856895047987e+00,-1.229476354140584e-01,7.767054917460367e-08,1.000000000000000e+03,1.000000000000000e+00,
1.876106782846045e-06,0.000000000000000e+00,2.430940330555742e-03,1.537006569423463e+05,1.536990820130979e+05,1.735165274921961e+03,1.876106782846045e-06,0.000000000000000e+00,-1.000000000000000e+03,1.024660546753986e+05,1.574929248365549e+00,3.205560353836140e+05,4.294683265457859e-03,8.290872586552817e+08,0.000000000000000e+00,-8.083068583057836e-09,9.248055463877469e+10,9.248055463877469e+10,-5.726742446404183e+00,1.876106782846045e-06,1.000000000000000e+00,0.000000000000000e+00,1.295736656773885e+03,1.295736656773885e+03,2.791502403791140e+02,2.430940330555742e-03,1.000000000000000e+03,1.000000000000000e+00,
2.077246436555186e-05,0.000000000000000e+00,3.737239903140829e-02,1.665779298030851e+06,1.665745679097036e+06,1.535780283226289e+03,2.077246436555186e-05,0.000000000000000e+00,-1.000000000000000e+03,1.110497119398024e+06,3.361893381507075e+01,3.015769037842720e+05,6.027314774537355e-03,7.357584511056036e+08,0.000000000000000e+00,-3.313491243975363e-06,8.185376600649725e+10,8.185376600649725e+10,-4.682511977375722e+00,2.077246436555186e-05,1.000000000000000e+00,0.000000000000000e+00,1.799131695389259e+03,1.799131695389259e+03,-3.404065669805155e+00,3.737239903140829e-02,1.000000000000000e+03,1.000000000000000e+00,
2.294737272148096e-04,0.000000000000000e+00,4.724842167699186e-01,1.835896826436350e+07,1.835848184411442e+07,1.504436198842308e+03,2.294737272148096e-04,0.000000000000000e+00,-1.000000000000000e+03,1.223898789607628e+07,4.864202490765053e+02,2.984835639072751e+05,6.905954191653285e-03,6.492274814636931e+08,0.000000000000000e+00,-1.387163157169880e-06,8.018319413050954e+10,8.018319413050954e+10,-3.639267030295733e+00,2.294737272148096e-04,1.000000000000000e+00,0.000000000000000e+00,2.058990467033412e+03,2.058990467033412e+03,-5.763147116575875e+02,4.724842167699186e-01,1.000000000000000e+03,1.000000000000000e+00,
2.510336519537264e-03,0.000000000000000e+00,5.405765690106385e+00,2.019520621310952e+08,2.019462417356086e+08,1.509364923901007e+03,2.510336519537264e-03,0.000000000000000e+00,-1.000000000000000e+03,1.346308278237391e+08,5.820395486601529e+03,2.989720992397959e+05,7.202805035185680e-03,5.637545139025363e+08,0.000000000000000e+00,-2.056998329402404e-07,8.044588451146535e+10,8.044588451146536e+10,-2.600268055896739e+00,2.510336519537264e-03,1.000000000000000e+00,0.000000000000000e+00,2.153402799997047e+03,2.153402799997047e+03,-1.148800966982960e+03,5.405765690106385e+00,1.000000000000000e+03,1.000000000000000e+00,

