1
0
28
0
(64 0
((0,0) (63,63) (0,0))
((448,0) (511,63) (0,0))
((384,0) (447,63) (0,0))
((320,0) (383,63) (0,0))
((256,0) (319,63) (0,0))
((192,0) (255,63) (0,0))
((128,0) (191,63) (0,0))
((64,0) (127,63) (0,0))
((0,448) (63,511) (0,0))
((0,384) (63,447) (0,0))
((0,320) (63,383) (0,0))
((0,256) (63,319) (0,0))
((0,192) (63,255) (0,0))
((0,128) (63,191) (0,0))
((0,64) (63,127) (0,0))
((448,448) (511,511) (0,0))
((448,384) (511,447) (0,0))
((448,320) (511,383) (0,0))
((448,256) (511,319) (0,0))
((448,192) (511,255) (0,0))
((448,128) (511,191) (0,0))
((448,64) (511,127) (0,0))
((384,448) (447,511) (0,0))
((384,384) (447,447) (0,0))
((384,320) (447,383) (0,0))
((384,256) (447,319) (0,0))
((384,192) (447,255) (0,0))
((384,128) (447,191) (0,0))
((384,64) (447,127) (0,0))
((320,448) (383,511) (0,0))
((320,384) (383,447) (0,0))
((320,320) (383,383) (0,0))
((320,256) (383,319) (0,0))
((320,192) (383,255) (0,0))
((320,128) (383,191) (0,0))
((320,64) (383,127) (0,0))
((256,448) (319,511) (0,0))
((256,384) (319,447) (0,0))
((256,320) (319,383) (0,0))
((256,256) (319,319) (0,0))
((256,192) (319,255) (0,0))
((256,128) (319,191) (0,0))
((256,64) (319,127) (0,0))
((192,448) (255,511) (0,0))
((192,384) (255,447) (0,0))
((192,320) (255,383) (0,0))
((192,256) (255,319) (0,0))
((192,192) (255,255) (0,0))
((192,128) (255,191) (0,0))
((192,64) (255,127) (0,0))
((128,448) (191,511) (0,0))
((128,384) (191,447) (0,0))
((128,320) (191,383) (0,0))
((128,256) (191,319) (0,0))
((128,192) (191,255) (0,0))
((128,128) (191,191) (0,0))
((128,64) (191,127) (0,0))
((64,448) (127,511) (0,0))
((64,384) (127,447) (0,0))
((64,320) (127,383) (0,0))
((64,256) (127,319) (0,0))
((64,192) (127,255) (0,0))
((64,128) (127,191) (0,0))
((64,64) (127,127) (0,0))
)
64
FabOnDisk: Cell_D_0000 0
FabOnDisk: Cell_D_0001 0
FabOnDisk: Cell_D_0001 917590
FabOnDisk: Cell_D_0001 1835180
FabOnDisk: Cell_D_0001 2752770
FabOnDisk: Cell_D_0000 917587
FabOnDisk: Cell_D_0000 1835177
FabOnDisk: Cell_D_0000 2752767
FabOnDisk: Cell_D_0002 0
FabOnDisk: Cell_D_0002 917590
FabOnDisk: Cell_D_0002 1835180
FabOnDisk: Cell_D_0002 2752770
FabOnDisk: Cell_D_0000 3670356
FabOnDisk: Cell_D_0000 4587946
FabOnDisk: Cell_D_0000 5505536
FabOnDisk: Cell_D_0003 0
FabOnDisk: Cell_D_0003 917593
FabOnDisk: Cell_D_0003 1835186
FabOnDisk: Cell_D_0003 2752779
FabOnDisk: Cell_D_0001 3670360
FabOnDisk: Cell_D_0001 4587953
FabOnDisk: Cell_D_0001 5505546
FabOnDisk: Cell_D_0003 3670372
FabOnDisk: Cell_D_0003 4587965
FabOnDisk: Cell_D_0003 5505558
FabOnDisk: Cell_D_0003 6423151
FabOnDisk: Cell_D_0001 6423138
FabOnDisk: Cell_D_0001 7340731
FabOnDisk: Cell_D_0001 8258324
FabOnDisk: Cell_D_0003 7340744
FabOnDisk: Cell_D_0003 8258337
FabOnDisk: Cell_D_0003 9175930
FabOnDisk: Cell_D_0003 10093523
FabOnDisk: Cell_D_0001 9175916
FabOnDisk: Cell_D_0001 10093509
FabOnDisk: Cell_D_0001 11011102
FabOnDisk: Cell_D_0003 11011116
FabOnDisk: Cell_D_0003 11928709
FabOnDisk: Cell_D_0003 12846302
FabOnDisk: Cell_D_0003 13763895
FabOnDisk: Cell_D_0001 11928694
FabOnDisk: Cell_D_0001 12846287
FabOnDisk: Cell_D_0001 13763880
FabOnDisk: Cell_D_0002 3670360
FabOnDisk: Cell_D_0002 4587953
FabOnDisk: Cell_D_0002 5505546
FabOnDisk: Cell_D_0002 6423139
FabOnDisk: Cell_D_0000 6423125
FabOnDisk: Cell_D_0000 7340718
FabOnDisk: Cell_D_0000 8258311
FabOnDisk: Cell_D_0002 7340732
FabOnDisk: Cell_D_0002 8258325
FabOnDisk: Cell_D_0002 9175918
FabOnDisk: Cell_D_0002 10093511
FabOnDisk: Cell_D_0000 9175903
FabOnDisk: Cell_D_0000 10093496
FabOnDisk: Cell_D_0000 11011089
FabOnDisk: Cell_D_0002 11011104
FabOnDisk: Cell_D_0002 11928696
FabOnDisk: Cell_D_0002 12846288
FabOnDisk: Cell_D_0002 13763880
FabOnDisk: Cell_D_0000 11928681
FabOnDisk: Cell_D_0000 12846273
FabOnDisk: Cell_D_0000 13763865

64,28
2.254083189326108e-03,0.000000000000000e+00,4.332103920684553e+00,1.811174571089563e+08,1.811132941915297e+08,1.507546829886939e+03,2.254083189326108e-03,0.000000000000000e+00,-1.000000000000000e+03,1.207421961276865e+08,4.162917426579359e+03,2.987919827023282e+05,6.037722567820307e-03,4.239857080270966e+08,0.000000000000000e+00,-9.915029258980327e-07,8.034898403446956e+10,8.034898403446956e+10,-2.647030059896571e+00,2.254083189326108e-03,1.000000000000000e+00,0.000000000000000e+00,1.921891765662695e+03,1.921891765662695e+03,-1.597793656143254e+03,4.332103920684553e+00,1.000000000000000e+03,1.000000000000000e+00,
2.254083189326108e-03,0.000000000000000e+00,4.332103920684553e+00,1.811174571089563e+08,1.811132941915297e+08,1.507546829886939e+03,2.254083189326108e-03,0.000000000000000e+00,-1.000000000000000e+03,1.207421961276865e+08,4.162917426579359e+03,2.987919827023282e+05,6.037722567820307e-03,4.239857080270966e+08,0.000000000000000e+00,-9.915029258980327e-07,8.034898403446956e+10,8.034898403446956e+10,-2.647030059896571e+00,2.254083189326108e-03,1.000000000000000e+00,0.000000000000000e+00,1.921891765662695e+03,1.921891765662695e+03,-1.597793656143254e+03,4.332103920684553e+00,1.000000000000000e+03,1.000000000000000e+00,
2.254083189326108e-03,0.000000000000000e+00,4.332103920684553e+00,1.811174571089563e+08,1.811132941915297e+08,1.507546829886939e+03,2.254083189326108e-03,0.000000000000000e+00,-1.000000000000000e+03,1.207421961276865e+08,4.162917426579359e+03,2.987919827023282e+05,6.037722567820307e-03,4.239857080270966e+08,0.000000000000000e+00,-9.915029258980327e-07,8.034898403446956e+10,8.034898403446956e+10,-2.647030059896571e+00,2.254083189326108e-03,1.000000000000000e+00,0.000000000000000e+00,1.921891765662695e+03,1.921891765662695e+03,-1.787225000791026e+03,4.332103920684553e+00,1.000000000000000e+03,1.000000000000000e+00,
2.254083189326108e-03,0.000000000000000e+00,4.332103920684553e+00,1.811174571089563e+08,1.811132941915297e+08,1.507546829886939e+03,2.254083189326108e-03,0.000000000000000e+00,-1.000000000000000e+03,1.207421961276865e+08,4.162917426579359e+03,2.987919827023282e+05,6.037722567820307e-03,4.239857080270966e+08,0.000000000000000e+00,-9.915029258980327e-07,8.034898403446956e+10,8.034898403446956e+10,-2.647030059896571e+00,2.254083189326108e-03,1.000000000000000e+00,0.000000000000000e+00,1.921891765662695e+03,1.921891765662695e+03,-1.939677609949930e+03,4.332103920684553e+00,1.000000000000000e+03,1.000000000000000e+00,
2.254083189326108e-03,0.000000000000000e+00,4.332103920684553e+00,1.811174571089563e+08,1.811132941915297e+08,1.507546829886939e+03,2.254083189326108e-03,0.000000000000000e+00,-1.000000000000000e+03,1.207421961276865e+08,4.162917426579359e+03,2.987919827023282e+05,6.037722567820307e-03,4.239857080270966e+08,0.000000000000000e+00,-9.915029258980327e-07,8.034898403446956e+10,8.034898403446956e+10,-2.647030059896571e+00,2.254083189326108e-03,1.000000000000000e+00,0.000000000000000e+00,1.921891765662695e+03,1.921891765662695e+03,-2.000526166582662e+03,4.332103920684553e+00,1.000000000000000e+03,1.000000000000000e+00,
2.254083189326108e-03,0.000000000000000e+00,4.332103920684553e+00,1.811174571089563e+08,1.811132941915297e+08,1.507546829886939e+03,2.254083189326108e-03,0.000000000000000e+00,-1.000000000000000e+03,1.207421961276865e+08,4.162917426579359e+03,2.987919827023282e+05,6.037722567820307e-03,4.239857080270966e+08,0.000000000000000e+00,-9.915029258980327e-07,8.034898403446956e+10,8.034898403446956e+10,-2.647030059896571e+00,2.254083189326108e-03,1.000000000000000e+00,0.000000000000000e+00,1.921891765662695e+03,1.921891765662695e+03,-2.000526166582662e+03,4.332103920684553e+00,1.000000000000000e+03,1.000000000000000e+00,
2.254083189326108e-03,0.000000000000000e+00,4.332103920684553e+00,1.811174571089563e+08,1.811132941915297e+08,1.507546829886939e+03,2.254083189326108e-03,0.000000000000000e+00,-1.000000000000000e+03,1.207421961276865e+08,4.162917426579359e+03,2.987919827023282e+05,6.037722567820307e-03,4.239857080270966e+08,0.000000000000000e+00,-9.915029258980327e-07,8.034898403446956e+10,8.034898403446956e+10,-2.647030059896571e+00,2.254083189326108e-03,1.000000000000000e+00,0.000000000000000e+00,1.921891765662695e+03,1.921891765662695e+03,-1.939677609949930e+03,4.332103920684553e+00,1.000000000000000e+03,1.000000000000000e+00,
2.254083189326108e-03,0.000000000000000e+00,4.332103920684553e+00,1.811174571089563e+08,1.811132941915297e+08,1.507546829886939e+03,2.254083189326108e-03,0.000000000000000e+00,-1.000000000000000e+03,1.207421961276865e+08,4.162917426579359e+03,2.987919827023282e+05,6.037722567820307e-03,4.239857080270966e+08,0.000000000000000e+00,-9.915029258980327e-07,8.034898403446956e+10,8.034898403446956e+10,-2.647030059896571e+00,2.254083189326108e-03,1.000000000000000e+00,0.000000000000000e+00,1.921891765662695e+03,1.921891765662695e+03,-1.787225000791026e+03,4.332103920684553e+00,1.000000000000000e+03,1.000000000000000e+00,
7.506086955999995e-08,0.000000000000000e+00,-7.506093132432591e-08,5.032458770879181e+03,5.032458770841651e+03,1.257931684909871e+03,7.506086955999995e-08,0.000000000000000e+00,-1.000000000000000e+03,3.354972513894435e+03,3.753043477995889e-08,2.729367792472088e+05,3.663852129997149e-06,8.408227769724594e+08,0.000000000000000e+00,-2.491340467258851e-19,6.704503691925561e+10,6.704503691925561e+10,-7.124586408708945e+00,7.506086955999995e-08,1.000000000000000e+00,0.000000000000000e+00,-1.000000795134369e+00,9.999999999994518e-01,-7.986851776062550e-01,7.506086955995894e-08,1.000000000000000e+03,1.000000000000000e+00,
7.506087219529458e-08,0.000000000000000e+00,-7.628242934996347e-08,5.032459088649506e+03,5.032459088611976e+03,1.257931720176470e+03,7.506087219529458e-08,0.000000000000000e+00,-1.000000000000000e+03,3.354972725741317e+03,3.753051025382263e-08,2.729367830731526e+05,3.663855698330881e-06,8.408227772192041e+08,0.000000000000000e+00,1.074789891530870e-13,6.704503879888903e+10,6.704503879888903e+10,-7.124586393461401e+00,7.506087219529458e-08,1.000000000000000e+00,0.000000000000000e+00,-1.013332141127073e+00,1.000000987946670e+00,-7.052636626081649e-01,7.506094635143328e-08,1.000000000000000e+03,1.000000000000000e+00,
7.530809699083257e-08,0.000000000000000e+00,-7.967764313179505e-08,5.064153739991596e+03,5.064153739952849e+03,1.261698627149517e+03,7.530809699083257e-08,0.000000000000000e+00,-1.000000000000000e+03,3.376102493301900e+03,1.184748423053303e-08,2.733451354968200e+05,1.358060683471785e-06,8.304480235928583e+08,0.000000000000000e+00,-4.570531024587004e-08,6.724580678979738e+10,6.724580678979739e+10,-7.123158326729059e+00,7.530809699083257e-08,1.000000000000000e+00,0.000000000000000e+00,-1.029787531586740e+00,4.130503500121124e-01,-5.601577569513424e-01,5.056977920317522e-08,1.000000000000000e+03,1.000000000000000e+00,
1.440024876780386e-07,0.000000000000000e+00,-6.036364924985978e-08,1.196871258046635e+04,1.196871258045453e+04,1.522516885225947e+03,1.440024876780386e-07,0.000000000000000e+00,-1.000000000000000e+03,7.979141720303021e+03,5.808715740616481e-11,3.002718316461936e+05,7.019731856945979e-08,7.419481824067570e+08,0.000000000000000e+00,-1.999112760165014e-04,8.114685559214400e+10,8.114685559214400e+10,-6.841630005297022e+00,1.440024876780386e-07,1.000000000000000e+00,0.000000000000000e+00,-4.052250462915226e-01,2.142680616958707e-02,-1.269433229094468e-01,5.421914675143042e-09,1.000000000000000e+03,1.000000000000000e+00,
1.677289133069992e-06,0.000000000000000e+00,2.678402010400515e-03,1.360414740104566e+05,1.360393354890807e+05,1.503561342364384e+03,1.677289133069992e-06,0.000000000000000e+00,-1.000000000000000e+03,9.069289032605381e+04,2.138521375914191e+00,2.983967645289899e+05,5.319377346691293e-03,6.558090450605012e+08,0.000000000000000e+00,-4.799391534122606e-06,8.013656617323248e+10,8.013656617323247e+10,-5.775392066747907e+00,1.677289133069992e-06,1.000000000000000e+00,0.000000000000000e+00,1.596863628096222e+03,1.596863628096222e+03,-5.543293422106742e+02,2.678402010400515e-03,1.000000000000000e+03,1.000000000000000e+00,
1.859033263015406e-05,0.000000000000000e+00,3.289902360144107e-02,1.489714826198954e+06,1.489685715752803e+06,1.501072510044623e+03,1.859033263015406e-05,0.000000000000000e+00,-1.000000000000000e+03,9.931238105018685e+05,2.911044615125876e+01,2.981496954288285e+05,5.930801061395524e-03,5.703279326173749e+08,0.000000000000000e+00,-6.435006913407051e-07,8.000391679587285e+10,8.000391679587285e+10,-4.730712839483183e+00,1.859033263015406e-05,1.000000000000000e+00,0.000000000000000e+00,1.769684505164685e+03,1.769684505164685e+03,-9.987165960377995e+02,3.289902360144107e-02,1.000000000000000e+03,1.000000000000000e+00,
2.055881059449286e-04,0.000000000000000e+00,3.719680388508087e-01,1.644800978670493e+07,1.644767328809940e+07,1.500914714172161e+03,2.055881059449286e-04,0.000000000000000e+00,-1.000000000000000e+03,1.096511552539960e+07,3.364986055262838e+02,2.981340239581037e+05,6.068420287870543e-03,4.854351580145931e+08,0.000000000000000e+00,-1.455174858203350e-06,7.999550661730603e+10,7.999550661730603e+10,-3.687002014540111e+00,2.055881059449286e-04,1.000000000000000e+00,0.000000000000000e+00,1.809287736472696e+03,1.809287736472696e+03,-1.354034299878426e+03,3.719680388508087e-01,1.000000000000000e+03,1.000000000000000e+00,
7.506086955999995e-08,0.000000000000000e+00,-7.506093132432591e-08,5.032458770879181e+03,5.032458770841651e+03,1.257931684909871e+03,7.506086955999995e-08,0.000000000000000e+00,-1.000000000000000e+03,3.354972513894435e+03,3.753043477995889e-08,2.729367792472088e+05,3.663852129997149e-06,8.408227769724594e+08,0.000000000000000e+00,-2.491340467258851e-19,6.704503691925561e+10,6.704503691925561e+10,-7.124586408708945e+00,7.506086955999995e-08,1.000000000000000e+00,0.000000000000000e+00,-1.000000795134369e+00,9.999999999994518e-01,-7.986851776062550e-01,7.506086955995894e-08,1.000000000000000e+03,1.000000000000000e+00,
7.506087219529458e-08,0.000000000000000e+00,-7.628242934996347e-08,5.032459088649506e+03,5.032459088611976e+03,1.257931720176470e+03,7.506087219529458e-08,0.000000000000000e+00,-1.000000000000000e+03,3.354972725741317e+03,3.753051025382263e-08,2.729367830731526e+05,3.663855698330881e-06,8.408227772192041e+08,0.000000000000000e+00,1.074789891530870e-13,6.704503879888903e+10,6.704503879888903e+10,-7.124586393461401e+00,7.506087219529458e-08,1.000000000000000e+00,0.000000000000000e+00,-1.013332141127073e+00,1.000000987946670e+00,-7.052636626081649e-01,7.506094635143328e-08,1.000000000000000e+03,1.000000000000000e+00,
7.530809699083257e-08,0.000000000000000e+00,-7.967764313179505e-08,5.064153739991596e+03,5.064153739952849e+03,1.261698627149517e+03,7.530809699083257e-08,0.000000000000000e+00,-1.000000000000000e+03,3.376102493301900e+03,1.184748423053303e-08,2.733451354968200e+05,1.358060683471785e-06,8.304480235928583e+08,0.000000000000000e+00,-4.570531024587004e-08,6.724580678979738e+10,6.724580678979739e+10,-7.123158326729059e+00,7.530809699083257e-08,1.000000000000000e+00,0.000000000000000e+00,-1.029787531586740e+00,4.130503500121124e-01,-5.601577569513424e-01,5.056977920317522e-08,1.000000000000000e+03,1.000000000000000e+00,
1.440024876780386e-07,0.000000000000000e+00,-6.036364924985978e-08,1.196871258046635e+04,1.196871258045453e+04,1.522516885225947e+03,1.440024876780386e-07,0.000000000000000e+00,-1.000000000000000e+03,7.979141720303021e+03,5.808715740616481e-11,3.002718316461936e+05,7.019731856945979e-08,7.419481824067570e+08,0.000000000000000e+00,-1.999112760165014e-04,8.114685559214400e+10,8.114685559214400e+10,-6.841630005297022e+00,1.440024876780386e-07,1.000000000000000e+00,0.000000000000000e+00,-4.052250462915226e-01,2.142680616958707e-02,-1.269433229094468e-01,5.421914675143042e-09,1.000000000000000e+03,1.000000000000000e+00,
1.677289133069992e-06,0.000000000000000e+00,2.678402010400515e-03,1.360414740104566e+05,1.360393354890807e+05,1.503561342364384e+03,1.677289133069992e-06,0.000000000000000e+00,-1.000000000000000e+03,9.069289032605381e+04,2.138521375914191e+00,2.983967645289899e+05,5.319377346691293e-03,6.558090450605012e+08,0.000000000000000e+00,-4.799391534122606e-06,8.013656617323248e+10,8.013656617323247e+10,-5.775392066747907e+00,1.677289133069992e-06,1.000000000000000e+00,0.000000000000000e+00,1.596863628096222e+03,1.596863628096222e+03,-5.543293422106742e+02,2.678402010400515e-03,1.000000000000000e+03,1.000000000000000e+00,
1.859033263015406e-05,0.000000000000000e+00,3.289902360144107e-02,1.489714826198954e+06,1.489685715752803e+06,1.501072510044623e+03,1.859033263015406e-05,0.000000000000000e+00,-1.000000000000000e+03,9.931238105018685e+05,2.911044615125876e+01,2.981496954288285e+05,5.930801061395524e-03,5.703279326173749e+08,0.000000000000000e+00,-6.435006913407051e-07,8.000391679587285e+10,8.000391679587285e+10,-4.730712839483183e+00,1.859033263015406e-05,1.000000000000000e+00,0.000000000000000e+00,1.769684505164685e+03,1.769684505164685e+03,-9.987165960377995e+02,3.289902360144107e-02,1.000000000000000e+03,1.000000000000000e+00,
2.055881059449286e-04,0.000000000000000e+00,3.719680388508087e-01,1.644800978670493e+07,1.644767328809940e+07,1.500914714172161e+03,2.055881059449286e-04,0.000000000000000e+00,-1.000000000000000e+03,1.096511552539960e+07,3.364986055262838e+02,2.981340239581037e+05,6.068420287870543e-03,4.854351580145931e+08,0.000000000000000e+00,-1.455174858203350e-06,7.999550661730603e+10,7.999550661730603e+10,-3.687002014540111e+00,2.055881059449286e-04,1.000000000000000e+00,0.000000000000000e+00,1.809287736472696e+03,1.809287736472696e+03,-1.354034299878426e+03,3.719680388508087e-01,1.000000000000000e+03,1.000000000000000e+00,
7.506086955999995e-08,0.000000000000000e+00,-7.506093132432591e-08,5.032458770879181e+03,5.032458770841651e+03,1.257931684909871e+03,7.506086955999995e-08,0.000000000000000e+00,-1.000000000000000e+03,3.354972513894435e+03,3.753043477995889e-08,2.729367792472088e+05,3.663852129997149e-06,8.408227769724594e+08,0.000000000000000e+00,-2.491340467258851e-19,6.704503691925561e+10,6.704503691925561e+10,-7.124586408708945e+00,7.506086955999995e-08,1.000000000000000e+00,0.000000000000000e+00,-1.000000795134369e+00,9.999999999994518e-01,-8.933757570577940e-01,7.506086955995894e-08,1.000000000000000e+03,1.000000000000000e+00,
7.506087219529458e-08,0.000000000000000e+00,-7.628242934996347e-08,5.032459088649506e+03,5.032459088611976e+03,1.257931720176470e+03,7.506087219529458e-08,0.000000000000000e+00,-1.000000000000000e+03,3.354972725741317e+03,3.753051025382263e-08,2.729367830731526e+05,3.663855698330881e-06,8.408227772192041e+08,0.000000000000000e+00,1.074789891530870e-13,6.704503879888903e+10,6.704503879888903e+10,-7.124586393461401e+00,7.506087219529458e-08,1.000000000000000e+00,0.000000000000000e+00,-1.013332141127073e+00,1.000000987946670e+00,-8.303795918339035e-01,7.506094635143328e-08,1.000000000000000e+03,1.000000000000000e+00,
7.530809699083257e-08,0.000000000000000e+00,-7.967764313179505e-08,5.064153739991596e+03,5.064153739952849e+03,1.261698627149517e+03,7.530809699083257e-08,0.000000000000000e+00,-1.000000000000000e+03,3.376102493301900e+03,1.184748423053303e-08,2.733451354968200e+05,1.358060683471785e-06,8.304480235928583e+08,0.000000000000000e+00,-4.570531024587004e-08,6.724580678979738e+10,6.724580678979739e+10,-7.123158326729059e+00,7.530809699083257e-08,1.000000000000000e+00,0.000000000000000e+00,-1.029787531586740e+00,4.130503500121124e-01,-7.144907287864418e-01,5.056977920317522e-08,1.000000000000000e+03,1.000000000000000e+00,
1.440024876780386e-07,0.000000000000000e+00,-6.036364924985978e-08,1.196871258046635e+04,1.196871258045453e+04,1.522516885225947e+03,1.440024876780386e-07,0.000000000000000e+00,-1.000000000000000e+03,7.979141720303021e+03,5.808715740616481e-11,3.002718316461936e+05,7.019731856945979e-08,7.419481824067570e+08,0.000000000000000e+00,-1.999112760165014e-04,8.114685559214400e+10,8.114685559214400e+10,-6.841630005297022e+00,1.440024876780386e-07,1.000000000000000e+00,0.000000000000000e+00,-4.052250462915226e-01,2.142680616958707e-02,-1.795238766145552e-01,5.421914675143042e-09,1.000000000000000e+03,1.000000000000000e+00,
1.677289133069992e-06,0.000000000000000e+00,2.678402010400515e-03,1.360414740104566e+05,1.360393354890807e+05,1.503561342364384e+03,1.677289133069992e-06,0.000000000000000e+00,-1.000000000000000e+03,9.069289032605381e+04,2.138521375914191e+00,2.983967645289899e+05,5.319377346691293e-03,6.558090450605012e+08,0.000000000000000e+00,-4.799391534122606e-06,8.013656617323248e+10,8.013656617323247e+10,-5.775392066747907e+00,1.677289133069992e-06,1.000000000000000e+00,0.000000000000000e+00,1.596863628096222e+03,1.596863628096222e+03,-7.839353039926682e+02,2.678402010400515e-03,1.000000000000000e+03,1.000000000000000e+00,
1.859033263015406e-05,0.000000000000000e+00,3.289902360144107e-02,1.489714826198954e+06,1.489685715752803e+06,1.501072510044623e+03,1.859033263015406e-05,0.000000000000000e+00,-1.000000000000000e+03,9.931238105018685e+05,2.911044615125876e+01,2.981496954288285e+05,5.930801061395524e-03,5.703279326173749e+08,0.000000000000000e+00,-6.435006913407051e-07,8.000391679587285e+10,8.000391679587285e+10,-4.730712839483183e+00,1.859033263015406e-05,1.000000000000000e+00,0.000000000000000e+00,1.769684505164685e+03,1.769684505164685e+03,-1.273879973452096e+03,3.289902360144107e-02,1.000000000000000e+03,1.000000000000000e+00,
2.055881059449286e-04,0.000000000000000e+00,3.719680388508087e-01,1.644800978670493e+07,1.644767328809940e+07,1.500914714172161e+03,2.055881059449286e-04,0.000000000000000e+00,-1.000000000000000e+03,1.096511552539960e+07,3.364986055262838e+02,2.981340239581037e+05,6.068420287870543e-03,4.854351580145931e+08,0.000000000000000e+00,-1.455174858203350e-06,7.999550661730603e+10,7.999550661730603e+10,-3.687002014540111e+00,2.055881059449286e-04,1.000000000000000e+00,0.000000000000000e+00,1.809287736472696e+03,1.809287736472696e+03,-1.594244122976791e+03,3.719680388508087e-01,1.000000000000000e+03,1.000000000000000e+00,
7.506086955999995e-08,0.000000000000000e+00,-7.506093132432591e-08,5.032458770879181e+03,5.032458770841651e+03,1.257931684909871e+03,7.506086955999995e-08,0.000000000000000e+00,-1.000000000000000e+03,3.354972513894435e+03,3.753043477995889e-08,2.729367792472088e+05,3.663852129997149e-06,8.408227769724594e+08,0.000000000000000e+00,-2.491340467258851e-19,6.704503691925561e+10,6.704503691925561e+10,-7.124586408708945e+00,7.506086955999995e-08,1.000000000000000e+00,0.000000000000000e+00,-1.000000795134369e+00,9.999999999994518e-01,-9.695818671236729e-01,7.506086955995894e-08,1.000000000000000e+03,1.000000000000000e+00,
7.506087219529458e-08,0.000000000000000e+00,-7.628242934996347e-08,5.032459088649506e+03,5.032459088611976e+03,1.257931720176470e+03,7.506087219529458e-08,0.000000000000000e+00,-1.000000000000000e+03,3.354972725741317e+03,3.753051025382263e-08,2.729367830731526e+05,3.663855698330881e-06,8.408227772192041e+08,0.000000000000000e+00,1.074789891530870e-13,6.704503879888903e+10,6.704503879888903e+10,-7.124586393461401e+00,7.506087219529458e-08,1.000000000000000e+00,0.000000000000000e+00,-1.013332141127073e+00,1.000000987946670e+00,-9.476898341801345e-01,7.506094635143328e-08,1.000000000000000e+03,1.000000000000000e+00,
7.530809699083257e-08,0.000000000000000e+00,-7.967764313179505e-08,5.064153739991596e+03,5.064153739952849e+03,1.261698627149517e+03,7.530809699083257e-08,0.000000000000000e+00,-1.000000000000000e+03,3.376102493301900e+03,1.184748423053303e-08,2.733451354968200e+05,1.358060683471785e-06,8.304480235928583e+08,0.000000000000000e+00,-4.570531024587004e-08,6.724580678979738e+10,6.724580678979739e+10,-7.123158326729059e+00,7.530809699083257e-08,1.000000000000000e+00,0.000000000000000e+00,-1.029787531586740e+00,4.130503500121124e-01,-9.051785045033321e-01,5.056977920317522e-08,1.000000000000000e+03,1.000000000000000e+00,
1.440024876780386e-07,0.000000000000000e+00,-6.036364924985978e-08,1.196871258046635e+04,1.196871258045453e+04,1.522516885225947e+03,1.440024876780386e-07,0.000000000000000e+00,-1.000000000000000e+03,7.979141720303021e+03,5.808715740616481e-11,3.002718316461936e+05,7.019731856945979e-08,7.419481824067570e+08,0.000000000000000e+00,-1.999112760165014e-04,8.114685559214400e+10,8.114685559214400e+10,-6.841630005297022e+00,1.440024876780386e-07,1.000000000000000e+00,0.000000000000000e+00,-4.052250462915226e-01,2.142680616958707e-02,-2.842901291588065e-01,5.421914675143042e-09,1.000000000000000e+03,1.000000000000000e+00,
1.677289133069992e-06,0.000000000000000e+00,2.678402010400515e-03,1.360414740104566e+05,1.360393354890807e+05,1.503561342364384e+03,1.677289133069992e-06,0.000000000000000e+00,-1.000000000000000e+03,9.069289032605381e+04,2.138521375914191e+00,2.983967645289899e+05,5.319377346691293e-03,6.558090450605012e+08,0.000000000000000e+00,-4.799391534122606e-06,8.013656617323248e+10,8.013656617323247e+10,-5.775392066747907e+00,1.677289133069992e-06,1.000000000000000e+00,0.000000000000000e+00,1.596863628096222e+03,1.596863628096222e+03,-1.241422996355654e+03,2.678402010400515e-03,1.000000000000000e+03,1.000000000000000e+00,
1.859033263015406e-05,0.000000000000000e+00,3.289902360144107e-02,1.489714826198954e+06,1.489685715752803e+06,1.501072510044623e+03,1.859033263015406e-05,0.000000000000000e+00,-1.000000000000000e+03,9.931238105018685e+05,2.911044615125876e+01,2.981496954288285e+05,5.930801061395524e-03,5.703279326173749e+08,0.000000000000000e+00,-6.435006913407051e-07,8.000391679587285e+10,8.000391679587285e+10,-4.730712839483183e+00,1.859033263015406e-05,1.000000000000000e+00,0.000000000000000e+00,1.769684505164685e+03,1.769684505164685e+03,-1.613861066111561e+03,3.289902360144107e-02,1.000000000000000e+03,1.000000000000000e+00,
2.055881059449286e-04,0.000000000000000e+00,3.719680388508087e-01,1.644800978670493e+07,1.644767328809940e+07,1.500914714172161e+03,2.055881059449286e-04,0.000000000000000e+00,-1.000000000000000e+03,1.096511552539960e+07,3.364986055262838e+02,2.981340239581037e+05,6.068420287870543e-03,4.854351580145931e+08,0.000000000000000e+00,-1.455174858203350e-06,7.999550661730603e+10,7.999550661730603e+10,-3.687002014540111e+00,2.055881059449286e-04,1.000000000000000e+00,0.000000000000000e+00,1.809287736472696e+03,1.809287736472696e+03,-1.819467823396045e+03,3.719680388508087e-01,1.000000000000000e+03,1.000000000000000e+00,
7.506086955999995e-08,0.000000000000000e+00,-7.506093132432591e-08,5.032458770879181e+03,5.032458770841651e+03,1.257931684909871e+03,7.506086955999995e-08,0.000000000000000e+00,-1.000000000000000e+03,3.354972513894435e+03,3.753043477995889e-08,2.729367792472088e+05,3.663852129997149e-06,8.408227769724594e+08,0.000000000000000e+00,-2.491340467258851e-19,6.704503691925561e+10,6.704503691925561e+10,-7.124586408708945e+00,7.506086955999995e-08,1.000000000000000e+00,0.000000000000000e+00,-1.000000795134369e+00,9.999999999994518e-01,-9.999980851843988e-01,7.506086955995894e-08,1.000000000000000e+03,1.000000000000000e+00,
7.506087219529458e-08,0.000000000000000e+00,-7.628242934996347e-08,5.032459088649506e+03,5.032459088611976e+03,1.257931720176470e+03,7.506087219529458e-08,0.000000000000000e+00,-1.000000000000000e+03,3.354972725741317e+03,3.753051025382263e-08,2.729367830731526e+05,3.663855698330881e-06,8.408227772192041e+08,0.000000000000000e+00,1.074789891530870e-13,6.704503879888903e+10,6.704503879888903e+10,-7.124586393461401e+00,7.506087219529458e-08,1.000000000000000e+00,0.000000000000000e+00,-1.013332141127073e+00,1.000000987946670e+00,-1.013324470150717e+00,7.506094635143328e-08,1.000000000000000e+03,1.000000000000000e+00,
7.530809699083257e-08,0.000000000000000e+00,-7.967764313179505e-08,5.064153739991596e+03,5.064153739952849e+03,1.261698627149517e+03,7.530809699083257e-08,0.000000000000000e+00,-1.000000000000000e+03,3.376102493301900e+03,1.184748423053303e-08,2.733451354968200e+05,1.358060683471785e-06,8.304480235928583e+08,0.000000000000000e+00,-4.570531024587004e-08,6.724580678979738e+10,6.724580678979739e+10,-7.123158326729059e+00,7.530809699083257e-08,1.000000000000000e+00,0.000000000000000e+00,-1.029787531586740e+00,4.130503500121124e-01,-1.029777177748931e+00,5.056977920317522e-08,1.000000000000000e+03,1.000000000000000e+00,
1.440024876780386e-07,0.000000000000000e+00,-6.036364924985978e-08,1.196871258046635e+04,1.196871258045453e+04,1.522516885225947e+03,1.440024876780386e-07,0.000000000000000e+00,-1.000000000000000e+03,7.979141720303021e+03,5.808715740616481e-11,3.002718316461936e+05,7.019731856945979e-08,7.419481824067570e+08,0.000000000000000e+00,-1.999112760165014e-04,8.114685559214400e+10,8.114685559214400e+10,-6.841630005297022e+00,1.440024876780386e-07,1.000000000000000e+00,0.000000000000000e+00,-4.052250462915226e-01,2.142680616958707e-02,-4.052124848740676e-01,5.421914675143042e-09,1.000000000000000e+03,1.000000000000000e+00,
1.677289133069992e-06,0.000000000000000e+00,2.678402010400515e-03,1.360414740104566e+05,1.360393354890807e+05,1.503561342364384e+03,1.677289133069992e-06,0.000000000000000e+00,-1.000000000000000e+03,9.069289032605381e+04,2.138521375914191e+00,2.983967645289899e+05,5.319377346691293e-03,6.558090450605012e+08,0.000000000000000e+00,-4.799391534122606e-06,8.013656617323248e+10,8.013656617323247e+10,-5.775392066747907e+00,1.677289133069992e-06,1.000000000000000e+00,0.000000000000000e+00,1.596863628096222e+03,1.596863628096222e+03,-1.769460299664796e+03,2.678402010400515e-03,1.000000000000000e+03,1.000000000000000e+00,
1.859033263015406e-05,0.000000000000000e+00,3.289902360144107e-02,1.489714826198954e+06,1.489685715752803e+06,1.501072510044623e+03,1.859033263015406e-05,0.000000000000000e+00,-1.000000000000000e+03,9.931238105018685e+05,2.911044615125876e+01,2.981496954288285e+05,5.930801061395524e-03,5.703279326173749e+08,0.000000000000000e+00,-6.435006913407051e-07,8.000391679587285e+10,8.000391679587285e+10,-4.730712839483183e+00,1.859033263015406e-05,1.000000000000000e+00,0.000000000000000e+00,1.769684505164685e+03,1.769684505164685e+03,-1.808603083073822e+03,3.289902360144107e-02,1.000000000000000e+03,1.000000000000000e+00,
2.055881059449286e-04,0.000000000000000e+00,3.719680388508087e-01,1.644800978670493e+07,1.644767328809940e+07,1.500914714172161e+03,2.055881059449286e-04,0.000000000000000e+00,-1.000000000000000e+03,1.096511552539960e+07,3.364986055262838e+02,2.981340239581037e+05,6.068420287870543e-03,4.854351580145931e+08,0.000000000000000e+00,-1.455174858203350e-06,7.999550661730603e+10,7.999550661730603e+10,-3.687002014540111e+00,2.055881059449286e-04,1.000000000000000e+00,0.000000000000000e+00,1.809287736472696e+03,1.809287736472696e+03,-1.919893359145299e+03,3.719680388508087e-01,1.000000000000000e+03,1.000000000000000e+00,
7.506086955999995e-08,0.000000000000000e+00,-7.506093132432591e-08,5.032458770879181e+03,5.032458770841651e+03,1.257931684909871e+03,7.506086955999995e-08,0.000000000000000e+00,-1.000000000000000e+03,3.354972513894435e+03,3.753043477995889e-08,2.729367792472088e+05,3.663852129997149e-06,8.408227769724594e+08,0.000000000000000e+00,-2.491340467258851e-19,6.704503691925561e+10,6.704503691925561e+10,-7.124586408708945e+00,7.506086955999995e-08,1.000000000000000e+00,0.000000000000000e+00,-1.000000795134369e+00,9.999999999994518e-01,-9.999980851843988e-01,7.506086955995894e-08,1.000000000000000e+03,1.000000000000000e+00,
7.506087219529458e-08,0.000000000000000e+00,-7.628242934996347e-08,5.032459088649506e+03,5.032459088611976e+03,1.257931720176470e+03,7.506087219529458e-08,0.000000000000000e+00,-1.000000000000000e+03,3.354972725741317e+03,3.753051025382263e-08,2.729367830731526e+05,3.663855698330881e-06,8.408227772192041e+08,0.000000000000000e+00,1.074789891530870e-13,6.704503879888903e+10,6.704503879888903e+10,-7.124586393461401e+00,7.506087219529458e-08,1.000000000000000e+00,0.000000000000000e+00,-1.013332141127073e+00,1.000000987946670e+00,-1.013324470150717e+00,7.506094635143328e-08,1.000000000000000e+03,1.000000000000000e+00,
7.530809699083257e-08,0.000000000000000e+00,-7.967764313179505e-08,5.064153739991596e+03,5.064153739952849e+03,1.261698627149517e+03,7.530809699083257e-08,0.000000000000000e+00,-1.000000000000000e+03,3.376102493301900e+03,1.184748423053303e-08,2.733451354968200e+05,1.358060683471785e-06,8.304480235928583e+08,0.000000000000000e+00,-4.570531024587004e-08,6.724580678979738e+10,6.724580678979739e+10,-7.123158326729059e+00,7.530809699083257e-08,1.000000000000000e+00,0.000000000000000e+00,-1.029787531586740e+00,4.130503500121124e-01,-1.029777177748931e+00,5.056977920317522e-08,1.000000000000000e+03,1.000000000000000e+00,
1.440024876780386e-07,0.000000000000000e+00,-6.036364924985978e-08,1.196871258046635e+04,1.196871258045453e+04,1.522516885225947e+03,1.440024876780386e-07,0.000000000000000e+00,-1.000000000000000e+03,7.979141720303021e+03,5.808715740616481e-11,3.002718316461936e+05,7.019731856945979e-08,7.419481824067570e+08,0.000000000000000e+00,-1.999112760165014e-04,8.114685559214400e+10,8.114685559214400e+10,-6.841630005297022e+00,1.440024876780386e-07,1.000000000000000e+00,0.000000000000000e+00,-4.052250462915226e-01,2.142680616958707e-02,-4.052124848740676e-01,5.421914675143042e-09,1.000000000000000e+03,1.000000000000000e+00,
1.677289133069992e-06,0.000000000000000e+00,2.678402010400515e-03,1.360414740104566e+05,1.360393354890807e+05,1.503561342364384e+03,1.677289133069992e-06,0.000000000000000e+00,-1.000000000000000e+03,9.069289032605381e+04,2.138521375914191e+00,2.983967645289899e+05,5.319377346691293e-03,6.558090450605012e+08,0.000000000000000e+00,-4.799391534122606e-06,8.013656617323248e+10,8.013656617323247e+10,-5.775392066747907e+00,1.677289133069992e-06,1.000000000000000e+00,0.000000000000000e+00,1.596863628096222e+03,1.596863628096222e+03,-1.769460299664796e+03,2.678402010400515e-03,1.000000000000000e+03,1.000000000000000e+00,
1.859033263015406e-05,0.000000000000000e+00,3.289902360144107e-02,1.489714826198954e+06,1.489685715752803e+06,1.501072510044623e+03,1.859033263015406e-05,0.000000000000000e+00,-1.000000000000000e+03,9.931238105018685e+05,2.911044615125876e+01,2.981496954288285e+05,5.930801061395524e-03,5.703279326173749e+08,0.000000000000000e+00,-6.435006913407051e-07,8.000391679587285e+10,8.000391679587285e+10,-4.730712839483183e+00,1.859033263015406e-05,1.000000000000000e+00,0.000000000000000e+00,1.769684505164685e+03,1.769684505164685e+03,-1.808603083073822e+03,3.289902360144107e-02,1.000000000000000e+03,1.000000000000000e+00,
2.055881059449286e-04,0.000000000000000e+00,3.719680388508087e-01,1.644800978670493e+07,1.644767328809940e+07,1.500914714172161e+03,2.055881059449286e-04,0.000000000000000e+00,-1.000000000000000e+03,1.096511552539960e+07,3.364986055262838e+02,2.981340239581037e+05,6.068420287870543e-03,4.854351580145931e+08,0.000000000000000e+00,-1.455174858203350e-06,7.999550661730603e+10,7.999550661730603e+10,-3.687002014540111e+00,2.055881059449286e-04,1.000000000000000e+00,0.000000000000000e+00,1.809287736472696e+03,1.809287736472696e+03,-1.919893359145299e+03,3.719680388508087e-01,1.000000000000000e+03,1.000000000000000e+00,
7.506086955999995e-08,0.000000000000000e+00,-7.506093132432591e-08,5.032458770879181e+03,5.032458770841651e+03,1.257931684909871e+03,7.506086955999995e-08,0.000000000000000e+00,-1.000000000000000e+03,3.354972513894435e+03,3.753043477995889e-08,2.729367792472088e+05,3.663852129997149e-06,8.408227769724594e+08,0.000000000000000e+00,-2.491340467258851e-19,6.704503691925561e+10,6.704503691925561e+10,-7.124586408708945e+00,7.506086955999995e-08,1.000000000000000e+00,0.000000000000000e+00,-1.000000795134369e+00,9.999999999994518e-01,-9.695818671236729e-01,7.506086955995894e-08,1.000000000000000e+03,1.000000000000000e+00,
7.506087219529458e-08,0.000000000000000e+00,-7.628242934996347e-08,5.032459088649506e+03,5.032459088611976e+03,1.257931720176470e+03,7.506087219529458e-08,0.000000000000000e+00,-1.000000000000000e+03,3.354972725741317e+03,3.753051025382263e-08,2.729367830731526e+05,3.663855698330881e-06,8.408227772192041e+08,0.000000000000000e+00,1.074789891530870e-13,6.704503879888903e+10,6.704503879888903e+10,-7.124586393461401e+00,7.506087219529458e-08,1.000000000000000e+00,0.000000000000000e+00,-1.013332141127073e+00,1.000000987946670e+00,-9.476898341801345e-01,7.506094635143328e-08,1.000000000000000e+03,1.000000000000000e+00,
7.530809699083257e-08,0.000000000000000e+00,-7.967764313179505e-08,5.064153739991596e+03,5.064153739952849e+03,1.261698627149517e+03,7.530809699083257e-08,0.000000000000000e+00,-1.000000000000000e+03,3.376102493301900e+03,1.184748423053303e-08,2.733451354968200e+05,1.358060683471785e-06,8.304480235928583e+08,0.000000000000000e+00,-4.570531024587004e-08,6.724580678979738e+10,6.724580678979739e+10,-7.123158326729059e+00,7.530809699083257e-08,1.000000000000000e+00,0.000000000000000e+00,-1.029787531586740e+00,4.130503500121124e-01,-9.051785045033321e-01,5.056977920317522e-08,1.000000000000000e+03,1.000000000000000e+00,
1.440024876780386e-07,0.000000000000000e+00,-6.036364924985978e-08,1.196871258046635e+04,1.196871258045453e+04,1.522516885225947e+03,1.440024876780386e-07,0.000000000000000e+00,-1.000000000000000e+03,7.979141720303021e+03,5.808715740616481e-11,3.002718316461936e+05,7.019731856945979e-08,7.419481824067570e+08,0.000000000000000e+00,-1.999112760165014e-04,8.114685559214400e+10,8.114685559214400e+10,-6.841630005297022e+00,1.440024876780386e-07,1.000000000000000e+00,0.000000000000000e+00,-4.052250462915226e-01,2.142680616958707e-02,-2.842901291588065e-01,5.421914675143042e-09,1.000000000000000e+03,1.000000000000000e+00,
1.677289133069992e-06,0.000000000000000e+00,2.678402010400515e-03,1.360414740104566e+05,1.360393354890807e+05,1.503561342364384e+03,1.677289133069992e-06,0.000000000000000e+00,-1.000000000000000e+03,9.069289032605381e+04,2.138521375914191e+00,2.983967645289899e+05,5.319377346691293e-03,6.558090450605012e+08,0.000000000000000e+00,-4.799391534122606e-06,8.013656617323248e+10,8.013656617323247e+10,-5.775392066747907e+00,1.677289133069992e-06,1.000000000000000e+00,0.000000000000000e+00,1.596863628096222e+03,1.596863628096222e+03,-1.241422996355654e+03,2.678402010400515e-03,1.000000000000000e+03,1.000000000000000e+00,
1.859033263015406e-05,0.000000000000000e+00,3.289902360144107e-02,1.489714826198954e+06,1.489685715752803e+06,1.501072510044623e+03,1.859033263015406e-05,0.000000000000000e+00,-1.000000000000000e+03,9.931238105018685e+05,2.911044615125876e+01,2.981496954288285e+05,5.930801061395524e-03,5.703279326173749e+08,0.000000000000000e+00,-6.435006913407051e-07,8.000391679587285e+10,8.000391679587285e+10,-4.730712839483183e+00,1.859033263015406e-05,1.000000000000000e+00,0.000000000000000e+00,1.769684505164685e+03,1.769684505164685e+03,-1.613861066111561e+03,3.289902360144107e-02,1.000000000000000e+03,1.000000000000000e+00,
2.055881059449286e-04,0.000000000000000e+00,3.719680388508087e-01,1.644800978670493e+07,1.644767328809940e+07,1.500914714172161e+03,2.055881059449286e-04,0.000000000000000e+00,-1.000000000000000e+03,1.096511552539960e+07,3.364986055262838e+02,2.981340239581037e+05,6.068420287870543e-03,4.854351580145931e+08,0.000000000000000e+00,-1.455174858203350e-06,7.999550661730603e+10,7.999550661730603e+10,-3.687002014540111e+00,2.055881059449286e-04,1.000000000000000e+00,0.000000000000000e+00,1.809287736472696e+03,1.809287736472696e+03,-1.819467823396045e+03,3.719680388508087e-01,1.000000000000000e+03,1.000000000000000e+00,
7.506086955999995e-08,0.000000000000000e+00,-7.506093132432591e-08,5.032458770879181e+03,5.032458770841651e+03,1.257931684909871e+03,7.506086955999995e-08,0.000000000000000e+00,-1.000000000000000e+03,3.354972513894435e+03,3.753043477995889e-08,2.729367792472088e+05,3.663852129997149e-06,8.408227769724594e+08,0.000000000000000e+00,-2.491340467258851e-19,6.704503691925561e+10,6.704503691925561e+10,-7.124586408708945e+00,7.506086955999995e-08,1.000000000000000e+00,0.000000000000000e+00,-1.000000795134369e+00,9.999999999994518e-01,-8.933757570577940e-01,7.506086955995894e-08,1.000000000000000e+03,1.000000000000000e+00,
7.506087219529458e-08,0.000000000000000e+00,-7.628242934996347e-08,5.032459088649506e+03,5.032459088611976e+03,1.257931720176470e+03,7.506087219529458e-08,0.000000000000000e+00,-1.000000000000000e+03,3.354972725741317e+03,3.753051025382263e-08,2.729367830731526e+05,3.663855698330881e-06,8.408227772192041e+08,0.000000000000000e+00,1.074789891530870e-13,6.704503879888903e+10,6.704503879888903e+10,-7.124586393461401e+00,7.506087219529458e-08,1.000000000000000e+00,0.000000000000000e+00,-1.013332141127073e+00,1.000000987946670e+00,-8.303795918339035e-01,7.506094635143328e-08,1.000000000000000e+03,1.000000000000000e+00,
7.530809699083257e-08,0.000000000000000e+00,-7.967764313179505e-08,5.064153739991596e+03,5.064153739952849e+03,1.261698627149517e+03,7.530809699083257e-08,0.000000000000000e+00,-1.000000000000000e+03,3.376102493301900e+03,1.184748423053303e-08,2.733451354968200e+05,1.358060683471785e-06,8.304480235928583e+08,0.000000000000000e+00,-4.570531024587004e-08,6.724580678979738e+10,6.724580678979739e+10,-7.123158326729059e+00,7.530809699083257e-08,1.000000000000000e+00,0.000000000000000e+00,-1.029787531586740e+00,4.130503500121124e-01,-7.144907287864418e-01,5.056977920317522e-08,1.000000000000000e+03,1.000000000000000e+00,
1.440024876780386e-07,0.000000000000000e+00,-6.036364924985978e-08,1.196871258046635e+04,1.196871258045453e+04,1.522516885225947e+03,1.440024876780386e-07,0.000000000000000e+00,-1.000000000000000e+03,7.979141720303021e+03,5.808715740616481e-11,3.002718316461936e+05,7.019731856945979e-08,7.419481824067570e+08,0.000000000000000e+00,-1.999112760165014e-04,8.114685559214400e+10,8.114685559214400e+10,-6.841630005297022e+00,1.440024876780386e-07,1.000000000000000e+00,0.000000000000000e+00,-4.052250462915226e-01,2.142680616958707e-02,-1.795238766145552e-01,5.421914675143042e-09,1.000000000000000e+03,1.000000000000000e+00,
1.677289133069992e-06,0.000000000000000e+00,2.678402010400515e-03,1.360414740104566e+05,1.360393354890807e+05,1.503561342364384e+03,1.677289133069992e-06,0.000000000000000e+00,-1.000000000000000e+03,9.069289032605381e+04,2.138521375914191e+00,2.983967645289899e+05,5.319377346691293e-03,6.558090450605012e+08,0.000000000000000e+00,-4.799391534122606e-06,8.013656617323248e+10,8.013656617323247e+10,-5.775392066747907e+00,1.677289133069992e-06,1.000000000000000e+00,0.000000000000000e+00,1.596863628096222e+03,1.596863628096222e+03,-7.839353039926682e+02,2.678402010400515e-03,1.000000000000000e+03,1.000000000000000e+00,
1.859033263015406e-05,0.000000000000000e+00,3.289902360144107e-02,1.489714826198954e+06,1.489685715752803e+06,1.501072510044623e+03,1.859033263015406e-05,0.000000000000000e+00,-1.000000000000000e+03,9.931238105018685e+05,2.911044615125876e+01,2.981496954288285e+05,5.930801061395524e-03,5.703279326173749e+08,0.000000000000000e+00,-6.435006913407051e-07,8.000391679587285e+10,8.000391679587285e+10,-4.730712839483183e+00,1.859033263015406e-05,1.000000000000000e+00,0.000000000000000e+00,1.769684505164685e+03,1.769684505164685e+03,-1.273879973452096e+03,3.289902360144107e-02,1.000000000000000e+03,1.000000000000000e+00,
2.055881059449286e-04,0.000000000000000e+00,3.719680388508087e-01,1.644800978670493e+07,1.644767328809940e+07,1.500914714172161e+03,2.055881059449286e-04,0.000000000000000e+00,-1.000000000000000e+03,1.096511552539960e+07,3.364986055262838e+02,2.981340239581037e+05,6.068420287870543e-03,4.854351580145931e+08,0.000000000000000e+00,-1.455174858203350e-06,7.999550661730603e+10,7.999550661730603e+10,-3.687002014540111e+00,2.055881059449286e-04,1.000000000000000e+00,0.000000000000000e+00,1.809287736472696e+03,1.809287736472696e+03,-1.594244122976791e+03,3.719680388508087e-01,1.000000000000000e+03,1.000000000000000e+00,

64,28
1.667287973695702e-02,0.000000000000000e+00,3.335459605396916e+01,1.645167747682686e+09,1.645134384247711e+09,1.852716155231057e+03,1.667287973695702e-02,0.000000000000000e+00,-1.000000000000000e+03,1.096756256165141e+09,3.336343497570576e+04,3.312363409428671e+05,6.499955087280885e-03,4.841382997576366e+08,2.500000000000000e-07,4.996975401270188e-04,9.874576220509735e+10,9.874576220509734e+10,-1.777989382424113e+00,1.667287973695702e-02,1.000000000000000e+00,0.000000000000000e+00,2.000529997228705e+03,2.000529997228705e+03,-1.156496652615167e+03,3.335459605396916e+01,1.000000000000000e+03,1.000000000000000e+00,
1.667287973695702e-02,0.000000000000000e+00,3.335459605396916e+01,1.645167747682686e+09,1.645134384247711e+09,1.852716155231057e+03,1.667287973695702e-02,0.000000000000000e+00,-1.000000000000000e+03,1.096756256165141e+09,3.336343497570576e+04,3.312363409428671e+05,6.499955087280885e-03,4.841382997576366e+08,2.500000000000000e-07,4.996975401270188e-04,9.874576220509735e+10,9.874576220509734e+10,-1.777989382424113e+00,1.667287973695702e-02,1.000000000000000e+00,0.000000000000000e+00,2.000529997228705e+03,2.000529997228705e+03,-1.156496652615167e+03,3.335459605396916e+01,1.000000000000000e+03,1.000000000000000e+00,
1.667287973695702e-02,0.000000000000000e+00,3.335459605396916e+01,1.645167747682686e+09,1.645134384247711e+09,1.852716155231057e+03,1.667287973695702e-02,0.000000000000000e+00,-1.000000000000000e+03,1.096756256165141e+09,3.336343497570576e+04,3.312363409428671e+05,6.499955087280885e-03,4.841382997576366e+08,2.500000000000000e-07,4.996975401270188e-04,9.874576220509735e+10,9.874576220509734e+10,-1.777989382424113e+00,1.667287973695702e-02,1.000000000000000e+00,0.000000000000000e+00,2.000529997228705e+03,2.000529997228705e+03,-1.362517097582747e+03,3.335459605396916e+01,1.000000000000000e+03,1.000000000000000e+00,
1.667287973695702e-02,0.000000000000000e+00,3.335459605396916e+01,1.645167747682686e+09,1.645134384247711e+09,1.852716155231057e+03,1.667287973695702e-02,0.000000000000000e+00,-1.000000000000000e+03,1.096756256165141e+09,3.336343497570576e+04,3.312363409428671e+05,6.499955087280885e-03,4.841382997576366e+08,2.500000000000000e-07,4.996975401270188e-04,9.874576220509735e+10,9.874576220509734e+10,-1.777989382424113e+00,1.667287973695702e-02,1.000000000000000e+00,0.000000000000000e+00,2.000529997228705e+03,2.000529997228705e+03,-1.602304807148628e+03,3.335459605396916e+01,1.000000000000000e+03,1.000000000000000e+00,
1.667287973695702e-02,0.000000000000000e+00,3.335459605396916e+01,1.645167747682686e+09,1.645134384247711e+09,1.852716155231057e+03,1.667287973695702e-02,0.000000000000000e+00,-1.000000000000000e+03,1.096756256165141e+09,3.336343497570576e+04,3.312363409428671e+05,6.499955087280885e-03,4.841382997576366e+08,2.500000000000000e-07,4.996975401270188e-04,9.874576220509735e+10,9.874576220509734e+10,-1.777989382424113e+00,1.667287973695702e-02,1.000000000000000e+00,0.000000000000000e+00,2.000529997228705e+03,2.000529997228705e+03,-1.825154007800752e+03,3.335459605396916e+01,1.000000000000000e+03,1.000000000000000e+00,
1.667287973695702e-02,0.000000000000000e+00,3.335459605396916e+01,1.645167747682686e+09,1.645134384247711e+09,1.852716155231057e+03,1.667287973695702e-02,0.000000000000000e+00,-1.000000000000000e+03,1.096756256165141e+09,3.336343497570576e+04,3.312363409428671e+05,6.499955087280885e-03,4.841382997576366e+08,2.500000000000000e-07,4.996975401270188e-04,9.874576220509735e+10,9.874576220509734e+10,-1.777989382424113e+00,1.667287973695702e-02,1.000000000000000e+00,0.000000000000000e+00,2.000529997228705e+03,2.000529997228705e+03,-1.825154007800752e+03,3.335459605396916e+01,1.000000000000000e+03,1.000000000000000e+00,
1.667287973695702e-02,0.000000000000000e+00,3.335459605396916e+01,1.645167747682686e+09,1.645134384247711e+09,1.852716155231057e+03,1.667287973695702e-02,0.000000000000000e+00,-1.000000000000000e+03,1.096756256165141e+09,3.336343497570576e+04,3.312363409428671e+05,6.499955087280885e-03,4.841382997576366e+08,2.500000000000000e-07,4.996975401270188e-04,9.874576220509735e+10,9.874576220509734e+10,-1.777989382424113e+00,1.667287973695702e-02,1.000000000000000e+00,0.000000000000000e+00,2.000529997228705e+03,2.000529997228705e+03,-1.602304807148628e+03,3.335459605396916e+01,1.000000000000000e+03,1.000000000000000e+00,
1.667287973695702e-02,0.000000000000000e+00,3.335459605396916e+01,1.645167747682686e+09,1.645134384247711e+09,1.852716155231057e+03,1.667287973695702e-02,0.000000000000000e+00,-1.000000000000000e+03,1.096756256165141e+09,3.336343497570576e+04,3.312363409428671e+05,6.499955087280885e-03,4.841382997576366e+08,2.500000000000000e-07,4.996975401270188e-04,9.874576220509735e+10,9.874576220509734e+10,-1.777989382424113e+00,1.667287973695702e-02,1.000000000000000e+00,0.000000000000000e+00,2.000529997228705e+03,2.000529997228705e+03,-1.362517097582747e+03,3.335459605396916e+01,1.000000000000000e+03,1.000000000000000e+00,
7.506087164084711e-08,0.000000000000000e+00,-7.506086955995894e-08,5.032459021651734e+03,5.032459021614204e+03,1.257931712721350e+03,7.506087164084711e-08,0.000000000000000e+00,-1.000000000000000e+03,3.354972681076137e+03,3.753049550392608e-08,2.729367822643740e+05,3.663855002752032e-06,8.408227771657962e+08,0.000000000000000e+00,8.732033346392498e-14,6.704503840154726e+10,6.704503840154726e+10,-7.124586396669377e+00,7.506087164084711e-08,1.000000000000000e+00,0.000000000000000e+00,-9.999999999994518e-01,1.000000795134369e+00,-6.017495848870693e-01,7.506093132432591e-08,1.000000000000000e+03,1.000000000000000e+00,
7.527880174127186e-08,0.000000000000000e+00,-7.506094635143328e-08,5.060351663540643e+03,5.060351663501993e+03,1.261241996120018e+03,7.527880174127186e-08,0.000000000000000e+00,-1.000000000000000e+03,3.373567775667996e+03,3.864971873178659e-08,2.732956668030145e+05,3.707823665779015e-06,8.408598346845798e+08,0.000000000000000e+00,5.289302922235062e-10,6.722146934397388e+10,6.722146934397387e+10,-7.123327302456667e+00,7.527880174127186e-08,1.000000000000000e+00,0.000000000000000e+00,-1.000000987946670e+00,1.013332141127073e+00,-4.553005807509041e-01,7.628242934996347e-08,1.000000000000000e+03,1.000000000000000e+00,
1.390868328704809e-07,0.000000000000000e+00,-5.056977920317522e-08,1.157966948734668e+04,1.157966948733482e+04,1.632328331202992e+03,1.390868328704809e-07,0.000000000000000e+00,-1.000000000000000e+03,7.719779658223209e+03,4.078125158777256e-08,3.109118632792464e+05,3.742907069036610e-06,8.469496644757893e+08,0.000000000000000e+00,3.321092112397617e-09,8.699956805499554e+10,8.699956805499553e+10,-6.856713982030676e+00,1.390868328704809e-07,1.000000000000000e+00,0.000000000000000e+00,-4.130503500121124e-01,1.029787531586740e+00,-1.011011951388009e-01,7.967764313179505e-08,1.000000000000000e+03,1.000000000000000e+00,
1.615408868260838e-06,0.000000000000000e+00,2.563772001496635e-03,1.310873846018527e+05,1.310853501550310e+05,1.606775166226879e+03,1.615408868260838e-06,0.000000000000000e+00,-1.000000000000000e+03,8.739023343668731e+04,2.034446821730814e+00,3.084686903852212e+05,5.285454572245876e-03,8.291240056705695e+08,0.000000000000000e+00,-4.206985997350934e-09,8.563763965317610e+10,8.563763965317610e+10,-5.791717537261194e+00,1.615408868260838e-06,1.000000000000000e+00,0.000000000000000e+00,1.587073125491018e+03,1.587073125491018e+03,1.602854536408068e+02,2.563772001496635e-03,1.000000000000000e+03,1.000000000000000e+00,
1.790486433801342e-05,0.000000000000000e+00,3.168292874408538e-02,1.434862377557202e+06,1.434834345845962e+06,1.521762895475139e+03,1.790486433801342e-05,0.000000000000000e+00,-1.000000000000000e+03,9.565562305639751e+05,2.803171123926445e+01,3.001974712490528e+05,5.930074861859562e-03,7.405861097319661e+08,0.000000000000000e+00,-8.825780769836911e-08,8.110666956989331e+10,8.110666956989331e+10,-4.747028965211999e+00,1.790486433801342e-05,1.000000000000000e+00,0.000000000000000e+00,1.769515152193589e+03,1.769515152193589e+03,-3.124971762029038e+00,3.168292874408538e-02,1.000000000000000e+03,1.000000000000000e+00,
1.980154230154269e-04,0.000000000000000e+00,3.581340583483170e-01,1.584233329089709e+07,1.584200942722578e+07,1.503480899010759e+03,1.980154230154269e-04,0.000000000000000e+00,-1.000000000000000e+03,1.056133961815052e+07,3.238636713137322e+02,2.983887820287595e+05,6.066137305294212e-03,6.544712863257344e+08,0.000000000000000e+00,-8.346021793443015e-08,8.013227871654590e+10,8.013227871654590e+10,-3.703300982114047e+00,1.980154230154269e-04,1.000000000000000e+00,0.000000000000000e+00,1.808616990002924e+03,1.808616990002924e+03,-4.331607962213821e+02,3.581340583483170e-01,1.000000000000000e+03,1.000000000000000e+00,
2.172189667111150e-03,0.000000000000000e+00,4.170386731680984e+00,1.744780016200488e+08,1.744739982575075e+08,1.507035185372408e+03,2.172189667111150e-03,0.000000000000000e+00,-1.000000000000000e+03,1.163159988383383e+08,4.003362541290197e+03,2.987412750728385e+05,6.426630879045924e-03,5.689938446067575e+08,0.000000000000000e+00,-3.795302706373036e-07,8.032171448893083e+10,8.032171448893083e+10,-2.663102256530938e+00,2.172189667111150e-03,1.000000000000000e+00,0.000000000000000e+00,1.919899903228656e+03,1.919899903228656e+03,-8.129316378391728e+02,4.170386731680984e+00,1.000000000000000e+03,1.000000000000000e+00,
7.506087164084711e-08,0.000000000000000e+00,-7.506086955995894e-08,5.032459021651734e+03,5.032459021614204e+03,1.257931712721350e+03,7.506087164084711e-08,0.000000000000000e+00,-1.000000000000000e+03,3.354972681076137e+03,3.753049550392608e-08,2.729367822643740e+05,3.663855002752032e-06,8.408227771657962e+08,0.000000000000000e+00,8.732033346392498e-14,6.704503840154726e+10,6.704503840154726e+10,-7.124586396669377e+00,7.506087164084711e-08,1.000000000000000e+00,0.000000000000000e+00,-9.999999999994518e-01,1.000000795134369e+00,-6.017495848870693e-01,7.506093132432591e-08,1.000000000000000e+03,1.000000000000000e+00,
7.527880174127186e-08,0.000000000000000e+00,-7.506094635143328e-08,5.060351663540643e+03,5.060351663501993e+03,1.261241996120018e+03,7.527880174127186e-08,0.000000000000000e+00,-1.000000000000000e+03,3.373567775667996e+03,3.864971873178659e-08,2.732956668030145e+05,3.707823665779015e-06,8.408598346845798e+08,0.000000000000000e+00,5.289302922235062e-10,6.722146934397388e+10,6.722146934397387e+10,-7.123327302456667e+00,7.527880174127186e-08,1.000000000000000e+00,0.000000000000000e+00,-1.000000987946670e+00,1.013332141127073e+00,-4.553005807509041e-01,7.628242934996347e-08,1.000000000000000e+03,1.000000000000000e+00,
1.390868328704809e-07,0.000000000000000e+00,-5.056977920317522e-08,1.157966948734668e+04,1.157966948733482e+04,1.632328331202992e+03,1.390868328704809e-07,0.000000000000000e+00,-1.000000000000000e+03,7.719779658223209e+03,4.078125158777256e-08,3.109118632792464e+05,3.742907069036610e-06,8.469496644757893e+08,0.000000000000000e+00,3.321092112397617e-09,8.699956805499554e+10,8.699956805499553e+10,-6.856713982030676e+00,1.390868328704809e-07,1.000000000000000e+00,0.000000000000000e+00,-4.130503500121124e-01,1.029787531586740e+00,-1.011011951388009e-01,7.967764313179505e-08,1.000000000000000e+03,1.000000000000000e+00,
1.615408868260838e-06,0.000000000000000e+00,2.563772001496635e-03,1.310873846018527e+05,1.310853501550310e+05,1.606775166226879e+03,1.615408868260838e-06,0.000000000000000e+00,-1.000000000000000e+03,8.739023343668731e+04,2.034446821730814e+00,3.084686903852212e+05,5.285454572245876e-03,8.291240056705695e+08,0.000000000000000e+00,-4.206985997350934e-09,8.563763965317610e+10,8.563763965317610e+10,-5.791717537261194e+00,1.615408868260838e-06,1.000000000000000e+00,0.000000000000000e+00,1.587073125491018e+03,1.587073125491018e+03,1.602854536408068e+02,2.563772001496635e-03,1.000000000000000e+03,1.000000000000000e+00,
1.790486433801342e-05,0.000000000000000e+00,3.168292874408538e-02,1.434862377557202e+06,1.434834345845962e+06,1.521762895475139e+03,1.790486433801342e-05,0.000000000000000e+00,-1.000000000000000e+03,9.565562305639751e+05,2.803171123926445e+01,3.001974712490528e+05,5.930074861859562e-03,7.405861097319661e+08,0.000000000000000e+00,-8.825780769836911e-08,8.110666956989331e+10,8.110666956989331e+10,-4.747028965211999e+00,1.790486433801342e-05,1.000000000000000e+00,0.000000000000000e+00,1.769515152193589e+03,1.769515152193589e+03,-3.124971762029038e+00,3.168292874408538e-02,1.000000000000000e+03,1.000000000000000e+00,
1.980154230154269e-04,0.000000000000000e+00,3.581340583483170e-01,1.584233329089709e+07,1.584200942722578e+07,1.503480899010759e+03,1.980154230154269e-04,0.000000000000000e+00,-1.000000000000000e+03,1.056133961815052e+07,3.238636713137322e+02,2.983887820287595e+05,6.066137305294212e-03,6.544712863257344e+08,0.000000000000000e+00,-8.346021793443015e-08,8.013227871654590e+10,8.013227871654590e+10,-3.703300982114047e+00,1.980154230154269e-04,1.000000000000000e+00,0.000000000000000e+00,1.808616990002924e+03,1.808616990002924e+03,-4.331607962213821e+02,3.581340583483170e-01,1.000000000000000e+03,1.000000000000000e+00,
2.172189667111150e-03,0.000000000000000e+00,4.170386731680984e+00,1.744780016200488e+08,1.744739982575075e+08,1.507035185372408e+03,2.172189667111150e-03,0.000000000000000e+00,-1.000000000000000e+03,1.163159988383383e+08,4.003362541290197e+03,2.987412750728385e+05,6.426630879045924e-03,5.689938446067575e+08,0.000000000000000e+00,-3.795302706373036e-07,8.032171448893083e+10,8.032171448893083e+10,-2.663102256530938e+00,2.172189667111150e-03,1.000000000000000e+00,0.000000000000000e+00,1.919899903228656e+03,1.919899903228656e+03,-8.129316378391728e+02,4.170386731680984e+00,1.000000000000000e+03,1.000000000000000e+00,
7.506087164084711e-08,0.000000000000000e+00,-7.506086955995894e-08,5.032459021651734e+03,5.032459021614204e+03,1.257931712721350e+03,7.506087164084711e-08,0.000000000000000e+00,-1.000000000000000e+03,3.354972681076137e+03,3.753049550392608e-08,2.729367822643740e+05,3.663855002752032e-06,8.408227771657962e+08,0.000000000000000e+00,8.732033346392498e-14,6.704503840154726e+10,6.704503840154726e+10,-7.124586396669377e+00,7.506087164084711e-08,1.000000000000000e+00,0.000000000000000e+00,-9.999999999994518e-01,1.000000795134369e+00,-7.089463648839271e-01,7.506093132432591e-08,1.000000000000000e+03,1.000000000000000e+00,
7.527880174127186e-08,0.000000000000000e+00,-7.506094635143328e-08,5.060351663540643e+03,5.060351663501993e+03,1.261241996120018e+03,7.527880174127186e-08,0.000000000000000e+00,-1.000000000000000e+03,3.373567775667996e+03,3.864971873178659e-08,2.732956668030145e+05,3.707823665779015e-06,8.408598346845798e+08,0.000000000000000e+00,5.289302922235062e-10,6.722146934397388e+10,6.722146934397387e+10,-7.123327302456667e+00,7.527880174127186e-08,1.000000000000000e+00,0.000000000000000e+00,-1.000000987946670e+00,1.013332141127073e+00,-5.646279924218005e-01,7.628242934996347e-08,1.000000000000000e+03,1.000000000000000e+00,
1.390868328704809e-07,0.000000000000000e+00,-5.056977920317522e-08,1.157966948734668e+04,1.157966948733482e+04,1.632328331202992e+03,1.390868328704809e-07,0.000000000000000e+00,-1.000000000000000e+03,7.719779658223209e+03,4.078125158777256e-08,3.109118632792464e+05,3.742907069036610e-06,8.469496644757893e+08,0.000000000000000e+00,3.321092112397617e-09,8.699956805499554e+10,8.699956805499553e+10,-6.856713982030676e+00,1.390868328704809e-07,1.000000000000000e+00,0.000000000000000e+00,-4.130503500121124e-01,1.029787531586740e+00,-1.318438036480224e-01,7.967764313179505e-08,1.000000000000000e+03,1.000000000000000e+00,
1.615408868260838e-06,0.000000000000000e+00,2.563772001496635e-03,1.310873846018527e+05,1.310853501550310e+05,1.606775166226879e+03,1.615408868260838e-06,0.000000000000000e+00,-1.000000000000000e+03,8.739023343668731e+04,2.034446821730814e+00,3.084686903852212e+05,5.285454572245876e-03,8.291240056705695e+08,0.000000000000000e+00,-4.206985997350934e-09,8.563763965317610e+10,8.563763965317610e+10,-5.791717537261194e+00,1.615408868260838e-06,1.000000000000000e+00,0.000000000000000e+00,1.587073125491018e+03,1.587073125491018e+03,2.363132242377339e+02,2.563772001496635e-03,1.000000000000000e+03,1.000000000000000e+00,
1.790486433801342e-05,0.000000000000000e+00,3.168292874408538e-02,1.434862377557202e+06,1.434834345845962e+06,1.521762895475139e+03,1.790486433801342e-05,0.000000000000000e+00,-1.000000000000000e+03,9.565562305639751e+05,2.803171123926445e+01,3.001974712490528e+05,5.930074861859562e-03,7.405861097319661e+08,0.000000000000000e+00,-8.825780769836911e-08,8.110666956989331e+10,8.110666956989331e+10,-4.747028965211999e+00,1.790486433801342e-05,1.000000000000000e+00,0.000000000000000e+00,1.769515152193589e+03,1.769515152193589e+03,-4.169342519842293e+00,3.168292874408538e-02,1.000000000000000e+03,1.000000000000000e+00,
1.980154230154269e-04,0.000000000000000e+00,3.581340583483170e-01,1.584233329089709e+07,1.584200942722578e+07,1.503480899010759e+03,1.980154230154269e-04,0.000000000000000e+00,-1.000000000000000e+03,1.056133961815052e+07,3.238636713137322e+02,2.983887820287595e+05,6.066137305294212e-03,6.544712863257344e+08,0.000000000000000e+00,-8.346021793443015e-08,8.013227871654590e+10,8.013227871654590e+10,-3.703300982114047e+00,1.980154230154269e-04,1.000000000000000e+00,0.000000000000000e+00,1.808616990002924e+03,1.808616990002924e+03,-5.648752904120245e+02,3.581340583483170e-01,1.000000000000000e+03,1.000000000000000e+00,
2.172189667111150e-03,0.000000000000000e+00,4.170386731680984e+00,1.744780016200488e+08,1.744739982575075e+08,1.507035185372408e+03,2.172189667111150e-03,0.000000000000000e+00,-1.000000000000000e+03,1.163159988383383e+08,4.003362541290197e+03,2.987412750728385e+05,6.426630879045924e-03,5.689938446067575e+08,0.000000000000000e+00,-3.795302706373036e-07,8.032171448893083e+10,8.032171448893083e+10,-2.663102256530938e+00,2.172189667111150e-03,1.000000000000000e+00,0.000000000000000e+00,1.919899903228656e+03,1.919899903228656e+03,-1.008133918679142e+03,4.170386731680984e+00,1.000000000000000e+03,1.000000000000000e+00,
7.506087164084711e-08,0.000000000000000e+00,-7.506086955995894e-08,5.032459021651734e+03,5.032459021614204e+03,1.257931712721350e+03,7.506087164084711e-08,0.000000000000000e+00,-1.000000000000000e+03,3.354972681076137e+03,3.753049550392608e-08,2.729367822643740e+05,3.663855002752032e-06,8.408227771657962e+08,0.000000000000000e+00,8.732033346392498e-14,6.704503840154726e+10,6.704503840154726e+10,-7.124586396669377e+00,7.506087164084711e-08,1.000000000000000e+00,0.000000000000000e+00,-9.999999999994518e-01,1.000000795134369e+00,-8.337129643946168e-01,7.506093132432591e-08,1.000000000000000e+03,1.000000000000000e+00,
7.527880174127186e-08,0.000000000000000e+00,-7.506094635143328e-08,5.060351663540643e+03,5.060351663501993e+03,1.261241996120018e+03,7.527880174127186e-08,0.000000000000000e+00,-1.000000000000000e+03,3.373567775667996e+03,3.864971873178659e-08,2.732956668030145e+05,3.707823665779015e-06,8.408598346845798e+08,0.000000000000000e+00,5.289302922235062e-10,6.722146934397388e+10,6.722146934397387e+10,-7.123327302456667e+00,7.527880174127186e-08,1.000000000000000e+00,0.000000000000000e+00,-1.000000987946670e+00,1.013332141127073e+00,-7.193275016220262e-01,7.628242934996347e-08,1.000000000000000e+03,1.000000000000000e+00,
1.390868328704809e-07,0.000000000000000e+00,-5.056977920317522e-08,1.157966948734668e+04,1.157966948733482e+04,1.632328331202992e+03,1.390868328704809e-07,0.000000000000000e+00,-1.000000000000000e+03,7.719779658223209e+03,4.078125158777256e-08,3.109118632792464e+05,3.742907069036610e-06,8.469496644757893e+08,0.000000000000000e+00,3.321092112397617e-09,8.699956805499554e+10,8.699956805499553e+10,-6.856713982030676e+00,1.390868328704809e-07,1.000000000000000e+00,0.000000000000000e+00,-4.130503500121124e-01,1.029787531586740e+00,-1.864541536580430e-01,7.967764313179505e-08,1.000000000000000e+03,1.000000000000000e+00,
1.615408868260838e-06,0.000000000000000e+00,2.563772001496635e-03,1.310873846018527e+05,1.310853501550310e+05,1.606775166226879e+03,1.615408868260838e-06,0.000000000000000e+00,-1.000000000000000e+03,8.739023343668731e+04,2.034446821730814e+00,3.084686903852212e+05,5.285454572245876e-03,8.291240056705695e+08,0.000000000000000e+00,-4.206985997350934e-09,8.563763965317610e+10,8.563763965317610e+10,-5.791717537261194e+00,1.615408868260838e-06,1.000000000000000e+00,0.000000000000000e+00,1.587073125491018e+03,1.587073125491018e+03,4.377968686225591e+02,2.563772001496635e-03,1.000000000000000e+03,1.000000000000000e+00,
1.790486433801342e-05,0.000000000000000e+00,3.168292874408538e-02,1.434862377557202e+06,1.434834345845962e+06,1.521762895475139e+03,1.790486433801342e-05,0.000000000000000e+00,-1.000000000000000e+03,9.565562305639751e+05,2.803171123926445e+01,3.001974712490528e+05,5.930074861859562e-03,7.405861097319661e+08,0.000000000000000e+00,-8.825780769836911e-08,8.110666956989331e+10,8.110666956989331e+10,-4.747028965211999e+00,1.790486433801342e-05,1.000000000000000e+00,0.000000000000000e+00,1.769515152193589e+03,1.769515152193589e+03,-6.262162154486695e+00,3.168292874408538e-02,1.000000000000000e+03,1.000000000000000e+00,
1.980154230154269e-04,0.000000000000000e+00,3.581340583483170e-01,1.584233329089709e+07,1.584200942722578e+07,1.503480899010759e+03,1.980154230154269e-04,0.000000000000000e+00,-1.000000000000000e+03,1.056133961815052e+07,3.238636713137322e+02,2.983887820287595e+05,6.066137305294212e-03,6.544712863257344e+08,0.000000000000000e+00,-8.346021793443015e-08,8.013227871654590e+10,8.013227871654590e+10,-3.703300982114047e+00,1.980154230154269e-04,1.000000000000000e+00,0.000000000000000e+00,1.808616990002924e+03,1.808616990002924e+03,-7.988494057505527e+02,3.581340583483170e-01,1.000000000000000e+03,1.000000000000000e+00,
2.172189667111150e-03,0.000000000000000e+00,4.170386731680984e+00,1.744780016200488e+08,1.744739982575075e+08,1.507035185372408e+03,2.172189667111150e-03,0.000000000000000e+00,-1.000000000000000e+03,1.163159988383383e+08,4.003362541290197e+03,2.987412750728385e+05,6.426630879045924e-03,5.689938446067575e+08,0.000000000000000e+00,-3.795302706373036e-07,8.032171448893083e+10,8.032171448893083e+10,-2.663102256530938e+00,2.172189667111150e-03,1.000000000000000e+00,0.000000000000000e+00,1.919899903228656e+03,1.919899903228656e+03,-1.284347327367631e+03,4.170386731680984e+00,1.000000000000000e+03,1.000000000000000e+00,
7.506087164084711e-08,0.000000000000000e+00,-7.506086955995894e-08,5.032459021651734e+03,5.032459021614204e+03,1.257931712721350e+03,7.506087164084711e-08,0.000000000000000e+00,-1.000000000000000e+03,3.354972681076137e+03,3.753049550392608e-08,2.729367822643740e+05,3.663855002752032e-06,8.408227771657962e+08,0.000000000000000e+00,8.732033346392498e-14,6.704503840154726e+10,6.704503840154726e+10,-7.124586396669377e+00,7.506087164084711e-08,1.000000000000000e+00,0.000000000000000e+00,-9.999999999994518e-01,1.000000795134369e+00,-9.496661006891267e-01,7.506093132432591e-08,1.000000000000000e+03,1.000000000000000e+00,
7.527880174127186e-08,0.000000000000000e+00,-7.506094635143328e-08,5.060351663540643e+03,5.060351663501993e+03,1.261241996120018e+03,7.527880174127186e-08,0.000000000000000e+00,-1.000000000000000e+03,3.373567775667996e+03,3.864971873178659e-08,2.732956668030145e+05,3.707823665779015e-06,8.408598346845798e+08,0.000000000000000e+00,5.289302922235062e-10,6.722146934397388e+10,6.722146934397387e+10,-7.123327302456667e+00,7.527880174127186e-08,1.000000000000000e+00,0.000000000000000e+00,-1.000000987946670e+00,1.013332141127073e+00,-9.084628191367119e-01,7.628242934996347e-08,1.000000000000000e+03,1.000000000000000e+00,
1.390868328704809e-07,0.000000000000000e+00,-5.056977920317522e-08,1.157966948734668e+04,1.157966948733482e+04,1.632328331202992e+03,1.390868328704809e-07,0.000000000000000e+00,-1.000000000000000e+03,7.719779658223209e+03,4.078125158777256e-08,3.109118632792464e+05,3.742907069036610e-06,8.469496644757893e+08,0.000000000000000e+00,3.321092112397617e-09,8.699956805499554e+10,8.699956805499553e+10,-6.856713982030676e+00,1.390868328704809e-07,1.000000000000000e+00,0.000000000000000e+00,-4.130503500121124e-01,1.029787531586740e+00,-2.943435233214539e-01,7.967764313179505e-08,1.000000000000000e+03,1.000000000000000e+00,
1.615408868260838e-06,0.000000000000000e+00,2.563772001496635e-03,1.310873846018527e+05,1.310853501550310e+05,1.606775166226879e+03,1.615408868260838e-06,0.000000000000000e+00,-1.000000000000000e+03,8.739023343668731e+04,2.034446821730814e+00,3.084686903852212e+05,5.285454572245876e-03,8.291240056705695e+08,0.000000000000000e+00,-4.206985997350934e-09,8.563763965317610e+10,8.563763965317610e+10,-5.791717537261194e+00,1.615408868260838e-06,1.000000000000000e+00,0.000000000000000e+00,1.587073125491018e+03,1.587073125491018e+03,1.539715941365954e+03,2.563772001496635e-03,1.000000000000000e+03,1.000000000000000e+00,
1.790486433801342e-05,0.000000000000000e+00,3.168292874408538e-02,1.434862377557202e+06,1.434834345845962e+06,1.521762895475139e+03,1.790486433801342e-05,0.000000000000000e+00,-1.000000000000000e+03,9.565562305639751e+05,2.803171123926445e+01,3.001974712490528e+05,5.930074861859562e-03,7.405861097319661e+08,0.000000000000000e+00,-8.825780769836911e-08,8.110666956989331e+10,8.110666956989331e+10,-4.747028965211999e+00,1.790486433801342e-05,1.000000000000000e+00,0.000000000000000e+00,1.769515152193589e+03,1.769515152193589e+03,-1.257333958682295e+01,3.168292874408538e-02,1.000000000000000e+03,1.000000000000000e+00,
1.980154230154269e-04,0.000000000000000e+00,3.581340583483170e-01,1.584233329089709e+07,1.584200942722578e+07,1.503480899010759e+03,1.980154230154269e-04,0.000000000000000e+00,-1.000000000000000e+03,1.056133961815052e+07,3.238636713137322e+02,2.983887820287595e+05,6.066137305294212e-03,6.544712863257344e+08,0.000000000000000e+00,-8.346021793443015e-08,8.013227871654590e+10,8.013227871654590e+10,-3.703300982114047e+00,1.980154230154269e-04,1.000000000000000e+00,0.000000000000000e+00,1.808616990002924e+03,1.808616990002924e+03,-1.261093647305424e+03,3.581340583483170e-01,1.000000000000000e+03,1.000000000000000e+00,
2.172189667111150e-03,0.000000000000000e+00,4.170386731680984e+00,1.744780016200488e+08,1.744739982575075e+08,1.507035185372408e+03,2.172189667111150e-03,0.000000000000000e+00,-1.000000000000000e+03,1.163159988383383e+08,4.003362541290197e+03,2.987412750728385e+05,6.426630879045924e-03,5.689938446067575e+08,0.000000000000000e+00,-3.795302706373036e-07,8.032171448893083e+10,8.032171448893083e+10,-2.663102256530938e+00,2.172189667111150e-03,1.000000000000000e+00,0.000000000000000e+00,1.919899903228656e+03,1.919899903228656e+03,-1.622045300840159e+03,4.170386731680984e+00,1.000000000000000e+03,1.000000000000000e+00,
7.506087164084711e-08,0.000000000000000e+00,-7.506086955995894e-08,5.032459021651734e+03,5.032459021614204e+03,1.257931712721350e+03,7.506087164084711e-08,0.000000000000000e+00,-1.000000000000000e+03,3.354972681076137e+03,3.753049550392608e-08,2.729367822643740e+05,3.663855002752032e-06,8.408227771657962e+08,0.000000000000000e+00,8.732033346392498e-14,6.704503840154726e+10,6.704503840154726e+10,-7.124586396669377e+00,7.506087164084711e-08,1.000000000000000e+00,0.000000000000000e+00,-9.999999999994518e-01,1.000000795134369e+00,-9.496661006891267e-01,7.506093132432591e-08,1.000000000000000e+03,1.000000000000000e+00,
7.527880174127186e-08,0.000000000000000e+00,-7.506094635143328e-08,5.060351663540643e+03,5.060351663501993e+03,1.261241996120018e+03,7.527880174127186e-08,0.000000000000000e+00,-1.000000000000000e+03,3.373567775667996e+03,3.864971873178659e-08,2.732956668030145e+05,3.707823665779015e-06,8.408598346845798e+08,0.000000000000000e+00,5.289302922235062e-10,6.722146934397388e+10,6.722146934397387e+10,-7.123327302456667e+00,7.527880174127186e-08,1.000000000000000e+00,0.000000000000000e+00,-1.000000987946670e+00,1.013332141127073e+00,-9.084628191367119e-01,7.628242934996347e-08,1.000000000000000e+03,1.000000000000000e+00,
1.390868328704809e-07,0.000000000000000e+00,-5.056977920317522e-08,1.157966948734668e+04,1.157966948733482e+04,1.632328331202992e+03,1.390868328704809e-07,0.000000000000000e+00,-1.000000000000000e+03,7.719779658223209e+03,4.078125158777256e-08,3.109118632792464e+05,3.742907069036610e-06,8.469496644757893e+08,0.000000000000000e+00,3.321092112397617e-09,8.699956805499554e+10,8.699956805499553e+10,-6.856713982030676e+00,1.390868328704809e-07,1.000000000000000e+00,0.000000000000000e+00,-4.130503500121124e-01,1.029787531586740e+00,-2.943435233214539e-01,7.967764313179505e-08,1.000000000000000e+03,1.000000000000000e+00,
1.615408868260838e-06,0.000000000000000e+00,2.563772001496635e-03,1.310873846018527e+05,1.310853501550310e+05,1.606775166226879e+03,1.615408868260838e-06,0.000000000000000e+00,-1.000000000000000e+03,8.739023343668731e+04,2.034446821730814e+00,3.084686903852212e+05,5.285454572245876e-03,8.291240056705695e+08,0.000000000000000e+00,-4.206985997350934e-09,8.563763965317610e+10,8.563763965317610e+10,-5.791717537261194e+00,1.615408868260838e-06,1.000000000000000e+00,0.000000000000000e+00,1.587073125491018e+03,1.587073125491018e+03,1.539715941365954e+03,2.563772001496635e-03,1.000000000000000e+03,1.000000000000000e+00,
1.790486433801342e-05,0.000000000000000e+00,3.168292874408538e-02,1.434862377557202e+06,1.434834345845962e+06,1.521762895475139e+03,1.790486433801342e-05,0.000000000000000e+00,-1.000000000000000e+03,9.565562305639751e+05,2.803171123926445e+01,3.001974712490528e+05,5.930074861859562e-03,7.405861097319661e+08,0.000000000000000e+00,-8.825780769836911e-08,8.110666956989331e+10,8.110666956989331e+10,-4.747028965211999e+00,1.790486433801342e-05,1.000000000000000e+00,0.000000000000000e+00,1.769515152193589e+03,1.769515152193589e+03,-1.257333958682295e+01,3.168292874408538e-02,1.000000000000000e+03,1.000000000000000e+00,
1.980154230154269e-04,0.000000000000000e+00,3.581340583483170e-01,1.584233329089709e+07,1.584200942722578e+07,1.503480899010759e+03,1.980154230154269e-04,0.000000000000000e+00,-1.000000000000000e+03,1.056133961815052e+07,3.238636713137322e+02,2.983887820287595e+05,6.066137305294212e-03,6.544712863257344e+08,0.000000000000000e+00,-8.346021793443015e-08,8.013227871654590e+10,8.013227871654590e+10,-3.703300982114047e+00,1.980154230154269e-04,1.000000000000000e+00,0.000000000000000e+00,1.808616990002924e+03,1.808616990002924e+03,-1.261093647305424e+03,3.581340583483170e-01,1.000000000000000e+03,1.000000000000000e+00,
2.172189667111150e-03,0.000000000000000e+00,4.170386731680984e+00,1.744780016200488e+08,1.744739982575075e+08,1.507035185372408e+03,2.172189667111150e-03,0.000000000000000e+00,-1.000000000000000e+03,1.163159988383383e+08,4.003362541290197e+03,2.987412750728385e+05,6.426630879045924e-03,5.689938446067575e+08,0.000000000000000e+00,-3.795302706373036e-07,8.032171448893083e+10,8.032171448893083e+10,-2.663102256530938e+00,2.172189667111150e-03,1.000000000000000e+00,0.000000000000000e+00,1.919899903228656e+03,1.919899903228656e+03,-1.622045300840159e+03,4.170386731680984e+00,1.000000000000000e+03,1.000000000000000e+00,
7.506087164084711e-08,0.000000000000000e+00,-7.506086955995894e-08,5.032459021651734e+03,5.032459021614204e+03,1.257931712721350e+03,7.506087164084711e-08,0.000000000000000e+00,-1.000000000000000e+03,3.354972681076137e+03,3.753049550392608e-08,2.729367822643740e+05,3.663855002752032e-06,8.408227771657962e+08,0.000000000000000e+00,8.732033346392498e-14,6.704503840154726e+10,6.704503840154726e+10,-7.124586396669377e+00,7.506087164084711e-08,1.000000000000000e+00,0.000000000000000e+00,-9.999999999994518e-01,1.000000795134369e+00,-8.337129643946168e-01,7.506093132432591e-08,1.000000000000000e+03,1.000000000000000e+00,
7.527880174127186e-08,0.000000000000000e+00,-7.506094635143328e-08,5.060351663540643e+03,5.060351663501993e+03,1.261241996120018e+03,7.527880174127186e-08,0.000000000000000e+00,-1.000000000000000e+03,3.373567775667996e+03,3.864971873178659e-08,2.732956668030145e+05,3.707823665779015e-06,8.408598346845798e+08,0.000000000000000e+00,5.289302922235062e-10,6.722146934397388e+10,6.722146934397387e+10,-7.123327302456667e+00,7.527880174127186e-08,1.000000000000000e+00,0.000000000000000e+00,-1.000000987946670e+00,1.013332141127073e+00,-7.193275016220262e-01,7.628242934996347e-08,1.000000000000000e+03,1.000000000000000e+00,
1.390868328704809e-07,0.000000000000000e+00,-5.056977920317522e-08,1.157966948734668e+04,1.157966948733482e+04,1.632328331202992e+03,1.390868328704809e-07,0.000000000000000e+00,-1.000000000000000e+03,7.719779658223209e+03,4.078125158777256e-08,3.109118632792464e+05,3.742907069036610e-06,8.469496644757893e+08,0.000000000000000e+00,3.321092112397617e-09,8.699956805499554e+10,8.699956805499553e+10,-6.856713982030676e+00,1.390868328704809e-07,1.000000000000000e+00,0.000000000000000e+00,-4.130503500121124e-01,1.029787531586740e+00,-1.864541536580430e-01,7.967764313179505e-08,1.000000000000000e+03,1.000000000000000e+00,
1.615408868260838e-06,0.000000000000000e+00,2.563772001496635e-03,1.310873846018527e+05,1.310853501550310e+05,1.606775166226879e+03,1.615408868260838e-06,0.000000000000000e+00,-1.000000000000000e+03,8.739023343668731e+04,2.034446821730814e+00,3.084686903852212e+05,5.285454572245876e-03,8.291240056705695e+08,0.000000000000000e+00,-4.206985997350934e-09,8.563763965317610e+10,8.563763965317610e+10,-5.791717537261194e+00,1.615408868260838e-06,1.000000000000000e+00,0.000000000000000e+00,1.587073125491018e+03,1.587073125491018e+03,4.377968686225591e+02,2.563772001496635e-03,1.000000000000000e+03,1.000000000000000e+00,
1.790486433801342e-05,0.000000000000000e+00,3.168292874408538e-02,1.434862377557202e+06,1.434834345845962e+06,1.521762895475139e+03,1.790486433801342e-05,0.000000000000000e+00,-1.000000000000000e+03,9.565562305639751e+05,2.803171123926445e+01,3.001974712490528e+05,5.930074861859562e-03,7.405861097319661e+08,0.000000000000000e+00,-8.825780769836911e-08,8.110666956989331e+10,8.110666956989331e+10,-4.747028965211999e+00,1.790486433801342e-05,1.000000000000000e+00,0.000000000000000e+00,1.769515152193589e+03,1.769515152193589e+03,-6.262162154486695e+00,3.168292874408538e-02,1.000000000000000e+03,1.000000000000000e+00,
1.980154230154269e-04,0.000000000000000e+00,3.581340583483170e-01,1.584233329089709e+07,1.584200942722578e+07,1.503480899010759e+03,1.980154230154269e-04,0.000000000000000e+00,-1.000000000000000e+03,1.056133961815052e+07,3.238636713137322e+02,2.983887820287595e+05,6.066137305294212e-03,6.544712863257344e+08,0.000000000000000e+00,-8.346021793443015e-08,8.013227871654590e+10,8.013227871654590e+10,-3.703300982114047e+00,1.980154230154269e-04,1.000000000000000e+00,0.000000000000000e+00,1.808616990002924e+03,1.808616990002924e+03,-7.988494057505527e+02,3.581340583483170e-01,1.000000000000000e+03,1.000000000000000e+00,
2.172189667111150e-03,0.000000000000000e+00,4.170386731680984e+00,1.744780016200488e+08,1.744739982575075e+08,1.507035185372408e+03,2.172189667111150e-03,0.000000000000000e+00,-1.000000000000000e+03,1.163159988383383e+08,4.003362541290197e+03,2.987412750728385e+05,6.426630879045924e-03,5.689938446067575e+08,0.000000000000000e+00,-3.795302706373036e-07,8.032171448893083e+10,8.032171448893083e+10,-2.663102256530938e+00,2.172189667111150e-03,1.000000000000000e+00,0.000000000000000e+00,1.919899903228656e+03,1.919899903228656e+03,-1.284347327367631e+03,4.170386731680984e+00,1.000000000000000e+03,1.000000000000000e+00,
7.506087164084711e-08,0.000000000000000e+00,-7.506086955995894e-08,5.032459021651734e+03,5.032459021614204e+03,1.257931712721350e+03,7.506087164084711e-08,0.000000000000000e+00,-1.000000000000000e+03,3.354972681076137e+03,3.753049550392608e-08,2.729367822643740e+05,3.663855002752032e-06,8.408227771657962e+08,0.000000000000000e+00,8.732033346392498e-14,6.704503840154726e+10,6.704503840154726e+10,-7.124586396669377e+00,7.506087164084711e-08,1.000000000000000e+00,0.000000000000000e+00,-9.999999999994518e-01,1.000000795134369e+00,-7.089463648839271e-01,7.506093132432591e-08,1.000000000000000e+03,1.000000000000000e+00,
7.527880174127186e-08,0.000000000000000e+00,-7.506094635143328e-08,5.060351663540643e+03,5.060351663501993e+03,1.261241996120018e+03,7.527880174127186e-08,0.000000000000000e+00,-1.000000000000000e+03,3.373567775667996e+03,3.864971873178659e-08,2.732956668030145e+05,3.707823665779015e-06,8.408598346845798e+08,0.000000000000000e+00,5.289302922235062e-10,6.722146934397388e+10,6.722146934397387e+10,-7.123327302456667e+00,7.527880174127186e-08,1.000000000000000e+00,0.000000000000000e+00,-1.000000987946670e+00,1.013332141127073e+00,-5.646279924218005e-01,7.628242934996347e-08,1.000000000000000e+03,1.000000000000000e+00,
1.390868328704809e-07,0.000000000000000e+00,-5.056977920317522e-08,1.157966948734668e+04,1.157966948733482e+04,1.632328331202992e+03,1.390868328704809e-07,0.000000000000000e+00,-1.000000000000000e+03,7.719779658223209e+03,4.078125158777256e-08,3.109118632792464e+05,3.742907069036610e-06,8.469496644757893e+08,0.000000000000000e+00,3.321092112397617e-09,8.699956805499554e+10,8.699956805499553e+10,-6.856713982030676e+00,1.390868328704809e-07,1.000000000000000e+00,0.000000000000000e+00,-4.130503500121124e-01,1.029787531586740e+00,-1.318438036480224e-01,7.967764313179505e-08,1.000000000000000e+03,1.000000000000000e+00,
1.615408868260838e-06,0.000000000000000e+00,2.563772001496635e-03,1.310873846018527e+05,1.310853501550310e+05,1.606775166226879e+03,1.615408868260838e-06,0.000000000000000e+00,-1.000000000000000e+03,8.739023343668731e+04,2.034446821730814e+00,3.084686903852212e+05,5.285454572245876e-03,8.291240056705695e+08,0.000000000000000e+00,-4.206985997350934e-09,8.563763965317610e+10,8.563763965317610e+10,-5.791717537261194e+00,1.615408868260838e-06,1.000000000000000e+00,0.000000000000000e+00,1.587073125491018e+03,1.587073125491018e+03,2.363132242377339e+02,2.563772001496635e-03,1.000000000000000e+03,1.000000000000000e+00,
1.790486433801342e-05,0.000000000000000e+00,3.168292874408538e-02,1.434862377557202e+06,1.434834345845962e+06,1.521762895475139e+03,1.790486433801342e-05,0.000000000000000e+00,-1.000000000000000e+03,9.565562305639751e+05,2.803171123926445e+01,3.001974712490528e+05,5.930074861859562e-03,7.405861097319661e+08,0.000000000000000e+00,-8.825780769836911e-08,8.110666956989331e+10,8.110666956989331e+10,-4.747028965211999e+00,1.790486433801342e-05,1.000000000000000e+00,0.000000000000000e+00,1.769515152193589e+03,1.769515152193589e+03,-4.169342519842293e+00,3.168292874408538e-02,1.000000000000000e+03,1.000000000000000e+00,
1.980154230154269e-04,0.000000000000000e+00,3.581340583483170e-01,1.584233329089709e+07,1.584200942722578e+07,1.503480899010759e+03,1.980154230154269e-04,0.000000000000000e+00,-1.000000000000000e+03,1.056133961815052e+07,3.238636713137322e+02,2.983887820287595e+05,6.066137305294212e-03,6.544712863257344e+08,0.000000000000000e+00,-8.346021793443015e-08,8.013227871654590e+10,8.013227871654590e+10,-3.703300982114047e+00,1.980154230154269e-04,1.000000000000000e+00,0.000000000000000e+00,1.808616990002924e+03,1.808616990002924e+03,-5.648752904120245e+02,3.581340583483170e-01,1.000000000000000e+03,1.000000000000000e+00,
2.172189667111150e-03,0.000000000000000e+00,4.170386731680984e+00,1.744780016200488e+08,1.744739982575075e+08,1.507035185372408e+03,2.172189667111150e-03,0.000000000000000e+00,-1.000000000000000e+03,1.163159988383383e+08,4.003362541290197e+03,2.987412750728385e+05,6.426630879045924e-03,5.689938446067575e+08,0.000000000000000e+00,-3.795302706373036e-07,8.032171448893083e+10,8.032171448893083e+10,-2.663102256530938e+00,2.172189667111150e-03,1.000000000000000e+00,0.000000000000000e+00,1.919899903228656e+03,1.919899903228656e+03,-1.008133918679142e+03,4.170386731680984e+00,1.000000000000000e+03,1.000000000000000e+00,

