1
0
28
0
(64 0
((0,0) (63,63) (0,0))
((448,0) (511,63) (0,0))
((384,0) (447,63) (0,0))
((320,0) (383,63) (0,0))
((256,0) (319,63) (0,0))
((192,0) (255,63) (0,0))
((128,0) (191,63) (0,0))
((64,0) (127,63) (0,0))
((0,448) (63,511) (0,0))
((0,384) (63,447) (0,0))
((0,320) (63,383) (0,0))
((0,256) (63,319) (0,0))
((0,192) (63,255) (0,0))
((0,128) (63,191) (0,0))
((0,64) (63,127) (0,0))
((448,448) (511,511) (0,0))
((448,384) (511,447) (0,0))
((448,320) (511,383) (0,0))
((448,256) (511,319) (0,0))
((448,192) (511,255) (0,0))
((448,128) (511,191) (0,0))
((448,64) (511,127) (0,0))
((384,448) (447,511) (0,0))
((384,384) (447,447) (0,0))
((384,320) (447,383) (0,0))
((384,256) (447,319) (0,0))
((384,192) (447,255) (0,0))
((384,128) (447,191) (0,0))
((384,64) (447,127) (0,0))
((320,448) (383,511) (0,0))
((320,384) (383,447) (0,0))
((320,320) (383,383) (0,0))
((320,256) (383,319) (0,0))
((320,192) (383,255) (0,0))
((320,128) (383,191) (0,0))
((320,64) (383,127) (0,0))
((256,448) (319,511) (0,0))
((256,384) (319,447) (0,0))
((256,320) (319,383) (0,0))
((256,256) (319,319) (0,0))
((256,192) (319,255) (0,0))
((256,128) (319,191) (0,0))
((256,64) (319,127) (0,0))
((192,448) (255,511) (0,0))
((192,384) (255,447) (0,0))
((192,320) (255,383) (0,0))
((192,256) (255,319) (0,0))
((192,192) (255,255) (0,0))
((192,128) (255,191) (0,0))
((192,64) (255,127) (0,0))
((128,448) (191,511) (0,0))
((128,384) (191,447) (0,0))
((128,320) (191,383) (0,0))
((128,256) (191,319) (0,0))
((128,192) (191,255) (0,0))
((128,128) (191,191) (0,0))
((128,64) (191,127) (0,0))
((64,448) (127,511) (0,0))
((64,384) (127,447) (0,0))
((64,320) (127,383) (0,0))
((64,256) (127,319) (0,0))
((64,192) (127,255) (0,0))
((64,128) (127,191) (0,0))
((64,64) (127,127) (0,0))
)
64
FabOnDisk: Cell_D_0000 0
FabOnDisk: Cell_D_0001 0
FabOnDisk: Cell_D_0001 917590
FabOnDisk: Cell_D_0001 1835180
FabOnDisk: Cell_D_0001 2752770
FabOnDisk: Cell_D_0000 917587
FabOnDisk: Cell_D_0000 1835177
FabOnDisk: Cell_D_0000 2752767
FabOnDisk: Cell_D_0002 0
FabOnDisk: Cell_D_0002 917590
FabOnDisk: Cell_D_0002 1835180
FabOnDisk: Cell_D_0002 2752770
FabOnDisk: Cell_D_0000 3670356
FabOnDisk: Cell_D_0000 4587946
FabOnDisk: Cell_D_0000 5505536
FabOnDisk: Cell_D_0003 0
FabOnDisk: Cell_D_0003 917593
FabOnDisk: Cell_D_0003 1835186
FabOnDisk: Cell_D_0003 2752779
FabOnDisk: Cell_D_0001 3670360
FabOnDisk: Cell_D_0001 4587953
FabOnDisk: Cell_D_0001 5505546
FabOnDisk: Cell_D_0003 3670372
FabOnDisk: Cell_D_0003 4587965
FabOnDisk: Cell_D_0003 5505558
FabOnDisk: Cell_D_0003 6423151
FabOnDisk: Cell_D_0001 6423138
FabOnDisk: Cell_D_0001 7340731
FabOnDisk: Cell_D_0001 8258324
FabOnDisk: Cell_D_0003 7340744
FabOnDisk: Cell_D_0003 8258337
FabOnDisk: Cell_D_0003 9175930
FabOnDisk: Cell_D_0003 10093523
FabOnDisk: Cell_D_0001 9175916
FabOnDisk: Cell_D_0001 10093509
FabOnDisk: Cell_D_0001 11011102
FabOnDisk: Cell_D_0003 11011116
FabOnDisk: Cell_D_0003 11928709
FabOnDisk: Cell_D_0003 12846302
FabOnDisk: Cell_D_0003 13763895
FabOnDisk: Cell_D_0001 11928694
FabOnDisk: Cell_D_0001 12846287
FabOnDisk: Cell_D_0001 13763880
FabOnDisk: Cell_D_0002 3670360
FabOnDisk: Cell_D_0002 4587953
FabOnDisk: Cell_D_0002 5505546
FabOnDisk: Cell_D_0002 6423139
FabOnDisk: Cell_D_0000 6423125
FabOnDisk: Cell_D_0000 7340718
FabOnDisk: Cell_D_0000 8258311
FabOnDisk: Cell_D_0002 7340732
FabOnDisk: Cell_D_0002 8258325
FabOnDisk: Cell_D_0002 9175918
FabOnDisk: Cell_D_0002 10093511
FabOnDisk: Cell_D_0000 9175903
FabOnDisk: Cell_D_0000 10093496
FabOnDisk: Cell_D_0000 11011089
FabOnDisk: Cell_D_0002 11011104
FabOnDisk: Cell_D_0002 11928696
FabOnDisk: Cell_D_0002 12846288
FabOnDisk: Cell_D_0002 13763880
FabOnDisk: Cell_D_0000 11928681
FabOnDisk: Cell_D_0000 12846273
FabOnDisk: Cell_D_0000 13763865

64,28
4.108905575431959e-03,0.000000000000000e+00,1.071934634317934e+01,3.339705280984858e+08,3.339565457394469e+08,1.524945143783448e+03,4.108905575431959e-03,0.000000000000000e+00,-1.000000000000000e+03,2.226376971596313e+08,1.398235903887285e+04,3.005111876620373e+05,7.857175417691872e-03,4.062512706283332e+08,0.000000000000000e+00,-7.877570977655068e-08,8.127627651904338e+10,8.127627651904337e+10,-2.386273838913365e+00,4.108905575431959e-03,1.000000000000000e+00,0.000000000000000e+00,2.602140867993879e+03,2.602140867993879e+03,-2.078291341310191e+03,1.071934634317934e+01,1.000000000000000e+03,1.000000000000000e+00,
4.108905575431959e-03,0.000000000000000e+00,1.071934634317934e+01,3.339705280984858e+08,3.339565457394469e+08,1.524945143783448e+03,4.108905575431959e-03,0.000000000000000e+00,-1.000000000000000e+03,2.226376971596313e+08,1.398235903887285e+04,3.005111876620373e+05,7.857175417691872e-03,4.062512706283332e+08,0.000000000000000e+00,-7.877570977655068e-08,8.127627651904338e+10,8.127627651904337e+10,-2.386273838913365e+00,4.108905575431959e-03,1.000000000000000e+00,0.000000000000000e+00,2.602140867993879e+03,2.602140867993879e+03,-2.078291341310191e+03,1.071934634317934e+01,1.000000000000000e+03,1.000000000000000e+00,
4.108905575431959e-03,0.000000000000000e+00,1.071934634317934e+01,3.339705280984858e+08,3.339565457394469e+08,1.524945143783448e+03,4.108905575431959e-03,0.000000000000000e+00,-1.000000000000000e+03,2.226376971596313e+08,1.398235903887285e+04,3.005111876620373e+05,7.857175417691872e-03,4.062512706283332e+08,0.000000000000000e+00,-7.877570977655068e-08,8.127627651904338e+10,8.127627651904337e+10,-2.386273838913365e+00,4.108905575431959e-03,1.000000000000000e+00,0.000000000000000e+00,2.602140867993879e+03,2.602140867993879e+03,-2.324689567915063e+03,1.071934634317934e+01,1.000000000000000e+03,1.000000000000000e+00,
4.108905575431959e-03,0.000000000000000e+00,1.071934634317934e+01,3.339705280984858e+08,3.339565457394469e+08,1.524945143783448e+03,4.108905575431959e-03,0.000000000000000e+00,-1.000000000000000e+03,2.226376971596313e+08,1.398235903887285e+04,3.005111876620373e+05,7.857175417691872e-03,4.062512706283332e+08,0.000000000000000e+00,-7.877570977655068e-08,8.127627651904338e+10,8.127627651904337e+10,-2.386273838913365e+00,4.108905575431959e-03,1.000000000000000e+00,0.000000000000000e+00,2.602140867993879e+03,2.602140867993879e+03,-2.522988601308326e+03,1.071934634317934e+01,1.000000000000000e+03,1.000000000000000e+00,
4.108905575431959e-03,0.000000000000000e+00,1.071934634317934e+01,3.339705280984858e+08,3.339565457394469e+08,1.524945143783448e+03,4.108905575431959e-03,0.000000000000000e+00,-1.000000000000000e+03,2.226376971596313e+08,1.398235903887285e+04,3.005111876620373e+05,7.857175417691872e-03,4.062512706283332e+08,0.000000000000000e+00,-7.877570977655068e-08,8.127627651904338e+10,8.127627651904337e+10,-2.386273838913365e+00,4.108905575431959e-03,1.000000000000000e+00,0.000000000000000e+00,2.602140867993879e+03,2.602140867993879e+03,-2.608799347548646e+03,1.071934634317934e+01,1.000000000000000e+03,1.000000000000000e+00,
4.108905575431959e-03,0.000000000000000e+00,1.071934634317934e+01,3.339705280984858e+08,3.339565457394469e+08,1.524945143783448e+03,4.108905575431959e-03,0.000000000000000e+00,-1.000000000000000e+03,2.226376971596313e+08,1.398235903887285e+04,3.005111876620373e+05,7.857175417691872e-03,4.062512706283332e+08,0.000000000000000e+00,-7.877570977655068e-08,8.127627651904338e+10,8.127627651904337e+10,-2.386273838913365e+00,4.108905575431959e-03,1.000000000000000e+00,0.000000000000000e+00,2.602140867993879e+03,2.602140867993879e+03,-2.608799347548646e+03,1.071934634317934e+01,1.000000000000000e+03,1.000000000000000e+00,
4.108905575431959e-03,0.000000000000000e+00,1.071934634317934e+01,3.339705280984858e+08,3.339565457394469e+08,1.524945143783448e+03,4.108905575431959e-03,0.000000000000000e+00,-1.000000000000000e+03,2.226376971596313e+08,1.398235903887285e+04,3.005111876620373e+05,7.857175417691872e-03,4.062512706283332e+08,0.000000000000000e+00,-7.877570977655068e-08,8.127627651904338e+10,8.127627651904337e+10,-2.386273838913365e+00,4.108905575431959e-03,1.000000000000000e+00,0.000000000000000e+00,2.602140867993879e+03,2.602140867993879e+03,-2.522988601308326e+03,1.071934634317934e+01,1.000000000000000e+03,1.000000000000000e+00,
4.108905575431959e-03,0.000000000000000e+00,1.071934634317934e+01,3.339705280984858e+08,3.339565457394469e+08,1.524945143783448e+03,4.108905575431959e-03,0.000000000000000e+00,-1.000000000000000e+03,2.226376971596313e+08,1.398235903887285e+04,3.005111876620373e+05,7.857175417691872e-03,4.062512706283332e+08,0.000000000000000e+00,-7.877570977655068e-08,8.127627651904338e+10,8.127627651904337e+10,-2.386273838913365e+00,4.108905575431959e-03,1.000000000000000e+00,0.000000000000000e+00,2.602140867993879e+03,2.602140867993879e+03,-2.324689567915063e+03,1.071934634317934e+01,1.000000000000000e+03,1.000000000000000e+00,
7.506093893752261e-08,0.000000000000000e+00,-7.508051353170687e-08,2.175354635962534e+03,2.175354635925004e+03,5.437590485688294e+02,7.506093893752261e-08,0.000000000000000e+00,-1.000000000000000e+03,1.450236423950003e+03,3.753064896559383e-08,1.794472398914338e+05,5.569844076088360e-06,7.961208944374671e+08,0.000000000000000e+00,-1.130735175658426e-11,2.898118071418840e+10,2.898118071418840e+10,-7.124586007297910e+00,7.506093893752261e-08,1.000000000000000e+00,0.000000000000000e+00,-1.000003735686240e+00,9.998245419792067e-01,-7.986881612434856e-01,7.506113613534273e-08,1.000000000000000e+03,1.000000000000000e+00,
7.509696502376919e-08,0.000000000000000e+00,-7.704724541278281e-08,2.177991214515116e+03,2.177991214477583e+03,5.441569243344345e+02,7.509696502376919e-08,0.000000000000000e+00,-1.000000000000000e+03,1.451994142985055e+03,3.638342368043486e-08,1.795128798584901e+05,4.886775916413453e-06,7.961428291974202e+08,0.000000000000000e+00,-1.935826020683179e-09,2.900238663157984e+10,2.900238663157984e+10,-7.124377614261661e+00,7.509696502376919e-08,1.000000000000000e+00,0.000000000000000e+00,-9.998006721404006e-01,9.444445024740244e-01,-7.051223872885298e-01,7.508199610646860e-08,1.000000000000000e+03,1.000000000000000e+00,
8.205664613497077e-08,0.000000000000000e+00,-7.784049940168985e-08,2.788036638240226e+03,2.788036638203940e+03,6.374925831964679e+02,8.205664613497077e-08,0.000000000000000e+00,-1.000000000000000e+03,1.858691092135960e+03,2.871906477165445e-13,1.942992402660479e+05,5.320364947951851e-09,8.014309620058650e+08,0.000000000000000e+00,-4.307336190511700e-08,3.397697529116705e+10,3.397697529116705e+10,-7.085886237732762e+00,8.205664613497077e-08,1.000000000000000e+00,0.000000000000000e+00,-9.404293115510597e-01,1.882379232495779e-03,-5.193041788493469e-01,3.051358012867245e-10,1.000000000000000e+03,1.000000000000000e+00,
2.383044862629391e-07,0.000000000000000e+00,1.057341789339245e-07,2.708908112629006e+04,2.708908112626661e+04,1.553745166238309e+03,2.383044862629391e-07,0.000000000000000e+00,-1.000000000000000e+03,1.805938741751107e+04,2.345679002974318e-08,3.033356325901821e+05,1.248456474108535e-06,7.207639258976511e+08,0.000000000000000e+00,-4.395849698435121e-04,8.281125539899736e+10,8.281125539899736e+10,-6.622867781653128e+00,2.383044862629391e-07,1.000000000000000e+00,0.000000000000000e+00,4.436936148036261e-01,4.436936148036261e-01,1.070165934421671e-01,1.057341789339245e-07,1.000000000000000e+03,1.000000000000000e+00,
3.138563486324819e-06,0.000000000000000e+00,8.269702200483639e-03,2.595861206984775e+05,2.595752259093833e+05,1.505217222403055e+03,3.138563486324819e-06,0.000000000000000e+00,-1.000000000000000e+03,1.730501506062555e+05,1.089478909422422e+01,2.985610322797126e+05,8.691886486600384e-03,6.337862425027467e+08,0.000000000000000e+00,-2.422171680986594e-06,8.022482099633479e+10,8.022482099633481e+10,-5.503269082090000e+00,3.138563486324819e-06,1.000000000000000e+00,0.000000000000000e+00,2.634868543050330e+03,2.634868543050330e+03,-8.500645814352592e+02,8.269702200483639e-03,1.000000000000000e+03,1.000000000000000e+00,
3.460592416999976e-05,0.000000000000000e+00,9.391767818253580e-02,2.776060336211536e+06,2.775932893721749e+06,1.501340718418053e+03,3.460592416999976e-05,0.000000000000000e+00,-1.000000000000000e+03,1.850621929147833e+06,1.274424897868350e+02,2.981763306088697e+05,8.831888787877830e-03,5.483636824236959e+08,0.000000000000000e+00,-3.012706812739907e-08,8.001821172183298e+10,8.001821172183298e+10,-4.460849548198348e+00,3.460592416999976e-05,1.000000000000000e+00,0.000000000000000e+00,2.633460191115030e+03,2.633460191115030e+03,-1.454194233720653e+03,9.391767818253580e-02,1.000000000000000e+03,1.000000000000000e+00,
3.815575094445642e-04,0.000000000000000e+00,1.004581202780092e+00,3.053288463718216e+07,3.053156218464486e+07,1.501341338487725e+03,3.815575094445642e-04,0.000000000000000e+00,-1.000000000000000e+03,2.035437478976324e+07,1.322452537296634e+03,2.981763921838600e+05,8.686607498073840e-03,4.646305254620286e+08,0.000000000000000e+00,9.012109722618789e-08,8.001824477020477e+10,8.001824477020477e+10,-3.418439994662948e+00,3.815575094445642e-04,1.000000000000000e+00,0.000000000000000e+00,2.608984764146102e+03,2.608984764146102e+03,-1.840020332608620e+03,1.004581202780092e+00,1.000000000000000e+03,1.000000000000000e+00,
7.506093893752261e-08,0.000000000000000e+00,-7.508051353170687e-08,2.175354635962534e+03,2.175354635925004e+03,5.437590485688294e+02,7.506093893752261e-08,0.000000000000000e+00,-1.000000000000000e+03,1.450236423950003e+03,3.753064896559383e-08,1.794472398914338e+05,5.569844076088360e-06,7.961208944374671e+08,0.000000000000000e+00,-1.130735175658426e-11,2.898118071418840e+10,2.898118071418840e+10,-7.124586007297910e+00,7.506093893752261e-08,1.000000000000000e+00,0.000000000000000e+00,-1.000003735686240e+00,9.998245419792067e-01,-7.986881612434856e-01,7.506113613534273e-08,1.000000000000000e+03,1.000000000000000e+00,
7.509696502376919e-08,0.000000000000000e+00,-7.704724541278281e-08,2.177991214515116e+03,2.177991214477583e+03,5.441569243344345e+02,7.509696502376919e-08,0.000000000000000e+00,-1.000000000000000e+03,1.451994142985055e+03,3.638342368043486e-08,1.795128798584901e+05,4.886775916413453e-06,7.961428291974202e+08,0.000000000000000e+00,-1.935826020683179e-09,2.900238663157984e+10,2.900238663157984e+10,-7.124377614261661e+00,7.509696502376919e-08,1.000000000000000e+00,0.000000000000000e+00,-9.998006721404006e-01,9.444445024740244e-01,-7.051223872885298e-01,7.508199610646860e-08,1.000000000000000e+03,1.000000000000000e+00,
8.205664613497077e-08,0.000000000000000e+00,-7.784049940168985e-08,2.788036638240226e+03,2.788036638203940e+03,6.374925831964679e+02,8.205664613497077e-08,0.000000000000000e+00,-1.000000000000000e+03,1.858691092135960e+03,2.871906477165445e-13,1.942992402660479e+05,5.320364947951851e-09,8.014309620058650e+08,0.000000000000000e+00,-4.307336190511700e-08,3.397697529116705e+10,3.397697529116705e+10,-7.085886237732762e+00,8.205664613497077e-08,1.000000000000000e+00,0.000000000000000e+00,-9.404293115510597e-01,1.882379232495779e-03,-5.193041788493469e-01,3.051358012867245e-10,1.000000000000000e+03,1.000000000000000e+00,
2.383044862629391e-07,0.000000000000000e+00,1.057341789339245e-07,2.708908112629006e+04,2.708908112626661e+04,1.553745166238309e+03,2.383044862629391e-07,0.000000000000000e+00,-1.000000000000000e+03,1.805938741751107e+04,2.345679002974318e-08,3.033356325901821e+05,1.248456474108535e-06,7.207639258976511e+08,0.000000000000000e+00,-4.395849698435121e-04,8.281125539899736e+10,8.281125539899736e+10,-6.622867781653128e+00,2.383044862629391e-07,1.000000000000000e+00,0.000000000000000e+00,4.436936148036261e-01,4.436936148036261e-01,1.070165934421671e-01,1.057341789339245e-07,1.000000000000000e+03,1.000000000000000e+00,
3.138563486324819e-06,0.000000000000000e+00,8.269702200483639e-03,2.595861206984775e+05,2.595752259093833e+05,1.505217222403055e+03,3.138563486324819e-06,0.000000000000000e+00,-1.000000000000000e+03,1.730501506062555e+05,1.089478909422422e+01,2.985610322797126e+05,8.691886486600384e-03,6.337862425027467e+08,0.000000000000000e+00,-2.422171680986594e-06,8.022482099633479e+10,8.022482099633481e+10,-5.503269082090000e+00,3.138563486324819e-06,1.000000000000000e+00,0.000000000000000e+00,2.634868543050330e+03,2.634868543050330e+03,-8.500645814352592e+02,8.269702200483639e-03,1.000000000000000e+03,1.000000000000000e+00,
3.460592416999976e-05,0.000000000000000e+00,9.391767818253580e-02,2.776060336211536e+06,2.775932893721749e+06,1.501340718418053e+03,3.460592416999976e-05,0.000000000000000e+00,-1.000000000000000e+03,1.850621929147833e+06,1.274424897868350e+02,2.981763306088697e+05,8.831888787877830e-03,5.483636824236959e+08,0.000000000000000e+00,-3.012706812739907e-08,8.001821172183298e+10,8.001821172183298e+10,-4.460849548198348e+00,3.460592416999976e-05,1.000000000000000e+00,0.000000000000000e+00,2.633460191115030e+03,2.633460191115030e+03,-1.454194233720653e+03,9.391767818253580e-02,1.000000000000000e+03,1.000000000000000e+00,
3.815575094445642e-04,0.000000000000000e+00,1.004581202780092e+00,3.053288463718216e+07,3.053156218464486e+07,1.501341338487725e+03,3.815575094445642e-04,0.000000000000000e+00,-1.000000000000000e+03,2.035437478976324e+07,1.322452537296634e+03,2.981763921838600e+05,8.686607498073840e-03,4.646305254620286e+08,0.000000000000000e+00,9.012109722618789e-08,8.001824477020477e+10,8.001824477020477e+10,-3.418439994662948e+00,3.815575094445642e-04,1.000000000000000e+00,0.000000000000000e+00,2.608984764146102e+03,2.608984764146102e+03,-1.840020332608620e+03,1.004581202780092e+00,1.000000000000000e+03,1.000000000000000e+00,
7.506093893752261e-08,0.000000000000000e+00,-7.508051353170687e-08,2.175354635962534e+03,2.175354635925004e+03,5.437590485688294e+02,7.506093893752261e-08,0.000000000000000e+00,-1.000000000000000e+03,1.450236423950003e+03,3.753064896559383e-08,1.794472398914338e+05,5.569844076088360e-06,7.961208944374671e+08,0.000000000000000e+00,-1.130735175658426e-11,2.898118071418840e+10,2.898118071418840e+10,-7.124586007297910e+00,7.506093893752261e-08,1.000000000000000e+00,0.000000000000000e+00,-1.000003735686240e+00,9.998245419792067e-01,-8.933790944293196e-01,7.506113613534273e-08,1.000000000000000e+03,1.000000000000000e+00,
7.509696502376919e-08,0.000000000000000e+00,-7.704724541278281e-08,2.177991214515116e+03,2.177991214477583e+03,5.441569243344345e+02,7.509696502376919e-08,0.000000000000000e+00,-1.000000000000000e+03,1.451994142985055e+03,3.638342368043486e-08,1.795128798584901e+05,4.886775916413453e-06,7.961428291974202e+08,0.000000000000000e+00,-1.935826020683179e-09,2.900238663157984e+10,2.900238663157984e+10,-7.124377614261661e+00,7.509696502376919e-08,1.000000000000000e+00,0.000000000000000e+00,-9.998006721404006e-01,9.444445024740244e-01,-8.302132538407890e-01,7.508199610646860e-08,1.000000000000000e+03,1.000000000000000e+00,
8.205664613497077e-08,0.000000000000000e+00,-7.784049940168985e-08,2.788036638240226e+03,2.788036638203940e+03,6.374925831964679e+02,8.205664613497077e-08,0.000000000000000e+00,-1.000000000000000e+03,1.858691092135960e+03,2.871906477165445e-13,1.942992402660479e+05,5.320364947951851e-09,8.014309620058650e+08,0.000000000000000e+00,-4.307336190511700e-08,3.397697529116705e+10,3.397697529116705e+10,-7.085886237732762e+00,8.205664613497077e-08,1.000000000000000e+00,0.000000000000000e+00,-9.404293115510597e-01,1.882379232495779e-03,-6.623812963463870e-01,3.051358012867245e-10,1.000000000000000e+03,1.000000000000000e+00,
2.383044862629391e-07,0.000000000000000e+00,1.057341789339245e-07,2.708908112629006e+04,2.708908112626661e+04,1.553745166238309e+03,2.383044862629391e-07,0.000000000000000e+00,-1.000000000000000e+03,1.805938741751107e+04,2.345679002974318e-08,3.033356325901821e+05,1.248456474108535e-06,7.207639258976511e+08,0.000000000000000e+00,-4.395849698435121e-04,8.281125539899736e+10,8.281125539899736e+10,-6.622867781653128e+00,2.383044862629391e-07,1.000000000000000e+00,0.000000000000000e+00,4.436936148036261e-01,4.436936148036261e-01,1.396483124485466e-01,1.057341789339245e-07,1.000000000000000e+03,1.000000000000000e+00,
3.138563486324819e-06,0.000000000000000e+00,8.269702200483639e-03,2.595861206984775e+05,2.595752259093833e+05,1.505217222403055e+03,3.138563486324819e-06,0.000000000000000e+00,-1.000000000000000e+03,1.730501506062555e+05,1.089478909422422e+01,2.985610322797126e+05,8.691886486600384e-03,6.337862425027467e+08,0.000000000000000e+00,-2.422171680986594e-06,8.022482099633479e+10,8.022482099633481e+10,-5.503269082090000e+00,3.138563486324819e-06,1.000000000000000e+00,0.000000000000000e+00,2.634868543050330e+03,2.634868543050330e+03,-1.202165545491880e+03,8.269702200483639e-03,1.000000000000000e+03,1.000000000000000e+00,
3.460592416999976e-05,0.000000000000000e+00,9.391767818253580e-02,2.776060336211536e+06,2.775932893721749e+06,1.501340718418053e+03,3.460592416999976e-05,0.000000000000000e+00,-1.000000000000000e+03,1.850621929147833e+06,1.274424897868350e+02,2.981763306088697e+05,8.831888787877830e-03,5.483636824236959e+08,0.000000000000000e+00,-3.012706812739907e-08,8.001821172183298e+10,8.001821172183298e+10,-4.460849548198348e+00,3.460592416999976e-05,1.000000000000000e+00,0.000000000000000e+00,2.633460191115030e+03,2.633460191115030e+03,-1.854849432957800e+03,9.391767818253580e-02,1.000000000000000e+03,1.000000000000000e+00,
3.815575094445642e-04,0.000000000000000e+00,1.004581202780092e+00,3.053288463718216e+07,3.053156218464486e+07,1.501341338487725e+03,3.815575094445642e-04,0.000000000000000e+00,-1.000000000000000e+03,2.035437478976324e+07,1.322452537296634e+03,2.981763921838600e+05,8.686607498073840e-03,4.646305254620286e+08,0.000000000000000e+00,9.012109722618789e-08,8.001824477020477e+10,8.001824477020477e+10,-3.418439994662948e+00,3.815575094445642e-04,1.000000000000000e+00,0.000000000000000e+00,2.608984764146102e+03,2.608984764146102e+03,-2.166445563219835e+03,1.004581202780092e+00,1.000000000000000e+03,1.000000000000000e+00,
7.506093893752261e-08,0.000000000000000e+00,-7.508051353170687e-08,2.175354635962534e+03,2.175354635925004e+03,5.437590485688294e+02,7.506093893752261e-08,0.000000000000000e+00,-1.000000000000000e+03,1.450236423950003e+03,3.753064896559383e-08,1.794472398914338e+05,5.569844076088360e-06,7.961208944374671e+08,0.000000000000000e+00,-1.130735175658426e-11,2.898118071418840e+10,2.898118071418840e+10,-7.124586007297910e+00,7.506093893752261e-08,1.000000000000000e+00,0.000000000000000e+00,-1.000003735686240e+00,9.998245419792067e-01,-9.695854891773155e-01,7.506113613534273e-08,1.000000000000000e+03,1.000000000000000e+00,
7.509696502376919e-08,0.000000000000000e+00,-7.704724541278281e-08,2.177991214515116e+03,2.177991214477583e+03,5.441569243344345e+02,7.509696502376919e-08,0.000000000000000e+00,-1.000000000000000e+03,1.451994142985055e+03,3.638342368043486e-08,1.795128798584901e+05,4.886775916413453e-06,7.961428291974202e+08,0.000000000000000e+00,-1.935826020683179e-09,2.900238663157984e+10,2.900238663157984e+10,-7.124377614261661e+00,7.509696502376919e-08,1.000000000000000e+00,0.000000000000000e+00,-9.998006721404006e-01,9.444445024740244e-01,-9.474999971144566e-01,7.508199610646860e-08,1.000000000000000e+03,1.000000000000000e+00,
8.205664613497077e-08,0.000000000000000e+00,-7.784049940168985e-08,2.788036638240226e+03,2.788036638203940e+03,6.374925831964679e+02,8.205664613497077e-08,0.000000000000000e+00,-1.000000000000000e+03,1.858691092135960e+03,2.871906477165445e-13,1.942992402660479e+05,5.320364947951851e-09,8.014309620058650e+08,0.000000000000000e+00,-4.307336190511700e-08,3.397697529116705e+10,3.397697529116705e+10,-7.085886237732762e+00,8.205664613497077e-08,1.000000000000000e+00,0.000000000000000e+00,-9.404293115510597e-01,1.882379232495779e-03,-8.391617792664332e-01,3.051358012867245e-10,1.000000000000000e+03,1.000000000000000e+00,
2.383044862629391e-07,0.000000000000000e+00,1.057341789339245e-07,2.708908112629006e+04,2.708908112626661e+04,1.553745166238309e+03,2.383044862629391e-07,0.000000000000000e+00,-1.000000000000000e+03,1.805938741751107e+04,2.345679002974318e-08,3.033356325901821e+05,1.248456474108535e-06,7.207639258976511e+08,0.000000000000000e+00,-4.395849698435121e-04,8.281125539899736e+10,8.281125539899736e+10,-6.622867781653128e+00,2.383044862629391e-07,1.000000000000000e+00,0.000000000000000e+00,4.436936148036261e-01,4.436936148036261e-01,1.978025720443587e-01,1.057341789339245e-07,1.000000000000000e+03,1.000000000000000e+00,
3.138563486324819e-06,0.000000000000000e+00,8.269702200483639e-03,2.595861206984775e+05,2.595752259093833e+05,1.505217222403055e+03,3.138563486324819e-06,0.000000000000000e+00,-1.000000000000000e+03,1.730501506062555e+05,1.089478909422422e+01,2.985610322797126e+05,8.691886486600384e-03,6.337862425027467e+08,0.000000000000000e+00,-2.422171680986594e-06,8.022482099633479e+10,8.022482099633481e+10,-5.503269082090000e+00,3.138563486324819e-06,1.000000000000000e+00,0.000000000000000e+00,2.634868543050330e+03,2.634868543050330e+03,-1.903723363393795e+03,8.269702200483639e-03,1.000000000000000e+03,1.000000000000000e+00,
3.460592416999976e-05,0.000000000000000e+00,9.391767818253580e-02,2.776060336211536e+06,2.775932893721749e+06,1.501340718418053e+03,3.460592416999976e-05,0.000000000000000e+00,-1.000000000000000e+03,1.850621929147833e+06,1.274424897868350e+02,2.981763306088697e+05,8.831888787877830e-03,5.483636824236959e+08,0.000000000000000e+00,-3.012706812739907e-08,8.001821172183298e+10,8.001821172183298e+10,-4.460849548198348e+00,3.460592416999976e-05,1.000000000000000e+00,0.000000000000000e+00,2.633460191115030e+03,2.633460191115030e+03,-2.349883305911212e+03,9.391767818253580e-02,1.000000000000000e+03,1.000000000000000e+00,
3.815575094445642e-04,0.000000000000000e+00,1.004581202780092e+00,3.053288463718216e+07,3.053156218464486e+07,1.501341338487725e+03,3.815575094445642e-04,0.000000000000000e+00,-1.000000000000000e+03,2.035437478976324e+07,1.322452537296634e+03,2.981763921838600e+05,8.686607498073840e-03,4.646305254620286e+08,0.000000000000000e+00,9.012109722618789e-08,8.001824477020477e+10,8.001824477020477e+10,-3.418439994662948e+00,3.815575094445642e-04,1.000000000000000e+00,0.000000000000000e+00,2.608984764146102e+03,2.608984764146102e+03,-2.472505895808152e+03,1.004581202780092e+00,1.000000000000000e+03,1.000000000000000e+00,
7.506093893752261e-08,0.000000000000000e+00,-7.508051353170687e-08,2.175354635962534e+03,2.175354635925004e+03,5.437590485688294e+02,7.506093893752261e-08,0.000000000000000e+00,-1.000000000000000e+03,1.450236423950003e+03,3.753064896559383e-08,1.794472398914338e+05,5.569844076088360e-06,7.961208944374671e+08,0.000000000000000e+00,-1.130735175658426e-11,2.898118071418840e+10,2.898118071418840e+10,-7.124586007297910e+00,7.506093893752261e-08,1.000000000000000e+00,0.000000000000000e+00,-1.000003735686240e+00,9.998245419792067e-01,-1.000001820863489e+00,7.506113613534273e-08,1.000000000000000e+03,1.000000000000000e+00,
7.509696502376919e-08,0.000000000000000e+00,-7.704724541278281e-08,2.177991214515116e+03,2.177991214477583e+03,5.441569243344345e+02,7.509696502376919e-08,0.000000000000000e+00,-1.000000000000000e+03,1.451994142985055e+03,3.638342368043486e-08,1.795128798584901e+05,4.886775916413453e-06,7.961428291974202e+08,0.000000000000000e+00,-1.935826020683179e-09,2.900238663157984e+10,2.900238663157984e+10,-7.124377614261661e+00,7.509696502376919e-08,1.000000000000000e+00,0.000000000000000e+00,-9.998006721404006e-01,9.444445024740244e-01,-9.997972642653714e-01,7.508199610646860e-08,1.000000000000000e+03,1.000000000000000e+00,
8.205664613497077e-08,0.000000000000000e+00,-7.784049940168985e-08,2.788036638240226e+03,2.788036638203940e+03,6.374925831964679e+02,8.205664613497077e-08,0.000000000000000e+00,-1.000000000000000e+03,1.858691092135960e+03,2.871906477165445e-13,1.942992402660479e+05,5.320364947951851e-09,8.014309620058650e+08,0.000000000000000e+00,-4.307336190511700e-08,3.397697529116705e+10,3.397697529116705e+10,-7.085886237732762e+00,8.205664613497077e-08,1.000000000000000e+00,0.000000000000000e+00,-9.404293115510597e-01,1.882379232495779e-03,-9.404220803441027e-01,3.051358012867245e-10,1.000000000000000e+03,1.000000000000000e+00,
2.383044862629391e-07,0.000000000000000e+00,1.057341789339245e-07,2.708908112629006e+04,2.708908112626661e+04,1.553745166238309e+03,2.383044862629391e-07,0.000000000000000e+00,-1.000000000000000e+03,1.805938741751107e+04,2.345679002974318e-08,3.033356325901821e+05,1.248456474108535e-06,7.207639258976511e+08,0.000000000000000e+00,-4.395849698435121e-04,8.281125539899736e+10,8.281125539899736e+10,-6.622867781653128e+00,2.383044862629391e-07,1.000000000000000e+00,0.000000000000000e+00,4.436936148036261e-01,4.436936148036261e-01,3.137387637968159e-01,1.057341789339245e-07,1.000000000000000e+03,1.000000000000000e+00,
3.138563486324819e-06,0.000000000000000e+00,8.269702200483639e-03,2.595861206984775e+05,2.595752259093833e+05,1.505217222403055e+03,3.138563486324819e-06,0.000000000000000e+00,-1.000000000000000e+03,1.730501506062555e+05,1.089478909422422e+01,2.985610322797126e+05,8.691886486600384e-03,6.337862425027467e+08,0.000000000000000e+00,-2.422171680986594e-06,8.022482099633479e+10,8.022482099633481e+10,-5.503269082090000e+00,3.138563486324819e-06,1.000000000000000e+00,0.000000000000000e+00,2.634868543050330e+03,2.634868543050330e+03,-2.713469077790951e+03,8.269702200483639e-03,1.000000000000000e+03,1.000000000000000e+00,
3.460592416999976e-05,0.000000000000000e+00,9.391767818253580e-02,2.776060336211536e+06,2.775932893721749e+06,1.501340718418053e+03,3.460592416999976e-05,0.000000000000000e+00,-1.000000000000000e+03,1.850621929147833e+06,1.274424897868350e+02,2.981763306088697e+05,8.831888787877830e-03,5.483636824236959e+08,0.000000000000000e+00,-3.012706812739907e-08,8.001821172183298e+10,8.001821172183298e+10,-4.460849548198348e+00,3.460592416999976e-05,1.000000000000000e+00,0.000000000000000e+00,2.633460191115030e+03,2.633460191115030e+03,-2.713837549094872e+03,9.391767818253580e-02,1.000000000000000e+03,1.000000000000000e+00,
3.815575094445642e-04,0.000000000000000e+00,1.004581202780092e+00,3.053288463718216e+07,3.053156218464486e+07,1.501341338487725e+03,3.815575094445642e-04,0.000000000000000e+00,-1.000000000000000e+03,2.035437478976324e+07,1.322452537296634e+03,2.981763921838600e+05,8.686607498073840e-03,4.646305254620286e+08,0.000000000000000e+00,9.012109722618789e-08,8.001824477020477e+10,8.001824477020477e+10,-3.418439994662948e+00,3.815575094445642e-04,1.000000000000000e+00,0.000000000000000e+00,2.608984764146102e+03,2.608984764146102e+03,-2.632823553941195e+03,1.004581202780092e+00,1.000000000000000e+03,1.000000000000000e+00,
7.506093893752261e-08,0.000000000000000e+00,-7.508051353170687e-08,2.175354635962534e+03,2.175354635925004e+03,5.437590485688294e+02,7.506093893752261e-08,0.000000000000000e+00,-1.000000000000000e+03,1.450236423950003e+03,3.753064896559383e-08,1.794472398914338e+05,5.569844076088360e-06,7.961208944374671e+08,0.000000000000000e+00,-1.130735175658426e-11,2.898118071418840e+10,2.898118071418840e+10,-7.124586007297910e+00,7.506093893752261e-08,1.000000000000000e+00,0.000000000000000e+00,-1.000003735686240e+00,9.998245419792067e-01,-1.000001820863489e+00,7.506113613534273e-08,1.000000000000000e+03,1.000000000000000e+00,
7.509696502376919e-08,0.000000000000000e+00,-7.704724541278281e-08,2.177991214515116e+03,2.177991214477583e+03,5.441569243344345e+02,7.509696502376919e-08,0.000000000000000e+00,-1.000000000000000e+03,1.451994142985055e+03,3.638342368043486e-08,1.795128798584901e+05,4.886775916413453e-06,7.961428291974202e+08,0.000000000000000e+00,-1.935826020683179e-09,2.900238663157984e+10,2.900238663157984e+10,-7.124377614261661e+00,7.509696502376919e-08,1.000000000000000e+00,0.000000000000000e+00,-9.998006721404006e-01,9.444445024740244e-01,-9.997972642653714e-01,7.508199610646860e-08,1.000000000000000e+03,1.000000000000000e+00,
8.205664613497077e-08,0.000000000000000e+00,-7.784049940168985e-08,2.788036638240226e+03,2.788036638203940e+03,6.374925831964679e+02,8.205664613497077e-08,0.000000000000000e+00,-1.000000000000000e+03,1.858691092135960e+03,2.871906477165445e-13,1.942992402660479e+05,5.320364947951851e-09,8.014309620058650e+08,0.000000000000000e+00,-4.307336190511700e-08,3.397697529116705e+10,3.397697529116705e+10,-7.085886237732762e+00,8.205664613497077e-08,1.000000000000000e+00,0.000000000000000e+00,-9.404293115510597e-01,1.882379232495779e-03,-9.404220803441027e-01,3.051358012867245e-10,1.000000000000000e+03,1.000000000000000e+00,
2.383044862629391e-07,0.000000000000000e+00,1.057341789339245e-07,2.708908112629006e+04,2.708908112626661e+04,1.553745166238309e+03,2.383044862629391e-07,0.000000000000000e+00,-1.000000000000000e+03,1.805938741751107e+04,2.345679002974318e-08,3.033356325901821e+05,1.248456474108535e-06,7.207639258976511e+08,0.000000000000000e+00,-4.395849698435121e-04,8.281125539899736e+10,8.281125539899736e+10,-6.622867781653128e+00,2.383044862629391e-07,1.000000000000000e+00,0.000000000000000e+00,4.436936148036261e-01,4.436936148036261e-01,3.137387637968159e-01,1.057341789339245e-07,1.000000000000000e+03,1.000000000000000e+00,
3.138563486324819e-06,0.000000000000000e+00,8.269702200483639e-03,2.595861206984775e+05,2.595752259093833e+05,1.505217222403055e+03,3.138563486324819e-06,0.000000000000000e+00,-1.000000000000000e+03,1.730501506062555e+05,1.089478909422422e+01,2.985610322797126e+05,8.691886486600384e-03,6.337862425027467e+08,0.000000000000000e+00,-2.422171680986594e-06,8.022482099633479e+10,8.022482099633481e+10,-5.503269082090000e+00,3.138563486324819e-06,1.000000000000000e+00,0.000000000000000e+00,2.634868543050330e+03,2.634868543050330e+03,-2.713469077790951e+03,8.269702200483639e-03,1.000000000000000e+03,1.000000000000000e+00,
3.460592416999976e-05,0.000000000000000e+00,9.391767818253580e-02,2.776060336211536e+06,2.775932893721749e+06,1.501340718418053e+03,3.460592416999976e-05,0.000000000000000e+00,-1.000000000000000e+03,1.850621929147833e+06,1.274424897868350e+02,2.981763306088697e+05,8.831888787877830e-03,5.483636824236959e+08,0.000000000000000e+00,-3.012706812739907e-08,8.001821172183298e+10,8.001821172183298e+10,-4.460849548198348e+00,3.460592416999976e-05,1.000000000000000e+00,0.000000000000000e+00,2.633460191115030e+03,2.633460191115030e+03,-2.713837549094872e+03,9.391767818253580e-02,1.000000000000000e+03,1.000000000000000e+00,
3.815575094445642e-04,0.000000000000000e+00,1.004581202780092e+00,3.053288463718216e+07,3.053156218464486e+07,1.501341338487725e+03,3.815575094445642e-04,0.000000000000000e+00,-1.000000000000000e+03,2.035437478976324e+07,1.322452537296634e+03,2.981763921838600e+05,8.686607498073840e-03,4.646305254620286e+08,0.000000000000000e+00,9.012109722618789e-08,8.001824477020477e+10,8.001824477020477e+10,-3.418439994662948e+00,3.815575094445642e-04,1.000000000000000e+00,0.000000000000000e+00,2.608984764146102e+03,2.608984764146102e+03,-2.632823553941195e+03,1.004581202780092e+00,1.000000000000000e+03,1.000000000000000e+00,
7.506093893752261e-08,0.000000000000000e+00,-7.508051353170687e-08,2.175354635962534e+03,2.175354635925004e+03,5.437590485688294e+02,7.506093893752261e-08,0.000000000000000e+00,-1.000000000000000e+03,1.450236423950003e+03,3.753064896559383e-08,1.794472398914338e+05,5.569844076088360e-06,7.961208944374671e+08,0.000000000000000e+00,-1.130735175658426e-11,2.898118071418840e+10,2.898118071418840e+10,-7.124586007297910e+00,7.506093893752261e-08,1.000000000000000e+00,0.000000000000000e+00,-1.000003735686240e+00,9.998245419792067e-01,-9.695854891773155e-01,7.506113613534273e-08,1.000000000000000e+03,1.000000000000000e+00,
7.509696502376919e-08,0.000000000000000e+00,-7.704724541278281e-08,2.177991214515116e+03,2.177991214477583e+03,5.441569243344345e+02,7.509696502376919e-08,0.000000000000000e+00,-1.000000000000000e+03,1.451994142985055e+03,3.638342368043486e-08,1.795128798584901e+05,4.886775916413453e-06,7.961428291974202e+08,0.000000000000000e+00,-1.935826020683179e-09,2.900238663157984e+10,2.900238663157984e+10,-7.124377614261661e+00,7.509696502376919e-08,1.000000000000000e+00,0.000000000000000e+00,-9.998006721404006e-01,9.444445024740244e-01,-9.474999971144566e-01,7.508199610646860e-08,1.000000000000000e+03,1.000000000000000e+00,
8.205664613497077e-08,0.000000000000000e+00,-7.784049940168985e-08,2.788036638240226e+03,2.788036638203940e+03,6.374925831964679e+02,8.205664613497077e-08,0.000000000000000e+00,-1.000000000000000e+03,1.858691092135960e+03,2.871906477165445e-13,1.942992402660479e+05,5.320364947951851e-09,8.014309620058650e+08,0.000000000000000e+00,-4.307336190511700e-08,3.397697529116705e+10,3.397697529116705e+10,-7.085886237732762e+00,8.205664613497077e-08,1.000000000000000e+00,0.000000000000000e+00,-9.404293115510597e-01,1.882379232495779e-03,-8.391617792664332e-01,3.051358012867245e-10,1.000000000000000e+03,1.000000000000000e+00,
2.383044862629391e-07,0.000000000000000e+00,1.057341789339245e-07,2.708908112629006e+04,2.708908112626661e+04,1.553745166238309e+03,2.383044862629391e-07,0.000000000000000e+00,-1.000000000000000e+03,1.805938741751107e+04,2.345679002974318e-08,3.033356325901821e+05,1.248456474108535e-06,7.207639258976511e+08,0.000000000000000e+00,-4.395849698435121e-04,8.281125539899736e+10,8.281125539899736e+10,-6.622867781653128e+00,2.383044862629391e-07,1.000000000000000e+00,0.000000000000000e+00,4.436936148036261e-01,4.436936148036261e-01,1.978025720443587e-01,1.057341789339245e-07,1.000000000000000e+03,1.000000000000000e+00,
3.138563486324819e-06,0.000000000000000e+00,8.269702200483639e-03,2.595861206984775e+05,2.595752259093833e+05,1.505217222403055e+03,3.138563486324819e-06,0.000000000000000e+00,-1.000000000000000e+03,1.730501506062555e+05,1.089478909422422e+01,2.985610322797126e+05,8.691886486600384e-03,6.337862425027467e+08,0.000000000000000e+00,-2.422171680986594e-06,8.022482099633479e+10,8.022482099633481e+10,-5.503269082090000e+00,3.138563486324819e-06,1.000000000000000e+00,0.000000000000000e+00,2.634868543050330e+03,2.634868543050330e+03,-1.903723363393795e+03,8.269702200483639e-03,1.000000000000000e+03,1.000000000000000e+00,
3.460592416999976e-05,0.000000000000000e+00,9.391767818253580e-02,2.776060336211536e+06,2.775932893721749e+06,1.501340718418053e+03,3.460592416999976e-05,0.000000000000000e+00,-1.000000000000000e+03,1.850621929147833e+06,1.274424897868350e+02,2.981763306088697e+05,8.831888787877830e-03,5.483636824236959e+08,0.000000000000000e+00,-3.012706812739907e-08,8.001821172183298e+10,8.001821172183298e+10,-4.460849548198348e+00,3.460592416999976e-05,1.000000000000000e+00,0.000000000000000e+00,2.633460191115030e+03,2.633460191115030e+03,-2.349883305911212e+03,9.391767818253580e-02,1.000000000000000e+03,1.000000000000000e+00,
3.815575094445642e-04,0.000000000000000e+00,1.004581202780092e+00,3.053288463718216e+07,3.053156218464486e+07,1.501341338487725e+03,3.815575094445642e-04,0.000000000000000e+00,-1.000000000000000e+03,2.035437478976324e+07,1.322452537296634e+03,2.981763921838600e+05,8.686607498073840e-03,4.646305254620286e+08,0.000000000000000e+00,9.012109722618789e-08,8.001824477020477e+10,8.001824477020477e+10,-3.418439994662948e+00,3.815575094445642e-04,1.000000000000000e+00,0.000000000000000e+00,2.608984764146102e+03,2.608984764146102e+03,-2.472505895808152e+03,1.004581202780092e+00,1.000000000000000e+03,1.000000000000000e+00,
7.506093893752261e-08,0.000000000000000e+00,-7.508051353170687e-08,2.175354635962534e+03,2.175354635925004e+03,5.437590485688294e+02,7.506093893752261e-08,0.000000000000000e+00,-1.000000000000000e+03,1.450236423950003e+03,3.753064896559383e-08,1.794472398914338e+05,5.569844076088360e-06,7.961208944374671e+08,0.000000000000000e+00,-1.130735175658426e-11,2.898118071418840e+10,2.898118071418840e+10,-7.124586007297910e+00,7.506093893752261e-08,1.000000000000000e+00,0.000000000000000e+00,-1.000003735686240e+00,9.998245419792067e-01,-8.933790944293196e-01,7.506113613534273e-08,1.000000000000000e+03,1.000000000000000e+00,
7.509696502376919e-08,0.000000000000000e+00,-7.704724541278281e-08,2.177991214515116e+03,2.177991214477583e+03,5.441569243344345e+02,7.509696502376919e-08,0.000000000000000e+00,-1.000000000000000e+03,1.451994142985055e+03,3.638342368043486e-08,1.795128798584901e+05,4.886775916413453e-06,7.961428291974202e+08,0.000000000000000e+00,-1.935826020683179e-09,2.900238663157984e+10,2.900238663157984e+10,-7.124377614261661e+00,7.509696502376919e-08,1.000000000000000e+00,0.000000000000000e+00,-9.998006721404006e-01,9.444445024740244e-01,-8.302132538407890e-01,7.508199610646860e-08,1.000000000000000e+03,1.000000000000000e+00,
8.205664613497077e-08,0.000000000000000e+00,-7.784049940168985e-08,2.788036638240226e+03,2.788036638203940e+03,6.374925831964679e+02,8.205664613497077e-08,0.000000000000000e+00,-1.000000000000000e+03,1.858691092135960e+03,2.871906477165445e-13,1.942992402660479e+05,5.320364947951851e-09,8.014309620058650e+08,0.000000000000000e+00,-4.307336190511700e-08,3.397697529116705e+10,3.397697529116705e+10,-7.085886237732762e+00,8.205664613497077e-08,1.000000000000000e+00,0.000000000000000e+00,-9.404293115510597e-01,1.882379232495779e-03,-6.623812963463870e-01,3.051358012867245e-10,1.000000000000000e+03,1.000000000000000e+00,
2.383044862629391e-07,0.000000000000000e+00,1.057341789339245e-07,2.708908112629006e+04,2.708908112626661e+04,1.553745166238309e+03,2.383044862629391e-07,0.000000000000000e+00,-1.000000000000000e+03,1.805938741751107e+04,2.345679002974318e-08,3.033356325901821e+05,1.248456474108535e-06,7.207639258976511e+08,0.000000000000000e+00,-4.395849698435121e-04,8.281125539899736e+10,8.281125539899736e+10,-6.622867781653128e+00,2.383044862629391e-07,1.000000000000000e+00,0.000000000000000e+00,4.436936148036261e-01,4.436936148036261e-01,1.396483124485466e-01,1.057341789339245e-07,1.000000000000000e+03,1.000000000000000e+00,
3.138563486324819e-06,0.000000000000000e+00,8.269702200483639e-03,2.595861206984775e+05,2.595752259093833e+05,1.505217222403055e+03,3.138563486324819e-06,0.000000000000000e+00,-1.000000000000000e+03,1.730501506062555e+05,1.089478909422422e+01,2.985610322797126e+05,8.691886486600384e-03,6.337862425027467e+08,0.000000000000000e+00,-2.422171680986594e-06,8.022482099633479e+10,8.022482099633481e+10,-5.503269082090000e+00,3.138563486324819e-06,1.000000000000000e+00,0.000000000000000e+00,2.634868543050330e+03,2.634868543050330e+03,-1.202165545491880e+03,8.269702200483639e-03,1.000000000000000e+03,1.000000000000000e+00,
3.460592416999976e-05,0.000000000000000e+00,9.391767818253580e-02,2.776060336211536e+06,2.775932893721749e+06,1.501340718418053e+03,3.460592416999976e-05,0.000000000000000e+00,-1.000000000000000e+03,1.850621929147833e+06,1.274424897868350e+02,2.981763306088697e+05,8.831888787877830e-03,5.483636824236959e+08,0.000000000000000e+00,-3.012706812739907e-08,8.001821172183298e+10,8.001821172183298e+10,-4.460849548198348e+00,3.460592416999976e-05,1.000000000000000e+00,0.000000000000000e+00,2.633460191115030e+03,2.633460191115030e+03,-1.854849432957800e+03,9.391767818253580e-02,1.000000000000000e+03,1.000000000000000e+00,
3.815575094445642e-04,0.000000000000000e+00,1.004581202780092e+00,3.053288463718216e+07,3.053156218464486e+07,1.501341338487725e+03,3.815575094445642e-04,0.000000000000000e+00,-1.000000000000000e+03,2.035437478976324e+07,1.322452537296634e+03,2.981763921838600e+05,8.686607498073840e-03,4.646305254620286e+08,0.000000000000000e+00,9.012109722618789e-08,8.001824477020477e+10,8.001824477020477e+10,-3.418439994662948e+00,3.815575094445642e-04,1.000000000000000e+00,0.000000000000000e+00,2.608984764146102e+03,2.608984764146102e+03,-2.166445563219835e+03,1.004581202780092e+00,1.000000000000000e+03,1.000000000000000e+00,

64,28
2.748168966189302e-02,0.000000000000000e+00,7.151122779073670e+01,2.712873504778155e+09,2.712780463633977e+09,1.854379984613525e+03,2.748168966189302e-02,0.000000000000000e+00,-1.000000000000000e+03,1.808520309089319e+09,9.304114417734779e+04,3.313850407524011e+05,8.681234692002434e-03,4.634160548163714e+08,2.500000000000000e-07,6.503094312180827e-04,9.883444071102344e+10,9.883444071102345e+10,-1.560956568982304e+00,2.748168966189302e-02,1.000000000000000e+00,0.000000000000000e+00,2.608808147666532e+03,2.608808147666532e+03,-1.569847971668264e+03,7.151122779073670e+01,1.000000000000000e+03,1.000000000000000e+00,
2.748168966189302e-02,0.000000000000000e+00,7.151122779073670e+01,2.712873504778155e+09,2.712780463633977e+09,1.854379984613525e+03,2.748168966189302e-02,0.000000000000000e+00,-1.000000000000000e+03,1.808520309089319e+09,9.304114417734779e+04,3.313850407524011e+05,8.681234692002434e-03,4.634160548163714e+08,2.500000000000000e-07,6.503094312180827e-04,9.883444071102344e+10,9.883444071102345e+10,-1.560956568982304e+00,2.748168966189302e-02,1.000000000000000e+00,0.000000000000000e+00,2.608808147666532e+03,2.608808147666532e+03,-1.569847971668264e+03,7.151122779073670e+01,1.000000000000000e+03,1.000000000000000e+00,
2.748168966189302e-02,0.000000000000000e+00,7.151122779073670e+01,2.712873504778155e+09,2.712780463633977e+09,1.854379984613525e+03,2.748168966189302e-02,0.000000000000000e+00,-1.000000000000000e+03,1.808520309089319e+09,9.304114417734779e+04,3.313850407524011e+05,8.681234692002434e-03,4.634160548163714e+08,2.500000000000000e-07,6.503094312180827e-04,9.883444071102344e+10,9.883444071102345e+10,-1.560956568982304e+00,2.748168966189302e-02,1.000000000000000e+00,0.000000000000000e+00,2.608808147666532e+03,2.608808147666532e+03,-1.849503582363896e+03,7.151122779073670e+01,1.000000000000000e+03,1.000000000000000e+00,
2.748168966189302e-02,0.000000000000000e+00,7.151122779073670e+01,2.712873504778155e+09,2.712780463633977e+09,1.854379984613525e+03,2.748168966189302e-02,0.000000000000000e+00,-1.000000000000000e+03,1.808520309089319e+09,9.304114417734779e+04,3.313850407524011e+05,8.681234692002434e-03,4.634160548163714e+08,2.500000000000000e-07,6.503094312180827e-04,9.883444071102344e+10,9.883444071102345e+10,-1.560956568982304e+00,2.748168966189302e-02,1.000000000000000e+00,0.000000000000000e+00,2.608808147666532e+03,2.608808147666532e+03,-2.174995444914263e+03,7.151122779073670e+01,1.000000000000000e+03,1.000000000000000e+00,
2.748168966189302e-02,0.000000000000000e+00,7.151122779073670e+01,2.712873504778155e+09,2.712780463633977e+09,1.854379984613525e+03,2.748168966189302e-02,0.000000000000000e+00,-1.000000000000000e+03,1.808520309089319e+09,9.304114417734779e+04,3.313850407524011e+05,8.681234692002434e-03,4.634160548163714e+08,2.500000000000000e-07,6.503094312180827e-04,9.883444071102344e+10,9.883444071102345e+10,-1.560956568982304e+00,2.748168966189302e-02,1.000000000000000e+00,0.000000000000000e+00,2.608808147666532e+03,2.608808147666532e+03,-2.477494691099322e+03,7.151122779073670e+01,1.000000000000000e+03,1.000000000000000e+00,
2.748168966189302e-02,0.000000000000000e+00,7.151122779073670e+01,2.712873504778155e+09,2.712780463633977e+09,1.854379984613525e+03,2.748168966189302e-02,0.000000000000000e+00,-1.000000000000000e+03,1.808520309089319e+09,9.304114417734779e+04,3.313850407524011e+05,8.681234692002434e-03,4.634160548163714e+08,2.500000000000000e-07,6.503094312180827e-04,9.883444071102344e+10,9.883444071102345e+10,-1.560956568982304e+00,2.748168966189302e-02,1.000000000000000e+00,0.000000000000000e+00,2.608808147666532e+03,2.608808147666532e+03,-2.477494691099322e+03,7.151122779073670e+01,1.000000000000000e+03,1.000000000000000e+00,
2.748168966189302e-02,0.000000000000000e+00,7.151122779073670e+01,2.712873504778155e+09,2.712780463633977e+09,1.854379984613525e+03,2.748168966189302e-02,0.000000000000000e+00,-1.000000000000000e+03,1.808520309089319e+09,9.304114417734779e+04,3.313850407524011e+05,8.681234692002434e-03,4.634160548163714e+08,2.500000000000000e-07,6.503094312180827e-04,9.883444071102344e+10,9.883444071102345e+10,-1.560956568982304e+00,2.748168966189302e-02,1.000000000000000e+00,0.000000000000000e+00,2.608808147666532e+03,2.608808147666532e+03,-2.174995444914263e+03,7.151122779073670e+01,1.000000000000000e+03,1.000000000000000e+00,
2.748168966189302e-02,0.000000000000000e+00,7.151122779073670e+01,2.712873504778155e+09,2.712780463633977e+09,1.854379984613525e+03,2.748168966189302e-02,0.000000000000000e+00,-1.000000000000000e+03,1.808520309089319e+09,9.304114417734779e+04,3.313850407524011e+05,8.681234692002434e-03,4.634160548163714e+08,2.500000000000000e-07,6.503094312180827e-04,9.883444071102344e+10,9.883444071102345e+10,-1.560956568982304e+00,2.748168966189302e-02,1.000000000000000e+00,0.000000000000000e+00,2.608808147666532e+03,2.608808147666532e+03,-1.849503582363896e+03,7.151122779073670e+01,1.000000000000000e+03,1.000000000000000e+00,
7.509368932180934e-08,0.000000000000000e+00,-7.506113613534273e-08,2.177747187792449e+03,2.177747187754916e+03,5.441196901471127e+02,7.509368932180934e-08,0.000000000000000e+00,-1.000000000000000e+03,1.451831458503277e+03,3.753387561192567e-08,1.795067381278243e+05,5.572689422758725e-06,7.961407320655320e+08,0.000000000000000e+00,3.276816157304907e-14,2.900040212996215e+10,2.900040212996215e+10,-7.124396558440204e+00,7.509368932180934e-08,1.000000000000000e+00,0.000000000000000e+00,-9.998245419792067e-01,1.000003735686240e+00,-6.016435247084474e-01,7.508051353170687e-08,1.000000000000000e+03,1.000000000000000e+00,
8.157943130692519e-08,0.000000000000000e+00,-7.508199610646860e-08,2.742402645143613e+03,2.742402645107229e+03,6.307263393671420e+02,8.157943130692519e-08,0.000000000000000e+00,-1.000000000000000e+03,1.828268430071486e+03,3.753351508644512e-08,1.932653591301112e+05,5.569520543197473e-06,8.010694889969592e+08,0.000000000000000e+00,-1.262646698790837e-11,3.361634913572178e+10,3.361634913572178e+10,-7.088419326490427e+00,8.157943130692519e-08,1.000000000000000e+00,0.000000000000000e+00,-9.444445024740244e-01,9.998006721404006e-01,-4.243486543169844e-01,7.704724541278281e-08,1.000000000000000e+03,1.000000000000000e+00,
2.290556918693142e-07,0.000000000000000e+00,8.031810050709156e-08,2.600533595176037e+04,2.600533595174629e+04,2.130157926400625e+03,2.290556918693142e-07,0.000000000000000e+00,-1.000000000000000e+03,1.733689063449753e+04,3.628574801836033e-08,3.551725844739208e+05,4.840108022364675e-06,8.455394168554143e+08,0.000000000000000e+00,1.567574639029710e-08,1.135328082856959e+11,1.135328082856959e+11,-6.640058911848074e+00,2.290556918693142e-07,1.000000000000000e+00,0.000000000000000e+00,3.506487869898312e-01,9.404293115510597e-01,1.114029010793419e-01,8.031810050709156e-08,1.000000000000000e+03,1.000000000000000e+00,
3.022992657435209e-06,0.000000000000000e+00,7.950104455376356e-03,2.503482709299445e+05,2.503378170241608e+05,2.156274834978447e+03,3.022992657435209e-06,0.000000000000000e+00,-1.000000000000000e+03,1.668918780161072e+05,1.045390578371751e+01,3.573432570165396e+05,8.669864559485154e-03,8.279143429407754e+08,0.000000000000000e+00,-5.327635794895514e-08,1.149247830016698e+11,1.149247830016698e+11,-5.519562907681344e+00,3.022992657435209e-06,1.000000000000000e+00,0.000000000000000e+00,2.629878850622630e+03,2.629878850622630e+03,4.560719806454200e+02,7.950104455376356e-03,1.000000000000000e+03,1.000000000000000e+00,
3.333231413483208e-05,0.000000000000000e+00,9.044900749054512e-02,2.674201653957098e+06,2.674078934860504e+06,1.551753539947434e+03,3.333231413483208e-05,0.000000000000000e+00,-1.000000000000000e+03,1.782719289907003e+06,1.227190965939500e+02,3.031411589546532e+05,9.088772146441963e-03,7.193624810478501e+08,0.000000000000000e+00,-5.750607991603829e-08,8.270510602713332e+10,8.270510602713332e+10,-4.477134533891227e+00,3.333231413483208e-05,1.000000000000000e+00,0.000000000000000e+00,2.713553194196812e+03,2.713553194196812e+03,-5.156288645328657e+00,9.044900749054512e-02,1.000000000000000e+03,1.000000000000000e+00,
3.675167433569462e-04,0.000000000000000e+00,9.678407131987570e-01,2.940930696624945e+07,2.940803258125468e+07,1.505043087403322e+03,3.675167433569462e-04,0.000000000000000e+00,-1.000000000000000e+03,1.960535505416979e+07,1.274384994774653e+03,2.985437618724128e+05,9.090523518387553e-03,6.324477168502923e+08,0.000000000000000e+00,1.285381554425726e-06,8.021553997763870e+10,8.021553997763870e+10,-3.434722870506619e+00,3.675167433569462e-04,1.000000000000000e+00,0.000000000000000e+00,2.713919088569061e+03,2.713919088569061e+03,-6.642784913662256e+02,9.678407131987570e-01,1.000000000000000e+03,1.000000000000000e+00,
3.964278791596289e-03,0.000000000000000e+00,1.034274296810224e+01,3.218604342617204e+08,3.218469422323087e+08,1.523265550515163e+03,3.964278791596289e-03,0.000000000000000e+00,-1.000000000000000e+03,2.145646281548725e+08,1.349202941162899e+04,3.003456487155217e+05,8.829818703682464e-03,5.470315176581191e+08,0.000000000000000e+00,3.056514923849818e-07,8.118675783211281e+10,8.118675783211281e+10,-2.401835810949043e+00,3.964278791596289e-03,1.000000000000000e+00,0.000000000000000e+00,2.632843484701605e+03,2.632843484701605e+03,-1.182963728237800e+03,1.034274296810224e+01,1.000000000000000e+03,1.000000000000000e+00,
7.509368932180934e-08,0.000000000000000e+00,-7.506113613534273e-08,2.177747187792449e+03,2.177747187754916e+03,5.441196901471127e+02,7.509368932180934e-08,0.000000000000000e+00,-1.000000000000000e+03,1.451831458503277e+03,3.753387561192567e-08,1.795067381278243e+05,5.572689422758725e-06,7.961407320655320e+08,0.000000000000000e+00,3.276816157304907e-14,2.900040212996215e+10,2.900040212996215e+10,-7.124396558440204e+00,7.509368932180934e-08,1.000000000000000e+00,0.000000000000000e+00,-9.998245419792067e-01,1.000003735686240e+00,-6.016435247084474e-01,7.508051353170687e-08,1.000000000000000e+03,1.000000000000000e+00,
8.157943130692519e-08,0.000000000000000e+00,-7.508199610646860e-08,2.742402645143613e+03,2.742402645107229e+03,6.307263393671420e+02,8.157943130692519e-08,0.000000000000000e+00,-1.000000000000000e+03,1.828268430071486e+03,3.753351508644512e-08,1.932653591301112e+05,5.569520543197473e-06,8.010694889969592e+08,0.000000000000000e+00,-1.262646698790837e-11,3.361634913572178e+10,3.361634913572178e+10,-7.088419326490427e+00,8.157943130692519e-08,1.000000000000000e+00,0.000000000000000e+00,-9.444445024740244e-01,9.998006721404006e-01,-4.243486543169844e-01,7.704724541278281e-08,1.000000000000000e+03,1.000000000000000e+00,
2.290556918693142e-07,0.000000000000000e+00,8.031810050709156e-08,2.600533595176037e+04,2.600533595174629e+04,2.130157926400625e+03,2.290556918693142e-07,0.000000000000000e+00,-1.000000000000000e+03,1.733689063449753e+04,3.628574801836033e-08,3.551725844739208e+05,4.840108022364675e-06,8.455394168554143e+08,0.000000000000000e+00,1.567574639029710e-08,1.135328082856959e+11,1.135328082856959e+11,-6.640058911848074e+00,2.290556918693142e-07,1.000000000000000e+00,0.000000000000000e+00,3.506487869898312e-01,9.404293115510597e-01,1.114029010793419e-01,8.031810050709156e-08,1.000000000000000e+03,1.000000000000000e+00,
3.022992657435209e-06,0.000000000000000e+00,7.950104455376356e-03,2.503482709299445e+05,2.503378170241608e+05,2.156274834978447e+03,3.022992657435209e-06,0.000000000000000e+00,-1.000000000000000e+03,1.668918780161072e+05,1.045390578371751e+01,3.573432570165396e+05,8.669864559485154e-03,8.279143429407754e+08,0.000000000000000e+00,-5.327635794895514e-08,1.149247830016698e+11,1.149247830016698e+11,-5.519562907681344e+00,3.022992657435209e-06,1.000000000000000e+00,0.000000000000000e+00,2.629878850622630e+03,2.629878850622630e+03,4.560719806454200e+02,7.950104455376356e-03,1.000000000000000e+03,1.000000000000000e+00,
3.333231413483208e-05,0.000000000000000e+00,9.044900749054512e-02,2.674201653957098e+06,2.674078934860504e+06,1.551753539947434e+03,3.333231413483208e-05,0.000000000000000e+00,-1.000000000000000e+03,1.782719289907003e+06,1.227190965939500e+02,3.031411589546532e+05,9.088772146441963e-03,7.193624810478501e+08,0.000000000000000e+00,-5.750607991603829e-08,8.270510602713332e+10,8.270510602713332e+10,-4.477134533891227e+00,3.333231413483208e-05,1.000000000000000e+00,0.000000000000000e+00,2.713553194196812e+03,2.713553194196812e+03,-5.156288645328657e+00,9.044900749054512e-02,1.000000000000000e+03,1.000000000000000e+00,
3.675167433569462e-04,0.000000000000000e+00,9.678407131987570e-01,2.940930696624945e+07,2.940803258125468e+07,1.505043087403322e+03,3.675167433569462e-04,0.000000000000000e+00,-1.000000000000000e+03,1.960535505416979e+07,1.274384994774653e+03,2.985437618724128e+05,9.090523518387553e-03,6.324477168502923e+08,0.000000000000000e+00,1.285381554425726e-06,8.021553997763870e+10,8.021553997763870e+10,-3.434722870506619e+00,3.675167433569462e-04,1.000000000000000e+00,0.000000000000000e+00,2.713919088569061e+03,2.713919088569061e+03,-6.642784913662256e+02,9.678407131987570e-01,1.000000000000000e+03,1.000000000000000e+00,
3.964278791596289e-03,0.000000000000000e+00,1.034274296810224e+01,3.218604342617204e+08,3.218469422323087e+08,1.523265550515163e+03,3.964278791596289e-03,0.000000000000000e+00,-1.000000000000000e+03,2.145646281548725e+08,1.349202941162899e+04,3.003456487155217e+05,8.829818703682464e-03,5.470315176581191e+08,0.000000000000000e+00,3.056514923849818e-07,8.118675783211281e+10,8.118675783211281e+10,-2.401835810949043e+00,3.964278791596289e-03,1.000000000000000e+00,0.000000000000000e+00,2.632843484701605e+03,2.632843484701605e+03,-1.182963728237800e+03,1.034274296810224e+01,1.000000000000000e+03,1.000000000000000e+00,
7.509368932180934e-08,0.000000000000000e+00,-7.506113613534273e-08,2.177747187792449e+03,2.177747187754916e+03,5.441196901471127e+02,7.509368932180934e-08,0.000000000000000e+00,-1.000000000000000e+03,1.451831458503277e+03,3.753387561192567e-08,1.795067381278243e+05,5.572689422758725e-06,7.961407320655320e+08,0.000000000000000e+00,3.276816157304907e-14,2.900040212996215e+10,2.900040212996215e+10,-7.124396558440204e+00,7.509368932180934e-08,1.000000000000000e+00,0.000000000000000e+00,-9.998245419792067e-01,1.000003735686240e+00,-7.088214109496307e-01,7.508051353170687e-08,1.000000000000000e+03,1.000000000000000e+00,
8.157943130692519e-08,0.000000000000000e+00,-7.508199610646860e-08,2.742402645143613e+03,2.742402645107229e+03,6.307263393671420e+02,8.157943130692519e-08,0.000000000000000e+00,-1.000000000000000e+03,1.828268430071486e+03,3.753351508644512e-08,1.932653591301112e+05,5.569520543197473e-06,8.010694889969592e+08,0.000000000000000e+00,-1.262646698790837e-11,3.361634913572178e+10,3.361634913572178e+10,-7.088419326490427e+00,8.157943130692519e-08,1.000000000000000e+00,0.000000000000000e+00,-9.444445024740244e-01,9.998006721404006e-01,-5.262438461614365e-01,7.704724541278281e-08,1.000000000000000e+03,1.000000000000000e+00,
2.290556918693142e-07,0.000000000000000e+00,8.031810050709156e-08,2.600533595176037e+04,2.600533595174629e+04,2.130157926400625e+03,2.290556918693142e-07,0.000000000000000e+00,-1.000000000000000e+03,1.733689063449753e+04,3.628574801836033e-08,3.551725844739208e+05,4.840108022364675e-06,8.455394168554143e+08,0.000000000000000e+00,1.567574639029710e-08,1.135328082856959e+11,1.135328082856959e+11,-6.640058911848074e+00,2.290556918693142e-07,1.000000000000000e+00,0.000000000000000e+00,3.506487869898312e-01,9.404293115510597e-01,1.573024747570349e-01,8.031810050709156e-08,1.000000000000000e+03,1.000000000000000e+00,
3.022992657435209e-06,0.000000000000000e+00,7.950104455376356e-03,2.503482709299445e+05,2.503378170241608e+05,2.156274834978447e+03,3.022992657435209e-06,0.000000000000000e+00,-1.000000000000000e+03,1.668918780161072e+05,1.045390578371751e+01,3.573432570165396e+05,8.669864559485154e-03,8.279143429407754e+08,0.000000000000000e+00,-5.327635794895514e-08,1.149247830016698e+11,1.149247830016698e+11,-5.519562907681344e+00,3.022992657435209e-06,1.000000000000000e+00,0.000000000000000e+00,2.629878850622630e+03,2.629878850622630e+03,6.573954534623697e+02,7.950104455376356e-03,1.000000000000000e+03,1.000000000000000e+00,
3.333231413483208e-05,0.000000000000000e+00,9.044900749054512e-02,2.674201653957098e+06,2.674078934860504e+06,1.551753539947434e+03,3.333231413483208e-05,0.000000000000000e+00,-1.000000000000000e+03,1.782719289907003e+06,1.227190965939500e+02,3.031411589546532e+05,9.088772146441963e-03,7.193624810478501e+08,0.000000000000000e+00,-5.750607991603829e-08,8.270510602713332e+10,8.270510602713332e+10,-4.477134533891227e+00,3.333231413483208e-05,1.000000000000000e+00,0.000000000000000e+00,2.713553194196812e+03,2.713553194196812e+03,-6.879528882395390e+00,9.044900749054512e-02,1.000000000000000e+03,1.000000000000000e+00,
3.675167433569462e-04,0.000000000000000e+00,9.678407131987570e-01,2.940930696624945e+07,2.940803258125468e+07,1.505043087403322e+03,3.675167433569462e-04,0.000000000000000e+00,-1.000000000000000e+03,1.960535505416979e+07,1.274384994774653e+03,2.985437618724128e+05,9.090523518387553e-03,6.324477168502923e+08,0.000000000000000e+00,1.285381554425726e-06,8.021553997763870e+10,8.021553997763870e+10,-3.434722870506619e+00,3.675167433569462e-04,1.000000000000000e+00,0.000000000000000e+00,2.713919088569061e+03,2.713919088569061e+03,-8.662706990066140e+02,9.678407131987570e-01,1.000000000000000e+03,1.000000000000000e+00,
3.964278791596289e-03,0.000000000000000e+00,1.034274296810224e+01,3.218604342617204e+08,3.218469422323087e+08,1.523265550515163e+03,3.964278791596289e-03,0.000000000000000e+00,-1.000000000000000e+03,2.145646281548725e+08,1.349202941162899e+04,3.003456487155217e+05,8.829818703682464e-03,5.470315176581191e+08,0.000000000000000e+00,3.056514923849818e-07,8.118675783211281e+10,8.118675783211281e+10,-2.401835810949043e+00,3.964278791596289e-03,1.000000000000000e+00,0.000000000000000e+00,2.632843484701605e+03,2.632843484701605e+03,-1.467018631694093e+03,1.034274296810224e+01,1.000000000000000e+03,1.000000000000000e+00,
7.509368932180934e-08,0.000000000000000e+00,-7.506113613534273e-08,2.177747187792449e+03,2.177747187754916e+03,5.441196901471127e+02,7.509368932180934e-08,0.000000000000000e+00,-1.000000000000000e+03,1.451831458503277e+03,3.753387561192567e-08,1.795067381278243e+05,5.572689422758725e-06,7.961407320655320e+08,0.000000000000000e+00,3.276816157304907e-14,2.900040212996215e+10,2.900040212996215e+10,-7.124396558440204e+00,7.509368932180934e-08,1.000000000000000e+00,0.000000000000000e+00,-9.998245419792067e-01,1.000003735686240e+00,-8.335660199709831e-01,7.508051353170687e-08,1.000000000000000e+03,1.000000000000000e+00,
8.157943130692519e-08,0.000000000000000e+00,-7.508199610646860e-08,2.742402645143613e+03,2.742402645107229e+03,6.307263393671420e+02,8.157943130692519e-08,0.000000000000000e+00,-1.000000000000000e+03,1.828268430071486e+03,3.753351508644512e-08,1.932653591301112e+05,5.569520543197473e-06,8.010694889969592e+08,0.000000000000000e+00,-1.262646698790837e-11,3.361634913572178e+10,3.361634913572178e+10,-7.088419326490427e+00,8.157943130692519e-08,1.000000000000000e+00,0.000000000000000e+00,-9.444445024740244e-01,9.998006721404006e-01,-6.704266812554446e-01,7.704724541278281e-08,1.000000000000000e+03,1.000000000000000e+00,
2.290556918693142e-07,0.000000000000000e+00,8.031810050709156e-08,2.600533595176037e+04,2.600533595174629e+04,2.130157926400625e+03,2.290556918693142e-07,0.000000000000000e+00,-1.000000000000000e+03,1.733689063449753e+04,3.628574801836033e-08,3.551725844739208e+05,4.840108022364675e-06,8.455394168554143e+08,0.000000000000000e+00,1.567574639029710e-08,1.135328082856959e+11,1.135328082856959e+11,-6.640058911848074e+00,2.290556918693142e-07,1.000000000000000e+00,0.000000000000000e+00,3.506487869898312e-01,9.404293115510597e-01,2.479461350953469e-01,8.031810050709156e-08,1.000000000000000e+03,1.000000000000000e+00,
3.022992657435209e-06,0.000000000000000e+00,7.950104455376356e-03,2.503482709299445e+05,2.503378170241608e+05,2.156274834978447e+03,3.022992657435209e-06,0.000000000000000e+00,-1.000000000000000e+03,1.668918780161072e+05,1.045390578371751e+01,3.573432570165396e+05,8.669864559485154e-03,8.279143429407754e+08,0.000000000000000e+00,-5.327635794895514e-08,1.149247830016698e+11,1.149247830016698e+11,-5.519562907681344e+00,3.022992657435209e-06,1.000000000000000e+00,0.000000000000000e+00,2.629878850622630e+03,2.629878850622630e+03,1.110153091661073e+03,7.950104455376356e-03,1.000000000000000e+03,1.000000000000000e+00,
3.333231413483208e-05,0.000000000000000e+00,9.044900749054512e-02,2.674201653957098e+06,2.674078934860504e+06,1.551753539947434e+03,3.333231413483208e-05,0.000000000000000e+00,-1.000000000000000e+03,1.782719289907003e+06,1.227190965939500e+02,3.031411589546532e+05,9.088772146441963e-03,7.193624810478501e+08,0.000000000000000e+00,-5.750607991603829e-08,8.270510602713332e+10,8.270510602713332e+10,-4.477134533891227e+00,3.333231413483208e-05,1.000000000000000e+00,0.000000000000000e+00,2.713553194196812e+03,2.713553194196812e+03,-1.033273836414479e+01,9.044900749054512e-02,1.000000000000000e+03,1.000000000000000e+00,
3.675167433569462e-04,0.000000000000000e+00,9.678407131987570e-01,2.940930696624945e+07,2.940803258125468e+07,1.505043087403322e+03,3.675167433569462e-04,0.000000000000000e+00,-1.000000000000000e+03,1.960535505416979e+07,1.274384994774653e+03,2.985437618724128e+05,9.090523518387553e-03,6.324477168502923e+08,0.000000000000000e+00,1.285381554425726e-06,8.021553997763870e+10,8.021553997763870e+10,-3.434722870506619e+00,3.675167433569462e-04,1.000000000000000e+00,0.000000000000000e+00,2.713919088569061e+03,2.713919088569061e+03,-1.225084270575519e+03,9.678407131987570e-01,1.000000000000000e+03,1.000000000000000e+00,
3.964278791596289e-03,0.000000000000000e+00,1.034274296810224e+01,3.218604342617204e+08,3.218469422323087e+08,1.523265550515163e+03,3.964278791596289e-03,0.000000000000000e+00,-1.000000000000000e+03,2.145646281548725e+08,1.349202941162899e+04,3.003456487155217e+05,8.829818703682464e-03,5.470315176581191e+08,0.000000000000000e+00,3.056514923849818e-07,8.118675783211281e+10,8.118675783211281e+10,-2.401835810949043e+00,3.964278791596289e-03,1.000000000000000e+00,0.000000000000000e+00,2.632843484701605e+03,2.632843484701605e+03,-1.868959494273793e+03,1.034274296810224e+01,1.000000000000000e+03,1.000000000000000e+00,
7.509368932180934e-08,0.000000000000000e+00,-7.506113613534273e-08,2.177747187792449e+03,2.177747187754916e+03,5.441196901471127e+02,7.509368932180934e-08,0.000000000000000e+00,-1.000000000000000e+03,1.451831458503277e+03,3.753387561192567e-08,1.795067381278243e+05,5.572689422758725e-06,7.961407320655320e+08,0.000000000000000e+00,3.276816157304907e-14,2.900040212996215e+10,2.900040212996215e+10,-7.124396558440204e+00,7.509368932180934e-08,1.000000000000000e+00,0.000000000000000e+00,-9.998245419792067e-01,1.000003735686240e+00,-9.494987191756203e-01,7.508051353170687e-08,1.000000000000000e+03,1.000000000000000e+00,
8.157943130692519e-08,0.000000000000000e+00,-7.508199610646860e-08,2.742402645143613e+03,2.742402645107229e+03,6.307263393671420e+02,8.157943130692519e-08,0.000000000000000e+00,-1.000000000000000e+03,1.828268430071486e+03,3.753351508644512e-08,1.932653591301112e+05,5.569520543197473e-06,8.010694889969592e+08,0.000000000000000e+00,-1.262646698790837e-11,3.361634913572178e+10,3.361634913572178e+10,-7.088419326490427e+00,8.157943130692519e-08,1.000000000000000e+00,0.000000000000000e+00,-9.444445024740244e-01,9.998006721404006e-01,-8.467043335676926e-01,7.704724541278281e-08,1.000000000000000e+03,1.000000000000000e+00,
2.290556918693142e-07,0.000000000000000e+00,8.031810050709156e-08,2.600533595176037e+04,2.600533595174629e+04,2.130157926400625e+03,2.290556918693142e-07,0.000000000000000e+00,-1.000000000000000e+03,1.733689063449753e+04,3.628574801836033e-08,3.551725844739208e+05,4.840108022364675e-06,8.455394168554143e+08,0.000000000000000e+00,1.567574639029710e-08,1.135328082856959e+11,1.135328082856959e+11,-6.640058911848074e+00,2.290556918693142e-07,1.000000000000000e+00,0.000000000000000e+00,3.506487869898312e-01,9.404293115510597e-01,3.506382517760745e-01,8.031810050709156e-08,1.000000000000000e+03,1.000000000000000e+00,
3.022992657435209e-06,0.000000000000000e+00,7.950104455376356e-03,2.503482709299445e+05,2.503378170241608e+05,2.156274834978447e+03,3.022992657435209e-06,0.000000000000000e+00,-1.000000000000000e+03,1.668918780161072e+05,1.045390578371751e+01,3.573432570165396e+05,8.669864559485154e-03,8.279143429407754e+08,0.000000000000000e+00,-5.327635794895514e-08,1.149247830016698e+11,1.149247830016698e+11,-5.519562907681344e+00,3.022992657435209e-06,1.000000000000000e+00,0.000000000000000e+00,2.629878850622630e+03,2.629878850622630e+03,2.591013949114791e+03,7.950104455376356e-03,1.000000000000000e+03,1.000000000000000e+00,
3.333231413483208e-05,0.000000000000000e+00,9.044900749054512e-02,2.674201653957098e+06,2.674078934860504e+06,1.551753539947434e+03,3.333231413483208e-05,0.000000000000000e+00,-1.000000000000000e+03,1.782719289907003e+06,1.227190965939500e+02,3.031411589546532e+05,9.088772146441963e-03,7.193624810478501e+08,0.000000000000000e+00,-5.750607991603829e-08,8.270510602713332e+10,8.270510602713332e+10,-4.477134533891227e+00,3.333231413483208e-05,1.000000000000000e+00,0.000000000000000e+00,2.713553194196812e+03,2.713553194196812e+03,-2.074635327370169e+01,9.044900749054512e-02,1.000000000000000e+03,1.000000000000000e+00,
3.675167433569462e-04,0.000000000000000e+00,9.678407131987570e-01,2.940930696624945e+07,2.940803258125468e+07,1.505043087403322e+03,3.675167433569462e-04,0.000000000000000e+00,-1.000000000000000e+03,1.960535505416979e+07,1.274384994774653e+03,2.985437618724128e+05,9.090523518387553e-03,6.324477168502923e+08,0.000000000000000e+00,1.285381554425726e-06,8.021553997763870e+10,8.021553997763870e+10,-3.434722870506619e+00,3.675167433569462e-04,1.000000000000000e+00,0.000000000000000e+00,2.713919088569061e+03,2.713919088569061e+03,-1.933963998615039e+03,9.678407131987570e-01,1.000000000000000e+03,1.000000000000000e+00,
3.964278791596289e-03,0.000000000000000e+00,1.034274296810224e+01,3.218604342617204e+08,3.218469422323087e+08,1.523265550515163e+03,3.964278791596289e-03,0.000000000000000e+00,-1.000000000000000e+03,2.145646281548725e+08,1.349202941162899e+04,3.003456487155217e+05,8.829818703682464e-03,5.470315176581191e+08,0.000000000000000e+00,3.056514923849818e-07,8.118675783211281e+10,8.118675783211281e+10,-2.401835810949043e+00,3.964278791596289e-03,1.000000000000000e+00,0.000000000000000e+00,2.632843484701605e+03,2.632843484701605e+03,-2.360371607079820e+03,1.034274296810224e+01,1.000000000000000e+03,1.000000000000000e+00,
7.509368932180934e-08,0.000000000000000e+00,-7.506113613534273e-08,2.177747187792449e+03,2.177747187754916e+03,5.441196901471127e+02,7.509368932180934e-08,0.000000000000000e+00,-1.000000000000000e+03,1.451831458503277e+03,3.753387561192567e-08,1.795067381278243e+05,5.572689422758725e-06,7.961407320655320e+08,0.000000000000000e+00,3.276816157304907e-14,2.900040212996215e+10,2.900040212996215e+10,-7.124396558440204e+00,7.509368932180934e-08,1.000000000000000e+00,0.000000000000000e+00,-9.998245419792067e-01,1.000003735686240e+00,-9.494987191756203e-01,7.508051353170687e-08,1.000000000000000e+03,1.000000000000000e+00,
8.157943130692519e-08,0.000000000000000e+00,-7.508199610646860e-08,2.742402645143613e+03,2.742402645107229e+03,6.307263393671420e+02,8.157943130692519e-08,0.000000000000000e+00,-1.000000000000000e+03,1.828268430071486e+03,3.753351508644512e-08,1.932653591301112e+05,5.569520543197473e-06,8.010694889969592e+08,0.000000000000000e+00,-1.262646698790837e-11,3.361634913572178e+10,3.361634913572178e+10,-7.088419326490427e+00,8.157943130692519e-08,1.000000000000000e+00,0.000000000000000e+00,-9.444445024740244e-01,9.998006721404006e-01,-8.467043335676926e-01,7.704724541278281e-08,1.000000000000000e+03,1.000000000000000e+00,
2.290556918693142e-07,0.000000000000000e+00,8.031810050709156e-08,2.600533595176037e+04,2.600533595174629e+04,2.130157926400625e+03,2.290556918693142e-07,0.000000000000000e+00,-1.000000000000000e+03,1.733689063449753e+04,3.628574801836033e-08,3.551725844739208e+05,4.840108022364675e-06,8.455394168554143e+08,0.000000000000000e+00,1.567574639029710e-08,1.135328082856959e+11,1.135328082856959e+11,-6.640058911848074e+00,2.290556918693142e-07,1.000000000000000e+00,0.000000000000000e+00,3.506487869898312e-01,9.404293115510597e-01,3.506382517760745e-01,8.031810050709156e-08,1.000000000000000e+03,1.000000000000000e+00,
3.022992657435209e-06,0.000000000000000e+00,7.950104455376356e-03,2.503482709299445e+05,2.503378170241608e+05,2.156274834978447e+03,3.022992657435209e-06,0.000000000000000e+00,-1.000000000000000e+03,1.668918780161072e+05,1.045390578371751e+01,3.573432570165396e+05,8.669864559485154e-03,8.279143429407754e+08,0.000000000000000e+00,-5.327635794895514e-08,1.149247830016698e+11,1.149247830016698e+11,-5.519562907681344e+00,3.022992657435209e-06,1.000000000000000e+00,0.000000000000000e+00,2.629878850622630e+03,2.629878850622630e+03,2.591013949114791e+03,7.950104455376356e-03,1.000000000000000e+03,1.000000000000000e+00,
3.333231413483208e-05,0.000000000000000e+00,9.044900749054512e-02,2.674201653957098e+06,2.674078934860504e+06,1.551753539947434e+03,3.333231413483208e-05,0.000000000000000e+00,-1.000000000000000e+03,1.782719289907003e+06,1.227190965939500e+02,3.031411589546532e+05,9.088772146441963e-03,7.193624810478501e+08,0.000000000000000e+00,-5.750607991603829e-08,8.270510602713332e+10,8.270510602713332e+10,-4.477134533891227e+00,3.333231413483208e-05,1.000000000000000e+00,0.000000000000000e+00,2.713553194196812e+03,2.713553194196812e+03,-2.074635327370169e+01,9.044900749054512e-02,1.000000000000000e+03,1.000000000000000e+00,
3.675167433569462e-04,0.000000000000000e+00,9.678407131987570e-01,2.940930696624945e+07,2.940803258125468e+07,1.505043087403322e+03,3.675167433569462e-04,0.000000000000000e+00,-1.000000000000000e+03,1.960535505416979e+07,1.274384994774653e+03,2.985437618724128e+05,9.090523518387553e-03,6.324477168502923e+08,0.000000000000000e+00,1.285381554425726e-06,8.021553997763870e+10,8.021553997763870e+10,-3.434722870506619e+00,3.675167433569462e-04,1.000000000000000e+00,0.000000000000000e+00,2.713919088569061e+03,2.713919088569061e+03,-1.933963998615039e+03,9.678407131987570e-01,1.000000000000000e+03,1.000000000000000e+00,
3.964278791596289e-03,0.000000000000000e+00,1.034274296810224e+01,3.218604342617204e+08,3.218469422323087e+08,1.523265550515163e+03,3.964278791596289e-03,0.000000000000000e+00,-1.000000000000000e+03,2.145646281548725e+08,1.349202941162899e+04,3.003456487155217e+05,8.829818703682464e-03,5.470315176581191e+08,0.000000000000000e+00,3.056514923849818e-07,8.118675783211281e+10,8.118675783211281e+10,-2.401835810949043e+00,3.964278791596289e-03,1.000000000000000e+00,0.000000000000000e+00,2.632843484701605e+03,2.632843484701605e+03,-2.360371607079820e+03,1.034274296810224e+01,1.000000000000000e+03,1.000000000000000e+00,
7.509368932180934e-08,0.000000000000000e+00,-7.506113613534273e-08,2.177747187792449e+03,2.177747187754916e+03,5.441196901471127e+02,7.509368932180934e-08,0.000000000000000e+00,-1.000000000000000e+03,1.451831458503277e+03,3.753387561192567e-08,1.795067381278243e+05,5.572689422758725e-06,7.961407320655320e+08,0.000000000000000e+00,3.276816157304907e-14,2.900040212996215e+10,2.900040212996215e+10,-7.124396558440204e+00,7.509368932180934e-08,1.000000000000000e+00,0.000000000000000e+00,-9.998245419792067e-01,1.000003735686240e+00,-8.335660199709831e-01,7.508051353170687e-08,1.000000000000000e+03,1.000000000000000e+00,
8.157943130692519e-08,0.000000000000000e+00,-7.508199610646860e-08,2.742402645143613e+03,2.742402645107229e+03,6.307263393671420e+02,8.157943130692519e-08,0.000000000000000e+00,-1.000000000000000e+03,1.828268430071486e+03,3.753351508644512e-08,1.932653591301112e+05,5.569520543197473e-06,8.010694889969592e+08,0.000000000000000e+00,-1.262646698790837e-11,3.361634913572178e+10,3.361634913572178e+10,-7.088419326490427e+00,8.157943130692519e-08,1.000000000000000e+00,0.000000000000000e+00,-9.444445024740244e-01,9.998006721404006e-01,-6.704266812554446e-01,7.704724541278281e-08,1.000000000000000e+03,1.000000000000000e+00,
2.290556918693142e-07,0.000000000000000e+00,8.031810050709156e-08,2.600533595176037e+04,2.600533595174629e+04,2.130157926400625e+03,2.290556918693142e-07,0.000000000000000e+00,-1.000000000000000e+03,1.733689063449753e+04,3.628574801836033e-08,3.551725844739208e+05,4.840108022364675e-06,8.455394168554143e+08,0.000000000000000e+00,1.567574639029710e-08,1.135328082856959e+11,1.135328082856959e+11,-6.640058911848074e+00,2.290556918693142e-07,1.000000000000000e+00,0.000000000000000e+00,3.506487869898312e-01,9.404293115510597e-01,2.479461350953469e-01,8.031810050709156e-08,1.000000000000000e+03,1.000000000000000e+00,
3.022992657435209e-06,0.000000000000000e+00,7.950104455376356e-03,2.503482709299445e+05,2.503378170241608e+05,2.156274834978447e+03,3.022992657435209e-06,0.000000000000000e+00,-1.000000000000000e+03,1.668918780161072e+05,1.045390578371751e+01,3.573432570165396e+05,8.669864559485154e-03,8.279143429407754e+08,0.000000000000000e+00,-5.327635794895514e-08,1.149247830016698e+11,1.149247830016698e+11,-5.519562907681344e+00,3.022992657435209e-06,1.000000000000000e+00,0.000000000000000e+00,2.629878850622630e+03,2.629878850622630e+03,1.110153091661073e+03,7.950104455376356e-03,1.000000000000000e+03,1.000000000000000e+00,
3.333231413483208e-05,0.000000000000000e+00,9.044900749054512e-02,2.674201653957098e+06,2.674078934860504e+06,1.551753539947434e+03,3.333231413483208e-05,0.000000000000000e+00,-1.000000000000000e+03,1.782719289907003e+06,1.227190965939500e+02,3.031411589546532e+05,9.088772146441963e-03,7.193624810478501e+08,0.000000000000000e+00,-5.750607991603829e-08,8.270510602713332e+10,8.270510602713332e+10,-4.477134533891227e+00,3.333231413483208e-05,1.000000000000000e+00,0.000000000000000e+00,2.713553194196812e+03,2.713553194196812e+03,-1.033273836414479e+01,9.044900749054512e-02,1.000000000000000e+03,1.000000000000000e+00,
3.675167433569462e-04,0.000000000000000e+00,9.678407131987570e-01,2.940930696624945e+07,2.940803258125468e+07,1.505043087403322e+03,3.675167433569462e-04,0.000000000000000e+00,-1.000000000000000e+03,1.960535505416979e+07,1.274384994774653e+03,2.985437618724128e+05,9.090523518387553e-03,6.324477168502923e+08,0.000000000000000e+00,1.285381554425726e-06,8.021553997763870e+10,8.021553997763870e+10,-3.434722870506619e+00,3.675167433569462e-04,1.000000000000000e+00,0.000000000000000e+00,2.713919088569061e+03,2.713919088569061e+03,-1.225084270575519e+03,9.678407131987570e-01,1.000000000000000e+03,1.000000000000000e+00,
3.964278791596289e-03,0.000000000000000e+00,1.034274296810224e+01,3.218604342617204e+08,3.218469422323087e+08,1.523265550515163e+03,3.964278791596289e-03,0.000000000000000e+00,-1.000000000000000e+03,2.145646281548725e+08,1.349202941162899e+04,3.003456487155217e+05,8.829818703682464e-03,5.470315176581191e+08,0.000000000000000e+00,3.056514923849818e-07,8.118675783211281e+10,8.118675783211281e+10,-2.401835810949043e+00,3.964278791596289e-03,1.000000000000000e+00,0.000000000000000e+00,2.632843484701605e+03,2.632843484701605e+03,-1.868959494273793e+03,1.034274296810224e+01,1.000000000000000e+03,1.000000000000000e+00,
7.509368932180934e-08,0.000000000000000e+00,-7.506113613534273e-08,2.177747187792449e+03,2.177747187754916e+03,5.441196901471127e+02,7.509368932180934e-08,0.000000000000000e+00,-1.000000000000000e+03,1.451831458503277e+03,3.753387561192567e-08,1.795067381278243e+05,5.572689422758725e-06,7.961407320655320e+08,0.000000000000000e+00,3.276816157304907e-14,2.900040212996215e+10,2.900040212996215e+10,-7.124396558440204e+00,7.509368932180934e-08,1.000000000000000e+00,0.000000000000000e+00,-9.998245419792067e-01,1.000003735686240e+00,-7.088214109496307e-01,7.508051353170687e-08,1.000000000000000e+03,1.000000000000000e+00,
8.157943130692519e-08,0.000000000000000e+00,-7.508199610646860e-08,2.742402645143613e+03,2.742402645107229e+03,6.307263393671420e+02,8.157943130692519e-08,0.000000000000000e+00,-1.000000000000000e+03,1.828268430071486e+03,3.753351508644512e-08,1.932653591301112e+05,5.569520543197473e-06,8.010694889969592e+08,0.000000000000000e+00,-1.262646698790837e-11,3.361634913572178e+10,3.361634913572178e+10,-7.088419326490427e+00,8.157943130692519e-08,1.000000000000000e+00,0.000000000000000e+00,-9.444445024740244e-01,9.998006721404006e-01,-5.262438461614365e-01,7.704724541278281e-08,1.000000000000000e+03,1.000000000000000e+00,
2.290556918693142e-07,0.000000000000000e+00,8.031810050709156e-08,2.600533595176037e+04,2.600533595174629e+04,2.130157926400625e+03,2.290556918693142e-07,0.000000000000000e+00,-1.000000000000000e+03,1.733689063449753e+04,3.628574801836033e-08,3.551725844739208e+05,4.840108022364675e-06,8.455394168554143e+08,0.000000000000000e+00,1.567574639029710e-08,1.135328082856959e+11,1.135328082856959e+11,-6.640058911848074e+00,2.290556918693142e-07,1.000000000000000e+00,0.000000000000000e+00,3.506487869898312e-01,9.404293115510597e-01,1.573024747570349e-01,8.031810050709156e-08,1.000000000000000e+03,1.000000000000000e+00,
3.022992657435209e-06,0.000000000000000e+00,7.950104455376356e-03,2.503482709299445e+05,2.503378170241608e+05,2.156274834978447e+03,3.022992657435209e-06,0.000000000000000e+00,-1.000000000000000e+03,1.668918780161072e+05,1.045390578371751e+01,3.573432570165396e+05,8.669864559485154e-03,8.279143429407754e+08,0.000000000000000e+00,-5.327635794895514e-08,1.149247830016698e+11,1.149247830016698e+11,-5.519562907681344e+00,3.022992657435209e-06,1.000000000000000e+00,0.000000000000000e+00,2.629878850622630e+03,2.629878850622630e+03,6.573954534623697e+02,7.950104455376356e-03,1.000000000000000e+03,1.000000000000000e+00,
3.333231413483208e-05,0.000000000000000e+00,9.044900749054512e-02,2.674201653957098e+06,2.674078934860504e+06,1.551753539947434e+03,3.333231413483208e-05,0.000000000000000e+00,-1.000000000000000e+03,1.782719289907003e+06,1.227190965939500e+02,3.031411589546532e+05,9.088772146441963e-03,7.193624810478501e+08,0.000000000000000e+00,-5.750607991603829e-08,8.270510602713332e+10,8.270510602713332e+10,-4.477134533891227e+00,3.333231413483208e-05,1.000000000000000e+00,0.000000000000000e+00,2.713553194196812e+03,2.713553194196812e+03,-6.879528882395390e+00,9.044900749054512e-02,1.000000000000000e+03,1.000000000000000e+00,
3.675167433569462e-04,0.000000000000000e+00,9.678407131987570e-01,2.940930696624945e+07,2.940803258125468e+07,1.505043087403322e+03,3.675167433569462e-04,0.000000000000000e+00,-1.000000000000000e+03,1.960535505416979e+07,1.274384994774653e+03,2.985437618724128e+05,9.090523518387553e-03,6.324477168502923e+08,0.000000000000000e+00,1.285381554425726e-06,8.021553997763870e+10,8.021553997763870e+10,-3.434722870506619e+00,3.675167433569462e-04,1.000000000000000e+00,0.000000000000000e+00,2.713919088569061e+03,2.713919088569061e+03,-8.662706990066140e+02,9.678407131987570e-01,1.000000000000000e+03,1.000000000000000e+00,
3.964278791596289e-03,0.000000000000000e+00,1.034274296810224e+01,3.218604342617204e+08,3.218469422323087e+08,1.523265550515163e+03,3.964278791596289e-03,0.000000000000000e+00,-1.000000000000000e+03,2.145646281548725e+08,1.349202941162899e+04,3.003456487155217e+05,8.829818703682464e-03,5.470315176581191e+08,0.000000000000000e+00,3.056514923849818e-07,8.118675783211281e+10,8.118675783211281e+10,-2.401835810949043e+00,3.964278791596289e-03,1.000000000000000e+00,0.000000000000000e+00,2.632843484701605e+03,2.632843484701605e+03,-1.467018631694093e+03,1.034274296810224e+01,1.000000000000000e+03,1.000000000000000e+00,

