1
0
28
0
(64 0
((0,0) (63,63) (0,0))
((448,0) (511,63) (0,0))
((384,0) (447,63) (0,0))
((320,0) (383,63) (0,0))
((256,0) (319,63) (0,0))
((192,0) (255,63) (0,0))
((128,0) (191,63) (0,0))
((64,0) (127,63) (0,0))
((0,448) (63,511) (0,0))
((0,384) (63,447) (0,0))
((0,320) (63,383) (0,0))
((0,256) (63,319) (0,0))
((0,192) (63,255) (0,0))
((0,128) (63,191) (0,0))
((0,64) (63,127) (0,0))
((448,448) (511,511) (0,0))
((448,384) (511,447) (0,0))
((448,320) (511,383) (0,0))
((448,256) (511,319) (0,0))
((448,192) (511,255) (0,0))
((448,128) (511,191) (0,0))
((448,64) (511,127) (0,0))
((384,448) (447,511) (0,0))
((384,384) (447,447) (0,0))
((384,320) (447,383) (0,0))
((384,256) (447,319) (0,0))
((384,192) (447,255) (0,0))
((384,128) (447,191) (0,0))
((384,64) (447,127) (0,0))
((320,448) (383,511) (0,0))
((320,384) (383,447) (0,0))
((320,320) (383,383) (0,0))
((320,256) (383,319) (0,0))
((320,192) (383,255) (0,0))
((320,128) (383,191) (0,0))
((320,64) (383,127) (0,0))
((256,448) (319,511) (0,0))
((256,384) (319,447) (0,0))
((256,320) (319,383) (0,0))
((256,256) (319,319) (0,0))
((256,192) (319,255) (0,0))
((256,128) (319,191) (0,0))
((256,64) (319,127) (0,0))
((192,448) (255,511) (0,0))
((192,384) (255,447) (0,0))
((192,320) (255,383) (0,0))
((192,256) (255,319) (0,0))
((192,192) (255,255) (0,0))
((192,128) (255,191) (0,0))
((192,64) (255,127) (0,0))
((128,448) (191,511) (0,0))
((128,384) (191,447) (0,0))
((128,320) (191,383) (0,0))
((128,256) (191,319) (0,0))
((128,192) (191,255) (0,0))
((128,128) (191,191) (0,0))
((128,64) (191,127) (0,0))
((64,448) (127,511) (0,0))
((64,384) (127,447) (0,0))
((64,320) (127,383) (0,0))
((64,256) (127,319) (0,0))
((64,192) (127,255) (0,0))
((64,128) (127,191) (0,0))
((64,64) (127,127) (0,0))
)
64
FabOnDisk: Cell_D_0000 0
FabOnDisk: Cell_D_0001 0
FabOnDisk: Cell_D_0001 917590
FabOnDisk: Cell_D_0001 1835180
FabOnDisk: Cell_D_0001 2752770
FabOnDisk: Cell_D_0000 917587
FabOnDisk: Cell_D_0000 1835177
FabOnDisk: Cell_D_0000 2752767
FabOnDisk: Cell_D_0002 0
FabOnDisk: Cell_D_0002 917590
FabOnDisk: Cell_D_0002 1835180
FabOnDisk: Cell_D_0002 2752770
FabOnDisk: Cell_D_0000 3670356
FabOnDisk: Cell_D_0000 4587946
FabOnDisk: Cell_D_0000 5505536
FabOnDisk: Cell_D_0003 0
FabOnDisk: Cell_D_0003 917593
FabOnDisk: Cell_D_0003 1835186
FabOnDisk: Cell_D_0003 2752779
FabOnDisk: Cell_D_0001 3670360
FabOnDisk: Cell_D_0001 4587953
FabOnDisk: Cell_D_0001 5505546
FabOnDisk: Cell_D_0003 3670372
FabOnDisk: Cell_D_0003 4587965
FabOnDisk: Cell_D_0003 5505558
FabOnDisk: Cell_D_0003 6423151
FabOnDisk: Cell_D_0001 6423138
FabOnDisk: Cell_D_0001 7340731
FabOnDisk: Cell_D_0001 8258324
FabOnDisk: Cell_D_0003 7340744
FabOnDisk: Cell_D_0003 8258337
FabOnDisk: Cell_D_0003 9175930
FabOnDisk: Cell_D_0003 10093523
FabOnDisk: Cell_D_0001 9175916
FabOnDisk: Cell_D_0001 10093509
FabOnDisk: Cell_D_0001 11011102
FabOnDisk: Cell_D_0003 11011116
FabOnDisk: Cell_D_0003 11928709
FabOnDisk: Cell_D_0003 12846302
FabOnDisk: Cell_D_0003 13763895
FabOnDisk: Cell_D_0001 11928694
FabOnDisk: Cell_D_0001 12846287
FabOnDisk: Cell_D_0001 13763880
FabOnDisk: Cell_D_0002 3670360
FabOnDisk: Cell_D_0002 4587953
FabOnDisk: Cell_D_0002 5505546
FabOnDisk: Cell_D_0002 6423139
FabOnDisk: Cell_D_0000 6423125
FabOnDisk: Cell_D_0000 7340718
FabOnDisk: Cell_D_0000 8258311
FabOnDisk: Cell_D_0002 7340732
FabOnDisk: Cell_D_0002 8258325
FabOnDisk: Cell_D_0002 9175918
FabOnDisk: Cell_D_0002 10093511
FabOnDisk: Cell_D_0000 9175903
FabOnDisk: Cell_D_0000 10093496
FabOnDisk: Cell_D_0000 11011089
FabOnDisk: Cell_D_0002 11011104
FabOnDisk: Cell_D_0002 11928696
FabOnDisk: Cell_D_0002 12846288
FabOnDisk: Cell_D_0002 13763880
FabOnDisk: Cell_D_0000 11928681
FabOnDisk: Cell_D_0000 12846273
FabOnDisk: Cell_D_0000 13763865

64,28
4.013638537532249e-03,0.000000000000000e+00,1.035614666150217e+01,3.259937230122613e+08,3.259803623455406e+08,1.523854852146111e+03,4.013638537532249e-03,0.000000000000000e+00,-1.000000000000000e+03,2.173202415636937e+08,1.336066672068634e+04,3.004037400527714e+05,7.776364363827496e-03,4.069570412085278e+08,0.000000000000000e+00,-1.032512399863208e-07,8.121816633392374e+10,8.121816633392374e+10,-2.396461742018861e+00,4.013638537532249e-03,1.000000000000000e+00,0.000000000000000e+00,2.576355329829806e+03,2.576355329829806e+03,-2.057696814181946e+03,1.035614666150217e+01,1.000000000000000e+03,1.000000000000000e+00,
4.013638537532249e-03,0.000000000000000e+00,1.035614666150217e+01,3.259937230122613e+08,3.259803623455406e+08,1.523854852146111e+03,4.013638537532249e-03,0.000000000000000e+00,-1.000000000000000e+03,2.173202415636937e+08,1.336066672068634e+04,3.004037400527714e+05,7.776364363827496e-03,4.069570412085278e+08,0.000000000000000e+00,-1.032512399863208e-07,8.121816633392374e+10,8.121816633392374e+10,-2.396461742018861e+00,4.013638537532249e-03,1.000000000000000e+00,0.000000000000000e+00,2.576355329829806e+03,2.576355329829806e+03,-2.057696814181946e+03,1.035614666150217e+01,1.000000000000000e+03,1.000000000000000e+00,
4.013638537532249e-03,0.000000000000000e+00,1.035614666150217e+01,3.259937230122613e+08,3.259803623455406e+08,1.523854852146111e+03,4.013638537532249e-03,0.000000000000000e+00,-1.000000000000000e+03,2.173202415636937e+08,1.336066672068634e+04,3.004037400527714e+05,7.776364363827496e-03,4.069570412085278e+08,0.000000000000000e+00,-1.032512399863208e-07,8.121816633392374e+10,8.121816633392374e+10,-2.396461742018861e+00,4.013638537532249e-03,1.000000000000000e+00,0.000000000000000e+00,2.576355329829806e+03,2.576355329829806e+03,-2.301653393236592e+03,1.035614666150217e+01,1.000000000000000e+03,1.000000000000000e+00,
4.013638537532249e-03,0.000000000000000e+00,1.035614666150217e+01,3.259937230122613e+08,3.259803623455406e+08,1.523854852146111e+03,4.013638537532249e-03,0.000000000000000e+00,-1.000000000000000e+03,2.173202415636937e+08,1.336066672068634e+04,3.004037400527714e+05,7.776364363827496e-03,4.069570412085278e+08,0.000000000000000e+00,-1.032512399863208e-07,8.121816633392374e+10,8.121816633392374e+10,-2.396461742018861e+00,4.013638537532249e-03,1.000000000000000e+00,0.000000000000000e+00,2.576355329829806e+03,2.576355329829806e+03,-2.497987411070416e+03,1.035614666150217e+01,1.000000000000000e+03,1.000000000000000e+00,
4.013638537532249e-03,0.000000000000000e+00,1.035614666150217e+01,3.259937230122613e+08,3.259803623455406e+08,1.523854852146111e+03,4.013638537532249e-03,0.000000000000000e+00,-1.000000000000000e+03,2.173202415636937e+08,1.336066672068634e+04,3.004037400527714e+05,7.776364363827496e-03,4.069570412085278e+08,0.000000000000000e+00,-1.032512399863208e-07,8.121816633392374e+10,8.121816633392374e+10,-2.396461742018861e+00,4.013638537532249e-03,1.000000000000000e+00,0.000000000000000e+00,2.576355329829806e+03,2.576355329829806e+03,-2.580230290038342e+03,1.035614666150217e+01,1.000000000000000e+03,1.000000000000000e+00,
4.013638537532249e-03,0.000000000000000e+00,1.035614666150217e+01,3.259937230122613e+08,3.259803623455406e+08,1.523854852146111e+03,4.013638537532249e-03,0.000000000000000e+00,-1.000000000000000e+03,2.173202415636937e+08,1.336066672068634e+04,3.004037400527714e+05,7.776364363827496e-03,4.069570412085278e+08,0.000000000000000e+00,-1.032512399863208e-07,8.121816633392374e+10,8.121816633392374e+10,-2.396461742018861e+00,4.013638537532249e-03,1.000000000000000e+00,0.000000000000000e+00,2.576355329829806e+03,2.576355329829806e+03,-2.580230290038342e+03,1.035614666150217e+01,1.000000000000000e+03,1.000000000000000e+00,
4.013638537532249e-03,0.000000000000000e+00,1.035614666150217e+01,3.259937230122613e+08,3.259803623455406e+08,1.523854852146111e+03,4.013638537532249e-03,0.000000000000000e+00,-1.000000000000000e+03,2.173202415636937e+08,1.336066672068634e+04,3.004037400527714e+05,7.776364363827496e-03,4.069570412085278e+08,0.000000000000000e+00,-1.032512399863208e-07,8.121816633392374e+10,8.121816633392374e+10,-2.396461742018861e+00,4.013638537532249e-03,1.000000000000000e+00,0.000000000000000e+00,2.576355329829806e+03,2.576355329829806e+03,-2.497987411070416e+03,1.035614666150217e+01,1.000000000000000e+03,1.000000000000000e+00,
4.013638537532249e-03,0.000000000000000e+00,1.035614666150217e+01,3.259937230122613e+08,3.259803623455406e+08,1.523854852146111e+03,4.013638537532249e-03,0.000000000000000e+00,-1.000000000000000e+03,2.173202415636937e+08,1.336066672068634e+04,3.004037400527714e+05,7.776364363827496e-03,4.069570412085278e+08,0.000000000000000e+00,-1.032512399863208e-07,8.121816633392374e+10,8.121816633392374e+10,-2.396461742018861e+00,4.013638537532249e-03,1.000000000000000e+00,0.000000000000000e+00,2.576355329829806e+03,2.576355329829806e+03,-2.301653393236592e+03,1.035614666150217e+01,1.000000000000000e+03,1.000000000000000e+00,
7.506092814868589e-08,0.000000000000000e+00,-7.508146981298629e-08,2.271081610587530e+03,2.271081610549999e+03,5.676873705469919e+02,7.506092814868589e-08,0.000000000000000e+00,-1.000000000000000e+03,1.514054407033333e+03,3.753063684772591e-08,1.833530549999057e+05,5.451641555191211e-06,7.984161516697799e+08,0.000000000000000e+00,-9.241859015102217e-12,3.025650850001859e+10,3.025650850001859e+10,-7.124586069720958e+00,7.506092814868589e-08,1.000000000000000e+00,0.000000000000000e+00,-1.000004600492895e+00,9.998712456354054e-01,-7.986879015153667e-01,7.506111404353194e-08,1.000000000000000e+03,1.000000000000000e+00,
7.509418770994151e-08,0.000000000000000e+00,-7.695703700103247e-08,2.273574500394166e+03,2.273574500356630e+03,5.680587945209711e+02,7.509418770994151e-08,0.000000000000000e+00,-1.000000000000000e+03,1.515716333571087e+03,3.647394062482692e-08,1.834130269036169e+05,4.829560303193196e-06,7.984352710147725e+08,0.000000000000000e+00,-1.830182723232404e-09,3.027630459415220e+10,3.027630459415221e+10,-7.124393676087514e+00,7.509418770994151e-08,1.000000000000000e+00,0.000000000000000e+00,-9.998516711134301e-01,9.479039746381499e-01,-7.051583549755037e-01,7.508304907269062e-08,1.000000000000000e+03,1.000000000000000e+00,
8.163377419128753e-08,0.000000000000000e+00,-7.775874962620735e-08,2.858196428658065e+03,2.858196428621683e+03,6.569202031095235e+02,8.163377419128753e-08,0.000000000000000e+00,-1.000000000000000e+03,1.905464285747789e+03,4.550441756282625e-11,1.972376609165610e+05,6.678880821583237e-08,8.032145423787591e+08,0.000000000000000e+00,-5.848637734003850e-08,3.501242539545266e+10,3.501242539545265e+10,-7.088130124209161e+00,8.163377419128753e-08,1.000000000000000e+00,0.000000000000000e+00,-9.441099543481787e-01,2.349260786278247e-02,-5.213366263304268e-01,3.873934969554011e-09,1.000000000000000e+03,1.000000000000000e+00,
2.332224529493493e-07,0.000000000000000e+00,8.261081604272423e-08,2.620788769140859e+04,2.620788769139396e+04,1.553445994338374e+03,2.332224529493493e-07,0.000000000000000e+00,-1.000000000000000e+03,1.747192512759597e+04,1.463098179643741e-08,3.033064277152962e+05,1.002436745920133e-06,7.217066420309230e+08,0.000000000000000e+00,-4.138765138079210e-04,8.279531018407274e+10,8.279531018407275e+10,-6.632229641208894e+00,2.332224529493493e-07,1.000000000000000e+00,0.000000000000000e+00,3.542146778666522e-01,3.542146778666522e-01,8.543473899051005e-02,8.261081604272423e-08,1.000000000000000e+03,1.000000000000000e+00,
3.055655275287393e-06,0.000000000000000e+00,7.972365278285863e-03,2.526883047799319e+05,2.526779046198346e+05,1.505729928251990e+03,3.055655275287393e-06,0.000000000000000e+00,-1.000000000000000e+03,1.684519364132231e+05,1.040016009731990e+01,2.986118757568106e+05,8.607412798086031e-03,6.346976348930919e+08,0.000000000000000e+00,-6.471864460137340e-07,8.025214710870079e+10,8.025214710870079e+10,-5.514895642401664e+00,3.055655275287393e-06,1.000000000000000e+00,0.000000000000000e+00,2.607534457755768e+03,2.607534457755768e+03,-8.256897914667632e+02,7.972365278285863e-03,1.000000000000000e+03,1.000000000000000e+00,
3.374748136888112e-05,0.000000000000000e+00,8.893678969928941e-02,2.708110939313817e+06,2.707993749048926e+06,1.501482532091594e+03,3.374748136888112e-05,0.000000000000000e+00,-1.000000000000000e+03,1.805329166032618e+06,1.171902648905422e+02,2.981904128494245e+05,8.712817066303615e-03,5.492458378171149e+08,0.000000000000000e+00,1.323106570536083e-07,8.002577008377924e+10,8.002577008377922e+10,-4.471758633748895e+00,3.374748136888112e-05,1.000000000000000e+00,0.000000000000000e+00,2.598078518082587e+03,2.598078518082587e+03,-1.434656507243238e+03,8.893678969928941e-02,1.000000000000000e+03,1.000000000000000e+00,
3.722552670736304e-04,0.000000000000000e+00,9.670537428899711e-01,2.979119281034464e+07,2.978993669253469e+07,1.501475797357924e+03,3.722552670736304e-04,0.000000000000000e+00,-1.000000000000000e+03,1.985995779502313e+07,1.256117809949651e+03,2.981897440986324e+05,8.594212704210364e-03,4.654312316880264e+08,0.000000000000000e+00,-2.616047835762174e-07,8.002541113704706e+10,8.002541113704707e+10,-3.429159148660190e+00,3.722552670736304e-04,1.000000000000000e+00,0.000000000000000e+00,2.580374783954646e+03,2.580374783954646e+03,-1.819842773125999e+03,9.670537428899711e-01,1.000000000000000e+03,1.000000000000000e+00,
7.506092814868589e-08,0.000000000000000e+00,-7.508146981298629e-08,2.271081610587530e+03,2.271081610549999e+03,5.676873705469919e+02,7.506092814868589e-08,0.000000000000000e+00,-1.000000000000000e+03,1.514054407033333e+03,3.753063684772591e-08,1.833530549999057e+05,5.451641555191211e-06,7.984161516697799e+08,0.000000000000000e+00,-9.241859015102217e-12,3.025650850001859e+10,3.025650850001859e+10,-7.124586069720958e+00,7.506092814868589e-08,1.000000000000000e+00,0.000000000000000e+00,-1.000004600492895e+00,9.998712456354054e-01,-7.986879015153667e-01,7.506111404353194e-08,1.000000000000000e+03,1.000000000000000e+00,
7.509418770994151e-08,0.000000000000000e+00,-7.695703700103247e-08,2.273574500394166e+03,2.273574500356630e+03,5.680587945209711e+02,7.509418770994151e-08,0.000000000000000e+00,-1.000000000000000e+03,1.515716333571087e+03,3.647394062482692e-08,1.834130269036169e+05,4.829560303193196e-06,7.984352710147725e+08,0.000000000000000e+00,-1.830182723232404e-09,3.027630459415220e+10,3.027630459415221e+10,-7.124393676087514e+00,7.509418770994151e-08,1.000000000000000e+00,0.000000000000000e+00,-9.998516711134301e-01,9.479039746381499e-01,-7.051583549755037e-01,7.508304907269062e-08,1.000000000000000e+03,1.000000000000000e+00,
8.163377419128753e-08,0.000000000000000e+00,-7.775874962620735e-08,2.858196428658065e+03,2.858196428621683e+03,6.569202031095235e+02,8.163377419128753e-08,0.000000000000000e+00,-1.000000000000000e+03,1.905464285747789e+03,4.550441756282625e-11,1.972376609165610e+05,6.678880821583237e-08,8.032145423787591e+08,0.000000000000000e+00,-5.848637734003850e-08,3.501242539545266e+10,3.501242539545265e+10,-7.088130124209161e+00,8.163377419128753e-08,1.000000000000000e+00,0.000000000000000e+00,-9.441099543481787e-01,2.349260786278247e-02,-5.213366263304268e-01,3.873934969554011e-09,1.000000000000000e+03,1.000000000000000e+00,
2.332224529493493e-07,0.000000000000000e+00,8.261081604272423e-08,2.620788769140859e+04,2.620788769139396e+04,1.553445994338374e+03,2.332224529493493e-07,0.000000000000000e+00,-1.000000000000000e+03,1.747192512759597e+04,1.463098179643741e-08,3.033064277152962e+05,1.002436745920133e-06,7.217066420309230e+08,0.000000000000000e+00,-4.138765138079210e-04,8.279531018407274e+10,8.279531018407275e+10,-6.632229641208894e+00,2.332224529493493e-07,1.000000000000000e+00,0.000000000000000e+00,3.542146778666522e-01,3.542146778666522e-01,8.543473899051005e-02,8.261081604272423e-08,1.000000000000000e+03,1.000000000000000e+00,
3.055655275287393e-06,0.000000000000000e+00,7.972365278285863e-03,2.526883047799319e+05,2.526779046198346e+05,1.505729928251990e+03,3.055655275287393e-06,0.000000000000000e+00,-1.000000000000000e+03,1.684519364132231e+05,1.040016009731990e+01,2.986118757568106e+05,8.607412798086031e-03,6.346976348930919e+08,0.000000000000000e+00,-6.471864460137340e-07,8.025214710870079e+10,8.025214710870079e+10,-5.514895642401664e+00,3.055655275287393e-06,1.000000000000000e+00,0.000000000000000e+00,2.607534457755768e+03,2.607534457755768e+03,-8.256897914667632e+02,7.972365278285863e-03,1.000000000000000e+03,1.000000000000000e+00,
3.374748136888112e-05,0.000000000000000e+00,8.893678969928941e-02,2.708110939313817e+06,2.707993749048926e+06,1.501482532091594e+03,3.374748136888112e-05,0.000000000000000e+00,-1.000000000000000e+03,1.805329166032618e+06,1.171902648905422e+02,2.981904128494245e+05,8.712817066303615e-03,5.492458378171149e+08,0.000000000000000e+00,1.323106570536083e-07,8.002577008377924e+10,8.002577008377922e+10,-4.471758633748895e+00,3.374748136888112e-05,1.000000000000000e+00,0.000000000000000e+00,2.598078518082587e+03,2.598078518082587e+03,-1.434656507243238e+03,8.893678969928941e-02,1.000000000000000e+03,1.000000000000000e+00,
3.722552670736304e-04,0.000000000000000e+00,9.670537428899711e-01,2.979119281034464e+07,2.978993669253469e+07,1.501475797357924e+03,3.722552670736304e-04,0.000000000000000e+00,-1.000000000000000e+03,1.985995779502313e+07,1.256117809949651e+03,2.981897440986324e+05,8.594212704210364e-03,4.654312316880264e+08,0.000000000000000e+00,-2.616047835762174e-07,8.002541113704706e+10,8.002541113704707e+10,-3.429159148660190e+00,3.722552670736304e-04,1.000000000000000e+00,0.000000000000000e+00,2.580374783954646e+03,2.580374783954646e+03,-1.819842773125999e+03,9.670537428899711e-01,1.000000000000000e+03,1.000000000000000e+00,
7.506092814868589e-08,0.000000000000000e+00,-7.508146981298629e-08,2.271081610587530e+03,2.271081610549999e+03,5.676873705469919e+02,7.506092814868589e-08,0.000000000000000e+00,-1.000000000000000e+03,1.514054407033333e+03,3.753063684772591e-08,1.833530549999057e+05,5.451641555191211e-06,7.984161516697799e+08,0.000000000000000e+00,-9.241859015102217e-12,3.025650850001859e+10,3.025650850001859e+10,-7.124586069720958e+00,7.506092814868589e-08,1.000000000000000e+00,0.000000000000000e+00,-1.000004600492895e+00,9.998712456354054e-01,-8.933788039083342e-01,7.506111404353194e-08,1.000000000000000e+03,1.000000000000000e+00,
7.509418770994151e-08,0.000000000000000e+00,-7.695703700103247e-08,2.273574500394166e+03,2.273574500356630e+03,5.680587945209711e+02,7.509418770994151e-08,0.000000000000000e+00,-1.000000000000000e+03,1.515716333571087e+03,3.647394062482692e-08,1.834130269036169e+05,4.829560303193196e-06,7.984352710147725e+08,0.000000000000000e+00,-1.830182723232404e-09,3.027630459415220e+10,3.027630459415221e+10,-7.124393676087514e+00,7.509418770994151e-08,1.000000000000000e+00,0.000000000000000e+00,-9.998516711134301e-01,9.479039746381499e-01,-8.302556023053592e-01,7.508304907269062e-08,1.000000000000000e+03,1.000000000000000e+00,
8.163377419128753e-08,0.000000000000000e+00,-7.775874962620735e-08,2.858196428658065e+03,2.858196428621683e+03,6.569202031095235e+02,8.163377419128753e-08,0.000000000000000e+00,-1.000000000000000e+03,1.905464285747789e+03,4.550441756282625e-11,1.972376609165610e+05,6.678880821583237e-08,8.032145423787591e+08,0.000000000000000e+00,-5.848637734003850e-08,3.501242539545266e+10,3.501242539545265e+10,-7.088130124209161e+00,8.163377419128753e-08,1.000000000000000e+00,0.000000000000000e+00,-9.441099543481787e-01,2.349260786278247e-02,-6.649737176133536e-01,3.873934969554011e-09,1.000000000000000e+03,1.000000000000000e+00,
2.332224529493493e-07,0.000000000000000e+00,8.261081604272423e-08,2.620788769140859e+04,2.620788769139396e+04,1.553445994338374e+03,2.332224529493493e-07,0.000000000000000e+00,-1.000000000000000e+03,1.747192512759597e+04,1.463098179643741e-08,3.033064277152962e+05,1.002436745920133e-06,7.217066420309230e+08,0.000000000000000e+00,-4.138765138079210e-04,8.279531018407274e+10,8.279531018407275e+10,-6.632229641208894e+00,2.332224529493493e-07,1.000000000000000e+00,0.000000000000000e+00,3.542146778666522e-01,3.542146778666522e-01,1.114856747047767e-01,8.261081604272423e-08,1.000000000000000e+03,1.000000000000000e+00,
3.055655275287393e-06,0.000000000000000e+00,7.972365278285863e-03,2.526883047799319e+05,2.526779046198346e+05,1.505729928251990e+03,3.055655275287393e-06,0.000000000000000e+00,-1.000000000000000e+03,1.684519364132231e+05,1.040016009731990e+01,2.986118757568106e+05,8.607412798086031e-03,6.346976348930919e+08,0.000000000000000e+00,-6.471864460137340e-07,8.025214710870079e+10,8.025214710870079e+10,-5.514895642401664e+00,3.055655275287393e-06,1.000000000000000e+00,0.000000000000000e+00,2.607534457755768e+03,2.607534457755768e+03,-1.167694596673789e+03,7.972365278285863e-03,1.000000000000000e+03,1.000000000000000e+00,
3.374748136888112e-05,0.000000000000000e+00,8.893678969928941e-02,2.708110939313817e+06,2.707993749048926e+06,1.501482532091594e+03,3.374748136888112e-05,0.000000000000000e+00,-1.000000000000000e+03,1.805329166032618e+06,1.171902648905422e+02,2.981904128494245e+05,8.712817066303615e-03,5.492458378171149e+08,0.000000000000000e+00,1.323106570536083e-07,8.002577008377924e+10,8.002577008377922e+10,-4.471758633748895e+00,3.374748136888112e-05,1.000000000000000e+00,0.000000000000000e+00,2.598078518082587e+03,2.598078518082587e+03,-1.829928731143987e+03,8.893678969928941e-02,1.000000000000000e+03,1.000000000000000e+00,
3.722552670736304e-04,0.000000000000000e+00,9.670537428899711e-01,2.979119281034464e+07,2.978993669253469e+07,1.501475797357924e+03,3.722552670736304e-04,0.000000000000000e+00,-1.000000000000000e+03,1.985995779502313e+07,1.256117809949651e+03,2.981897440986324e+05,8.594212704210364e-03,4.654312316880264e+08,0.000000000000000e+00,-2.616047835762174e-07,8.002541113704706e+10,8.002541113704707e+10,-3.429159148660190e+00,3.722552670736304e-04,1.000000000000000e+00,0.000000000000000e+00,2.580374783954646e+03,2.580374783954646e+03,-2.142688443016845e+03,9.670537428899711e-01,1.000000000000000e+03,1.000000000000000e+00,
7.506092814868589e-08,0.000000000000000e+00,-7.508146981298629e-08,2.271081610587530e+03,2.271081610549999e+03,5.676873705469919e+02,7.506092814868589e-08,0.000000000000000e+00,-1.000000000000000e+03,1.514054407033333e+03,3.753063684772591e-08,1.833530549999057e+05,5.451641555191211e-06,7.984161516697799e+08,0.000000000000000e+00,-9.241859015102217e-12,3.025650850001859e+10,3.025650850001859e+10,-7.124586069720958e+00,7.506092814868589e-08,1.000000000000000e+00,0.000000000000000e+00,-1.000004600492895e+00,9.998712456354054e-01,-9.695851738745135e-01,7.506111404353194e-08,1.000000000000000e+03,1.000000000000000e+00,
7.509418770994151e-08,0.000000000000000e+00,-7.695703700103247e-08,2.273574500394166e+03,2.273574500356630e+03,5.680587945209711e+02,7.509418770994151e-08,0.000000000000000e+00,-1.000000000000000e+03,1.515716333571087e+03,3.647394062482692e-08,1.834130269036169e+05,4.829560303193196e-06,7.984352710147725e+08,0.000000000000000e+00,-1.830182723232404e-09,3.027630459415220e+10,3.027630459415221e+10,-7.124393676087514e+00,7.509418770994151e-08,1.000000000000000e+00,0.000000000000000e+00,-9.998516711134301e-01,9.479039746381499e-01,-9.475483282750017e-01,7.508304907269062e-08,1.000000000000000e+03,1.000000000000000e+00,
8.163377419128753e-08,0.000000000000000e+00,-7.775874962620735e-08,2.858196428658065e+03,2.858196428621683e+03,6.569202031095235e+02,8.163377419128753e-08,0.000000000000000e+00,-1.000000000000000e+03,1.905464285747789e+03,4.550441756282625e-11,1.972376609165610e+05,6.678880821583237e-08,8.032145423787591e+08,0.000000000000000e+00,-5.848637734003850e-08,3.501242539545266e+10,3.501242539545265e+10,-7.088130124209161e+00,8.163377419128753e-08,1.000000000000000e+00,0.000000000000000e+00,-9.441099543481787e-01,2.349260786278247e-02,-8.424460822124785e-01,3.873934969554011e-09,1.000000000000000e+03,1.000000000000000e+00,
2.332224529493493e-07,0.000000000000000e+00,8.261081604272423e-08,2.620788769140859e+04,2.620788769139396e+04,1.553445994338374e+03,2.332224529493493e-07,0.000000000000000e+00,-1.000000000000000e+03,1.747192512759597e+04,1.463098179643741e-08,3.033064277152962e+05,1.002436745920133e-06,7.217066420309230e+08,0.000000000000000e+00,-4.138765138079210e-04,8.279531018407274e+10,8.279531018407275e+10,-6.632229641208894e+00,2.332224529493493e-07,1.000000000000000e+00,0.000000000000000e+00,3.542146778666522e-01,3.542146778666522e-01,1.579120636408022e-01,8.261081604272423e-08,1.000000000000000e+03,1.000000000000000e+00,
3.055655275287393e-06,0.000000000000000e+00,7.972365278285863e-03,2.526883047799319e+05,2.526779046198346e+05,1.505729928251990e+03,3.055655275287393e-06,0.000000000000000e+00,-1.000000000000000e+03,1.684519364132231e+05,1.040016009731990e+01,2.986118757568106e+05,8.607412798086031e-03,6.346976348930919e+08,0.000000000000000e+00,-6.471864460137340e-07,8.025214710870079e+10,8.025214710870079e+10,-5.514895642401664e+00,3.055655275287393e-06,1.000000000000000e+00,0.000000000000000e+00,2.607534457755768e+03,2.607534457755768e+03,-1.849135914211409e+03,7.972365278285863e-03,1.000000000000000e+03,1.000000000000000e+00,
3.374748136888112e-05,0.000000000000000e+00,8.893678969928941e-02,2.708110939313817e+06,2.707993749048926e+06,1.501482532091594e+03,3.374748136888112e-05,0.000000000000000e+00,-1.000000000000000e+03,1.805329166032618e+06,1.171902648905422e+02,2.981904128494245e+05,8.712817066303615e-03,5.492458378171149e+08,0.000000000000000e+00,1.323106570536083e-07,8.002577008377924e+10,8.002577008377922e+10,-4.471758633748895e+00,3.374748136888112e-05,1.000000000000000e+00,0.000000000000000e+00,2.598078518082587e+03,2.598078518082587e+03,-2.318311610590106e+03,8.893678969928941e-02,1.000000000000000e+03,1.000000000000000e+00,
3.722552670736304e-04,0.000000000000000e+00,9.670537428899711e-01,2.979119281034464e+07,2.978993669253469e+07,1.501475797357924e+03,3.722552670736304e-04,0.000000000000000e+00,-1.000000000000000e+03,1.985995779502313e+07,1.256117809949651e+03,2.981897440986324e+05,8.594212704210364e-03,4.654312316880264e+08,0.000000000000000e+00,-2.616047835762174e-07,8.002541113704706e+10,8.002541113704707e+10,-3.429159148660190e+00,3.722552670736304e-04,1.000000000000000e+00,0.000000000000000e+00,2.580374783954646e+03,2.580374783954646e+03,-2.445392535211168e+03,9.670537428899711e-01,1.000000000000000e+03,1.000000000000000e+00,
7.506092814868589e-08,0.000000000000000e+00,-7.508146981298629e-08,2.271081610587530e+03,2.271081610549999e+03,5.676873705469919e+02,7.506092814868589e-08,0.000000000000000e+00,-1.000000000000000e+03,1.514054407033333e+03,3.753063684772591e-08,1.833530549999057e+05,5.451641555191211e-06,7.984161516697799e+08,0.000000000000000e+00,-9.241859015102217e-12,3.025650850001859e+10,3.025650850001859e+10,-7.124586069720958e+00,7.506092814868589e-08,1.000000000000000e+00,0.000000000000000e+00,-1.000004600492895e+00,9.998712456354054e-01,-1.000002029545748e+00,7.506111404353194e-08,1.000000000000000e+03,1.000000000000000e+00,
7.509418770994151e-08,0.000000000000000e+00,-7.695703700103247e-08,2.273574500394166e+03,2.273574500356630e+03,5.680587945209711e+02,7.509418770994151e-08,0.000000000000000e+00,-1.000000000000000e+03,1.515716333571087e+03,3.647394062482692e-08,1.834130269036169e+05,4.829560303193196e-06,7.984352710147725e+08,0.000000000000000e+00,-1.830182723232404e-09,3.027630459415220e+10,3.027630459415221e+10,-7.124393676087514e+00,7.509418770994151e-08,1.000000000000000e+00,0.000000000000000e+00,-9.998516711134301e-01,9.479039746381499e-01,-9.998482630645682e-01,7.508304907269062e-08,1.000000000000000e+03,1.000000000000000e+00,
8.163377419128753e-08,0.000000000000000e+00,-7.775874962620735e-08,2.858196428658065e+03,2.858196428621683e+03,6.569202031095235e+02,8.163377419128753e-08,0.000000000000000e+00,-1.000000000000000e+03,1.905464285747789e+03,4.550441756282625e-11,1.972376609165610e+05,6.678880821583237e-08,8.032145423787591e+08,0.000000000000000e+00,-5.848637734003850e-08,3.501242539545266e+10,3.501242539545265e+10,-7.088130124209161e+00,8.163377419128753e-08,1.000000000000000e+00,0.000000000000000e+00,-9.441099543481787e-01,2.349260786278247e-02,-9.441026948397965e-01,3.873934969554011e-09,1.000000000000000e+03,1.000000000000000e+00,
2.332224529493493e-07,0.000000000000000e+00,8.261081604272423e-08,2.620788769140859e+04,2.620788769139396e+04,1.553445994338374e+03,2.332224529493493e-07,0.000000000000000e+00,-1.000000000000000e+03,1.747192512759597e+04,1.463098179643741e-08,3.033064277152962e+05,1.002436745920133e-06,7.217066420309230e+08,0.000000000000000e+00,-4.138765138079210e-04,8.279531018407274e+10,8.279531018407275e+10,-6.632229641208894e+00,2.332224529493493e-07,1.000000000000000e+00,0.000000000000000e+00,3.542146778666522e-01,3.542146778666522e-01,2.504676007153183e-01,8.261081604272423e-08,1.000000000000000e+03,1.000000000000000e+00,
3.055655275287393e-06,0.000000000000000e+00,7.972365278285863e-03,2.526883047799319e+05,2.526779046198346e+05,1.505729928251990e+03,3.055655275287393e-06,0.000000000000000e+00,-1.000000000000000e+03,1.684519364132231e+05,1.040016009731990e+01,2.986118757568106e+05,8.607412798086031e-03,6.346976348930919e+08,0.000000000000000e+00,-6.471864460137340e-07,8.025214710870079e+10,8.025214710870079e+10,-5.514895642401664e+00,3.055655275287393e-06,1.000000000000000e+00,0.000000000000000e+00,2.607534457755768e+03,2.607534457755768e+03,-2.639110701708810e+03,7.972365278285863e-03,1.000000000000000e+03,1.000000000000000e+00,
3.374748136888112e-05,0.000000000000000e+00,8.893678969928941e-02,2.708110939313817e+06,2.707993749048926e+06,1.501482532091594e+03,3.374748136888112e-05,0.000000000000000e+00,-1.000000000000000e+03,1.805329166032618e+06,1.171902648905422e+02,2.981904128494245e+05,8.712817066303615e-03,5.492458378171149e+08,0.000000000000000e+00,1.323106570536083e-07,8.002577008377924e+10,8.002577008377922e+10,-4.471758633748895e+00,3.374748136888112e-05,1.000000000000000e+00,0.000000000000000e+00,2.598078518082587e+03,2.598078518082587e+03,-2.635281626759193e+03,8.893678969928941e-02,1.000000000000000e+03,1.000000000000000e+00,
3.722552670736304e-04,0.000000000000000e+00,9.670537428899711e-01,2.979119281034464e+07,2.978993669253469e+07,1.501475797357924e+03,3.722552670736304e-04,0.000000000000000e+00,-1.000000000000000e+03,1.985995779502313e+07,1.256117809949651e+03,2.981897440986324e+05,8.594212704210364e-03,4.654312316880264e+08,0.000000000000000e+00,-2.616047835762174e-07,8.002541113704706e+10,8.002541113704707e+10,-3.429159148660190e+00,3.722552670736304e-04,1.000000000000000e+00,0.000000000000000e+00,2.580374783954646e+03,2.580374783954646e+03,-2.599129492774550e+03,9.670537428899711e-01,1.000000000000000e+03,1.000000000000000e+00,
7.506092814868589e-08,0.000000000000000e+00,-7.508146981298629e-08,2.271081610587530e+03,2.271081610549999e+03,5.676873705469919e+02,7.506092814868589e-08,0.000000000000000e+00,-1.000000000000000e+03,1.514054407033333e+03,3.753063684772591e-08,1.833530549999057e+05,5.451641555191211e-06,7.984161516697799e+08,0.000000000000000e+00,-9.241859015102217e-12,3.025650850001859e+10,3.025650850001859e+10,-7.124586069720958e+00,7.506092814868589e-08,1.000000000000000e+00,0.000000000000000e+00,-1.000004600492895e+00,9.998712456354054e-01,-1.000002029545748e+00,7.506111404353194e-08,1.000000000000000e+03,1.000000000000000e+00,
7.509418770994151e-08,0.000000000000000e+00,-7.695703700103247e-08,2.273574500394166e+03,2.273574500356630e+03,5.680587945209711e+02,7.509418770994151e-08,0.000000000000000e+00,-1.000000000000000e+03,1.515716333571087e+03,3.647394062482692e-08,1.834130269036169e+05,4.829560303193196e-06,7.984352710147725e+08,0.000000000000000e+00,-1.830182723232404e-09,3.027630459415220e+10,3.027630459415221e+10,-7.124393676087514e+00,7.509418770994151e-08,1.000000000000000e+00,0.000000000000000e+00,-9.998516711134301e-01,9.479039746381499e-01,-9.998482630645682e-01,7.508304907269062e-08,1.000000000000000e+03,1.000000000000000e+00,
8.163377419128753e-08,0.000000000000000e+00,-7.775874962620735e-08,2.858196428658065e+03,2.858196428621683e+03,6.569202031095235e+02,8.163377419128753e-08,0.000000000000000e+00,-1.000000000000000e+03,1.905464285747789e+03,4.550441756282625e-11,1.972376609165610e+05,6.678880821583237e-08,8.032145423787591e+08,0.000000000000000e+00,-5.848637734003850e-08,3.501242539545266e+10,3.501242539545265e+10,-7.088130124209161e+00,8.163377419128753e-08,1.000000000000000e+00,0.000000000000000e+00,-9.441099543481787e-01,2.349260786278247e-02,-9.441026948397965e-01,3.873934969554011e-09,1.000000000000000e+03,1.000000000000000e+00,
2.332224529493493e-07,0.000000000000000e+00,8.261081604272423e-08,2.620788769140859e+04,2.620788769139396e+04,1.553445994338374e+03,2.332224529493493e-07,0.000000000000000e+00,-1.000000000000000e+03,1.747192512759597e+04,1.463098179643741e-08,3.033064277152962e+05,1.002436745920133e-06,7.217066420309230e+08,0.000000000000000e+00,-4.138765138079210e-04,8.279531018407274e+10,8.279531018407275e+10,-6.632229641208894e+00,2.332224529493493e-07,1.000000000000000e+00,0.000000000000000e+00,3.542146778666522e-01,3.542146778666522e-01,2.504676007153183e-01,8.261081604272423e-08,1.000000000000000e+03,1.000000000000000e+00,
3.055655275287393e-06,0.000000000000000e+00,7.972365278285863e-03,2.526883047799319e+05,2.526779046198346e+05,1.505729928251990e+03,3.055655275287393e-06,0.000000000000000e+00,-1.000000000000000e+03,1.684519364132231e+05,1.040016009731990e+01,2.986118757568106e+05,8.607412798086031e-03,6.346976348930919e+08,0.000000000000000e+00,-6.471864460137340e-07,8.025214710870079e+10,8.025214710870079e+10,-5.514895642401664e+00,3.055655275287393e-06,1.000000000000000e+00,0.000000000000000e+00,2.607534457755768e+03,2.607534457755768e+03,-2.639110701708810e+03,7.972365278285863e-03,1.000000000000000e+03,1.000000000000000e+00,
3.374748136888112e-05,0.000000000000000e+00,8.893678969928941e-02,2.708110939313817e+06,2.707993749048926e+06,1.501482532091594e+03,3.374748136888112e-05,0.000000000000000e+00,-1.000000000000000e+03,1.805329166032618e+06,1.171902648905422e+02,2.981904128494245e+05,8.712817066303615e-03,5.492458378171149e+08,0.000000000000000e+00,1.323106570536083e-07,8.002577008377924e+10,8.002577008377922e+10,-4.471758633748895e+00,3.374748136888112e-05,1.000000000000000e+00,0.000000000000000e+00,2.598078518082587e+03,2.598078518082587e+03,-2.635281626759193e+03,8.893678969928941e-02,1.000000000000000e+03,1.000000000000000e+00,
3.722552670736304e-04,0.000000000000000e+00,9.670537428899711e-01,2.979119281034464e+07,2.978993669253469e+07,1.501475797357924e+03,3.722552670736304e-04,0.000000000000000e+00,-1.000000000000000e+03,1.985995779502313e+07,1.256117809949651e+03,2.981897440986324e+05,8.594212704210364e-03,4.654312316880264e+08,0.000000000000000e+00,-2.616047835762174e-07,8.002541113704706e+10,8.002541113704707e+10,-3.429159148660190e+00,3.722552670736304e-04,1.000000000000000e+00,0.000000000000000e+00,2.580374783954646e+03,2.580374783954646e+03,-2.599129492774550e+03,9.670537428899711e-01,1.000000000000000e+03,1.000000000000000e+00,
7.506092814868589e-08,0.000000000000000e+00,-7.508146981298629e-08,2.271081610587530e+03,2.271081610549999e+03,5.676873705469919e+02,7.506092814868589e-08,0.000000000000000e+00,-1.000000000000000e+03,1.514054407033333e+03,3.753063684772591e-08,1.833530549999057e+05,5.451641555191211e-06,7.984161516697799e+08,0.000000000000000e+00,-9.241859015102217e-12,3.025650850001859e+10,3.025650850001859e+10,-7.124586069720958e+00,7.506092814868589e-08,1.000000000000000e+00,0.000000000000000e+00,-1.000004600492895e+00,9.998712456354054e-01,-9.695851738745135e-01,7.506111404353194e-08,1.000000000000000e+03,1.000000000000000e+00,
7.509418770994151e-08,0.000000000000000e+00,-7.695703700103247e-08,2.273574500394166e+03,2.273574500356630e+03,5.680587945209711e+02,7.509418770994151e-08,0.000000000000000e+00,-1.000000000000000e+03,1.515716333571087e+03,3.647394062482692e-08,1.834130269036169e+05,4.829560303193196e-06,7.984352710147725e+08,0.000000000000000e+00,-1.830182723232404e-09,3.027630459415220e+10,3.027630459415221e+10,-7.124393676087514e+00,7.509418770994151e-08,1.000000000000000e+00,0.000000000000000e+00,-9.998516711134301e-01,9.479039746381499e-01,-9.475483282750017e-01,7.508304907269062e-08,1.000000000000000e+03,1.000000000000000e+00,
8.163377419128753e-08,0.000000000000000e+00,-7.775874962620735e-08,2.858196428658065e+03,2.858196428621683e+03,6.569202031095235e+02,8.163377419128753e-08,0.000000000000000e+00,-1.000000000000000e+03,1.905464285747789e+03,4.550441756282625e-11,1.972376609165610e+05,6.678880821583237e-08,8.032145423787591e+08,0.000000000000000e+00,-5.848637734003850e-08,3.501242539545266e+10,3.501242539545265e+10,-7.088130124209161e+00,8.163377419128753e-08,1.000000000000000e+00,0.000000000000000e+00,-9.441099543481787e-01,2.349260786278247e-02,-8.424460822124785e-01,3.873934969554011e-09,1.000000000000000e+03,1.000000000000000e+00,
2.332224529493493e-07,0.000000000000000e+00,8.261081604272423e-08,2.620788769140859e+04,2.620788769139396e+04,1.553445994338374e+03,2.332224529493493e-07,0.000000000000000e+00,-1.000000000000000e+03,1.747192512759597e+04,1.463098179643741e-08,3.033064277152962e+05,1.002436745920133e-06,7.217066420309230e+08,0.000000000000000e+00,-4.138765138079210e-04,8.279531018407274e+10,8.279531018407275e+10,-6.632229641208894e+00,2.332224529493493e-07,1.000000000000000e+00,0.000000000000000e+00,3.542146778666522e-01,3.542146778666522e-01,1.579120636408022e-01,8.261081604272423e-08,1.000000000000000e+03,1.000000000000000e+00,
3.055655275287393e-06,0.000000000000000e+00,7.972365278285863e-03,2.526883047799319e+05,2.526779046198346e+05,1.505729928251990e+03,3.055655275287393e-06,0.000000000000000e+00,-1.000000000000000e+03,1.684519364132231e+05,1.040016009731990e+01,2.986118757568106e+05,8.607412798086031e-03,6.346976348930919e+08,0.000000000000000e+00,-6.471864460137340e-07,8.025214710870079e+10,8.025214710870079e+10,-5.514895642401664e+00,3.055655275287393e-06,1.000000000000000e+00,0.000000000000000e+00,2.607534457755768e+03,2.607534457755768e+03,-1.849135914211409e+03,7.972365278285863e-03,1.000000000000000e+03,1.000000000000000e+00,
3.374748136888112e-05,0.000000000000000e+00,8.893678969928941e-02,2.708110939313817e+06,2.707993749048926e+06,1.501482532091594e+03,3.374748136888112e-05,0.000000000000000e+00,-1.000000000000000e+03,1.805329166032618e+06,1.171902648905422e+02,2.981904128494245e+05,8.712817066303615e-03,5.492458378171149e+08,0.000000000000000e+00,1.323106570536083e-07,8.002577008377924e+10,8.002577008377922e+10,-4.471758633748895e+00,3.374748136888112e-05,1.000000000000000e+00,0.000000000000000e+00,2.598078518082587e+03,2.598078518082587e+03,-2.318311610590106e+03,8.893678969928941e-02,1.000000000000000e+03,1.000000000000000e+00,
3.722552670736304e-04,0.000000000000000e+00,9.670537428899711e-01,2.979119281034464e+07,2.978993669253469e+07,1.501475797357924e+03,3.722552670736304e-04,0.000000000000000e+00,-1.000000000000000e+03,1.985995779502313e+07,1.256117809949651e+03,2.981897440986324e+05,8.594212704210364e-03,4.654312316880264e+08,0.000000000000000e+00,-2.616047835762174e-07,8.002541113704706e+10,8.002541113704707e+10,-3.429159148660190e+00,3.722552670736304e-04,1.000000000000000e+00,0.000000000000000e+00,2.580374783954646e+03,2.580374783954646e+03,-2.445392535211168e+03,9.670537428899711e-01,1.000000000000000e+03,1.000000000000000e+00,
7.506092814868589e-08,0.000000000000000e+00,-7.508146981298629e-08,2.271081610587530e+03,2.271081610549999e+03,5.676873705469919e+02,7.506092814868589e-08,0.000000000000000e+00,-1.000000000000000e+03,1.514054407033333e+03,3.753063684772591e-08,1.833530549999057e+05,5.451641555191211e-06,7.984161516697799e+08,0.000000000000000e+00,-9.241859015102217e-12,3.025650850001859e+10,3.025650850001859e+10,-7.124586069720958e+00,7.506092814868589e-08,1.000000000000000e+00,0.000000000000000e+00,-1.000004600492895e+00,9.998712456354054e-01,-8.933788039083342e-01,7.506111404353194e-08,1.000000000000000e+03,1.000000000000000e+00,
7.509418770994151e-08,0.000000000000000e+00,-7.695703700103247e-08,2.273574500394166e+03,2.273574500356630e+03,5.680587945209711e+02,7.509418770994151e-08,0.000000000000000e+00,-1.000000000000000e+03,1.515716333571087e+03,3.647394062482692e-08,1.834130269036169e+05,4.829560303193196e-06,7.984352710147725e+08,0.000000000000000e+00,-1.830182723232404e-09,3.027630459415220e+10,3.027630459415221e+10,-7.124393676087514e+00,7.509418770994151e-08,1.000000000000000e+00,0.000000000000000e+00,-9.998516711134301e-01,9.479039746381499e-01,-8.302556023053592e-01,7.508304907269062e-08,1.000000000000000e+03,1.000000000000000e+00,
8.163377419128753e-08,0.000000000000000e+00,-7.775874962620735e-08,2.858196428658065e+03,2.858196428621683e+03,6.569202031095235e+02,8.163377419128753e-08,0.000000000000000e+00,-1.000000000000000e+03,1.905464285747789e+03,4.550441756282625e-11,1.972376609165610e+05,6.678880821583237e-08,8.032145423787591e+08,0.000000000000000e+00,-5.848637734003850e-08,3.501242539545266e+10,3.501242539545265e+10,-7.088130124209161e+00,8.163377419128753e-08,1.000000000000000e+00,0.000000000000000e+00,-9.441099543481787e-01,2.349260786278247e-02,-6.649737176133536e-01,3.873934969554011e-09,1.000000000000000e+03,1.000000000000000e+00,
2.332224529493493e-07,0.000000000000000e+00,8.261081604272423e-08,2.620788769140859e+04,2.620788769139396e+04,1.553445994338374e+03,2.332224529493493e-07,0.000000000000000e+00,-1.000000000000000e+03,1.747192512759597e+04,1.463098179643741e-08,3.033064277152962e+05,1.002436745920133e-06,7.217066420309230e+08,0.000000000000000e+00,-4.138765138079210e-04,8.279531018407274e+10,8.279531018407275e+10,-6.632229641208894e+00,2.332224529493493e-07,1.000000000000000e+00,0.000000000000000e+00,3.542146778666522e-01,3.542146778666522e-01,1.114856747047767e-01,8.261081604272423e-08,1.000000000000000e+03,1.000000000000000e+00,
3.055655275287393e-06,0.000000000000000e+00,7.972365278285863e-03,2.526883047799319e+05,2.526779046198346e+05,1.505729928251990e+03,3.055655275287393e-06,0.000000000000000e+00,-1.000000000000000e+03,1.684519364132231e+05,1.040016009731990e+01,2.986118757568106e+05,8.607412798086031e-03,6.346976348930919e+08,0.000000000000000e+00,-6.471864460137340e-07,8.025214710870079e+10,8.025214710870079e+10,-5.514895642401664e+00,3.055655275287393e-06,1.000000000000000e+00,0.000000000000000e+00,2.607534457755768e+03,2.607534457755768e+03,-1.167694596673789e+03,7.972365278285863e-03,1.000000000000000e+03,1.000000000000000e+00,
3.374748136888112e-05,0.000000000000000e+00,8.893678969928941e-02,2.708110939313817e+06,2.707993749048926e+06,1.501482532091594e+03,3.374748136888112e-05,0.000000000000000e+00,-1.000000000000000e+03,1.805329166032618e+06,1.171902648905422e+02,2.981904128494245e+05,8.712817066303615e-03,5.492458378171149e+08,0.000000000000000e+00,1.323106570536083e-07,8.002577008377924e+10,8.002577008377922e+10,-4.471758633748895e+00,3.374748136888112e-05,1.000000000000000e+00,0.000000000000000e+00,2.598078518082587e+03,2.598078518082587e+03,-1.829928731143987e+03,8.893678969928941e-02,1.000000000000000e+03,1.000000000000000e+00,
3.722552670736304e-04,0.000000000000000e+00,9.670537428899711e-01,2.979119281034464e+07,2.978993669253469e+07,1.501475797357924e+03,3.722552670736304e-04,0.000000000000000e+00,-1.000000000000000e+03,1.985995779502313e+07,1.256117809949651e+03,2.981897440986324e+05,8.594212704210364e-03,4.654312316880264e+08,0.000000000000000e+00,-2.616047835762174e-07,8.002541113704706e+10,8.002541113704707e+10,-3.429159148660190e+00,3.722552670736304e-04,1.000000000000000e+00,0.000000000000000e+00,2.580374783954646e+03,2.580374783954646e+03,-2.142688443016845e+03,9.670537428899711e-01,1.000000000000000e+03,1.000000000000000e+00,

64,28
2.694084325310358e-02,0.000000000000000e+00,6.940918510524278e+01,2.659457819772680e+09,2.659368408410688e+09,1.854590695546095e+03,2.694084325310358e-02,0.000000000000000e+00,-1.000000000000000e+03,1.772912272273792e+09,8.941136199251792e+04,3.314038676562976e+05,8.589237248952187e-03,4.642114601289179e+08,2.500000000000000e-07,6.438456175544151e-04,9.884567114779747e+10,9.884567114779747e+10,-1.569588814907083e+00,2.694084325310358e-02,1.000000000000000e+00,0.000000000000000e+00,2.580238993785814e+03,2.580238993785814e+03,-1.552656508849489e+03,6.940918510524278e+01,1.000000000000000e+03,1.000000000000000e+00,
2.694084325310358e-02,0.000000000000000e+00,6.940918510524278e+01,2.659457819772680e+09,2.659368408410688e+09,1.854590695546095e+03,2.694084325310358e-02,0.000000000000000e+00,-1.000000000000000e+03,1.772912272273792e+09,8.941136199251792e+04,3.314038676562976e+05,8.589237248952187e-03,4.642114601289179e+08,2.500000000000000e-07,6.438456175544151e-04,9.884567114779747e+10,9.884567114779747e+10,-1.569588814907083e+00,2.694084325310358e-02,1.000000000000000e+00,0.000000000000000e+00,2.580238993785814e+03,2.580238993785814e+03,-1.552656508849489e+03,6.940918510524278e+01,1.000000000000000e+03,1.000000000000000e+00,
2.694084325310358e-02,0.000000000000000e+00,6.940918510524278e+01,2.659457819772680e+09,2.659368408410688e+09,1.854590695546095e+03,2.694084325310358e-02,0.000000000000000e+00,-1.000000000000000e+03,1.772912272273792e+09,8.941136199251792e+04,3.314038676562976e+05,8.589237248952187e-03,4.642114601289179e+08,2.500000000000000e-07,6.438456175544151e-04,9.884567114779747e+10,9.884567114779747e+10,-1.569588814907083e+00,2.694084325310358e-02,1.000000000000000e+00,0.000000000000000e+00,2.580238993785814e+03,2.580238993785814e+03,-1.829249600676988e+03,6.940918510524278e+01,1.000000000000000e+03,1.000000000000000e+00,
2.694084325310358e-02,0.000000000000000e+00,6.940918510524278e+01,2.659457819772680e+09,2.659368408410688e+09,1.854590695546095e+03,2.694084325310358e-02,0.000000000000000e+00,-1.000000000000000e+03,1.772912272273792e+09,8.941136199251792e+04,3.314038676562976e+05,8.589237248952187e-03,4.642114601289179e+08,2.500000000000000e-07,6.438456175544151e-04,9.884567114779747e+10,9.884567114779747e+10,-1.569588814907083e+00,2.694084325310358e-02,1.000000000000000e+00,0.000000000000000e+00,2.580238993785814e+03,2.580238993785814e+03,-2.151176989880996e+03,6.940918510524278e+01,1.000000000000000e+03,1.000000000000000e+00,
2.694084325310358e-02,0.000000000000000e+00,6.940918510524278e+01,2.659457819772680e+09,2.659368408410688e+09,1.854590695546095e+03,2.694084325310358e-02,0.000000000000000e+00,-1.000000000000000e+03,1.772912272273792e+09,8.941136199251792e+04,3.314038676562976e+05,8.589237248952187e-03,4.642114601289179e+08,2.500000000000000e-07,6.438456175544151e-04,9.884567114779747e+10,9.884567114779747e+10,-1.569588814907083e+00,2.694084325310358e-02,1.000000000000000e+00,0.000000000000000e+00,2.580238993785814e+03,2.580238993785814e+03,-2.450363555706330e+03,6.940918510524278e+01,1.000000000000000e+03,1.000000000000000e+00,
2.694084325310358e-02,0.000000000000000e+00,6.940918510524278e+01,2.659457819772680e+09,2.659368408410688e+09,1.854590695546095e+03,2.694084325310358e-02,0.000000000000000e+00,-1.000000000000000e+03,1.772912272273792e+09,8.941136199251792e+04,3.314038676562976e+05,8.589237248952187e-03,4.642114601289179e+08,2.500000000000000e-07,6.438456175544151e-04,9.884567114779747e+10,9.884567114779747e+10,-1.569588814907083e+00,2.694084325310358e-02,1.000000000000000e+00,0.000000000000000e+00,2.580238993785814e+03,2.580238993785814e+03,-2.450363555706330e+03,6.940918510524278e+01,1.000000000000000e+03,1.000000000000000e+00,
2.694084325310358e-02,0.000000000000000e+00,6.940918510524278e+01,2.659457819772680e+09,2.659368408410688e+09,1.854590695546095e+03,2.694084325310358e-02,0.000000000000000e+00,-1.000000000000000e+03,1.772912272273792e+09,8.941136199251792e+04,3.314038676562976e+05,8.589237248952187e-03,4.642114601289179e+08,2.500000000000000e-07,6.438456175544151e-04,9.884567114779747e+10,9.884567114779747e+10,-1.569588814907083e+00,2.694084325310358e-02,1.000000000000000e+00,0.000000000000000e+00,2.580238993785814e+03,2.580238993785814e+03,-2.151176989880996e+03,6.940918510524278e+01,1.000000000000000e+03,1.000000000000000e+00,
2.694084325310358e-02,0.000000000000000e+00,6.940918510524278e+01,2.659457819772680e+09,2.659368408410688e+09,1.854590695546095e+03,2.694084325310358e-02,0.000000000000000e+00,-1.000000000000000e+03,1.772912272273792e+09,8.941136199251792e+04,3.314038676562976e+05,8.589237248952187e-03,4.642114601289179e+08,2.500000000000000e-07,6.438456175544151e-04,9.884567114779747e+10,9.884567114779747e+10,-1.569588814907083e+00,2.694084325310358e-02,1.000000000000000e+00,0.000000000000000e+00,2.580238993785814e+03,2.580238993785814e+03,-1.829249600676988e+03,6.940918510524278e+01,1.000000000000000e+03,1.000000000000000e+00,
7.509113812476223e-08,0.000000000000000e+00,-7.506111404353194e-08,2.273341959396086e+03,2.273341959358550e+03,5.680237610401060e+02,7.509113812476223e-08,0.000000000000000e+00,-1.000000000000000e+03,1.515561306239034e+03,3.753590137302384e-08,1.834073710666650e+05,5.453977358010967e-06,7.984334268985670e+08,0.000000000000000e+00,8.566269960041950e-14,3.027443738542681e+10,3.027443738542682e+10,-7.124411313203635e+00,7.509113812476223e-08,1.000000000000000e+00,0.000000000000000e+00,-9.998712456354054e-01,1.000004600492895e+00,-6.016716285918313e-01,7.508146981298629e-08,1.000000000000000e+03,1.000000000000000e+00,
8.118653266583234e-08,0.000000000000000e+00,-7.508304907269062e-08,2.814751152247994e+03,2.814751152211520e+03,6.504987012145853e+02,8.118653266583234e-08,0.000000000000000e+00,-1.000000000000000e+03,1.876500768141013e+03,3.753597383635616e-08,1.962712783628392e+05,5.451366721289920e-06,8.028861856467191e+08,0.000000000000000e+00,-1.039072910241634e-11,3.467017323916480e+10,3.467017323916480e+10,-7.090516006152799e+00,8.118653266583234e-08,1.000000000000000e+00,0.000000000000000e+00,-9.479039746381499e-01,9.998516711134301e-01,-4.259030308352956e-01,7.695703700103247e-08,1.000000000000000e+03,1.000000000000000e+00,
2.242292273992523e-07,0.000000000000000e+00,6.144767291284159e-08,2.515925776191800e+04,2.515925776190959e+04,2.105212917212338e+03,2.242292273992523e-07,0.000000000000000e+00,-1.000000000000000e+03,1.677283850793973e+04,3.638187132541654e-08,3.530868531355562e+05,4.786661684999261e-06,8.453904020633739e+08,0.000000000000000e+00,1.666139171359328e-08,1.122032932714528e+11,1.122032932714528e+11,-6.649307779471113e+00,2.242292273992523e-07,1.000000000000000e+00,0.000000000000000e+00,2.740395336752005e-01,9.441099543481787e-01,8.706375209201189e-02,7.775874962620735e-08,1.000000000000000e+03,1.000000000000000e+00,
2.942992397152785e-06,0.000000000000000e+00,7.682528767325073e-03,2.436759958127564e+05,2.436659683916326e+05,2.135362125040877e+03,2.942992397152785e-06,0.000000000000000e+00,-1.000000000000000e+03,1.624439789277551e+05,1.002742112379865e+01,3.556061816930580e+05,8.606636102925086e-03,8.280666228490603e+08,0.000000000000000e+00,6.892133348623020e-07,1.138101808124846e+11,1.138101808124846e+11,-5.531210859843596e+00,2.942992397152785e-06,1.000000000000000e+00,0.000000000000000e+00,2.612799686751162e+03,2.612799686751162e+03,4.252269294890628e+02,7.682528767325073e-03,1.000000000000000e+03,1.000000000000000e+00,
3.250481329662920e-05,0.000000000000000e+00,8.567438768381182e-02,2.608693966326348e+06,2.608581058421940e+06,1.551505541966318e+03,3.250481329662920e-05,0.000000000000000e+00,-1.000000000000000e+03,1.739054038947960e+06,1.129079044080722e+02,3.031169342960874e+05,8.829812477026589e-03,7.203051918010223e+08,0.000000000000000e+00,5.798646036762421e-07,8.269188827135269e+10,8.269188827135271e+10,-4.488052324147699e+00,3.250481329662920e-05,1.000000000000000e+00,0.000000000000000e+00,2.639263264688485e+03,2.639263264688485e+03,-5.105768265601114e+00,8.567438768381182e-02,1.000000000000000e+03,1.000000000000000e+00,
3.585554833894235e-04,0.000000000000000e+00,9.315552989347790e-01,2.869488880290561e+07,2.869367867600032e+07,1.505555304385352e+03,3.585554833894235e-04,0.000000000000000e+00,-1.000000000000000e+03,1.912911911733355e+07,1.210126905284226e+03,2.985945598121239e+05,8.825883524517200e-03,6.333583818568461e+08,0.000000000000000e+00,3.713886351262090e-07,8.024284003445644e+10,8.024284003445644e+10,-3.445443631445462e+00,3.585554833894235e-04,1.000000000000000e+00,0.000000000000000e+00,2.635360805956289e+03,2.635360805956289e+03,-6.450499971645622e+02,9.315552989347790e-01,1.000000000000000e+03,1.000000000000000e+00,
3.872072345809096e-03,0.000000000000000e+00,9.991397842773909e+00,3.141645477035671e+08,3.141516569280421e+08,1.522251159869383e+03,3.872072345809096e-03,0.000000000000000e+00,-1.000000000000000e+03,2.094344379520280e+08,1.289077552497632e+04,3.002456272336037e+05,8.716119184157831e-03,5.479133805113587e+08,0.000000000000000e+00,3.712976752060513e-07,8.113269300561012e+10,8.113269300561014e+10,-2.412056536928686e+00,3.872072345809096e-03,1.000000000000000e+00,0.000000000000000e+00,2.599145951034093e+03,2.599145951034093e+03,-1.167229204314379e+03,9.991397842773909e+00,1.000000000000000e+03,1.000000000000000e+00,
7.509113812476223e-08,0.000000000000000e+00,-7.506111404353194e-08,2.273341959396086e+03,2.273341959358550e+03,5.680237610401060e+02,7.509113812476223e-08,0.000000000000000e+00,-1.000000000000000e+03,1.515561306239034e+03,3.753590137302384e-08,1.834073710666650e+05,5.453977358010967e-06,7.984334268985670e+08,0.000000000000000e+00,8.566269960041950e-14,3.027443738542681e+10,3.027443738542682e+10,-7.124411313203635e+00,7.509113812476223e-08,1.000000000000000e+00,0.000000000000000e+00,-9.998712456354054e-01,1.000004600492895e+00,-6.016716285918313e-01,7.508146981298629e-08,1.000000000000000e+03,1.000000000000000e+00,
8.118653266583234e-08,0.000000000000000e+00,-7.508304907269062e-08,2.814751152247994e+03,2.814751152211520e+03,6.504987012145853e+02,8.118653266583234e-08,0.000000000000000e+00,-1.000000000000000e+03,1.876500768141013e+03,3.753597383635616e-08,1.962712783628392e+05,5.451366721289920e-06,8.028861856467191e+08,0.000000000000000e+00,-1.039072910241634e-11,3.467017323916480e+10,3.467017323916480e+10,-7.090516006152799e+00,8.118653266583234e-08,1.000000000000000e+00,0.000000000000000e+00,-9.479039746381499e-01,9.998516711134301e-01,-4.259030308352956e-01,7.695703700103247e-08,1.000000000000000e+03,1.000000000000000e+00,
2.242292273992523e-07,0.000000000000000e+00,6.144767291284159e-08,2.515925776191800e+04,2.515925776190959e+04,2.105212917212338e+03,2.242292273992523e-07,0.000000000000000e+00,-1.000000000000000e+03,1.677283850793973e+04,3.638187132541654e-08,3.530868531355562e+05,4.786661684999261e-06,8.453904020633739e+08,0.000000000000000e+00,1.666139171359328e-08,1.122032932714528e+11,1.122032932714528e+11,-6.649307779471113e+00,2.242292273992523e-07,1.000000000000000e+00,0.000000000000000e+00,2.740395336752005e-01,9.441099543481787e-01,8.706375209201189e-02,7.775874962620735e-08,1.000000000000000e+03,1.000000000000000e+00,
2.942992397152785e-06,0.000000000000000e+00,7.682528767325073e-03,2.436759958127564e+05,2.436659683916326e+05,2.135362125040877e+03,2.942992397152785e-06,0.000000000000000e+00,-1.000000000000000e+03,1.624439789277551e+05,1.002742112379865e+01,3.556061816930580e+05,8.606636102925086e-03,8.280666228490603e+08,0.000000000000000e+00,6.892133348623020e-07,1.138101808124846e+11,1.138101808124846e+11,-5.531210859843596e+00,2.942992397152785e-06,1.000000000000000e+00,0.000000000000000e+00,2.612799686751162e+03,2.612799686751162e+03,4.252269294890628e+02,7.682528767325073e-03,1.000000000000000e+03,1.000000000000000e+00,
3.250481329662920e-05,0.000000000000000e+00,8.567438768381182e-02,2.608693966326348e+06,2.608581058421940e+06,1.551505541966318e+03,3.250481329662920e-05,0.000000000000000e+00,-1.000000000000000e+03,1.739054038947960e+06,1.129079044080722e+02,3.031169342960874e+05,8.829812477026589e-03,7.203051918010223e+08,0.000000000000000e+00,5.798646036762421e-07,8.269188827135269e+10,8.269188827135271e+10,-4.488052324147699e+00,3.250481329662920e-05,1.000000000000000e+00,0.000000000000000e+00,2.639263264688485e+03,2.639263264688485e+03,-5.105768265601114e+00,8.567438768381182e-02,1.000000000000000e+03,1.000000000000000e+00,
3.585554833894235e-04,0.000000000000000e+00,9.315552989347790e-01,2.869488880290561e+07,2.869367867600032e+07,1.505555304385352e+03,3.585554833894235e-04,0.000000000000000e+00,-1.000000000000000e+03,1.912911911733355e+07,1.210126905284226e+03,2.985945598121239e+05,8.825883524517200e-03,6.333583818568461e+08,0.000000000000000e+00,3.713886351262090e-07,8.024284003445644e+10,8.024284003445644e+10,-3.445443631445462e+00,3.585554833894235e-04,1.000000000000000e+00,0.000000000000000e+00,2.635360805956289e+03,2.635360805956289e+03,-6.450499971645622e+02,9.315552989347790e-01,1.000000000000000e+03,1.000000000000000e+00,
3.872072345809096e-03,0.000000000000000e+00,9.991397842773909e+00,3.141645477035671e+08,3.141516569280421e+08,1.522251159869383e+03,3.872072345809096e-03,0.000000000000000e+00,-1.000000000000000e+03,2.094344379520280e+08,1.289077552497632e+04,3.002456272336037e+05,8.716119184157831e-03,5.479133805113587e+08,0.000000000000000e+00,3.712976752060513e-07,8.113269300561012e+10,8.113269300561014e+10,-2.412056536928686e+00,3.872072345809096e-03,1.000000000000000e+00,0.000000000000000e+00,2.599145951034093e+03,2.599145951034093e+03,-1.167229204314379e+03,9.991397842773909e+00,1.000000000000000e+03,1.000000000000000e+00,
7.509113812476223e-08,0.000000000000000e+00,-7.506111404353194e-08,2.273341959396086e+03,2.273341959358550e+03,5.680237610401060e+02,7.509113812476223e-08,0.000000000000000e+00,-1.000000000000000e+03,1.515561306239034e+03,3.753590137302384e-08,1.834073710666650e+05,5.453977358010967e-06,7.984334268985670e+08,0.000000000000000e+00,8.566269960041950e-14,3.027443738542681e+10,3.027443738542682e+10,-7.124411313203635e+00,7.509113812476223e-08,1.000000000000000e+00,0.000000000000000e+00,-9.998712456354054e-01,1.000004600492895e+00,-7.088545213105923e-01,7.508146981298629e-08,1.000000000000000e+03,1.000000000000000e+00,
8.118653266583234e-08,0.000000000000000e+00,-7.508304907269062e-08,2.814751152247994e+03,2.814751152211520e+03,6.504987012145853e+02,8.118653266583234e-08,0.000000000000000e+00,-1.000000000000000e+03,1.876500768141013e+03,3.753597383635616e-08,1.962712783628392e+05,5.451366721289920e-06,8.028861856467191e+08,0.000000000000000e+00,-1.039072910241634e-11,3.467017323916480e+10,3.467017323916480e+10,-7.090516006152799e+00,8.118653266583234e-08,1.000000000000000e+00,0.000000000000000e+00,-9.479039746381499e-01,9.998516711134301e-01,-5.281714617413555e-01,7.695703700103247e-08,1.000000000000000e+03,1.000000000000000e+00,
2.242292273992523e-07,0.000000000000000e+00,6.144767291284159e-08,2.515925776191800e+04,2.515925776190959e+04,2.105212917212338e+03,2.242292273992523e-07,0.000000000000000e+00,-1.000000000000000e+03,1.677283850793973e+04,3.638187132541654e-08,3.530868531355562e+05,4.786661684999261e-06,8.453904020633739e+08,0.000000000000000e+00,1.666139171359328e-08,1.122032932714528e+11,1.122032932714528e+11,-6.649307779471113e+00,2.242292273992523e-07,1.000000000000000e+00,0.000000000000000e+00,2.740395336752005e-01,9.441099543481787e-01,1.229352515331044e-01,7.775874962620735e-08,1.000000000000000e+03,1.000000000000000e+00,
2.942992397152785e-06,0.000000000000000e+00,7.682528767325073e-03,2.436759958127564e+05,2.436659683916326e+05,2.135362125040877e+03,2.942992397152785e-06,0.000000000000000e+00,-1.000000000000000e+03,1.624439789277551e+05,1.002742112379865e+01,3.556061816930580e+05,8.606636102925086e-03,8.280666228490603e+08,0.000000000000000e+00,6.892133348623020e-07,1.138101808124846e+11,1.138101808124846e+11,-5.531210859843596e+00,2.942992397152785e-06,1.000000000000000e+00,0.000000000000000e+00,2.612799686751162e+03,2.612799686751162e+03,6.129344971823821e+02,7.682528767325073e-03,1.000000000000000e+03,1.000000000000000e+00,
3.250481329662920e-05,0.000000000000000e+00,8.567438768381182e-02,2.608693966326348e+06,2.608581058421940e+06,1.551505541966318e+03,3.250481329662920e-05,0.000000000000000e+00,-1.000000000000000e+03,1.739054038947960e+06,1.129079044080722e+02,3.031169342960874e+05,8.829812477026589e-03,7.203051918010223e+08,0.000000000000000e+00,5.798646036762421e-07,8.269188827135269e+10,8.269188827135271e+10,-4.488052324147699e+00,3.250481329662920e-05,1.000000000000000e+00,0.000000000000000e+00,2.639263264688485e+03,2.639263264688485e+03,-6.812124507777984e+00,8.567438768381182e-02,1.000000000000000e+03,1.000000000000000e+00,
3.585554833894235e-04,0.000000000000000e+00,9.315552989347790e-01,2.869488880290561e+07,2.869367867600032e+07,1.505555304385352e+03,3.585554833894235e-04,0.000000000000000e+00,-1.000000000000000e+03,1.912911911733355e+07,1.210126905284226e+03,2.985945598121239e+05,8.825883524517200e-03,6.333583818568461e+08,0.000000000000000e+00,3.713886351262090e-07,8.024284003445644e+10,8.024284003445644e+10,-3.445443631445462e+00,3.585554833894235e-04,1.000000000000000e+00,0.000000000000000e+00,2.635360805956289e+03,2.635360805956289e+03,-8.411952504870317e+02,9.315552989347790e-01,1.000000000000000e+03,1.000000000000000e+00,
3.872072345809096e-03,0.000000000000000e+00,9.991397842773909e+00,3.141645477035671e+08,3.141516569280421e+08,1.522251159869383e+03,3.872072345809096e-03,0.000000000000000e+00,-1.000000000000000e+03,2.094344379520280e+08,1.289077552497632e+04,3.002456272336037e+05,8.716119184157831e-03,5.479133805113587e+08,0.000000000000000e+00,3.712976752060513e-07,8.113269300561012e+10,8.113269300561014e+10,-2.412056536928686e+00,3.872072345809096e-03,1.000000000000000e+00,0.000000000000000e+00,2.599145951034093e+03,2.599145951034093e+03,-1.447505911899311e+03,9.991397842773909e+00,1.000000000000000e+03,1.000000000000000e+00,
7.509113812476223e-08,0.000000000000000e+00,-7.506111404353194e-08,2.273341959396086e+03,2.273341959358550e+03,5.680237610401060e+02,7.509113812476223e-08,0.000000000000000e+00,-1.000000000000000e+03,1.515561306239034e+03,3.753590137302384e-08,1.834073710666650e+05,5.453977358010967e-06,7.984334268985670e+08,0.000000000000000e+00,8.566269960041950e-14,3.027443738542681e+10,3.027443738542682e+10,-7.124411313203635e+00,7.509113812476223e-08,1.000000000000000e+00,0.000000000000000e+00,-9.998712456354054e-01,1.000004600492895e+00,-8.336049573836801e-01,7.508146981298629e-08,1.000000000000000e+03,1.000000000000000e+00,
8.118653266583234e-08,0.000000000000000e+00,-7.508304907269062e-08,2.814751152247994e+03,2.814751152211520e+03,6.504987012145853e+02,8.118653266583234e-08,0.000000000000000e+00,-1.000000000000000e+03,1.876500768141013e+03,3.753597383635616e-08,1.962712783628392e+05,5.451366721289920e-06,8.028861856467191e+08,0.000000000000000e+00,-1.039072910241634e-11,3.467017323916480e+10,3.467017323916480e+10,-7.090516006152799e+00,8.118653266583234e-08,1.000000000000000e+00,0.000000000000000e+00,-9.479039746381499e-01,9.998516711134301e-01,-6.728824342783216e-01,7.695703700103247e-08,1.000000000000000e+03,1.000000000000000e+00,
2.242292273992523e-07,0.000000000000000e+00,6.144767291284159e-08,2.515925776191800e+04,2.515925776190959e+04,2.105212917212338e+03,2.242292273992523e-07,0.000000000000000e+00,-1.000000000000000e+03,1.677283850793973e+04,3.638187132541654e-08,3.530868531355562e+05,4.786661684999261e-06,8.453904020633739e+08,0.000000000000000e+00,1.666139171359328e-08,1.122032932714528e+11,1.122032932714528e+11,-6.649307779471113e+00,2.242292273992523e-07,1.000000000000000e+00,0.000000000000000e+00,2.740395336752005e-01,9.441099543481787e-01,1.937752125749335e-01,7.775874962620735e-08,1.000000000000000e+03,1.000000000000000e+00,
2.942992397152785e-06,0.000000000000000e+00,7.682528767325073e-03,2.436759958127564e+05,2.436659683916326e+05,2.135362125040877e+03,2.942992397152785e-06,0.000000000000000e+00,-1.000000000000000e+03,1.624439789277551e+05,1.002742112379865e+01,3.556061816930580e+05,8.606636102925086e-03,8.280666228490603e+08,0.000000000000000e+00,6.892133348623020e-07,1.138101808124846e+11,1.138101808124846e+11,-5.531210859843596e+00,2.942992397152785e-06,1.000000000000000e+00,0.000000000000000e+00,2.612799686751162e+03,2.612799686751162e+03,1.053450977695627e+03,7.682528767325073e-03,1.000000000000000e+03,1.000000000000000e+00,
3.250481329662920e-05,0.000000000000000e+00,8.567438768381182e-02,2.608693966326348e+06,2.608581058421940e+06,1.551505541966318e+03,3.250481329662920e-05,0.000000000000000e+00,-1.000000000000000e+03,1.739054038947960e+06,1.129079044080722e+02,3.031169342960874e+05,8.829812477026589e-03,7.203051918010223e+08,0.000000000000000e+00,5.798646036762421e-07,8.269188827135269e+10,8.269188827135271e+10,-4.488052324147699e+00,3.250481329662920e-05,1.000000000000000e+00,0.000000000000000e+00,2.639263264688485e+03,2.639263264688485e+03,-1.023150007015307e+01,8.567438768381182e-02,1.000000000000000e+03,1.000000000000000e+00,
3.585554833894235e-04,0.000000000000000e+00,9.315552989347790e-01,2.869488880290561e+07,2.869367867600032e+07,1.505555304385352e+03,3.585554833894235e-04,0.000000000000000e+00,-1.000000000000000e+03,1.912911911733355e+07,1.210126905284226e+03,2.985945598121239e+05,8.825883524517200e-03,6.333583818568461e+08,0.000000000000000e+00,3.713886351262090e-07,8.024284003445644e+10,8.024284003445644e+10,-3.445443631445462e+00,3.585554833894235e-04,1.000000000000000e+00,0.000000000000000e+00,2.635360805956289e+03,2.635360805956289e+03,-1.189622448313502e+03,9.315552989347790e-01,1.000000000000000e+03,1.000000000000000e+00,
3.872072345809096e-03,0.000000000000000e+00,9.991397842773909e+00,3.141645477035671e+08,3.141516569280421e+08,1.522251159869383e+03,3.872072345809096e-03,0.000000000000000e+00,-1.000000000000000e+03,2.094344379520280e+08,1.289077552497632e+04,3.002456272336037e+05,8.716119184157831e-03,5.479133805113587e+08,0.000000000000000e+00,3.712976752060513e-07,8.113269300561012e+10,8.113269300561014e+10,-2.412056536928686e+00,3.872072345809096e-03,1.000000000000000e+00,0.000000000000000e+00,2.599145951034093e+03,2.599145951034093e+03,-1.844100585101352e+03,9.991397842773909e+00,1.000000000000000e+03,1.000000000000000e+00,
7.509113812476223e-08,0.000000000000000e+00,-7.506111404353194e-08,2.273341959396086e+03,2.273341959358550e+03,5.680237610401060e+02,7.509113812476223e-08,0.000000000000000e+00,-1.000000000000000e+03,1.515561306239034e+03,3.753590137302384e-08,1.834073710666650e+05,5.453977358010967e-06,7.984334268985670e+08,0.000000000000000e+00,8.566269960041950e-14,3.027443738542681e+10,3.027443738542682e+10,-7.124411313203635e+00,7.509113812476223e-08,1.000000000000000e+00,0.000000000000000e+00,-9.998712456354054e-01,1.000004600492895e+00,-9.495430720194241e-01,7.508146981298629e-08,1.000000000000000e+03,1.000000000000000e+00,
8.118653266583234e-08,0.000000000000000e+00,-7.508304907269062e-08,2.814751152247994e+03,2.814751152211520e+03,6.504987012145853e+02,8.118653266583234e-08,0.000000000000000e+00,-1.000000000000000e+03,1.876500768141013e+03,3.753597383635616e-08,1.962712783628392e+05,5.451366721289920e-06,8.028861856467191e+08,0.000000000000000e+00,-1.039072910241634e-11,3.467017323916480e+10,3.467017323916480e+10,-7.090516006152799e+00,8.118653266583234e-08,1.000000000000000e+00,0.000000000000000e+00,-9.479039746381499e-01,9.998516711134301e-01,-8.498057863958353e-01,7.695703700103247e-08,1.000000000000000e+03,1.000000000000000e+00,
2.242292273992523e-07,0.000000000000000e+00,6.144767291284159e-08,2.515925776191800e+04,2.515925776190959e+04,2.105212917212338e+03,2.242292273992523e-07,0.000000000000000e+00,-1.000000000000000e+03,1.677283850793973e+04,3.638187132541654e-08,3.530868531355562e+05,4.786661684999261e-06,8.453904020633739e+08,0.000000000000000e+00,1.666139171359328e-08,1.122032932714528e+11,1.122032932714528e+11,-6.649307779471113e+00,2.242292273992523e-07,1.000000000000000e+00,0.000000000000000e+00,2.740395336752005e-01,9.441099543481787e-01,2.740313001801132e-01,7.775874962620735e-08,1.000000000000000e+03,1.000000000000000e+00,
2.942992397152785e-06,0.000000000000000e+00,7.682528767325073e-03,2.436759958127564e+05,2.436659683916326e+05,2.135362125040877e+03,2.942992397152785e-06,0.000000000000000e+00,-1.000000000000000e+03,1.624439789277551e+05,1.002742112379865e+01,3.556061816930580e+05,8.606636102925086e-03,8.280666228490603e+08,0.000000000000000e+00,6.892133348623020e-07,1.138101808124846e+11,1.138101808124846e+11,-5.531210859843596e+00,2.942992397152785e-06,1.000000000000000e+00,0.000000000000000e+00,2.612799686751162e+03,2.612799686751162e+03,2.603605228298838e+03,7.682528767325073e-03,1.000000000000000e+03,1.000000000000000e+00,
3.250481329662920e-05,0.000000000000000e+00,8.567438768381182e-02,2.608693966326348e+06,2.608581058421940e+06,1.551505541966318e+03,3.250481329662920e-05,0.000000000000000e+00,-1.000000000000000e+03,1.739054038947960e+06,1.129079044080722e+02,3.031169342960874e+05,8.829812477026589e-03,7.203051918010223e+08,0.000000000000000e+00,5.798646036762421e-07,8.269188827135269e+10,8.269188827135271e+10,-4.488052324147699e+00,3.250481329662920e-05,1.000000000000000e+00,0.000000000000000e+00,2.639263264688485e+03,2.639263264688485e+03,-2.054308427201407e+01,8.567438768381182e-02,1.000000000000000e+03,1.000000000000000e+00,
3.585554833894235e-04,0.000000000000000e+00,9.315552989347790e-01,2.869488880290561e+07,2.869367867600032e+07,1.505555304385352e+03,3.585554833894235e-04,0.000000000000000e+00,-1.000000000000000e+03,1.912911911733355e+07,1.210126905284226e+03,2.985945598121239e+05,8.825883524517200e-03,6.333583818568461e+08,0.000000000000000e+00,3.713886351262090e-07,8.024284003445644e+10,8.024284003445644e+10,-3.445443631445462e+00,3.585554833894235e-04,1.000000000000000e+00,0.000000000000000e+00,2.635360805956289e+03,2.635360805956289e+03,-1.877982635351099e+03,9.315552989347790e-01,1.000000000000000e+03,1.000000000000000e+00,
3.872072345809096e-03,0.000000000000000e+00,9.991397842773909e+00,3.141645477035671e+08,3.141516569280421e+08,1.522251159869383e+03,3.872072345809096e-03,0.000000000000000e+00,-1.000000000000000e+03,2.094344379520280e+08,1.289077552497632e+04,3.002456272336037e+05,8.716119184157831e-03,5.479133805113587e+08,0.000000000000000e+00,3.712976752060513e-07,8.113269300561012e+10,8.113269300561014e+10,-2.412056536928686e+00,3.872072345809096e-03,1.000000000000000e+00,0.000000000000000e+00,2.599145951034093e+03,2.599145951034093e+03,-2.328976457225914e+03,9.991397842773909e+00,1.000000000000000e+03,1.000000000000000e+00,
7.509113812476223e-08,0.000000000000000e+00,-7.506111404353194e-08,2.273341959396086e+03,2.273341959358550e+03,5.680237610401060e+02,7.509113812476223e-08,0.000000000000000e+00,-1.000000000000000e+03,1.515561306239034e+03,3.753590137302384e-08,1.834073710666650e+05,5.453977358010967e-06,7.984334268985670e+08,0.000000000000000e+00,8.566269960041950e-14,3.027443738542681e+10,3.027443738542682e+10,-7.124411313203635e+00,7.509113812476223e-08,1.000000000000000e+00,0.000000000000000e+00,-9.998712456354054e-01,1.000004600492895e+00,-9.495430720194241e-01,7.508146981298629e-08,1.000000000000000e+03,1.000000000000000e+00,
8.118653266583234e-08,0.000000000000000e+00,-7.508304907269062e-08,2.814751152247994e+03,2.814751152211520e+03,6.504987012145853e+02,8.118653266583234e-08,0.000000000000000e+00,-1.000000000000000e+03,1.876500768141013e+03,3.753597383635616e-08,1.962712783628392e+05,5.451366721289920e-06,8.028861856467191e+08,0.000000000000000e+00,-1.039072910241634e-11,3.467017323916480e+10,3.467017323916480e+10,-7.090516006152799e+00,8.118653266583234e-08,1.000000000000000e+00,0.000000000000000e+00,-9.479039746381499e-01,9.998516711134301e-01,-8.498057863958353e-01,7.695703700103247e-08,1.000000000000000e+03,1.000000000000000e+00,
2.242292273992523e-07,0.000000000000000e+00,6.144767291284159e-08,2.515925776191800e+04,2.515925776190959e+04,2.105212917212338e+03,2.242292273992523e-07,0.000000000000000e+00,-1.000000000000000e+03,1.677283850793973e+04,3.638187132541654e-08,3.530868531355562e+05,4.786661684999261e-06,8.453904020633739e+08,0.000000000000000e+00,1.666139171359328e-08,1.122032932714528e+11,1.122032932714528e+11,-6.649307779471113e+00,2.242292273992523e-07,1.000000000000000e+00,0.000000000000000e+00,2.740395336752005e-01,9.441099543481787e-01,2.740313001801132e-01,7.775874962620735e-08,1.000000000000000e+03,1.000000000000000e+00,
2.942992397152785e-06,0.000000000000000e+00,7.682528767325073e-03,2.436759958127564e+05,2.436659683916326e+05,2.135362125040877e+03,2.942992397152785e-06,0.000000000000000e+00,-1.000000000000000e+03,1.624439789277551e+05,1.002742112379865e+01,3.556061816930580e+05,8.606636102925086e-03,8.280666228490603e+08,0.000000000000000e+00,6.892133348623020e-07,1.138101808124846e+11,1.138101808124846e+11,-5.531210859843596e+00,2.942992397152785e-06,1.000000000000000e+00,0.000000000000000e+00,2.612799686751162e+03,2.612799686751162e+03,2.603605228298838e+03,7.682528767325073e-03,1.000000000000000e+03,1.000000000000000e+00,
3.250481329662920e-05,0.000000000000000e+00,8.567438768381182e-02,2.608693966326348e+06,2.608581058421940e+06,1.551505541966318e+03,3.250481329662920e-05,0.000000000000000e+00,-1.000000000000000e+03,1.739054038947960e+06,1.129079044080722e+02,3.031169342960874e+05,8.829812477026589e-03,7.203051918010223e+08,0.000000000000000e+00,5.798646036762421e-07,8.269188827135269e+10,8.269188827135271e+10,-4.488052324147699e+00,3.250481329662920e-05,1.000000000000000e+00,0.000000000000000e+00,2.639263264688485e+03,2.639263264688485e+03,-2.054308427201407e+01,8.567438768381182e-02,1.000000000000000e+03,1.000000000000000e+00,
3.585554833894235e-04,0.000000000000000e+00,9.315552989347790e-01,2.869488880290561e+07,2.869367867600032e+07,1.505555304385352e+03,3.585554833894235e-04,0.000000000000000e+00,-1.000000000000000e+03,1.912911911733355e+07,1.210126905284226e+03,2.985945598121239e+05,8.825883524517200e-03,6.333583818568461e+08,0.000000000000000e+00,3.713886351262090e-07,8.024284003445644e+10,8.024284003445644e+10,-3.445443631445462e+00,3.585554833894235e-04,1.000000000000000e+00,0.000000000000000e+00,2.635360805956289e+03,2.635360805956289e+03,-1.877982635351099e+03,9.315552989347790e-01,1.000000000000000e+03,1.000000000000000e+00,
3.872072345809096e-03,0.000000000000000e+00,9.991397842773909e+00,3.141645477035671e+08,3.141516569280421e+08,1.522251159869383e+03,3.872072345809096e-03,0.000000000000000e+00,-1.000000000000000e+03,2.094344379520280e+08,1.289077552497632e+04,3.002456272336037e+05,8.716119184157831e-03,5.479133805113587e+08,0.000000000000000e+00,3.712976752060513e-07,8.113269300561012e+10,8.113269300561014e+10,-2.412056536928686e+00,3.872072345809096e-03,1.000000000000000e+00,0.000000000000000e+00,2.599145951034093e+03,2.599145951034093e+03,-2.328976457225914e+03,9.991397842773909e+00,1.000000000000000e+03,1.000000000000000e+00,
7.509113812476223e-08,0.000000000000000e+00,-7.506111404353194e-08,2.273341959396086e+03,2.273341959358550e+03,5.680237610401060e+02,7.509113812476223e-08,0.000000000000000e+00,-1.000000000000000e+03,1.515561306239034e+03,3.753590137302384e-08,1.834073710666650e+05,5.453977358010967e-06,7.984334268985670e+08,0.000000000000000e+00,8.566269960041950e-14,3.027443738542681e+10,3.027443738542682e+10,-7.124411313203635e+00,7.509113812476223e-08,1.000000000000000e+00,0.000000000000000e+00,-9.998712456354054e-01,1.000004600492895e+00,-8.336049573836801e-01,7.508146981298629e-08,1.000000000000000e+03,1.000000000000000e+00,
8.118653266583234e-08,0.000000000000000e+00,-7.508304907269062e-08,2.814751152247994e+03,2.814751152211520e+03,6.504987012145853e+02,8.118653266583234e-08,0.000000000000000e+00,-1.000000000000000e+03,1.876500768141013e+03,3.753597383635616e-08,1.962712783628392e+05,5.451366721289920e-06,8.028861856467191e+08,0.000000000000000e+00,-1.039072910241634e-11,3.467017323916480e+10,3.467017323916480e+10,-7.090516006152799e+00,8.118653266583234e-08,1.000000000000000e+00,0.000000000000000e+00,-9.479039746381499e-01,9.998516711134301e-01,-6.728824342783216e-01,7.695703700103247e-08,1.000000000000000e+03,1.000000000000000e+00,
2.242292273992523e-07,0.000000000000000e+00,6.144767291284159e-08,2.515925776191800e+04,2.515925776190959e+04,2.105212917212338e+03,2.242292273992523e-07,0.000000000000000e+00,-1.000000000000000e+03,1.677283850793973e+04,3.638187132541654e-08,3.530868531355562e+05,4.786661684999261e-06,8.453904020633739e+08,0.000000000000000e+00,1.666139171359328e-08,1.122032932714528e+11,1.122032932714528e+11,-6.649307779471113e+00,2.242292273992523e-07,1.000000000000000e+00,0.000000000000000e+00,2.740395336752005e-01,9.441099543481787e-01,1.937752125749335e-01,7.775874962620735e-08,1.000000000000000e+03,1.000000000000000e+00,
2.942992397152785e-06,0.000000000000000e+00,7.682528767325073e-03,2.436759958127564e+05,2.436659683916326e+05,2.135362125040877e+03,2.942992397152785e-06,0.000000000000000e+00,-1.000000000000000e+03,1.624439789277551e+05,1.002742112379865e+01,3.556061816930580e+05,8.606636102925086e-03,8.280666228490603e+08,0.000000000000000e+00,6.892133348623020e-07,1.138101808124846e+11,1.138101808124846e+11,-5.531210859843596e+00,2.942992397152785e-06,1.000000000000000e+00,0.000000000000000e+00,2.612799686751162e+03,2.612799686751162e+03,1.053450977695627e+03,7.682528767325073e-03,1.000000000000000e+03,1.000000000000000e+00,
3.250481329662920e-05,0.000000000000000e+00,8.567438768381182e-02,2.608693966326348e+06,2.608581058421940e+06,1.551505541966318e+03,3.250481329662920e-05,0.000000000000000e+00,-1.000000000000000e+03,1.739054038947960e+06,1.129079044080722e+02,3.031169342960874e+05,8.829812477026589e-03,7.203051918010223e+08,0.000000000000000e+00,5.798646036762421e-07,8.269188827135269e+10,8.269188827135271e+10,-4.488052324147699e+00,3.250481329662920e-05,1.000000000000000e+00,0.000000000000000e+00,2.639263264688485e+03,2.639263264688485e+03,-1.023150007015307e+01,8.567438768381182e-02,1.000000000000000e+03,1.000000000000000e+00,
3.585554833894235e-04,0.000000000000000e+00,9.315552989347790e-01,2.869488880290561e+07,2.869367867600032e+07,1.505555304385352e+03,3.585554833894235e-04,0.000000000000000e+00,-1.000000000000000e+03,1.912911911733355e+07,1.210126905284226e+03,2.985945598121239e+05,8.825883524517200e-03,6.333583818568461e+08,0.000000000000000e+00,3.713886351262090e-07,8.024284003445644e+10,8.024284003445644e+10,-3.445443631445462e+00,3.585554833894235e-04,1.000000000000000e+00,0.000000000000000e+00,2.635360805956289e+03,2.635360805956289e+03,-1.189622448313502e+03,9.315552989347790e-01,1.000000000000000e+03,1.000000000000000e+00,
3.872072345809096e-03,0.000000000000000e+00,9.991397842773909e+00,3.141645477035671e+08,3.141516569280421e+08,1.522251159869383e+03,3.872072345809096e-03,0.000000000000000e+00,-1.000000000000000e+03,2.094344379520280e+08,1.289077552497632e+04,3.002456272336037e+05,8.716119184157831e-03,5.479133805113587e+08,0.000000000000000e+00,3.712976752060513e-07,8.113269300561012e+10,8.113269300561014e+10,-2.412056536928686e+00,3.872072345809096e-03,1.000000000000000e+00,0.000000000000000e+00,2.599145951034093e+03,2.599145951034093e+03,-1.844100585101352e+03,9.991397842773909e+00,1.000000000000000e+03,1.000000000000000e+00,
7.509113812476223e-08,0.000000000000000e+00,-7.506111404353194e-08,2.273341959396086e+03,2.273341959358550e+03,5.680237610401060e+02,7.509113812476223e-08,0.000000000000000e+00,-1.000000000000000e+03,1.515561306239034e+03,3.753590137302384e-08,1.834073710666650e+05,5.453977358010967e-06,7.984334268985670e+08,0.000000000000000e+00,8.566269960041950e-14,3.027443738542681e+10,3.027443738542682e+10,-7.124411313203635e+00,7.509113812476223e-08,1.000000000000000e+00,0.000000000000000e+00,-9.998712456354054e-01,1.000004600492895e+00,-7.088545213105923e-01,7.508146981298629e-08,1.000000000000000e+03,1.000000000000000e+00,
8.118653266583234e-08,0.000000000000000e+00,-7.508304907269062e-08,2.814751152247994e+03,2.814751152211520e+03,6.504987012145853e+02,8.118653266583234e-08,0.000000000000000e+00,-1.000000000000000e+03,1.876500768141013e+03,3.753597383635616e-08,1.962712783628392e+05,5.451366721289920e-06,8.028861856467191e+08,0.000000000000000e+00,-1.039072910241634e-11,3.467017323916480e+10,3.467017323916480e+10,-7.090516006152799e+00,8.118653266583234e-08,1.000000000000000e+00,0.000000000000000e+00,-9.479039746381499e-01,9.998516711134301e-01,-5.281714617413555e-01,7.695703700103247e-08,1.000000000000000e+03,1.000000000000000e+00,
2.242292273992523e-07,0.000000000000000e+00,6.144767291284159e-08,2.515925776191800e+04,2.515925776190959e+04,2.105212917212338e+03,2.242292273992523e-07,0.000000000000000e+00,-1.000000000000000e+03,1.677283850793973e+04,3.638187132541654e-08,3.530868531355562e+05,4.786661684999261e-06,8.453904020633739e+08,0.000000000000000e+00,1.666139171359328e-08,1.122032932714528e+11,1.122032932714528e+11,-6.649307779471113e+00,2.242292273992523e-07,1.000000000000000e+00,0.000000000000000e+00,2.740395336752005e-01,9.441099543481787e-01,1.229352515331044e-01,7.775874962620735e-08,1.000000000000000e+03,1.000000000000000e+00,
2.942992397152785e-06,0.000000000000000e+00,7.682528767325073e-03,2.436759958127564e+05,2.436659683916326e+05,2.135362125040877e+03,2.942992397152785e-06,0.000000000000000e+00,-1.000000000000000e+03,1.624439789277551e+05,1.002742112379865e+01,3.556061816930580e+05,8.606636102925086e-03,8.280666228490603e+08,0.000000000000000e+00,6.892133348623020e-07,1.138101808124846e+11,1.138101808124846e+11,-5.531210859843596e+00,2.942992397152785e-06,1.000000000000000e+00,0.000000000000000e+00,2.612799686751162e+03,2.612799686751162e+03,6.129344971823821e+02,7.682528767325073e-03,1.000000000000000e+03,1.000000000000000e+00,
3.250481329662920e-05,0.000000000000000e+00,8.567438768381182e-02,2.608693966326348e+06,2.608581058421940e+06,1.551505541966318e+03,3.250481329662920e-05,0.000000000000000e+00,-1.000000000000000e+03,1.739054038947960e+06,1.129079044080722e+02,3.031169342960874e+05,8.829812477026589e-03,7.203051918010223e+08,0.000000000000000e+00,5.798646036762421e-07,8.269188827135269e+10,8.269188827135271e+10,-4.488052324147699e+00,3.250481329662920e-05,1.000000000000000e+00,0.000000000000000e+00,2.639263264688485e+03,2.639263264688485e+03,-6.812124507777984e+00,8.567438768381182e-02,1.000000000000000e+03,1.000000000000000e+00,
3.585554833894235e-04,0.000000000000000e+00,9.315552989347790e-01,2.869488880290561e+07,2.869367867600032e+07,1.505555304385352e+03,3.585554833894235e-04,0.000000000000000e+00,-1.000000000000000e+03,1.912911911733355e+07,1.210126905284226e+03,2.985945598121239e+05,8.825883524517200e-03,6.333583818568461e+08,0.000000000000000e+00,3.713886351262090e-07,8.024284003445644e+10,8.024284003445644e+10,-3.445443631445462e+00,3.585554833894235e-04,1.000000000000000e+00,0.000000000000000e+00,2.635360805956289e+03,2.635360805956289e+03,-8.411952504870317e+02,9.315552989347790e-01,1.000000000000000e+03,1.000000000000000e+00,
3.872072345809096e-03,0.000000000000000e+00,9.991397842773909e+00,3.141645477035671e+08,3.141516569280421e+08,1.522251159869383e+03,3.872072345809096e-03,0.000000000000000e+00,-1.000000000000000e+03,2.094344379520280e+08,1.289077552497632e+04,3.002456272336037e+05,8.716119184157831e-03,5.479133805113587e+08,0.000000000000000e+00,3.712976752060513e-07,8.113269300561012e+10,8.113269300561014e+10,-2.412056536928686e+00,3.872072345809096e-03,1.000000000000000e+00,0.000000000000000e+00,2.599145951034093e+03,2.599145951034093e+03,-1.447505911899311e+03,9.991397842773909e+00,1.000000000000000e+03,1.000000000000000e+00,

