1
0
28
0
(64 0
((0,0) (63,63) (0,0))
((448,0) (511,63) (0,0))
((384,0) (447,63) (0,0))
((320,0) (383,63) (0,0))
((256,0) (319,63) (0,0))
((192,0) (255,63) (0,0))
((128,0) (191,63) (0,0))
((64,0) (127,63) (0,0))
((0,448) (63,511) (0,0))
((0,384) (63,447) (0,0))
((0,320) (63,383) (0,0))
((0,256) (63,319) (0,0))
((0,192) (63,255) (0,0))
((0,128) (63,191) (0,0))
((0,64) (63,127) (0,0))
((448,448) (511,511) (0,0))
((448,384) (511,447) (0,0))
((448,320) (511,383) (0,0))
((448,256) (511,319) (0,0))
((448,192) (511,255) (0,0))
((448,128) (511,191) (0,0))
((448,64) (511,127) (0,0))
((384,448) (447,511) (0,0))
((384,384) (447,447) (0,0))
((384,320) (447,383) (0,0))
((384,256) (447,319) (0,0))
((384,192) (447,255) (0,0))
((384,128) (447,191) (0,0))
((384,64) (447,127) (0,0))
((320,448) (383,511) (0,0))
((320,384) (383,447) (0,0))
((320,320) (383,383) (0,0))
((320,256) (383,319) (0,0))
((320,192) (383,255) (0,0))
((320,128) (383,191) (0,0))
((320,64) (383,127) (0,0))
((256,448) (319,511) (0,0))
((256,384) (319,447) (0,0))
((256,320) (319,383) (0,0))
((256,256) (319,319) (0,0))
((256,192) (319,255) (0,0))
((256,128) (319,191) (0,0))
((256,64) (319,127) (0,0))
((192,448) (255,511) (0,0))
((192,384) (255,447) (0,0))
((192,320) (255,383) (0,0))
((192,256) (255,319) (0,0))
((192,192) (255,255) (0,0))
((192,128) (255,191) (0,0))
((192,64) (255,127) (0,0))
((128,448) (191,511) (0,0))
((128,384) (191,447) (0,0))
((128,320) (191,383) (0,0))
((128,256) (191,319) (0,0))
((128,192) (191,255) (0,0))
((128,128) (191,191) (0,0))
((128,64) (191,127) (0,0))
((64,448) (127,511) (0,0))
((64,384) (127,447) (0,0))
((64,320) (127,383) (0,0))
((64,256) (127,319) (0,0))
((64,192) (127,255) (0,0))
((64,128) (127,191) (0,0))
((64,64) (127,127) (0,0))
)
64
FabOnDisk: Cell_D_0000 0
FabOnDisk: Cell_D_0001 0
FabOnDisk: Cell_D_0001 917590
FabOnDisk: Cell_D_0001 1835180
FabOnDisk: Cell_D_0001 2752770
FabOnDisk: Cell_D_0000 917587
FabOnDisk: Cell_D_0000 1835177
FabOnDisk: Cell_D_0000 2752767
FabOnDisk: Cell_D_0002 0
FabOnDisk: Cell_D_0002 917590
FabOnDisk: Cell_D_0002 1835180
FabOnDisk: Cell_D_0002 2752770
FabOnDisk: Cell_D_0000 3670356
FabOnDisk: Cell_D_0000 4587946
FabOnDisk: Cell_D_0000 5505536
FabOnDisk: Cell_D_0003 0
FabOnDisk: Cell_D_0003 917593
FabOnDisk: Cell_D_0003 1835186
FabOnDisk: Cell_D_0003 2752779
FabOnDisk: Cell_D_0001 3670360
FabOnDisk: Cell_D_0001 4587953
FabOnDisk: Cell_D_0001 5505546
FabOnDisk: Cell_D_0003 3670372
FabOnDisk: Cell_D_0003 4587965
FabOnDisk: Cell_D_0003 5505558
FabOnDisk: Cell_D_0003 6423151
FabOnDisk: Cell_D_0001 6423138
FabOnDisk: Cell_D_0001 7340731
FabOnDisk: Cell_D_0001 8258324
FabOnDisk: Cell_D_0003 7340744
FabOnDisk: Cell_D_0003 8258337
FabOnDisk: Cell_D_0003 9175930
FabOnDisk: Cell_D_0003 10093523
FabOnDisk: Cell_D_0001 9175916
FabOnDisk: Cell_D_0001 10093509
FabOnDisk: Cell_D_0001 11011102
FabOnDisk: Cell_D_0003 11011116
FabOnDisk: Cell_D_0003 11928709
FabOnDisk: Cell_D_0003 12846302
FabOnDisk: Cell_D_0003 13763895
FabOnDisk: Cell_D_0001 11928694
FabOnDisk: Cell_D_0001 12846287
FabOnDisk: Cell_D_0001 13763880
FabOnDisk: Cell_D_0002 3670360
FabOnDisk: Cell_D_0002 4587953
FabOnDisk: Cell_D_0002 5505546
FabOnDisk: Cell_D_0002 6423139
FabOnDisk: Cell_D_0000 6423125
FabOnDisk: Cell_D_0000 7340718
FabOnDisk: Cell_D_0000 8258311
FabOnDisk: Cell_D_0002 7340732
FabOnDisk: Cell_D_0002 8258325
FabOnDisk: Cell_D_0002 9175918
FabOnDisk: Cell_D_0002 10093511
FabOnDisk: Cell_D_0000 9175903
FabOnDisk: Cell_D_0000 10093496
FabOnDisk: Cell_D_0000 11011089
FabOnDisk: Cell_D_0002 11011104
FabOnDisk: Cell_D_0002 11928696
FabOnDisk: Cell_D_0002 12846288
FabOnDisk: Cell_D_0002 13763880
FabOnDisk: Cell_D_0000 11928681
FabOnDisk: Cell_D_0000 12846273
FabOnDisk: Cell_D_0000 13763865

64,28
2.120990619460259e-03,0.000000000000000e+00,4.309598111180837e+00,1.703198818824483e+08,1.703155035896569e+08,1.506627385803897e+03,2.120990619460259e-03,0.000000000000000e+00,-1.000000000000000e+03,1.135436690597713e+08,4.378292791464520e+03,2.987008530552068e+05,6.041947473971415e-03,4.257915539359192e+08,0.000000000000000e+00,1.486035952992779e-07,8.029997965431740e+10,8.029997965431740e+10,-2.673461252240466e+00,2.120990619460259e-03,1.000000000000000e+00,0.000000000000000e+00,2.001026059392105e+03,2.001026059392105e+03,-1.598189853640332e+03,4.309598111180837e+00,1.000000000000000e+03,1.000000000000000e+00,
2.120990619460259e-03,0.000000000000000e+00,4.309598111180837e+00,1.703198818824483e+08,1.703155035896569e+08,1.506627385803897e+03,2.120990619460259e-03,0.000000000000000e+00,-1.000000000000000e+03,1.135436690597713e+08,4.378292791464520e+03,2.987008530552068e+05,6.041947473971415e-03,4.257915539359192e+08,0.000000000000000e+00,1.486035952992779e-07,8.029997965431740e+10,8.029997965431740e+10,-2.673461252240466e+00,2.120990619460259e-03,1.000000000000000e+00,0.000000000000000e+00,2.001026059392105e+03,2.001026059392105e+03,-1.598189853640332e+03,4.309598111180837e+00,1.000000000000000e+03,1.000000000000000e+00,
2.120990619460259e-03,0.000000000000000e+00,4.309598111180837e+00,1.703198818824483e+08,1.703155035896569e+08,1.506627385803897e+03,2.120990619460259e-03,0.000000000000000e+00,-1.000000000000000e+03,1.135436690597713e+08,4.378292791464520e+03,2.987008530552068e+05,6.041947473971415e-03,4.257915539359192e+08,0.000000000000000e+00,1.486035952992779e-07,8.029997965431740e+10,8.029997965431740e+10,-2.673461252240466e+00,2.120990619460259e-03,1.000000000000000e+00,0.000000000000000e+00,2.001026059392105e+03,2.001026059392105e+03,-1.787668170701801e+03,4.309598111180837e+00,1.000000000000000e+03,1.000000000000000e+00,
2.120990619460259e-03,0.000000000000000e+00,4.309598111180837e+00,1.703198818824483e+08,1.703155035896569e+08,1.506627385803897e+03,2.120990619460259e-03,0.000000000000000e+00,-1.000000000000000e+03,1.135436690597713e+08,4.378292791464520e+03,2.987008530552068e+05,6.041947473971415e-03,4.257915539359192e+08,0.000000000000000e+00,1.486035952992779e-07,8.029997965431740e+10,8.029997965431740e+10,-2.673461252240466e+00,2.120990619460259e-03,1.000000000000000e+00,0.000000000000000e+00,2.001026059392105e+03,2.001026059392105e+03,-1.942338604037681e+03,4.309598111180837e+00,1.000000000000000e+03,1.000000000000000e+00,
2.120990619460259e-03,0.000000000000000e+00,4.309598111180837e+00,1.703198818824483e+08,1.703155035896569e+08,1.506627385803897e+03,2.120990619460259e-03,0.000000000000000e+00,-1.000000000000000e+03,1.135436690597713e+08,4.378292791464520e+03,2.987008530552068e+05,6.041947473971415e-03,4.257915539359192e+08,0.000000000000000e+00,1.486035952992779e-07,8.029997965431740e+10,8.029997965431740e+10,-2.673461252240466e+00,2.120990619460259e-03,1.000000000000000e+00,0.000000000000000e+00,2.001026059392105e+03,2.001026059392105e+03,-2.031873000456129e+03,4.309598111180837e+00,1.000000000000000e+03,1.000000000000000e+00,
2.120990619460259e-03,0.000000000000000e+00,4.309598111180837e+00,1.703198818824483e+08,1.703155035896569e+08,1.506627385803897e+03,2.120990619460259e-03,0.000000000000000e+00,-1.000000000000000e+03,1.135436690597713e+08,4.378292791464520e+03,2.987008530552068e+05,6.041947473971415e-03,4.257915539359192e+08,0.000000000000000e+00,1.486035952992779e-07,8.029997965431740e+10,8.029997965431740e+10,-2.673461252240466e+00,2.120990619460259e-03,1.000000000000000e+00,0.000000000000000e+00,2.001026059392105e+03,2.001026059392105e+03,-2.031873000456129e+03,4.309598111180837e+00,1.000000000000000e+03,1.000000000000000e+00,
2.120990619460259e-03,0.000000000000000e+00,4.309598111180837e+00,1.703198818824483e+08,1.703155035896569e+08,1.506627385803897e+03,2.120990619460259e-03,0.000000000000000e+00,-1.000000000000000e+03,1.135436690597713e+08,4.378292791464520e+03,2.987008530552068e+05,6.041947473971415e-03,4.257915539359192e+08,0.000000000000000e+00,1.486035952992779e-07,8.029997965431740e+10,8.029997965431740e+10,-2.673461252240466e+00,2.120990619460259e-03,1.000000000000000e+00,0.000000000000000e+00,2.001026059392105e+03,2.001026059392105e+03,-1.942338604037681e+03,4.309598111180837e+00,1.000000000000000e+03,1.000000000000000e+00,
2.120990619460259e-03,0.000000000000000e+00,4.309598111180837e+00,1.703198818824483e+08,1.703155035896569e+08,1.506627385803897e+03,2.120990619460259e-03,0.000000000000000e+00,-1.000000000000000e+03,1.135436690597713e+08,4.378292791464520e+03,2.987008530552068e+05,6.041947473971415e-03,4.257915539359192e+08,0.000000000000000e+00,1.486035952992779e-07,8.029997965431740e+10,8.029997965431740e+10,-2.673461252240466e+00,2.120990619460259e-03,1.000000000000000e+00,0.000000000000000e+00,2.001026059392105e+03,2.001026059392105e+03,-1.787668170701801e+03,4.309598111180837e+00,1.000000000000000e+03,1.000000000000000e+00,
7.506086955999975e-08,0.000000000000000e+00,-7.506086981095934e-08,5.360987406610351e+03,5.360987406572821e+03,1.340051896739714e+03,7.506086955999975e-08,0.000000000000000e+00,-1.000000000000000e+03,3.573991604381881e+03,3.753043477992640e-08,2.817048623407490e+05,3.549814482042632e-06,8.441933049447739e+08,0.000000000000000e+00,-2.551847622100923e-19,7.142186651977829e+10,7.142186651977831e+10,-7.124586408708947e+00,7.506086955999975e-08,1.000000000000000e+00,0.000000000000000e+00,-1.000000003297406e+00,9.999999999990188e-01,-7.986851776062525e-01,7.506086955992643e-08,1.000000000000000e+03,1.000000000000000e+00,
7.506086956486164e-08,0.000000000000000e+00,-7.568083023107069e-08,5.360987407218587e+03,5.360987407181056e+03,1.340051896804958e+03,7.506086956486164e-08,0.000000000000000e+00,-1.000000000000000e+03,3.573991604787371e+03,3.753043512450068e-08,2.817048623476069e+05,3.549814498137035e-06,8.441933049450676e+08,0.000000000000000e+00,7.454494244107934e-16,7.142186652325572e+10,7.142186652325572e+10,-7.124586408680816e+00,7.506086956486164e-08,1.000000000000000e+00,0.000000000000000e+00,-1.007661214613803e+00,1.000000004557233e+00,-7.052629690600142e-01,7.506086990693151e-08,1.000000000000000e+03,1.000000000000000e+00,
7.511377445507308e-08,0.000000000000000e+00,-8.268572967085575e-08,5.367912999490532e+03,5.367912999452316e+03,1.340837984872108e+03,7.511377445507308e-08,0.000000000000000e+00,-1.000000000000000e+03,3.578608666301544e+03,9.452994381326194e-09,2.817874757021164e+05,1.241556482434181e-06,8.304334776692916e+08,0.000000000000000e+00,-4.776325469524875e-08,7.146376331631377e+10,7.146376331631375e+10,-7.124280414243673e+00,7.511377445507308e-08,1.000000000000000e+00,0.000000000000000e+00,-1.063913097816390e+00,3.739876814437226e-01,-5.570179993213957e-01,5.016191417961041e-08,1.000000000000000e+03,1.000000000000000e+00,
1.398462306215917e-07,0.000000000000000e+00,-5.065163407192622e-08,1.139901266200007e+04,1.139901266199090e+04,1.513225473331635e+03,1.398462306215917e-07,0.000000000000000e+00,-1.000000000000000e+03,7.599341774660600e+03,4.004021612550765e-11,2.993542001686318e+05,5.827050580287107e-08,7.440308658648453e+08,0.000000000000000e+00,-2.338850007387183e-04,8.065164344274112e+10,8.065164344274113e+10,-6.854349234993595e+00,1.398462306215917e-07,1.000000000000000e+00,0.000000000000000e+00,-3.621952043096813e-01,1.752446351025682e-02,-1.134635264964835e-01,4.569636736904692e-09,1.000000000000000e+03,1.000000000000000e+00,
1.567446692565866e-06,0.000000000000000e+00,5.536799452292455e-03,1.263943017520929e+05,1.263845227438752e+05,1.504280343047481e+03,1.567446692565866e-06,0.000000000000000e+00,-1.000000000000000e+03,8.425634849591678e+04,9.779008217728531e+00,2.984681024347173e+05,8.598612088584159e-03,6.580998886264043e+08,0.000000000000000e+00,-8.187961451474848e-06,8.017488735388277e+10,8.017488735388277e+10,-5.804807220205800e+00,1.567446692565866e-06,1.000000000000000e+00,0.000000000000000e+00,2.566411433651935e+03,2.566411433651935e+03,-8.039700367044898e+02,5.536799452292455e-03,1.000000000000000e+03,1.000000000000000e+00,
1.744330429307156e-05,0.000000000000000e+00,4.435609639045238e-02,1.398531864707597e+06,1.398475468761796e+06,1.501596694710388e+03,1.744330429307156e-05,0.000000000000000e+00,-1.000000000000000e+03,9.323169791745308e+05,5.639594580083588e+01,2.982017488292452e+05,6.207673980280805e-03,5.725215018766812e+08,0.000000000000000e+00,-3.526619184860635e-06,8.003185470433823e+10,8.003185470433823e+10,-4.758371243009002e+00,1.744330429307156e-05,1.000000000000000e+00,0.000000000000000e+00,1.851454864063251e+03,1.851454864063251e+03,-1.039916024391055e+03,4.435609639045238e-02,1.000000000000000e+03,1.000000000000000e+00,
1.933780501449685e-04,0.000000000000000e+00,3.656907849202952e-01,1.547616002235771e+07,1.547581424953066e+07,1.500674723468354e+03,1.933780501449685e-04,0.000000000000000e+00,-1.000000000000000e+03,1.031720949968711e+07,3.457728270488022e+02,2.981101877421243e+05,6.341688832926295e-03,4.875692998286391e+08,0.000000000000000e+00,-8.356470186787988e-06,7.998271563208008e+10,7.998271563208008e+10,-3.713592823127447e+00,1.933780501449685e-04,1.000000000000000e+00,0.000000000000000e+00,1.891066667836138e+03,1.891066667836138e+03,-1.433475854800137e+03,3.656907849202952e-01,1.000000000000000e+03,1.000000000000000e+00,
7.506086955999975e-08,0.000000000000000e+00,-7.506086981095934e-08,5.360987406610351e+03,5.360987406572821e+03,1.340051896739714e+03,7.506086955999975e-08,0.000000000000000e+00,-1.000000000000000e+03,3.573991604381881e+03,3.753043477992640e-08,2.817048623407490e+05,3.549814482042632e-06,8.441933049447739e+08,0.000000000000000e+00,-2.551847622100923e-19,7.142186651977829e+10,7.142186651977831e+10,-7.124586408708947e+00,7.506086955999975e-08,1.000000000000000e+00,0.000000000000000e+00,-1.000000003297406e+00,9.999999999990188e-01,-7.986851776062525e-01,7.506086955992643e-08,1.000000000000000e+03,1.000000000000000e+00,
7.506086956486164e-08,0.000000000000000e+00,-7.568083023107069e-08,5.360987407218587e+03,5.360987407181056e+03,1.340051896804958e+03,7.506086956486164e-08,0.000000000000000e+00,-1.000000000000000e+03,3.573991604787371e+03,3.753043512450068e-08,2.817048623476069e+05,3.549814498137035e-06,8.441933049450676e+08,0.000000000000000e+00,7.454494244107934e-16,7.142186652325572e+10,7.142186652325572e+10,-7.124586408680816e+00,7.506086956486164e-08,1.000000000000000e+00,0.000000000000000e+00,-1.007661214613803e+00,1.000000004557233e+00,-7.052629690600142e-01,7.506086990693151e-08,1.000000000000000e+03,1.000000000000000e+00,
7.511377445507308e-08,0.000000000000000e+00,-8.268572967085575e-08,5.367912999490532e+03,5.367912999452316e+03,1.340837984872108e+03,7.511377445507308e-08,0.000000000000000e+00,-1.000000000000000e+03,3.578608666301544e+03,9.452994381326194e-09,2.817874757021164e+05,1.241556482434181e-06,8.304334776692916e+08,0.000000000000000e+00,-4.776325469524875e-08,7.146376331631377e+10,7.146376331631375e+10,-7.124280414243673e+00,7.511377445507308e-08,1.000000000000000e+00,0.000000000000000e+00,-1.063913097816390e+00,3.739876814437226e-01,-5.570179993213957e-01,5.016191417961041e-08,1.000000000000000e+03,1.000000000000000e+00,
1.398462306215917e-07,0.000000000000000e+00,-5.065163407192622e-08,1.139901266200007e+04,1.139901266199090e+04,1.513225473331635e+03,1.398462306215917e-07,0.000000000000000e+00,-1.000000000000000e+03,7.599341774660600e+03,4.004021612550765e-11,2.993542001686318e+05,5.827050580287107e-08,7.440308658648453e+08,0.000000000000000e+00,-2.338850007387183e-04,8.065164344274112e+10,8.065164344274113e+10,-6.854349234993595e+00,1.398462306215917e-07,1.000000000000000e+00,0.000000000000000e+00,-3.621952043096813e-01,1.752446351025682e-02,-1.134635264964835e-01,4.569636736904692e-09,1.000000000000000e+03,1.000000000000000e+00,
1.567446692565866e-06,0.000000000000000e+00,5.536799452292455e-03,1.263943017520929e+05,1.263845227438752e+05,1.504280343047481e+03,1.567446692565866e-06,0.000000000000000e+00,-1.000000000000000e+03,8.425634849591678e+04,9.779008217728531e+00,2.984681024347173e+05,8.598612088584159e-03,6.580998886264043e+08,0.000000000000000e+00,-8.187961451474848e-06,8.017488735388277e+10,8.017488735388277e+10,-5.804807220205800e+00,1.567446692565866e-06,1.000000000000000e+00,0.000000000000000e+00,2.566411433651935e+03,2.566411433651935e+03,-8.039700367044898e+02,5.536799452292455e-03,1.000000000000000e+03,1.000000000000000e+00,
1.744330429307156e-05,0.000000000000000e+00,4.435609639045238e-02,1.398531864707597e+06,1.398475468761796e+06,1.501596694710388e+03,1.744330429307156e-05,0.000000000000000e+00,-1.000000000000000e+03,9.323169791745308e+05,5.639594580083588e+01,2.982017488292452e+05,6.207673980280805e-03,5.725215018766812e+08,0.000000000000000e+00,-3.526619184860635e-06,8.003185470433823e+10,8.003185470433823e+10,-4.758371243009002e+00,1.744330429307156e-05,1.000000000000000e+00,0.000000000000000e+00,1.851454864063251e+03,1.851454864063251e+03,-1.039916024391055e+03,4.435609639045238e-02,1.000000000000000e+03,1.000000000000000e+00,
1.933780501449685e-04,0.000000000000000e+00,3.656907849202952e-01,1.547616002235771e+07,1.547581424953066e+07,1.500674723468354e+03,1.933780501449685e-04,0.000000000000000e+00,-1.000000000000000e+03,1.031720949968711e+07,3.457728270488022e+02,2.981101877421243e+05,6.341688832926295e-03,4.875692998286391e+08,0.000000000000000e+00,-8.356470186787988e-06,7.998271563208008e+10,7.998271563208008e+10,-3.713592823127447e+00,1.933780501449685e-04,1.000000000000000e+00,0.000000000000000e+00,1.891066667836138e+03,1.891066667836138e+03,-1.433475854800137e+03,3.656907849202952e-01,1.000000000000000e+03,1.000000000000000e+00,
7.506086955999975e-08,0.000000000000000e+00,-7.506086981095934e-08,5.360987406610351e+03,5.360987406572821e+03,1.340051896739714e+03,7.506086955999975e-08,0.000000000000000e+00,-1.000000000000000e+03,3.573991604381881e+03,3.753043477992640e-08,2.817048623407490e+05,3.549814482042632e-06,8.441933049447739e+08,0.000000000000000e+00,-2.551847622100923e-19,7.142186651977829e+10,7.142186651977831e+10,-7.124586408708947e+00,7.506086955999975e-08,1.000000000000000e+00,0.000000000000000e+00,-1.000000003297406e+00,9.999999999990188e-01,-8.933757570577912e-01,7.506086955992643e-08,1.000000000000000e+03,1.000000000000000e+00,
7.506086956486164e-08,0.000000000000000e+00,-7.568083023107069e-08,5.360987407218587e+03,5.360987407181056e+03,1.340051896804958e+03,7.506086956486164e-08,0.000000000000000e+00,-1.000000000000000e+03,3.573991604787371e+03,3.753043512450068e-08,2.817048623476069e+05,3.549814498137035e-06,8.441933049450676e+08,0.000000000000000e+00,7.454494244107934e-16,7.142186652325572e+10,7.142186652325572e+10,-7.124586408680816e+00,7.506086956486164e-08,1.000000000000000e+00,0.000000000000000e+00,-1.007661214613803e+00,1.000000004557233e+00,-8.303787752481911e-01,7.506086990693151e-08,1.000000000000000e+03,1.000000000000000e+00,
7.511377445507308e-08,0.000000000000000e+00,-8.268572967085575e-08,5.367912999490532e+03,5.367912999452316e+03,1.340837984872108e+03,7.511377445507308e-08,0.000000000000000e+00,-1.000000000000000e+03,3.578608666301544e+03,9.452994381326194e-09,2.817874757021164e+05,1.241556482434181e-06,8.304334776692916e+08,0.000000000000000e+00,-4.776325469524875e-08,7.146376331631377e+10,7.146376331631375e+10,-7.124280414243673e+00,7.511377445507308e-08,1.000000000000000e+00,0.000000000000000e+00,-1.063913097816390e+00,3.739876814437226e-01,-7.104859146257977e-01,5.016191417961041e-08,1.000000000000000e+03,1.000000000000000e+00,
1.398462306215917e-07,0.000000000000000e+00,-5.065163407192622e-08,1.139901266200007e+04,1.139901266199090e+04,1.513225473331635e+03,1.398462306215917e-07,0.000000000000000e+00,-1.000000000000000e+03,7.599341774660600e+03,4.004021612550765e-11,2.993542001686318e+05,5.827050580287107e-08,7.440308658648453e+08,0.000000000000000e+00,-2.338850007387183e-04,8.065164344274112e+10,8.065164344274113e+10,-6.854349234993595e+00,1.398462306215917e-07,1.000000000000000e+00,0.000000000000000e+00,-3.621952043096813e-01,1.752446351025682e-02,-1.604606816975892e-01,4.569636736904692e-09,1.000000000000000e+03,1.000000000000000e+00,
1.567446692565866e-06,0.000000000000000e+00,5.536799452292455e-03,1.263943017520929e+05,1.263845227438752e+05,1.504280343047481e+03,1.567446692565866e-06,0.000000000000000e+00,-1.000000000000000e+03,8.425634849591678e+04,9.779008217728531e+00,2.984681024347173e+05,8.598612088584159e-03,6.580998886264043e+08,0.000000000000000e+00,-8.187961451474848e-06,8.017488735388277e+10,8.017488735388277e+10,-5.804807220205800e+00,1.567446692565866e-06,1.000000000000000e+00,0.000000000000000e+00,2.566411433651935e+03,2.566411433651935e+03,-1.136978411807396e+03,5.536799452292455e-03,1.000000000000000e+03,1.000000000000000e+00,
1.744330429307156e-05,0.000000000000000e+00,4.435609639045238e-02,1.398531864707597e+06,1.398475468761796e+06,1.501596694710388e+03,1.744330429307156e-05,0.000000000000000e+00,-1.000000000000000e+03,9.323169791745308e+05,5.639594580083588e+01,2.982017488292452e+05,6.207673980280805e-03,5.725215018766812e+08,0.000000000000000e+00,-3.526619184860635e-06,8.003185470433823e+10,8.003185470433823e+10,-4.758371243009002e+00,1.744330429307156e-05,1.000000000000000e+00,0.000000000000000e+00,1.851454864063251e+03,1.851454864063251e+03,-1.326430543759130e+03,4.435609639045238e-02,1.000000000000000e+03,1.000000000000000e+00,
1.933780501449685e-04,0.000000000000000e+00,3.656907849202952e-01,1.547616002235771e+07,1.547581424953066e+07,1.500674723468354e+03,1.933780501449685e-04,0.000000000000000e+00,-1.000000000000000e+03,1.031720949968711e+07,3.457728270488022e+02,2.981101877421243e+05,6.341688832926295e-03,4.875692998286391e+08,0.000000000000000e+00,-8.356470186787988e-06,7.998271563208008e+10,7.998271563208008e+10,-3.713592823127447e+00,1.933780501449685e-04,1.000000000000000e+00,0.000000000000000e+00,1.891066667836138e+03,1.891066667836138e+03,-1.687778852536778e+03,3.656907849202952e-01,1.000000000000000e+03,1.000000000000000e+00,
7.506086955999975e-08,0.000000000000000e+00,-7.506086981095934e-08,5.360987406610351e+03,5.360987406572821e+03,1.340051896739714e+03,7.506086955999975e-08,0.000000000000000e+00,-1.000000000000000e+03,3.573991604381881e+03,3.753043477992640e-08,2.817048623407490e+05,3.549814482042632e-06,8.441933049447739e+08,0.000000000000000e+00,-2.551847622100923e-19,7.142186651977829e+10,7.142186651977831e+10,-7.124586408708947e+00,7.506086955999975e-08,1.000000000000000e+00,0.000000000000000e+00,-1.000000003297406e+00,9.999999999990188e-01,-9.695818671236698e-01,7.506086955992643e-08,1.000000000000000e+03,1.000000000000000e+00,
7.506086956486164e-08,0.000000000000000e+00,-7.568083023107069e-08,5.360987407218587e+03,5.360987407181056e+03,1.340051896804958e+03,7.506086956486164e-08,0.000000000000000e+00,-1.000000000000000e+03,3.573991604787371e+03,3.753043512450068e-08,2.817048623476069e+05,3.549814498137035e-06,8.441933049450676e+08,0.000000000000000e+00,7.454494244107934e-16,7.142186652325572e+10,7.142186652325572e+10,-7.124586408680816e+00,7.506086956486164e-08,1.000000000000000e+00,0.000000000000000e+00,-1.007661214613803e+00,1.000000004557233e+00,-9.476889022328829e-01,7.506086990693151e-08,1.000000000000000e+03,1.000000000000000e+00,
7.511377445507308e-08,0.000000000000000e+00,-8.268572967085575e-08,5.367912999490532e+03,5.367912999452316e+03,1.340837984872108e+03,7.511377445507308e-08,0.000000000000000e+00,-1.000000000000000e+03,3.578608666301544e+03,9.452994381326194e-09,2.817874757021164e+05,1.241556482434181e-06,8.304334776692916e+08,0.000000000000000e+00,-4.776325469524875e-08,7.146376331631377e+10,7.146376331631375e+10,-7.124280414243673e+00,7.511377445507308e-08,1.000000000000000e+00,0.000000000000000e+00,-1.063913097816390e+00,3.739876814437226e-01,-9.043617060840440e-01,5.016191417961041e-08,1.000000000000000e+03,1.000000000000000e+00,
1.398462306215917e-07,0.000000000000000e+00,-5.065163407192622e-08,1.139901266200007e+04,1.139901266199090e+04,1.513225473331635e+03,1.398462306215917e-07,0.000000000000000e+00,-1.000000000000000e+03,7.599341774660600e+03,4.004021612550765e-11,2.993542001686318e+05,5.827050580287107e-08,7.440308658648453e+08,0.000000000000000e+00,-2.338850007387183e-04,8.065164344274112e+10,8.065164344274113e+10,-6.854349234993595e+00,1.398462306215917e-07,1.000000000000000e+00,0.000000000000000e+00,-3.621952043096813e-01,1.752446351025682e-02,-2.541020658921046e-01,4.569636736904692e-09,1.000000000000000e+03,1.000000000000000e+00,
1.567446692565866e-06,0.000000000000000e+00,5.536799452292455e-03,1.263943017520929e+05,1.263845227438752e+05,1.504280343047481e+03,1.567446692565866e-06,0.000000000000000e+00,-1.000000000000000e+03,8.425634849591678e+04,9.779008217728531e+00,2.984681024347173e+05,8.598612088584159e-03,6.580998886264043e+08,0.000000000000000e+00,-8.187961451474848e-06,8.017488735388277e+10,8.017488735388277e+10,-5.804807220205800e+00,1.567446692565866e-06,1.000000000000000e+00,0.000000000000000e+00,2.566411433651935e+03,2.566411433651935e+03,-1.805607488016276e+03,5.536799452292455e-03,1.000000000000000e+03,1.000000000000000e+00,
1.744330429307156e-05,0.000000000000000e+00,4.435609639045238e-02,1.398531864707597e+06,1.398475468761796e+06,1.501596694710388e+03,1.744330429307156e-05,0.000000000000000e+00,-1.000000000000000e+03,9.323169791745308e+05,5.639594580083588e+01,2.982017488292452e+05,6.207673980280805e-03,5.725215018766812e+08,0.000000000000000e+00,-3.526619184860635e-06,8.003185470433823e+10,8.003185470433823e+10,-4.758371243009002e+00,1.744330429307156e-05,1.000000000000000e+00,0.000000000000000e+00,1.851454864063251e+03,1.851454864063251e+03,-1.798082290928728e+03,4.435609639045238e-02,1.000000000000000e+03,1.000000000000000e+00,
1.933780501449685e-04,0.000000000000000e+00,3.656907849202952e-01,1.547616002235771e+07,1.547581424953066e+07,1.500674723468354e+03,1.933780501449685e-04,0.000000000000000e+00,-1.000000000000000e+03,1.031720949968711e+07,3.457728270488022e+02,2.981101877421243e+05,6.341688832926295e-03,4.875692998286391e+08,0.000000000000000e+00,-8.356470186787988e-06,7.998271563208008e+10,7.998271563208008e+10,-3.713592823127447e+00,1.933780501449685e-04,1.000000000000000e+00,0.000000000000000e+00,1.891066667836138e+03,1.891066667836138e+03,-1.926216487764134e+03,3.656907849202952e-01,1.000000000000000e+03,1.000000000000000e+00,
7.506086955999975e-08,0.000000000000000e+00,-7.506086981095934e-08,5.360987406610351e+03,5.360987406572821e+03,1.340051896739714e+03,7.506086955999975e-08,0.000000000000000e+00,-1.000000000000000e+03,3.573991604381881e+03,3.753043477992640e-08,2.817048623407490e+05,3.549814482042632e-06,8.441933049447739e+08,0.000000000000000e+00,-2.551847622100923e-19,7.142186651977829e+10,7.142186651977831e+10,-7.124586408708947e+00,7.506086955999975e-08,1.000000000000000e+00,0.000000000000000e+00,-1.000000003297406e+00,9.999999999990188e-01,-9.999980851843956e-01,7.506086955992643e-08,1.000000000000000e+03,1.000000000000000e+00,
7.506086956486164e-08,0.000000000000000e+00,-7.568083023107069e-08,5.360987407218587e+03,5.360987407181056e+03,1.340051896804958e+03,7.506086956486164e-08,0.000000000000000e+00,-1.000000000000000e+03,3.573991604787371e+03,3.753043512450068e-08,2.817048623476069e+05,3.549814498137035e-06,8.441933049450676e+08,0.000000000000000e+00,7.454494244107934e-16,7.142186652325572e+10,7.142186652325572e+10,-7.124586408680816e+00,7.506086956486164e-08,1.000000000000000e+00,0.000000000000000e+00,-1.007661214613803e+00,1.000000004557233e+00,-1.007653586566652e+00,7.506086990693151e-08,1.000000000000000e+03,1.000000000000000e+00,
7.511377445507308e-08,0.000000000000000e+00,-8.268572967085575e-08,5.367912999490532e+03,5.367912999452316e+03,1.340837984872108e+03,7.511377445507308e-08,0.000000000000000e+00,-1.000000000000000e+03,3.578608666301544e+03,9.452994381326194e-09,2.817874757021164e+05,1.241556482434181e-06,8.304334776692916e+08,0.000000000000000e+00,-4.776325469524875e-08,7.146376331631377e+10,7.146376331631375e+10,-7.124280414243673e+00,7.511377445507308e-08,1.000000000000000e+00,0.000000000000000e+00,-1.063913097816390e+00,3.739876814437226e-01,-1.063900189304474e+00,5.016191417961041e-08,1.000000000000000e+03,1.000000000000000e+00,
1.398462306215917e-07,0.000000000000000e+00,-5.065163407192622e-08,1.139901266200007e+04,1.139901266199090e+04,1.513225473331635e+03,1.398462306215917e-07,0.000000000000000e+00,-1.000000000000000e+03,7.599341774660600e+03,4.004021612550765e-11,2.993542001686318e+05,5.827050580287107e-08,7.440308658648453e+08,0.000000000000000e+00,-2.338850007387183e-04,8.065164344274112e+10,8.065164344274113e+10,-6.854349234993595e+00,1.398462306215917e-07,1.000000000000000e+00,0.000000000000000e+00,-3.621952043096813e-01,1.752446351025682e-02,-3.621839767579711e-01,4.569636736904692e-09,1.000000000000000e+03,1.000000000000000e+00,
1.567446692565866e-06,0.000000000000000e+00,5.536799452292455e-03,1.263943017520929e+05,1.263845227438752e+05,1.504280343047481e+03,1.567446692565866e-06,0.000000000000000e+00,-1.000000000000000e+03,8.425634849591678e+04,9.779008217728531e+00,2.984681024347173e+05,8.598612088584159e-03,6.580998886264043e+08,0.000000000000000e+00,-8.187961451474848e-06,8.017488735388277e+10,8.017488735388277e+10,-5.804807220205800e+00,1.567446692565866e-06,1.000000000000000e+00,0.000000000000000e+00,2.566411433651935e+03,2.566411433651935e+03,-3.603076134523585e+03,5.536799452292455e-03,1.000000000000000e+03,1.000000000000000e+00,
1.744330429307156e-05,0.000000000000000e+00,4.435609639045238e-02,1.398531864707597e+06,1.398475468761796e+06,1.501596694710388e+03,1.744330429307156e-05,0.000000000000000e+00,-1.000000000000000e+03,9.323169791745308e+05,5.639594580083588e+01,2.982017488292452e+05,6.207673980280805e-03,5.725215018766812e+08,0.000000000000000e+00,-3.526619184860635e-06,8.003185470433823e+10,8.003185470433823e+10,-4.758371243009002e+00,1.744330429307156e-05,1.000000000000000e+00,0.000000000000000e+00,1.851454864063251e+03,1.851454864063251e+03,-2.542795961704830e+03,4.435609639045238e-02,1.000000000000000e+03,1.000000000000000e+00,
1.933780501449685e-04,0.000000000000000e+00,3.656907849202952e-01,1.547616002235771e+07,1.547581424953066e+07,1.500674723468354e+03,1.933780501449685e-04,0.000000000000000e+00,-1.000000000000000e+03,1.031720949968711e+07,3.457728270488022e+02,2.981101877421243e+05,6.341688832926295e-03,4.875692998286391e+08,0.000000000000000e+00,-8.356470186787988e-06,7.998271563208008e+10,7.998271563208008e+10,-3.713592823127447e+00,1.933780501449685e-04,1.000000000000000e+00,0.000000000000000e+00,1.891066667836138e+03,1.891066667836138e+03,-2.070115852592902e+03,3.656907849202952e-01,1.000000000000000e+03,1.000000000000000e+00,
7.506086955999975e-08,0.000000000000000e+00,-7.506086981095934e-08,5.360987406610351e+03,5.360987406572821e+03,1.340051896739714e+03,7.506086955999975e-08,0.000000000000000e+00,-1.000000000000000e+03,3.573991604381881e+03,3.753043477992640e-08,2.817048623407490e+05,3.549814482042632e-06,8.441933049447739e+08,0.000000000000000e+00,-2.551847622100923e-19,7.142186651977829e+10,7.142186651977831e+10,-7.124586408708947e+00,7.506086955999975e-08,1.000000000000000e+00,0.000000000000000e+00,-1.000000003297406e+00,9.999999999990188e-01,-9.999980851843956e-01,7.506086955992643e-08,1.000000000000000e+03,1.000000000000000e+00,
7.506086956486164e-08,0.000000000000000e+00,-7.568083023107069e-08,5.360987407218587e+03,5.360987407181056e+03,1.340051896804958e+03,7.506086956486164e-08,0.000000000000000e+00,-1.000000000000000e+03,3.573991604787371e+03,3.753043512450068e-08,2.817048623476069e+05,3.549814498137035e-06,8.441933049450676e+08,0.000000000000000e+00,7.454494244107934e-16,7.142186652325572e+10,7.142186652325572e+10,-7.124586408680816e+00,7.506086956486164e-08,1.000000000000000e+00,0.000000000000000e+00,-1.007661214613803e+00,1.000000004557233e+00,-1.007653586566652e+00,7.506086990693151e-08,1.000000000000000e+03,1.000000000000000e+00,
7.511377445507308e-08,0.000000000000000e+00,-8.268572967085575e-08,5.367912999490532e+03,5.367912999452316e+03,1.340837984872108e+03,7.511377445507308e-08,0.000000000000000e+00,-1.000000000000000e+03,3.578608666301544e+03,9.452994381326194e-09,2.817874757021164e+05,1.241556482434181e-06,8.304334776692916e+08,0.000000000000000e+00,-4.776325469524875e-08,7.146376331631377e+10,7.146376331631375e+10,-7.124280414243673e+00,7.511377445507308e-08,1.000000000000000e+00,0.000000000000000e+00,-1.063913097816390e+00,3.739876814437226e-01,-1.063900189304474e+00,5.016191417961041e-08,1.000000000000000e+03,1.000000000000000e+00,
1.398462306215917e-07,0.000000000000000e+00,-5.065163407192622e-08,1.139901266200007e+04,1.139901266199090e+04,1.513225473331635e+03,1.398462306215917e-07,0.000000000000000e+00,-1.000000000000000e+03,7.599341774660600e+03,4.004021612550765e-11,2.993542001686318e+05,5.827050580287107e-08,7.440308658648453e+08,0.000000000000000e+00,-2.338850007387183e-04,8.065164344274112e+10,8.065164344274113e+10,-6.854349234993595e+00,1.398462306215917e-07,1.000000000000000e+00,0.000000000000000e+00,-3.621952043096813e-01,1.752446351025682e-02,-3.621839767579711e-01,4.569636736904692e-09,1.000000000000000e+03,1.000000000000000e+00,
1.567446692565866e-06,0.000000000000000e+00,5.536799452292455e-03,1.263943017520929e+05,1.263845227438752e+05,1.504280343047481e+03,1.567446692565866e-06,0.000000000000000e+00,-1.000000000000000e+03,8.425634849591678e+04,9.779008217728531e+00,2.984681024347173e+05,8.598612088584159e-03,6.580998886264043e+08,0.000000000000000e+00,-8.187961451474848e-06,8.017488735388277e+10,8.017488735388277e+10,-5.804807220205800e+00,1.567446692565866e-06,1.000000000000000e+00,0.000000000000000e+00,2.566411433651935e+03,2.566411433651935e+03,-3.603076134523585e+03,5.536799452292455e-03,1.000000000000000e+03,1.000000000000000e+00,
1.744330429307156e-05,0.000000000000000e+00,4.435609639045238e-02,1.398531864707597e+06,1.398475468761796e+06,1.501596694710388e+03,1.744330429307156e-05,0.000000000000000e+00,-1.000000000000000e+03,9.323169791745308e+05,5.639594580083588e+01,2.982017488292452e+05,6.207673980280805e-03,5.725215018766812e+08,0.000000000000000e+00,-3.526619184860635e-06,8.003185470433823e+10,8.003185470433823e+10,-4.758371243009002e+00,1.744330429307156e-05,1.000000000000000e+00,0.000000000000000e+00,1.851454864063251e+03,1.851454864063251e+03,-2.542795961704830e+03,4.435609639045238e-02,1.000000000000000e+03,1.000000000000000e+00,
1.933780501449685e-04,0.000000000000000e+00,3.656907849202952e-01,1.547616002235771e+07,1.547581424953066e+07,1.500674723468354e+03,1.933780501449685e-04,0.000000000000000e+00,-1.000000000000000e+03,1.031720949968711e+07,3.457728270488022e+02,2.981101877421243e+05,6.341688832926295e-03,4.875692998286391e+08,0.000000000000000e+00,-8.356470186787988e-06,7.998271563208008e+10,7.998271563208008e+10,-3.713592823127447e+00,1.933780501449685e-04,1.000000000000000e+00,0.000000000000000e+00,1.891066667836138e+03,1.891066667836138e+03,-2.070115852592902e+03,3.656907849202952e-01,1.000000000000000e+03,1.000000000000000e+00,
7.506086955999975e-08,0.000000000000000e+00,-7.506086981095934e-08,5.360987406610351e+03,5.360987406572821e+03,1.340051896739714e+03,7.506086955999975e-08,0.000000000000000e+00,-1.000000000000000e+03,3.573991604381881e+03,3.753043477992640e-08,2.817048623407490e+05,3.549814482042632e-06,8.441933049447739e+08,0.000000000000000e+00,-2.551847622100923e-19,7.142186651977829e+10,7.142186651977831e+10,-7.124586408708947e+00,7.506086955999975e-08,1.000000000000000e+00,0.000000000000000e+00,-1.000000003297406e+00,9.999999999990188e-01,-9.695818671236698e-01,7.506086955992643e-08,1.000000000000000e+03,1.000000000000000e+00,
7.506086956486164e-08,0.000000000000000e+00,-7.568083023107069e-08,5.360987407218587e+03,5.360987407181056e+03,1.340051896804958e+03,7.506086956486164e-08,0.000000000000000e+00,-1.000000000000000e+03,3.573991604787371e+03,3.753043512450068e-08,2.817048623476069e+05,3.549814498137035e-06,8.441933049450676e+08,0.000000000000000e+00,7.454494244107934e-16,7.142186652325572e+10,7.142186652325572e+10,-7.124586408680816e+00,7.506086956486164e-08,1.000000000000000e+00,0.000000000000000e+00,-1.007661214613803e+00,1.000000004557233e+00,-9.476889022328829e-01,7.506086990693151e-08,1.000000000000000e+03,1.000000000000000e+00,
7.511377445507308e-08,0.000000000000000e+00,-8.268572967085575e-08,5.367912999490532e+03,5.367912999452316e+03,1.340837984872108e+03,7.511377445507308e-08,0.000000000000000e+00,-1.000000000000000e+03,3.578608666301544e+03,9.452994381326194e-09,2.817874757021164e+05,1.241556482434181e-06,8.304334776692916e+08,0.000000000000000e+00,-4.776325469524875e-08,7.146376331631377e+10,7.146376331631375e+10,-7.124280414243673e+00,7.511377445507308e-08,1.000000000000000e+00,0.000000000000000e+00,-1.063913097816390e+00,3.739876814437226e-01,-9.043617060840440e-01,5.016191417961041e-08,1.000000000000000e+03,1.000000000000000e+00,
1.398462306215917e-07,0.000000000000000e+00,-5.065163407192622e-08,1.139901266200007e+04,1.139901266199090e+04,1.513225473331635e+03,1.398462306215917e-07,0.000000000000000e+00,-1.000000000000000e+03,7.599341774660600e+03,4.004021612550765e-11,2.993542001686318e+05,5.827050580287107e-08,7.440308658648453e+08,0.000000000000000e+00,-2.338850007387183e-04,8.065164344274112e+10,8.065164344274113e+10,-6.854349234993595e+00,1.398462306215917e-07,1.000000000000000e+00,0.000000000000000e+00,-3.621952043096813e-01,1.752446351025682e-02,-2.541020658921046e-01,4.569636736904692e-09,1.000000000000000e+03,1.000000000000000e+00,
1.567446692565866e-06,0.000000000000000e+00,5.536799452292455e-03,1.263943017520929e+05,1.263845227438752e+05,1.504280343047481e+03,1.567446692565866e-06,0.000000000000000e+00,-1.000000000000000e+03,8.425634849591678e+04,9.779008217728531e+00,2.984681024347173e+05,8.598612088584159e-03,6.580998886264043e+08,0.000000000000000e+00,-8.187961451474848e-06,8.017488735388277e+10,8.017488735388277e+10,-5.804807220205800e+00,1.567446692565866e-06,1.000000000000000e+00,0.000000000000000e+00,2.566411433651935e+03,2.566411433651935e+03,-1.805607488016276e+03,5.536799452292455e-03,1.000000000000000e+03,1.000000000000000e+00,
1.744330429307156e-05,0.000000000000000e+00,4.435609639045238e-02,1.398531864707597e+06,1.398475468761796e+06,1.501596694710388e+03,1.744330429307156e-05,0.000000000000000e+00,-1.000000000000000e+03,9.323169791745308e+05,5.639594580083588e+01,2.982017488292452e+05,6.207673980280805e-03,5.725215018766812e+08,0.000000000000000e+00,-3.526619184860635e-06,8.003185470433823e+10,8.003185470433823e+10,-4.758371243009002e+00,1.744330429307156e-05,1.000000000000000e+00,0.000000000000000e+00,1.851454864063251e+03,1.851454864063251e+03,-1.798082290928728e+03,4.435609639045238e-02,1.000000000000000e+03,1.000000000000000e+00,
1.933780501449685e-04,0.000000000000000e+00,3.656907849202952e-01,1.547616002235771e+07,1.547581424953066e+07,1.500674723468354e+03,1.933780501449685e-04,0.000000000000000e+00,-1.000000000000000e+03,1.031720949968711e+07,3.457728270488022e+02,2.981101877421243e+05,6.341688832926295e-03,4.875692998286391e+08,0.000000000000000e+00,-8.356470186787988e-06,7.998271563208008e+10,7.998271563208008e+10,-3.713592823127447e+00,1.933780501449685e-04,1.000000000000000e+00,0.000000000000000e+00,1.891066667836138e+03,1.891066667836138e+03,-1.926216487764134e+03,3.656907849202952e-01,1.000000000000000e+03,1.000000000000000e+00,
7.506086955999975e-08,0.000000000000000e+00,-7.506086981095934e-08,5.360987406610351e+03,5.360987406572821e+03,1.340051896739714e+03,7.506086955999975e-08,0.000000000000000e+00,-1.000000000000000e+03,3.573991604381881e+03,3.753043477992640e-08,2.817048623407490e+05,3.549814482042632e-06,8.441933049447739e+08,0.000000000000000e+00,-2.551847622100923e-19,7.142186651977829e+10,7.142186651977831e+10,-7.124586408708947e+00,7.506086955999975e-08,1.000000000000000e+00,0.000000000000000e+00,-1.000000003297406e+00,9.999999999990188e-01,-8.933757570577912e-01,7.506086955992643e-08,1.000000000000000e+03,1.000000000000000e+00,
7.506086956486164e-08,0.000000000000000e+00,-7.568083023107069e-08,5.360987407218587e+03,5.360987407181056e+03,1.340051896804958e+03,7.506086956486164e-08,0.000000000000000e+00,-1.000000000000000e+03,3.573991604787371e+03,3.753043512450068e-08,2.817048623476069e+05,3.549814498137035e-06,8.441933049450676e+08,0.000000000000000e+00,7.454494244107934e-16,7.142186652325572e+10,7.142186652325572e+10,-7.124586408680816e+00,7.506086956486164e-08,1.000000000000000e+00,0.000000000000000e+00,-1.007661214613803e+00,1.000000004557233e+00,-8.303787752481911e-01,7.506086990693151e-08,1.000000000000000e+03,1.000000000000000e+00,
7.511377445507308e-08,0.000000000000000e+00,-8.268572967085575e-08,5.367912999490532e+03,5.367912999452316e+03,1.340837984872108e+03,7.511377445507308e-08,0.000000000000000e+00,-1.000000000000000e+03,3.578608666301544e+03,9.452994381326194e-09,2.817874757021164e+05,1.241556482434181e-06,8.304334776692916e+08,0.000000000000000e+00,-4.776325469524875e-08,7.146376331631377e+10,7.146376331631375e+10,-7.124280414243673e+00,7.511377445507308e-08,1.000000000000000e+00,0.000000000000000e+00,-1.063913097816390e+00,3.739876814437226e-01,-7.104859146257977e-01,5.016191417961041e-08,1.000000000000000e+03,1.000000000000000e+00,
1.398462306215917e-07,0.000000000000000e+00,-5.065163407192622e-08,1.139901266200007e+04,1.139901266199090e+04,1.513225473331635e+03,1.398462306215917e-07,0.000000000000000e+00,-1.000000000000000e+03,7.599341774660600e+03,4.004021612550765e-11,2.993542001686318e+05,5.827050580287107e-08,7.440308658648453e+08,0.000000000000000e+00,-2.338850007387183e-04,8.065164344274112e+10,8.065164344274113e+10,-6.854349234993595e+00,1.398462306215917e-07,1.000000000000000e+00,0.000000000000000e+00,-3.621952043096813e-01,1.752446351025682e-02,-1.604606816975892e-01,4.569636736904692e-09,1.000000000000000e+03,1.000000000000000e+00,
1.567446692565866e-06,0.000000000000000e+00,5.536799452292455e-03,1.263943017520929e+05,1.263845227438752e+05,1.504280343047481e+03,1.567446692565866e-06,0.000000000000000e+00,-1.000000000000000e+03,8.425634849591678e+04,9.779008217728531e+00,2.984681024347173e+05,8.598612088584159e-03,6.580998886264043e+08,0.000000000000000e+00,-8.187961451474848e-06,8.017488735388277e+10,8.017488735388277e+10,-5.804807220205800e+00,1.567446692565866e-06,1.000000000000000e+00,0.000000000000000e+00,2.566411433651935e+03,2.566411433651935e+03,-1.136978411807396e+03,5.536799452292455e-03,1.000000000000000e+03,1.000000000000000e+00,
1.744330429307156e-05,0.000000000000000e+00,4.435609639045238e-02,1.398531864707597e+06,1.398475468761796e+06,1.501596694710388e+03,1.744330429307156e-05,0.000000000000000e+00,-1.000000000000000e+03,9.323169791745308e+05,5.639594580083588e+01,2.982017488292452e+05,6.207673980280805e-03,5.725215018766812e+08,0.000000000000000e+00,-3.526619184860635e-06,8.003185470433823e+10,8.003185470433823e+10,-4.758371243009002e+00,1.744330429307156e-05,1.000000000000000e+00,0.000000000000000e+00,1.851454864063251e+03,1.851454864063251e+03,-1.326430543759130e+03,4.435609639045238e-02,1.000000000000000e+03,1.000000000000000e+00,
1.933780501449685e-04,0.000000000000000e+00,3.656907849202952e-01,1.547616002235771e+07,1.547581424953066e+07,1.500674723468354e+03,1.933780501449685e-04,0.000000000000000e+00,-1.000000000000000e+03,1.031720949968711e+07,3.457728270488022e+02,2.981101877421243e+05,6.341688832926295e-03,4.875692998286391e+08,0.000000000000000e+00,-8.356470186787988e-06,7.998271563208008e+10,7.998271563208008e+10,-3.713592823127447e+00,1.933780501449685e-04,1.000000000000000e+00,0.000000000000000e+00,1.891066667836138e+03,1.891066667836138e+03,-1.687778852536778e+03,3.656907849202952e-01,1.000000000000000e+03,1.000000000000000e+00,

64,28
1.585781629265006e-02,0.000000000000000e+00,3.173190364664547e+01,1.565475581141391e+09,1.565443832958335e+09,1.852185712132648e+03,1.585781629265006e-02,0.000000000000000e+00,-1.000000000000000e+03,1.043629221972224e+09,3.174818305552848e+04,3.311889201308823e+05,6.802390531120735e-03,4.862682571429839e+08,2.500000000000000e-07,5.003939704058393e-04,9.871749073571391e+10,9.871749073571391e+10,-1.799756617607770e+00,1.585781629265006e-02,1.000000000000000e+00,0.000000000000000e+00,2.031879854460424e+03,2.031879854460424e+03,-1.222681886765569e+03,3.173190364664547e+01,1.000000000000000e+03,1.000000000000000e+00,
1.585781629265006e-02,0.000000000000000e+00,3.173190364664547e+01,1.565475581141391e+09,1.565443832958335e+09,1.852185712132648e+03,1.585781629265006e-02,0.000000000000000e+00,-1.000000000000000e+03,1.043629221972224e+09,3.174818305552848e+04,3.311889201308823e+05,6.802390531120735e-03,4.862682571429839e+08,2.500000000000000e-07,5.003939704058393e-04,9.871749073571391e+10,9.871749073571391e+10,-1.799756617607770e+00,1.585781629265006e-02,1.000000000000000e+00,0.000000000000000e+00,2.031879854460424e+03,2.031879854460424e+03,-1.222681886765569e+03,3.173190364664547e+01,1.000000000000000e+03,1.000000000000000e+00,
1.585781629265006e-02,0.000000000000000e+00,3.173190364664547e+01,1.565475581141391e+09,1.565443832958335e+09,1.852185712132648e+03,1.585781629265006e-02,0.000000000000000e+00,-1.000000000000000e+03,1.043629221972224e+09,3.174818305552848e+04,3.311889201308823e+05,6.802390531120735e-03,4.862682571429839e+08,2.500000000000000e-07,5.003939704058393e-04,9.871749073571391e+10,9.871749073571391e+10,-1.799756617607770e+00,1.585781629265006e-02,1.000000000000000e+00,0.000000000000000e+00,2.031879854460424e+03,2.031879854460424e+03,-1.440492691315354e+03,3.173190364664547e+01,1.000000000000000e+03,1.000000000000000e+00,
1.585781629265006e-02,0.000000000000000e+00,3.173190364664547e+01,1.565475581141391e+09,1.565443832958335e+09,1.852185712132648e+03,1.585781629265006e-02,0.000000000000000e+00,-1.000000000000000e+03,1.043629221972224e+09,3.174818305552848e+04,3.311889201308823e+05,6.802390531120735e-03,4.862682571429839e+08,2.500000000000000e-07,5.003939704058393e-04,9.871749073571391e+10,9.871749073571391e+10,-1.799756617607770e+00,1.585781629265006e-02,1.000000000000000e+00,0.000000000000000e+00,2.031879854460424e+03,2.031879854460424e+03,-1.694003229795714e+03,3.173190364664547e+01,1.000000000000000e+03,1.000000000000000e+00,
1.585781629265006e-02,0.000000000000000e+00,3.173190364664547e+01,1.565475581141391e+09,1.565443832958335e+09,1.852185712132648e+03,1.585781629265006e-02,0.000000000000000e+00,-1.000000000000000e+03,1.043629221972224e+09,3.174818305552848e+04,3.311889201308823e+05,6.802390531120735e-03,4.862682571429839e+08,2.500000000000000e-07,5.003939704058393e-04,9.871749073571391e+10,9.871749073571391e+10,-1.799756617607770e+00,1.585781629265006e-02,1.000000000000000e+00,0.000000000000000e+00,2.031879854460424e+03,2.031879854460424e+03,-1.929605884158264e+03,3.173190364664547e+01,1.000000000000000e+03,1.000000000000000e+00,
1.585781629265006e-02,0.000000000000000e+00,3.173190364664547e+01,1.565475581141391e+09,1.565443832958335e+09,1.852185712132648e+03,1.585781629265006e-02,0.000000000000000e+00,-1.000000000000000e+03,1.043629221972224e+09,3.174818305552848e+04,3.311889201308823e+05,6.802390531120735e-03,4.862682571429839e+08,2.500000000000000e-07,5.003939704058393e-04,9.871749073571391e+10,9.871749073571391e+10,-1.799756617607770e+00,1.585781629265006e-02,1.000000000000000e+00,0.000000000000000e+00,2.031879854460424e+03,2.031879854460424e+03,-1.929605884158264e+03,3.173190364664547e+01,1.000000000000000e+03,1.000000000000000e+00,
1.585781629265006e-02,0.000000000000000e+00,3.173190364664547e+01,1.565475581141391e+09,1.565443832958335e+09,1.852185712132648e+03,1.585781629265006e-02,0.000000000000000e+00,-1.000000000000000e+03,1.043629221972224e+09,3.174818305552848e+04,3.311889201308823e+05,6.802390531120735e-03,4.862682571429839e+08,2.500000000000000e-07,5.003939704058393e-04,9.871749073571391e+10,9.871749073571391e+10,-1.799756617607770e+00,1.585781629265006e-02,1.000000000000000e+00,0.000000000000000e+00,2.031879854460424e+03,2.031879854460424e+03,-1.694003229795714e+03,3.173190364664547e+01,1.000000000000000e+03,1.000000000000000e+00,
1.585781629265006e-02,0.000000000000000e+00,3.173190364664547e+01,1.565475581141391e+09,1.565443832958335e+09,1.852185712132648e+03,1.585781629265006e-02,0.000000000000000e+00,-1.000000000000000e+03,1.043629221972224e+09,3.174818305552848e+04,3.311889201308823e+05,6.802390531120735e-03,4.862682571429839e+08,2.500000000000000e-07,5.003939704058393e-04,9.871749073571391e+10,9.871749073571391e+10,-1.799756617607770e+00,1.585781629265006e-02,1.000000000000000e+00,0.000000000000000e+00,2.031879854460424e+03,2.031879854460424e+03,-1.440492691315354e+03,3.173190364664547e+01,1.000000000000000e+03,1.000000000000000e+00,
7.506086956345315e-08,0.000000000000000e+00,-7.506086955992643e-08,5.360987407042226e+03,5.360987407004695e+03,1.340051896786021e+03,7.506086956345315e-08,0.000000000000000e+00,-1.000000000000000e+03,3.573991604669797e+03,3.753043502923276e-08,2.817048623456163e+05,3.549814493689969e-06,8.441933049449812e+08,0.000000000000000e+00,5.442813977296623e-16,7.142186652224637e+10,7.142186652224637e+10,-7.124586408688965e+00,7.506086956345315e-08,1.000000000000000e+00,0.000000000000000e+00,-9.999999999990188e-01,1.000000003297406e+00,-6.017491083998846e-01,7.506086981095934e-08,1.000000000000000e+03,1.000000000000000e+00,
7.510543140243438e-08,0.000000000000000e+00,-7.506086990693151e-08,5.366813628884576e+03,5.366813628846446e+03,1.340712291623591e+03,7.510543140243438e-08,0.000000000000000e+00,-1.000000000000000e+03,3.577875752564297e+03,3.813031865681085e-08,2.817742676882808e+05,3.576129299814386e-06,8.441984761626215e+08,0.000000000000000e+00,5.057088521266407e-10,7.145706413814024e+10,7.145706413814024e+10,-7.124328654969035e+00,7.510543140243438e-08,1.000000000000000e+00,0.000000000000000e+00,-1.000000004557233e+00,1.007661214613803e+00,-4.527525749884344e-01,7.568083023107069e-08,1.000000000000000e+03,1.000000000000000e+00,
1.351713964457684e-07,0.000000000000000e+00,-5.016191417961041e-08,1.103847151430517e+04,1.103847151429571e+04,1.614797515043791e+03,1.351713964457684e-07,0.000000000000000e+00,-1.000000000000000e+03,7.358981009530476e+03,4.378224585615444e-08,3.092377968247554e+05,3.736100217951807e-06,8.479745118096873e+08,0.000000000000000e+00,1.472685214238822e-09,8.606521348652580e+10,8.606521348652582e+10,-6.869115199518778e+00,1.351713964457684e-07,1.000000000000000e+00,0.000000000000000e+00,-3.739876814437226e-01,1.063913097816390e+00,-9.153993347310022e-02,8.268572967085575e-08,1.000000000000000e+03,1.000000000000000e+00,
1.509519766113089e-06,0.000000000000000e+00,5.306124869171406e-03,1.217545757470706e+05,1.217452499463228e+05,1.546314668969798e+03,1.509519766113089e-06,0.000000000000000e+00,-1.000000000000000e+03,8.116349996421521e+04,9.325800747788943e+00,3.026094402077101e+05,1.174230362347128e-02,8.291262778072375e+08,0.000000000000000e+00,1.547744836589445e-08,8.241522597254131e+10,8.241522597254132e+10,-5.821161195818996e+00,1.509519766113089e-06,1.000000000000000e+00,0.000000000000000e+00,3.515107909341471e+03,3.515107909341471e+03,2.826259129308107e+02,5.306124869171406e-03,1.000000000000000e+03,1.000000000000000e+00,
1.679895473459415e-05,0.000000000000000e+00,4.311302950426373e-02,1.346909626394991e+06,1.346854303509061e+06,1.512834900816536e+03,1.679895473459415e-05,0.000000000000000e+00,-1.000000000000000e+03,8.979028690060410e+05,5.532288592955782e+01,2.993155651237207e+05,1.206332937617265e-02,7.426791037798247e+08,0.000000000000000e+00,1.282038346809429e-05,8.063082677279904e+10,8.063082677279904e+10,-4.774717740126550e+00,1.679895473459415e-05,1.000000000000000e+00,0.000000000000000e+00,3.607158941651598e+03,3.607158941651598e+03,-6.912645438612107e+00,4.311302950426373e-02,1.000000000000000e+03,1.000000000000000e+00,
1.862581129537125e-04,0.000000000000000e+00,3.507662570939323e-01,1.490691251961150e+07,1.490658223341574e+07,1.504237868675623e+03,1.862581129537125e-04,0.000000000000000e+00,-1.000000000000000e+03,9.937721488943826e+06,3.302861957649674e+02,2.984638886807059e+05,8.519866082742878e-03,6.567609917392154e+08,0.000000000000000e+00,1.165098895346330e-05,8.017262356176791e+10,8.017262356176791e+10,-3.729884801348569e+00,1.862581129537125e-04,1.000000000000000e+00,0.000000000000000e+00,2.542872362094292e+03,2.542872362094292e+03,-6.224118558079416e+02,3.507662570939323e-01,1.000000000000000e+03,1.000000000000000e+00,
2.043805254267653e-03,0.000000000000000e+00,4.154117862111320e+00,1.640721132274248e+08,1.640678915201031e+08,1.506171784649213e+03,2.043805254267653e-03,0.000000000000000e+00,-1.000000000000000e+03,1.093785943467354e+08,4.221707321741825e+03,2.986556863654813e+05,6.944158404001977e-03,5.711865393147974e+08,0.000000000000000e+00,1.179693801589394e-06,8.027569709859308e+10,8.027569709859308e+10,-2.689560488687178e+00,2.043805254267653e-03,1.000000000000000e+00,0.000000000000000e+00,2.070127586712921e+03,2.070127586712921e+03,-8.496757550262087e+02,4.154117862111320e+00,1.000000000000000e+03,1.000000000000000e+00,
7.506086956345315e-08,0.000000000000000e+00,-7.506086955992643e-08,5.360987407042226e+03,5.360987407004695e+03,1.340051896786021e+03,7.506086956345315e-08,0.000000000000000e+00,-1.000000000000000e+03,3.573991604669797e+03,3.753043502923276e-08,2.817048623456163e+05,3.549814493689969e-06,8.441933049449812e+08,0.000000000000000e+00,5.442813977296623e-16,7.142186652224637e+10,7.142186652224637e+10,-7.124586408688965e+00,7.506086956345315e-08,1.000000000000000e+00,0.000000000000000e+00,-9.999999999990188e-01,1.000000003297406e+00,-6.017491083998846e-01,7.506086981095934e-08,1.000000000000000e+03,1.000000000000000e+00,
7.510543140243438e-08,0.000000000000000e+00,-7.506086990693151e-08,5.366813628884576e+03,5.366813628846446e+03,1.340712291623591e+03,7.510543140243438e-08,0.000000000000000e+00,-1.000000000000000e+03,3.577875752564297e+03,3.813031865681085e-08,2.817742676882808e+05,3.576129299814386e-06,8.441984761626215e+08,0.000000000000000e+00,5.057088521266407e-10,7.145706413814024e+10,7.145706413814024e+10,-7.124328654969035e+00,7.510543140243438e-08,1.000000000000000e+00,0.000000000000000e+00,-1.000000004557233e+00,1.007661214613803e+00,-4.527525749884344e-01,7.568083023107069e-08,1.000000000000000e+03,1.000000000000000e+00,
1.351713964457684e-07,0.000000000000000e+00,-5.016191417961041e-08,1.103847151430517e+04,1.103847151429571e+04,1.614797515043791e+03,1.351713964457684e-07,0.000000000000000e+00,-1.000000000000000e+03,7.358981009530476e+03,4.378224585615444e-08,3.092377968247554e+05,3.736100217951807e-06,8.479745118096873e+08,0.000000000000000e+00,1.472685214238822e-09,8.606521348652580e+10,8.606521348652582e+10,-6.869115199518778e+00,1.351713964457684e-07,1.000000000000000e+00,0.000000000000000e+00,-3.739876814437226e-01,1.063913097816390e+00,-9.153993347310022e-02,8.268572967085575e-08,1.000000000000000e+03,1.000000000000000e+00,
1.509519766113089e-06,0.000000000000000e+00,5.306124869171406e-03,1.217545757470706e+05,1.217452499463228e+05,1.546314668969798e+03,1.509519766113089e-06,0.000000000000000e+00,-1.000000000000000e+03,8.116349996421521e+04,9.325800747788943e+00,3.026094402077101e+05,1.174230362347128e-02,8.291262778072375e+08,0.000000000000000e+00,1.547744836589445e-08,8.241522597254131e+10,8.241522597254132e+10,-5.821161195818996e+00,1.509519766113089e-06,1.000000000000000e+00,0.000000000000000e+00,3.515107909341471e+03,3.515107909341471e+03,2.826259129308107e+02,5.306124869171406e-03,1.000000000000000e+03,1.000000000000000e+00,
1.679895473459415e-05,0.000000000000000e+00,4.311302950426373e-02,1.346909626394991e+06,1.346854303509061e+06,1.512834900816536e+03,1.679895473459415e-05,0.000000000000000e+00,-1.000000000000000e+03,8.979028690060410e+05,5.532288592955782e+01,2.993155651237207e+05,1.206332937617265e-02,7.426791037798247e+08,0.000000000000000e+00,1.282038346809429e-05,8.063082677279904e+10,8.063082677279904e+10,-4.774717740126550e+00,1.679895473459415e-05,1.000000000000000e+00,0.000000000000000e+00,3.607158941651598e+03,3.607158941651598e+03,-6.912645438612107e+00,4.311302950426373e-02,1.000000000000000e+03,1.000000000000000e+00,
1.862581129537125e-04,0.000000000000000e+00,3.507662570939323e-01,1.490691251961150e+07,1.490658223341574e+07,1.504237868675623e+03,1.862581129537125e-04,0.000000000000000e+00,-1.000000000000000e+03,9.937721488943826e+06,3.302861957649674e+02,2.984638886807059e+05,8.519866082742878e-03,6.567609917392154e+08,0.000000000000000e+00,1.165098895346330e-05,8.017262356176791e+10,8.017262356176791e+10,-3.729884801348569e+00,1.862581129537125e-04,1.000000000000000e+00,0.000000000000000e+00,2.542872362094292e+03,2.542872362094292e+03,-6.224118558079416e+02,3.507662570939323e-01,1.000000000000000e+03,1.000000000000000e+00,
2.043805254267653e-03,0.000000000000000e+00,4.154117862111320e+00,1.640721132274248e+08,1.640678915201031e+08,1.506171784649213e+03,2.043805254267653e-03,0.000000000000000e+00,-1.000000000000000e+03,1.093785943467354e+08,4.221707321741825e+03,2.986556863654813e+05,6.944158404001977e-03,5.711865393147974e+08,0.000000000000000e+00,1.179693801589394e-06,8.027569709859308e+10,8.027569709859308e+10,-2.689560488687178e+00,2.043805254267653e-03,1.000000000000000e+00,0.000000000000000e+00,2.070127586712921e+03,2.070127586712921e+03,-8.496757550262087e+02,4.154117862111320e+00,1.000000000000000e+03,1.000000000000000e+00,
7.506086956345315e-08,0.000000000000000e+00,-7.506086955992643e-08,5.360987407042226e+03,5.360987407004695e+03,1.340051896786021e+03,7.506086956345315e-08,0.000000000000000e+00,-1.000000000000000e+03,3.573991604669797e+03,3.753043502923276e-08,2.817048623456163e+05,3.549814493689969e-06,8.441933049449812e+08,0.000000000000000e+00,5.442813977296623e-16,7.142186652224637e+10,7.142186652224637e+10,-7.124586408688965e+00,7.506086956345315e-08,1.000000000000000e+00,0.000000000000000e+00,-9.999999999990188e-01,1.000000003297406e+00,-7.089458035144373e-01,7.506086981095934e-08,1.000000000000000e+03,1.000000000000000e+00,
7.510543140243438e-08,0.000000000000000e+00,-7.506086990693151e-08,5.366813628884576e+03,5.366813628846446e+03,1.340712291623591e+03,7.510543140243438e-08,0.000000000000000e+00,-1.000000000000000e+03,3.577875752564297e+03,3.813031865681085e-08,2.817742676882808e+05,3.576129299814386e-06,8.441984761626215e+08,0.000000000000000e+00,5.057088521266407e-10,7.145706413814024e+10,7.145706413814024e+10,-7.124328654969035e+00,7.510543140243438e-08,1.000000000000000e+00,0.000000000000000e+00,-1.000000004557233e+00,1.007661214613803e+00,-5.614681559551530e-01,7.568083023107069e-08,1.000000000000000e+03,1.000000000000000e+00,
1.351713964457684e-07,0.000000000000000e+00,-5.016191417961041e-08,1.103847151430517e+04,1.103847151429571e+04,1.614797515043791e+03,1.351713964457684e-07,0.000000000000000e+00,-1.000000000000000e+03,7.358981009530476e+03,4.378224585615444e-08,3.092377968247554e+05,3.736100217951807e-06,8.479745118096873e+08,0.000000000000000e+00,1.472685214238822e-09,8.606521348652580e+10,8.606521348652582e+10,-6.869115199518778e+00,1.351713964457684e-07,1.000000000000000e+00,0.000000000000000e+00,-3.739876814437226e-01,1.063913097816390e+00,-1.193751765071725e-01,8.268572967085575e-08,1.000000000000000e+03,1.000000000000000e+00,
1.509519766113089e-06,0.000000000000000e+00,5.306124869171406e-03,1.217545757470706e+05,1.217452499463228e+05,1.546314668969798e+03,1.509519766113089e-06,0.000000000000000e+00,-1.000000000000000e+03,8.116349996421521e+04,9.325800747788943e+00,3.026094402077101e+05,1.174230362347128e-02,8.291262778072375e+08,0.000000000000000e+00,1.547744836589445e-08,8.241522597254131e+10,8.241522597254132e+10,-5.821161195818996e+00,1.509519766113089e-06,1.000000000000000e+00,0.000000000000000e+00,3.515107909341471e+03,3.515107909341471e+03,4.195736447014489e+02,5.306124869171406e-03,1.000000000000000e+03,1.000000000000000e+00,
1.679895473459415e-05,0.000000000000000e+00,4.311302950426373e-02,1.346909626394991e+06,1.346854303509061e+06,1.512834900816536e+03,1.679895473459415e-05,0.000000000000000e+00,-1.000000000000000e+03,8.979028690060410e+05,5.532288592955782e+01,2.993155651237207e+05,1.206332937617265e-02,7.426791037798247e+08,0.000000000000000e+00,1.282038346809429e-05,8.063082677279904e+10,8.063082677279904e+10,-4.774717740126550e+00,1.679895473459415e-05,1.000000000000000e+00,0.000000000000000e+00,3.607158941651598e+03,3.607158941651598e+03,-9.222863035756134e+00,4.311302950426373e-02,1.000000000000000e+03,1.000000000000000e+00,
1.862581129537125e-04,0.000000000000000e+00,3.507662570939323e-01,1.490691251961150e+07,1.490658223341574e+07,1.504237868675623e+03,1.862581129537125e-04,0.000000000000000e+00,-1.000000000000000e+03,9.937721488943826e+06,3.302861957649674e+02,2.984638886807059e+05,8.519866082742878e-03,6.567609917392154e+08,0.000000000000000e+00,1.165098895346330e-05,8.017262356176791e+10,8.017262356176791e+10,-3.729884801348569e+00,1.862581129537125e-04,1.000000000000000e+00,0.000000000000000e+00,2.542872362094292e+03,2.542872362094292e+03,-8.116733574977272e+02,3.507662570939323e-01,1.000000000000000e+03,1.000000000000000e+00,
2.043805254267653e-03,0.000000000000000e+00,4.154117862111320e+00,1.640721132274248e+08,1.640678915201031e+08,1.506171784649213e+03,2.043805254267653e-03,0.000000000000000e+00,-1.000000000000000e+03,1.093785943467354e+08,4.221707321741825e+03,2.986556863654813e+05,6.944158404001977e-03,5.711865393147974e+08,0.000000000000000e+00,1.179693801589394e-06,8.027569709859308e+10,8.027569709859308e+10,-2.689560488687178e+00,2.043805254267653e-03,1.000000000000000e+00,0.000000000000000e+00,2.070127586712921e+03,2.070127586712921e+03,-1.053701084630064e+03,4.154117862111320e+00,1.000000000000000e+03,1.000000000000000e+00,
7.506086956345315e-08,0.000000000000000e+00,-7.506086955992643e-08,5.360987407042226e+03,5.360987407004695e+03,1.340051896786021e+03,7.506086956345315e-08,0.000000000000000e+00,-1.000000000000000e+03,3.573991604669797e+03,3.753043502923276e-08,2.817048623456163e+05,3.549814493689969e-06,8.441933049449812e+08,0.000000000000000e+00,5.442813977296623e-16,7.142186652224637e+10,7.142186652224637e+10,-7.124586408688965e+00,7.506086956345315e-08,1.000000000000000e+00,0.000000000000000e+00,-9.999999999990188e-01,1.000000003297406e+00,-8.337123042304003e-01,7.506086981095934e-08,1.000000000000000e+03,1.000000000000000e+00,
7.510543140243438e-08,0.000000000000000e+00,-7.506086990693151e-08,5.366813628884576e+03,5.366813628846446e+03,1.340712291623591e+03,7.510543140243438e-08,0.000000000000000e+00,-1.000000000000000e+03,3.577875752564297e+03,3.813031865681085e-08,2.817742676882808e+05,3.576129299814386e-06,8.441984761626215e+08,0.000000000000000e+00,5.057088521266407e-10,7.145706413814024e+10,7.145706413814024e+10,-7.124328654969035e+00,7.510543140243438e-08,1.000000000000000e+00,0.000000000000000e+00,-1.000000004557233e+00,1.007661214613803e+00,-7.153019178720272e-01,7.568083023107069e-08,1.000000000000000e+03,1.000000000000000e+00,
1.351713964457684e-07,0.000000000000000e+00,-5.016191417961041e-08,1.103847151430517e+04,1.103847151429571e+04,1.614797515043791e+03,1.351713964457684e-07,0.000000000000000e+00,-1.000000000000000e+03,7.358981009530476e+03,4.378224585615444e-08,3.092377968247554e+05,3.736100217951807e-06,8.479745118096873e+08,0.000000000000000e+00,1.472685214238822e-09,8.606521348652580e+10,8.606521348652582e+10,-6.869115199518778e+00,1.351713964457684e-07,1.000000000000000e+00,0.000000000000000e+00,-3.739876814437226e-01,1.063913097816390e+00,-1.688209600114810e-01,8.268572967085575e-08,1.000000000000000e+03,1.000000000000000e+00,
1.509519766113089e-06,0.000000000000000e+00,5.306124869171406e-03,1.217545757470706e+05,1.217452499463228e+05,1.546314668969798e+03,1.509519766113089e-06,0.000000000000000e+00,-1.000000000000000e+03,8.116349996421521e+04,9.325800747788943e+00,3.026094402077101e+05,1.174230362347128e-02,8.291262778072375e+08,0.000000000000000e+00,1.547744836589445e-08,8.241522597254131e+10,8.241522597254132e+10,-5.821161195818996e+00,1.509519766113089e-06,1.000000000000000e+00,0.000000000000000e+00,3.515107909341471e+03,3.515107909341471e+03,7.987759540831481e+02,5.306124869171406e-03,1.000000000000000e+03,1.000000000000000e+00,
1.679895473459415e-05,0.000000000000000e+00,4.311302950426373e-02,1.346909626394991e+06,1.346854303509061e+06,1.512834900816536e+03,1.679895473459415e-05,0.000000000000000e+00,-1.000000000000000e+03,8.979028690060410e+05,5.532288592955782e+01,2.993155651237207e+05,1.206332937617265e-02,7.426791037798247e+08,0.000000000000000e+00,1.282038346809429e-05,8.063082677279904e+10,8.063082677279904e+10,-4.774717740126550e+00,1.679895473459415e-05,1.000000000000000e+00,0.000000000000000e+00,3.607158941651598e+03,3.607158941651598e+03,-1.385231930062463e+01,4.311302950426373e-02,1.000000000000000e+03,1.000000000000000e+00,
1.862581129537125e-04,0.000000000000000e+00,3.507662570939323e-01,1.490691251961150e+07,1.490658223341574e+07,1.504237868675623e+03,1.862581129537125e-04,0.000000000000000e+00,-1.000000000000000e+03,9.937721488943826e+06,3.302861957649674e+02,2.984638886807059e+05,8.519866082742878e-03,6.567609917392154e+08,0.000000000000000e+00,1.165098895346330e-05,8.017262356176791e+10,8.017262356176791e+10,-3.729884801348569e+00,1.862581129537125e-04,1.000000000000000e+00,0.000000000000000e+00,2.542872362094292e+03,2.542872362094292e+03,-1.147872442477815e+03,3.507662570939323e-01,1.000000000000000e+03,1.000000000000000e+00,
2.043805254267653e-03,0.000000000000000e+00,4.154117862111320e+00,1.640721132274248e+08,1.640678915201031e+08,1.506171784649213e+03,2.043805254267653e-03,0.000000000000000e+00,-1.000000000000000e+03,1.093785943467354e+08,4.221707321741825e+03,2.986556863654813e+05,6.944158404001977e-03,5.711865393147974e+08,0.000000000000000e+00,1.179693801589394e-06,8.027569709859308e+10,8.027569709859308e+10,-2.689560488687178e+00,2.043805254267653e-03,1.000000000000000e+00,0.000000000000000e+00,2.070127586712921e+03,2.070127586712921e+03,-1.342399205913154e+03,4.154117862111320e+00,1.000000000000000e+03,1.000000000000000e+00,
7.506086956345315e-08,0.000000000000000e+00,-7.506086955992643e-08,5.360987407042226e+03,5.360987407004695e+03,1.340051896786021e+03,7.506086956345315e-08,0.000000000000000e+00,-1.000000000000000e+03,3.573991604669797e+03,3.753043502923276e-08,2.817048623456163e+05,3.549814493689969e-06,8.441933049449812e+08,0.000000000000000e+00,5.442813977296623e-16,7.142186652224637e+10,7.142186652224637e+10,-7.124586408688965e+00,7.506086956345315e-08,1.000000000000000e+00,0.000000000000000e+00,-9.999999999990188e-01,1.000000003297406e+00,-9.496653487090040e-01,7.506086981095934e-08,1.000000000000000e+03,1.000000000000000e+00,
7.510543140243438e-08,0.000000000000000e+00,-7.506086990693151e-08,5.366813628884576e+03,5.366813628846446e+03,1.340712291623591e+03,7.510543140243438e-08,0.000000000000000e+00,-1.000000000000000e+03,3.577875752564297e+03,3.813031865681085e-08,2.817742676882808e+05,3.576129299814386e-06,8.441984761626215e+08,0.000000000000000e+00,5.057088521266407e-10,7.145706413814024e+10,7.145706413814024e+10,-7.124328654969035e+00,7.510543140243438e-08,1.000000000000000e+00,0.000000000000000e+00,-1.000000004557233e+00,1.007661214613803e+00,-9.033787744506010e-01,7.568083023107069e-08,1.000000000000000e+03,1.000000000000000e+00,
1.351713964457684e-07,0.000000000000000e+00,-5.016191417961041e-08,1.103847151430517e+04,1.103847151429571e+04,1.614797515043791e+03,1.351713964457684e-07,0.000000000000000e+00,-1.000000000000000e+03,7.358981009530476e+03,4.378224585615444e-08,3.092377968247554e+05,3.736100217951807e-06,8.479745118096873e+08,0.000000000000000e+00,1.472685214238822e-09,8.606521348652580e+10,8.606521348652582e+10,-6.869115199518778e+00,1.351713964457684e-07,1.000000000000000e+00,0.000000000000000e+00,-3.739876814437226e-01,1.063913097816390e+00,-2.665071021771045e-01,8.268572967085575e-08,1.000000000000000e+03,1.000000000000000e+00,
1.509519766113089e-06,0.000000000000000e+00,5.306124869171406e-03,1.217545757470706e+05,1.217452499463228e+05,1.546314668969798e+03,1.509519766113089e-06,0.000000000000000e+00,-1.000000000000000e+03,8.116349996421521e+04,9.325800747788943e+00,3.026094402077101e+05,1.174230362347128e-02,8.291262778072375e+08,0.000000000000000e+00,1.547744836589445e-08,8.241522597254131e+10,8.241522597254132e+10,-5.821161195818996e+00,1.509519766113089e-06,1.000000000000000e+00,0.000000000000000e+00,3.515107909341471e+03,3.515107909341471e+03,3.417196185428196e+03,5.306124869171406e-03,1.000000000000000e+03,1.000000000000000e+00,
1.679895473459415e-05,0.000000000000000e+00,4.311302950426373e-02,1.346909626394991e+06,1.346854303509061e+06,1.512834900816536e+03,1.679895473459415e-05,0.000000000000000e+00,-1.000000000000000e+03,8.979028690060410e+05,5.532288592955782e+01,2.993155651237207e+05,1.206332937617265e-02,7.426791037798247e+08,0.000000000000000e+00,1.282038346809429e-05,8.063082677279904e+10,8.063082677279904e+10,-4.774717740126550e+00,1.679895473459415e-05,1.000000000000000e+00,0.000000000000000e+00,3.607158941651598e+03,3.607158941651598e+03,-2.781306365678611e+01,4.311302950426373e-02,1.000000000000000e+03,1.000000000000000e+00,
1.862581129537125e-04,0.000000000000000e+00,3.507662570939323e-01,1.490691251961150e+07,1.490658223341574e+07,1.504237868675623e+03,1.862581129537125e-04,0.000000000000000e+00,-1.000000000000000e+03,9.937721488943826e+06,3.302861957649674e+02,2.984638886807059e+05,8.519866082742878e-03,6.567609917392154e+08,0.000000000000000e+00,1.165098895346330e-05,8.017262356176791e+10,8.017262356176791e+10,-3.729884801348569e+00,1.862581129537125e-04,1.000000000000000e+00,0.000000000000000e+00,2.542872362094292e+03,2.542872362094292e+03,-1.618503745352277e+03,3.507662570939323e-01,1.000000000000000e+03,1.000000000000000e+00,
2.043805254267653e-03,0.000000000000000e+00,4.154117862111320e+00,1.640721132274248e+08,1.640678915201031e+08,1.506171784649213e+03,2.043805254267653e-03,0.000000000000000e+00,-1.000000000000000e+03,1.093785943467354e+08,4.221707321741825e+03,2.986556863654813e+05,6.944158404001977e-03,5.711865393147974e+08,0.000000000000000e+00,1.179693801589394e-06,8.027569709859308e+10,8.027569709859308e+10,-2.689560488687178e+00,2.043805254267653e-03,1.000000000000000e+00,0.000000000000000e+00,2.070127586712921e+03,2.070127586712921e+03,-1.695360964596553e+03,4.154117862111320e+00,1.000000000000000e+03,1.000000000000000e+00,
7.506086956345315e-08,0.000000000000000e+00,-7.506086955992643e-08,5.360987407042226e+03,5.360987407004695e+03,1.340051896786021e+03,7.506086956345315e-08,0.000000000000000e+00,-1.000000000000000e+03,3.573991604669797e+03,3.753043502923276e-08,2.817048623456163e+05,3.549814493689969e-06,8.441933049449812e+08,0.000000000000000e+00,5.442813977296623e-16,7.142186652224637e+10,7.142186652224637e+10,-7.124586408688965e+00,7.506086956345315e-08,1.000000000000000e+00,0.000000000000000e+00,-9.999999999990188e-01,1.000000003297406e+00,-9.496653487090040e-01,7.506086981095934e-08,1.000000000000000e+03,1.000000000000000e+00,
7.510543140243438e-08,0.000000000000000e+00,-7.506086990693151e-08,5.366813628884576e+03,5.366813628846446e+03,1.340712291623591e+03,7.510543140243438e-08,0.000000000000000e+00,-1.000000000000000e+03,3.577875752564297e+03,3.813031865681085e-08,2.817742676882808e+05,3.576129299814386e-06,8.441984761626215e+08,0.000000000000000e+00,5.057088521266407e-10,7.145706413814024e+10,7.145706413814024e+10,-7.124328654969035e+00,7.510543140243438e-08,1.000000000000000e+00,0.000000000000000e+00,-1.000000004557233e+00,1.007661214613803e+00,-9.033787744506010e-01,7.568083023107069e-08,1.000000000000000e+03,1.000000000000000e+00,
1.351713964457684e-07,0.000000000000000e+00,-5.016191417961041e-08,1.103847151430517e+04,1.103847151429571e+04,1.614797515043791e+03,1.351713964457684e-07,0.000000000000000e+00,-1.000000000000000e+03,7.358981009530476e+03,4.378224585615444e-08,3.092377968247554e+05,3.736100217951807e-06,8.479745118096873e+08,0.000000000000000e+00,1.472685214238822e-09,8.606521348652580e+10,8.606521348652582e+10,-6.869115199518778e+00,1.351713964457684e-07,1.000000000000000e+00,0.000000000000000e+00,-3.739876814437226e-01,1.063913097816390e+00,-2.665071021771045e-01,8.268572967085575e-08,1.000000000000000e+03,1.000000000000000e+00,
1.509519766113089e-06,0.000000000000000e+00,5.306124869171406e-03,1.217545757470706e+05,1.217452499463228e+05,1.546314668969798e+03,1.509519766113089e-06,0.000000000000000e+00,-1.000000000000000e+03,8.116349996421521e+04,9.325800747788943e+00,3.026094402077101e+05,1.174230362347128e-02,8.291262778072375e+08,0.000000000000000e+00,1.547744836589445e-08,8.241522597254131e+10,8.241522597254132e+10,-5.821161195818996e+00,1.509519766113089e-06,1.000000000000000e+00,0.000000000000000e+00,3.515107909341471e+03,3.515107909341471e+03,3.417196185428196e+03,5.306124869171406e-03,1.000000000000000e+03,1.000000000000000e+00,
1.679895473459415e-05,0.000000000000000e+00,4.311302950426373e-02,1.346909626394991e+06,1.346854303509061e+06,1.512834900816536e+03,1.679895473459415e-05,0.000000000000000e+00,-1.000000000000000e+03,8.979028690060410e+05,5.532288592955782e+01,2.993155651237207e+05,1.206332937617265e-02,7.426791037798247e+08,0.000000000000000e+00,1.282038346809429e-05,8.063082677279904e+10,8.063082677279904e+10,-4.774717740126550e+00,1.679895473459415e-05,1.000000000000000e+00,0.000000000000000e+00,3.607158941651598e+03,3.607158941651598e+03,-2.781306365678611e+01,4.311302950426373e-02,1.000000000000000e+03,1.000000000000000e+00,
1.862581129537125e-04,0.000000000000000e+00,3.507662570939323e-01,1.490691251961150e+07,1.490658223341574e+07,1.504237868675623e+03,1.862581129537125e-04,0.000000000000000e+00,-1.000000000000000e+03,9.937721488943826e+06,3.302861957649674e+02,2.984638886807059e+05,8.519866082742878e-03,6.567609917392154e+08,0.000000000000000e+00,1.165098895346330e-05,8.017262356176791e+10,8.017262356176791e+10,-3.729884801348569e+00,1.862581129537125e-04,1.000000000000000e+00,0.000000000000000e+00,2.542872362094292e+03,2.542872362094292e+03,-1.618503745352277e+03,3.507662570939323e-01,1.000000000000000e+03,1.000000000000000e+00,
2.043805254267653e-03,0.000000000000000e+00,4.154117862111320e+00,1.640721132274248e+08,1.640678915201031e+08,1.506171784649213e+03,2.043805254267653e-03,0.000000000000000e+00,-1.000000000000000e+03,1.093785943467354e+08,4.221707321741825e+03,2.986556863654813e+05,6.944158404001977e-03,5.711865393147974e+08,0.000000000000000e+00,1.179693801589394e-06,8.027569709859308e+10,8.027569709859308e+10,-2.689560488687178e+00,2.043805254267653e-03,1.000000000000000e+00,0.000000000000000e+00,2.070127586712921e+03,2.070127586712921e+03,-1.695360964596553e+03,4.154117862111320e+00,1.000000000000000e+03,1.000000000000000e+00,
7.506086956345315e-08,0.000000000000000e+00,-7.506086955992643e-08,5.360987407042226e+03,5.360987407004695e+03,1.340051896786021e+03,7.506086956345315e-08,0.000000000000000e+00,-1.000000000000000e+03,3.573991604669797e+03,3.753043502923276e-08,2.817048623456163e+05,3.549814493689969e-06,8.441933049449812e+08,0.000000000000000e+00,5.442813977296623e-16,7.142186652224637e+10,7.142186652224637e+10,-7.124586408688965e+00,7.506086956345315e-08,1.000000000000000e+00,0.000000000000000e+00,-9.999999999990188e-01,1.000000003297406e+00,-8.337123042304003e-01,7.506086981095934e-08,1.000000000000000e+03,1.000000000000000e+00,
7.510543140243438e-08,0.000000000000000e+00,-7.506086990693151e-08,5.366813628884576e+03,5.366813628846446e+03,1.340712291623591e+03,7.510543140243438e-08,0.000000000000000e+00,-1.000000000000000e+03,3.577875752564297e+03,3.813031865681085e-08,2.817742676882808e+05,3.576129299814386e-06,8.441984761626215e+08,0.000000000000000e+00,5.057088521266407e-10,7.145706413814024e+10,7.145706413814024e+10,-7.124328654969035e+00,7.510543140243438e-08,1.000000000000000e+00,0.000000000000000e+00,-1.000000004557233e+00,1.007661214613803e+00,-7.153019178720272e-01,7.568083023107069e-08,1.000000000000000e+03,1.000000000000000e+00,
1.351713964457684e-07,0.000000000000000e+00,-5.016191417961041e-08,1.103847151430517e+04,1.103847151429571e+04,1.614797515043791e+03,1.351713964457684e-07,0.000000000000000e+00,-1.000000000000000e+03,7.358981009530476e+03,4.378224585615444e-08,3.092377968247554e+05,3.736100217951807e-06,8.479745118096873e+08,0.000000000000000e+00,1.472685214238822e-09,8.606521348652580e+10,8.606521348652582e+10,-6.869115199518778e+00,1.351713964457684e-07,1.000000000000000e+00,0.000000000000000e+00,-3.739876814437226e-01,1.063913097816390e+00,-1.688209600114810e-01,8.268572967085575e-08,1.000000000000000e+03,1.000000000000000e+00,
1.509519766113089e-06,0.000000000000000e+00,5.306124869171406e-03,1.217545757470706e+05,1.217452499463228e+05,1.546314668969798e+03,1.509519766113089e-06,0.000000000000000e+00,-1.000000000000000e+03,8.116349996421521e+04,9.325800747788943e+00,3.026094402077101e+05,1.174230362347128e-02,8.291262778072375e+08,0.000000000000000e+00,1.547744836589445e-08,8.241522597254131e+10,8.241522597254132e+10,-5.821161195818996e+00,1.509519766113089e-06,1.000000000000000e+00,0.000000000000000e+00,3.515107909341471e+03,3.515107909341471e+03,7.987759540831481e+02,5.306124869171406e-03,1.000000000000000e+03,1.000000000000000e+00,
1.679895473459415e-05,0.000000000000000e+00,4.311302950426373e-02,1.346909626394991e+06,1.346854303509061e+06,1.512834900816536e+03,1.679895473459415e-05,0.000000000000000e+00,-1.000000000000000e+03,8.979028690060410e+05,5.532288592955782e+01,2.993155651237207e+05,1.206332937617265e-02,7.426791037798247e+08,0.000000000000000e+00,1.282038346809429e-05,8.063082677279904e+10,8.063082677279904e+10,-4.774717740126550e+00,1.679895473459415e-05,1.000000000000000e+00,0.000000000000000e+00,3.607158941651598e+03,3.607158941651598e+03,-1.385231930062463e+01,4.311302950426373e-02,1.000000000000000e+03,1.000000000000000e+00,
1.862581129537125e-04,0.000000000000000e+00,3.507662570939323e-01,1.490691251961150e+07,1.490658223341574e+07,1.504237868675623e+03,1.862581129537125e-04,0.000000000000000e+00,-1.000000000000000e+03,9.937721488943826e+06,3.302861957649674e+02,2.984638886807059e+05,8.519866082742878e-03,6.567609917392154e+08,0.000000000000000e+00,1.165098895346330e-05,8.017262356176791e+10,8.017262356176791e+10,-3.729884801348569e+00,1.862581129537125e-04,1.000000000000000e+00,0.000000000000000e+00,2.542872362094292e+03,2.542872362094292e+03,-1.147872442477815e+03,3.507662570939323e-01,1.000000000000000e+03,1.000000000000000e+00,
2.043805254267653e-03,0.000000000000000e+00,4.154117862111320e+00,1.640721132274248e+08,1.640678915201031e+08,1.506171784649213e+03,2.043805254267653e-03,0.000000000000000e+00,-1.000000000000000e+03,1.093785943467354e+08,4.221707321741825e+03,2.986556863654813e+05,6.944158404001977e-03,5.711865393147974e+08,0.000000000000000e+00,1.179693801589394e-06,8.027569709859308e+10,8.027569709859308e+10,-2.689560488687178e+00,2.043805254267653e-03,1.000000000000000e+00,0.000000000000000e+00,2.070127586712921e+03,2.070127586712921e+03,-1.342399205913154e+03,4.154117862111320e+00,1.000000000000000e+03,1.000000000000000e+00,
7.506086956345315e-08,0.000000000000000e+00,-7.506086955992643e-08,5.360987407042226e+03,5.360987407004695e+03,1.340051896786021e+03,7.506086956345315e-08,0.000000000000000e+00,-1.000000000000000e+03,3.573991604669797e+03,3.753043502923276e-08,2.817048623456163e+05,3.549814493689969e-06,8.441933049449812e+08,0.000000000000000e+00,5.442813977296623e-16,7.142186652224637e+10,7.142186652224637e+10,-7.124586408688965e+00,7.506086956345315e-08,1.000000000000000e+00,0.000000000000000e+00,-9.999999999990188e-01,1.000000003297406e+00,-7.089458035144373e-01,7.506086981095934e-08,1.000000000000000e+03,1.000000000000000e+00,
7.510543140243438e-08,0.000000000000000e+00,-7.506086990693151e-08,5.366813628884576e+03,5.366813628846446e+03,1.340712291623591e+03,7.510543140243438e-08,0.000000000000000e+00,-1.000000000000000e+03,3.577875752564297e+03,3.813031865681085e-08,2.817742676882808e+05,3.576129299814386e-06,8.441984761626215e+08,0.000000000000000e+00,5.057088521266407e-10,7.145706413814024e+10,7.145706413814024e+10,-7.124328654969035e+00,7.510543140243438e-08,1.000000000000000e+00,0.000000000000000e+00,-1.000000004557233e+00,1.007661214613803e+00,-5.614681559551530e-01,7.568083023107069e-08,1.000000000000000e+03,1.000000000000000e+00,
1.351713964457684e-07,0.000000000000000e+00,-5.016191417961041e-08,1.103847151430517e+04,1.103847151429571e+04,1.614797515043791e+03,1.351713964457684e-07,0.000000000000000e+00,-1.000000000000000e+03,7.358981009530476e+03,4.378224585615444e-08,3.092377968247554e+05,3.736100217951807e-06,8.479745118096873e+08,0.000000000000000e+00,1.472685214238822e-09,8.606521348652580e+10,8.606521348652582e+10,-6.869115199518778e+00,1.351713964457684e-07,1.000000000000000e+00,0.000000000000000e+00,-3.739876814437226e-01,1.063913097816390e+00,-1.193751765071725e-01,8.268572967085575e-08,1.000000000000000e+03,1.000000000000000e+00,
1.509519766113089e-06,0.000000000000000e+00,5.306124869171406e-03,1.217545757470706e+05,1.217452499463228e+05,1.546314668969798e+03,1.509519766113089e-06,0.000000000000000e+00,-1.000000000000000e+03,8.116349996421521e+04,9.325800747788943e+00,3.026094402077101e+05,1.174230362347128e-02,8.291262778072375e+08,0.000000000000000e+00,1.547744836589445e-08,8.241522597254131e+10,8.241522597254132e+10,-5.821161195818996e+00,1.509519766113089e-06,1.000000000000000e+00,0.000000000000000e+00,3.515107909341471e+03,3.515107909341471e+03,4.195736447014489e+02,5.306124869171406e-03,1.000000000000000e+03,1.000000000000000e+00,
1.679895473459415e-05,0.000000000000000e+00,4.311302950426373e-02,1.346909626394991e+06,1.346854303509061e+06,1.512834900816536e+03,1.679895473459415e-05,0.000000000000000e+00,-1.000000000000000e+03,8.979028690060410e+05,5.532288592955782e+01,2.993155651237207e+05,1.206332937617265e-02,7.426791037798247e+08,0.000000000000000e+00,1.282038346809429e-05,8.063082677279904e+10,8.063082677279904e+10,-4.774717740126550e+00,1.679895473459415e-05,1.000000000000000e+00,0.000000000000000e+00,3.607158941651598e+03,3.607158941651598e+03,-9.222863035756134e+00,4.311302950426373e-02,1.000000000000000e+03,1.000000000000000e+00,
1.862581129537125e-04,0.000000000000000e+00,3.507662570939323e-01,1.490691251961150e+07,1.490658223341574e+07,1.504237868675623e+03,1.862581129537125e-04,0.000000000000000e+00,-1.000000000000000e+03,9.937721488943826e+06,3.302861957649674e+02,2.984638886807059e+05,8.519866082742878e-03,6.567609917392154e+08,0.000000000000000e+00,1.165098895346330e-05,8.017262356176791e+10,8.017262356176791e+10,-3.729884801348569e+00,1.862581129537125e-04,1.000000000000000e+00,0.000000000000000e+00,2.542872362094292e+03,2.542872362094292e+03,-8.116733574977272e+02,3.507662570939323e-01,1.000000000000000e+03,1.000000000000000e+00,
2.043805254267653e-03,0.000000000000000e+00,4.154117862111320e+00,1.640721132274248e+08,1.640678915201031e+08,1.506171784649213e+03,2.043805254267653e-03,0.000000000000000e+00,-1.000000000000000e+03,1.093785943467354e+08,4.221707321741825e+03,2.986556863654813e+05,6.944158404001977e-03,5.711865393147974e+08,0.000000000000000e+00,1.179693801589394e-06,8.027569709859308e+10,8.027569709859308e+10,-2.689560488687178e+00,2.043805254267653e-03,1.000000000000000e+00,0.000000000000000e+00,2.070127586712921e+03,2.070127586712921e+03,-1.053701084630064e+03,4.154117862111320e+00,1.000000000000000e+03,1.000000000000000e+00,

