1
0
28
0
(64 0
((0,0) (63,63) (0,0))
((448,0) (511,63) (0,0))
((384,0) (447,63) (0,0))
((320,0) (383,63) (0,0))
((256,0) (319,63) (0,0))
((192,0) (255,63) (0,0))
((128,0) (191,63) (0,0))
((64,0) (127,63) (0,0))
((0,448) (63,511) (0,0))
((0,384) (63,447) (0,0))
((0,320) (63,383) (0,0))
((0,256) (63,319) (0,0))
((0,192) (63,255) (0,0))
((0,128) (63,191) (0,0))
((0,64) (63,127) (0,0))
((448,448) (511,511) (0,0))
((448,384) (511,447) (0,0))
((448,320) (511,383) (0,0))
((448,256) (511,319) (0,0))
((448,192) (511,255) (0,0))
((448,128) (511,191) (0,0))
((448,64) (511,127) (0,0))
((384,448) (447,511) (0,0))
((384,384) (447,447) (0,0))
((384,320) (447,383) (0,0))
((384,256) (447,319) (0,0))
((384,192) (447,255) (0,0))
((384,128) (447,191) (0,0))
((384,64) (447,127) (0,0))
((320,448) (383,511) (0,0))
((320,384) (383,447) (0,0))
((320,320) (383,383) (0,0))
((320,256) (383,319) (0,0))
((320,192) (383,255) (0,0))
((320,128) (383,191) (0,0))
((320,64) (383,127) (0,0))
((256,448) (319,511) (0,0))
((256,384) (319,447) (0,0))
((256,320) (319,383) (0,0))
((256,256) (319,319) (0,0))
((256,192) (319,255) (0,0))
((256,128) (319,191) (0,0))
((256,64) (319,127) (0,0))
((192,448) (255,511) (0,0))
((192,384) (255,447) (0,0))
((192,320) (255,383) (0,0))
((192,256) (255,319) (0,0))
((192,192) (255,255) (0,0))
((192,128) (255,191) (0,0))
((192,64) (255,127) (0,0))
((128,448) (191,511) (0,0))
((128,384) (191,447) (0,0))
((128,320) (191,383) (0,0))
((128,256) (191,319) (0,0))
((128,192) (191,255) (0,0))
((128,128) (191,191) (0,0))
((128,64) (191,127) (0,0))
((64,448) (127,511) (0,0))
((64,384) (127,447) (0,0))
((64,320) (127,383) (0,0))
((64,256) (127,319) (0,0))
((64,192) (127,255) (0,0))
((64,128) (127,191) (0,0))
((64,64) (127,127) (0,0))
)
64
FabOnDisk: Cell_D_0000 0
FabOnDisk: Cell_D_0001 0
FabOnDisk: Cell_D_0001 917590
FabOnDisk: Cell_D_0001 1835180
FabOnDisk: Cell_D_0001 2752770
FabOnDisk: Cell_D_0000 917587
FabOnDisk: Cell_D_0000 1835177
FabOnDisk: Cell_D_0000 2752767
FabOnDisk: Cell_D_0002 0
FabOnDisk: Cell_D_0002 917590
FabOnDisk: Cell_D_0002 1835180
FabOnDisk: Cell_D_0002 2752770
FabOnDisk: Cell_D_0000 3670356
FabOnDisk: Cell_D_0000 4587946
FabOnDisk: Cell_D_0000 5505536
FabOnDisk: Cell_D_0003 0
FabOnDisk: Cell_D_0003 917593
FabOnDisk: Cell_D_0003 1835186
FabOnDisk: Cell_D_0003 2752779
FabOnDisk: Cell_D_0001 3670360
FabOnDisk: Cell_D_0001 4587953
FabOnDisk: Cell_D_0001 5505546
FabOnDisk: Cell_D_0003 3670372
FabOnDisk: Cell_D_0003 4587965
FabOnDisk: Cell_D_0003 5505558
FabOnDisk: Cell_D_0003 6423151
FabOnDisk: Cell_D_0001 6423138
FabOnDisk: Cell_D_0001 7340731
FabOnDisk: Cell_D_0001 8258324
FabOnDisk: Cell_D_0003 7340744
FabOnDisk: Cell_D_0003 8258337
FabOnDisk: Cell_D_0003 9175930
FabOnDisk: Cell_D_0003 10093523
FabOnDisk: Cell_D_0001 9175916
FabOnDisk: Cell_D_0001 10093509
FabOnDisk: Cell_D_0001 11011102
FabOnDisk: Cell_D_0003 11011116
FabOnDisk: Cell_D_0003 11928709
FabOnDisk: Cell_D_0003 12846302
FabOnDisk: Cell_D_0003 13763895
FabOnDisk: Cell_D_0001 11928694
FabOnDisk: Cell_D_0001 12846287
FabOnDisk: Cell_D_0001 13763880
FabOnDisk: Cell_D_0002 3670360
FabOnDisk: Cell_D_0002 4587953
FabOnDisk: Cell_D_0002 5505546
FabOnDisk: Cell_D_0002 6423139
FabOnDisk: Cell_D_0000 6423125
FabOnDisk: Cell_D_0000 7340718
FabOnDisk: Cell_D_0000 8258311
FabOnDisk: Cell_D_0002 7340732
FabOnDisk: Cell_D_0002 8258325
FabOnDisk: Cell_D_0002 9175918
FabOnDisk: Cell_D_0002 10093511
FabOnDisk: Cell_D_0000 9175903
FabOnDisk: Cell_D_0000 10093496
FabOnDisk: Cell_D_0000 11011089
FabOnDisk: Cell_D_0002 11011104
FabOnDisk: Cell_D_0002 11928696
FabOnDisk: Cell_D_0002 12846288
FabOnDisk: Cell_D_0002 13763880
FabOnDisk: Cell_D_0000 11928681
FabOnDisk: Cell_D_0000 12846273
FabOnDisk: Cell_D_0000 13763865

64,28
2.661187924833771e-03,0.000000000000000e+00,5.777122886840450e+00,2.142576167726332e+08,2.142513460488451e+08,1.510561588450791e+03,2.661187924833771e-03,0.000000000000000e+00,-1.000000000000000e+03,1.428342306992301e+08,6.270723788088076e+03,2.990905922638210e+05,6.548608992726377e-03,4.191360334121111e+08,0.000000000000000e+00,-1.231038776951436e-07,8.050966414265092e+10,8.050966414265092e+10,-2.574924455836975e+00,2.661187924833771e-03,1.000000000000000e+00,0.000000000000000e+00,2.167943199672185e+03,2.167943199672185e+03,-1.732820544118753e+03,5.777122886840450e+00,1.000000000000000e+03,1.000000000000000e+00,
2.661187924833771e-03,0.000000000000000e+00,5.777122886840450e+00,2.142576167726332e+08,2.142513460488451e+08,1.510561588450791e+03,2.661187924833771e-03,0.000000000000000e+00,-1.000000000000000e+03,1.428342306992301e+08,6.270723788088076e+03,2.990905922638210e+05,6.548608992726377e-03,4.191360334121111e+08,0.000000000000000e+00,-1.231038776951436e-07,8.050966414265092e+10,8.050966414265092e+10,-2.574924455836975e+00,2.661187924833771e-03,1.000000000000000e+00,0.000000000000000e+00,2.167943199672185e+03,2.167943199672185e+03,-1.732820544118753e+03,5.777122886840450e+00,1.000000000000000e+03,1.000000000000000e+00,
2.661187924833771e-03,0.000000000000000e+00,5.777122886840450e+00,2.142576167726332e+08,2.142513460488451e+08,1.510561588450791e+03,2.661187924833771e-03,0.000000000000000e+00,-1.000000000000000e+03,1.428342306992301e+08,6.270723788088076e+03,2.990905922638210e+05,6.548608992726377e-03,4.191360334121111e+08,0.000000000000000e+00,-1.231038776951436e-07,8.050966414265092e+10,8.050966414265092e+10,-2.574924455836975e+00,2.661187924833771e-03,1.000000000000000e+00,0.000000000000000e+00,2.167943199672185e+03,2.167943199672185e+03,-1.938260417060813e+03,5.777122886840450e+00,1.000000000000000e+03,1.000000000000000e+00,
2.661187924833771e-03,0.000000000000000e+00,5.777122886840450e+00,2.142576167726332e+08,2.142513460488451e+08,1.510561588450791e+03,2.661187924833771e-03,0.000000000000000e+00,-1.000000000000000e+03,1.428342306992301e+08,6.270723788088076e+03,2.990905922638210e+05,6.548608992726377e-03,4.191360334121111e+08,0.000000000000000e+00,-1.231038776951436e-07,8.050966414265092e+10,8.050966414265092e+10,-2.574924455836975e+00,2.661187924833771e-03,1.000000000000000e+00,0.000000000000000e+00,2.167943199672185e+03,2.167943199672185e+03,-2.103596542998823e+03,5.777122886840450e+00,1.000000000000000e+03,1.000000000000000e+00,
2.661187924833771e-03,0.000000000000000e+00,5.777122886840450e+00,2.142576167726332e+08,2.142513460488451e+08,1.510561588450791e+03,2.661187924833771e-03,0.000000000000000e+00,-1.000000000000000e+03,1.428342306992301e+08,6.270723788088076e+03,2.990905922638210e+05,6.548608992726377e-03,4.191360334121111e+08,0.000000000000000e+00,-1.231038776951436e-07,8.050966414265092e+10,8.050966414265092e+10,-2.574924455836975e+00,2.661187924833771e-03,1.000000000000000e+00,0.000000000000000e+00,2.167943199672185e+03,2.167943199672185e+03,-2.171639837002027e+03,5.777122886840450e+00,1.000000000000000e+03,1.000000000000000e+00,
2.661187924833771e-03,0.000000000000000e+00,5.777122886840450e+00,2.142576167726332e+08,2.142513460488451e+08,1.510561588450791e+03,2.661187924833771e-03,0.000000000000000e+00,-1.000000000000000e+03,1.428342306992301e+08,6.270723788088076e+03,2.990905922638210e+05,6.548608992726377e-03,4.191360334121111e+08,0.000000000000000e+00,-1.231038776951436e-07,8.050966414265092e+10,8.050966414265092e+10,-2.574924455836975e+00,2.661187924833771e-03,1.000000000000000e+00,0.000000000000000e+00,2.167943199672185e+03,2.167943199672185e+03,-2.171639837002027e+03,5.777122886840450e+00,1.000000000000000e+03,1.000000000000000e+00,
2.661187924833771e-03,0.000000000000000e+00,5.777122886840450e+00,2.142576167726332e+08,2.142513460488451e+08,1.510561588450791e+03,2.661187924833771e-03,0.000000000000000e+00,-1.000000000000000e+03,1.428342306992301e+08,6.270723788088076e+03,2.990905922638210e+05,6.548608992726377e-03,4.191360334121111e+08,0.000000000000000e+00,-1.231038776951436e-07,8.050966414265092e+10,8.050966414265092e+10,-2.574924455836975e+00,2.661187924833771e-03,1.000000000000000e+00,0.000000000000000e+00,2.167943199672185e+03,2.167943199672185e+03,-2.103596542998823e+03,5.777122886840450e+00,1.000000000000000e+03,1.000000000000000e+00,
2.661187924833771e-03,0.000000000000000e+00,5.777122886840450e+00,2.142576167726332e+08,2.142513460488451e+08,1.510561588450791e+03,2.661187924833771e-03,0.000000000000000e+00,-1.000000000000000e+03,1.428342306992301e+08,6.270723788088076e+03,2.990905922638210e+05,6.548608992726377e-03,4.191360334121111e+08,0.000000000000000e+00,-1.231038776951436e-07,8.050966414265092e+10,8.050966414265092e+10,-2.574924455836975e+00,2.661187924833771e-03,1.000000000000000e+00,0.000000000000000e+00,2.167943199672185e+03,2.167943199672185e+03,-1.938260417060813e+03,5.777122886840450e+00,1.000000000000000e+03,1.000000000000000e+00,
7.506086959066121e-08,0.000000000000000e+00,-7.506713727648153e-08,4.157083661262554e+03,4.157083661225024e+03,1.039119740521080e+03,7.506086959066121e-08,0.000000000000000e+00,-1.000000000000000e+03,2.771389107483350e+03,3.753043550217975e-08,2.480654791337506e+05,4.031193751210874e-06,8.306378322285397e+08,0.000000000000000e+00,-9.759743013759703e-17,5.538283374407153e+10,5.538283374407153e+10,-7.124586408531542e+00,7.506086959066121e-08,1.000000000000000e+00,0.000000000000000e+00,-1.000071391443547e+00,1.000000009398633e+00,-7.986851854246045e-01,7.506087029804385e-08,1.000000000000000e+03,1.000000000000000e+00,
7.506191764772581e-08,0.000000000000000e+00,-7.663677695303120e-08,4.157196244531257e+03,4.157196244493721e+03,1.039133373072027e+03,7.506191764772581e-08,0.000000000000000e+00,-1.000000000000000e+03,2.771464162995814e+03,3.753700113323710e-08,2.480671063543966e+05,4.009723006159738e-06,8.306380353357832e+08,0.000000000000000e+00,-2.384419944234107e-10,5.538356032953912e+10,5.538356032953914e+10,-7.124580344623348e+00,7.506191764772581e-08,1.000000000000000e+00,0.000000000000000e+00,-1.005517538540535e+00,1.000080494428962e+00,-7.053197355856706e-01,7.506795971392367e-08,1.000000000000000e+03,1.000000000000000e+00,
7.644142191802608e-08,0.000000000000000e+00,-7.761422765736905e-08,4.320900736009771e+03,4.320900735971282e+03,1.060561736801784e+03,7.644142191802608e-08,0.000000000000000e+00,-1.000000000000000e+03,2.880600490647522e+03,9.101271612413283e-09,2.506117975188963e+05,1.079410601018288e-06,8.304043316265128e+08,0.000000000000000e+00,-2.311481095687093e-08,5.652564575008705e+10,5.652564575008705e+10,-7.116671243053329e+00,7.644142191802608e-08,1.000000000000000e+00,0.000000000000000e+00,-1.003500675285731e+00,3.412123190419111e-01,-5.541321264163168e-01,5.194462328379055e-08,1.000000000000000e+03,1.000000000000000e+00,
1.623038689786421e-07,0.000000000000000e+00,-5.183899814641960e-08,1.459538266557433e+04,1.459538266556606e+04,1.538991565421810e+03,1.623038689786421e-07,0.000000000000000e+00,-1.000000000000000e+03,9.730255110377371e+03,4.128118766612865e-14,3.018920344151988e+05,1.846077110009336e-09,7.363573270573354e+08,0.000000000000000e+00,-3.345000492444929e-04,8.202492039901283e+10,8.202492039901283e+10,-6.789671127394670e+00,1.623038689786421e-07,1.000000000000000e+00,0.000000000000000e+00,-3.193947160510461e-01,5.875011380772721e-04,-1.000555788599270e-01,1.405314304623494e-10,1.000000000000000e+03,1.000000000000000e+00,
1.994985128289029e-06,0.000000000000000e+00,5.438915049395193e-03,1.634941088274793e+05,1.634866947880223e+05,1.504255979833285e+03,1.994985128289029e-06,0.000000000000000e+00,-1.000000000000000e+03,1.089911298586815e+05,7.414039457002850e+00,2.984656854411738e+05,8.597836167486588e-03,6.497700913000576e+08,0.000000000000000e+00,-4.814292265306335e-06,8.017358884728276e+10,8.017358884728276e+10,-5.700060337433917e+00,1.994985128289029e-06,1.000000000000000e+00,0.000000000000000e+00,2.566159065039800e+03,2.566159065039800e+03,-8.038909781405739e+02,5.438915049395193e-03,1.000000000000000e+03,1.000000000000000e+00,
2.204881128293515e-05,0.000000000000000e+00,5.643197465914854e-02,1.767654238211008e+06,1.767582021896870e+06,1.501019855037161e+03,2.204881128293515e-05,0.000000000000000e+00,-1.000000000000000e+03,1.178388014597914e+06,7.221631413743161e+01,2.981444660971310e+05,7.558239926192782e-03,5.643130456369467e+08,0.000000000000000e+00,1.317862758006868e-06,8.000111039790894e+10,8.000111039790895e+10,-4.656614819673599e+00,2.204881128293515e-05,1.000000000000000e+00,0.000000000000000e+00,2.253447407428766e+03,2.253447407428766e+03,-1.244351532987548e+03,5.643197465914854e-02,1.000000000000000e+03,1.000000000000000e+00,
2.434940084774206e-04,0.000000000000000e+00,5.480685560130731e-01,1.948028522333160e+07,1.947966841320151e+07,1.500965858886779e+03,2.434940084774206e-04,0.000000000000000e+00,-1.000000000000000e+03,1.298644560880101e+07,6.168101300901402e+02,2.981391034771247e+05,7.261001727144892e-03,4.796279232431175e+08,0.000000000000000e+00,1.558003558708379e-07,7.999823251992931e+10,7.999823251992929e+10,-3.613511720762317e+00,2.434940084774206e-04,1.000000000000000e+00,0.000000000000000e+00,2.171183589161961e+03,2.171183589161961e+03,-1.531255377488455e+03,5.480685560130731e-01,1.000000000000000e+03,1.000000000000000e+00,
7.506086959066121e-08,0.000000000000000e+00,-7.506713727648153e-08,4.157083661262554e+03,4.157083661225024e+03,1.039119740521080e+03,7.506086959066121e-08,0.000000000000000e+00,-1.000000000000000e+03,2.771389107483350e+03,3.753043550217975e-08,2.480654791337506e+05,4.031193751210874e-06,8.306378322285397e+08,0.000000000000000e+00,-9.759743013759703e-17,5.538283374407153e+10,5.538283374407153e+10,-7.124586408531542e+00,7.506086959066121e-08,1.000000000000000e+00,0.000000000000000e+00,-1.000071391443547e+00,1.000000009398633e+00,-7.986851854246045e-01,7.506087029804385e-08,1.000000000000000e+03,1.000000000000000e+00,
7.506191764772581e-08,0.000000000000000e+00,-7.663677695303120e-08,4.157196244531257e+03,4.157196244493721e+03,1.039133373072027e+03,7.506191764772581e-08,0.000000000000000e+00,-1.000000000000000e+03,2.771464162995814e+03,3.753700113323710e-08,2.480671063543966e+05,4.009723006159738e-06,8.306380353357832e+08,0.000000000000000e+00,-2.384419944234107e-10,5.538356032953912e+10,5.538356032953914e+10,-7.124580344623348e+00,7.506191764772581e-08,1.000000000000000e+00,0.000000000000000e+00,-1.005517538540535e+00,1.000080494428962e+00,-7.053197355856706e-01,7.506795971392367e-08,1.000000000000000e+03,1.000000000000000e+00,
7.644142191802608e-08,0.000000000000000e+00,-7.761422765736905e-08,4.320900736009771e+03,4.320900735971282e+03,1.060561736801784e+03,7.644142191802608e-08,0.000000000000000e+00,-1.000000000000000e+03,2.880600490647522e+03,9.101271612413283e-09,2.506117975188963e+05,1.079410601018288e-06,8.304043316265128e+08,0.000000000000000e+00,-2.311481095687093e-08,5.652564575008705e+10,5.652564575008705e+10,-7.116671243053329e+00,7.644142191802608e-08,1.000000000000000e+00,0.000000000000000e+00,-1.003500675285731e+00,3.412123190419111e-01,-5.541321264163168e-01,5.194462328379055e-08,1.000000000000000e+03,1.000000000000000e+00,
1.623038689786421e-07,0.000000000000000e+00,-5.183899814641960e-08,1.459538266557433e+04,1.459538266556606e+04,1.538991565421810e+03,1.623038689786421e-07,0.000000000000000e+00,-1.000000000000000e+03,9.730255110377371e+03,4.128118766612865e-14,3.018920344151988e+05,1.846077110009336e-09,7.363573270573354e+08,0.000000000000000e+00,-3.345000492444929e-04,8.202492039901283e+10,8.202492039901283e+10,-6.789671127394670e+00,1.623038689786421e-07,1.000000000000000e+00,0.000000000000000e+00,-3.193947160510461e-01,5.875011380772721e-04,-1.000555788599270e-01,1.405314304623494e-10,1.000000000000000e+03,1.000000000000000e+00,
1.994985128289029e-06,0.000000000000000e+00,5.438915049395193e-03,1.634941088274793e+05,1.634866947880223e+05,1.504255979833285e+03,1.994985128289029e-06,0.000000000000000e+00,-1.000000000000000e+03,1.089911298586815e+05,7.414039457002850e+00,2.984656854411738e+05,8.597836167486588e-03,6.497700913000576e+08,0.000000000000000e+00,-4.814292265306335e-06,8.017358884728276e+10,8.017358884728276e+10,-5.700060337433917e+00,1.994985128289029e-06,1.000000000000000e+00,0.000000000000000e+00,2.566159065039800e+03,2.566159065039800e+03,-8.038909781405739e+02,5.438915049395193e-03,1.000000000000000e+03,1.000000000000000e+00,
2.204881128293515e-05,0.000000000000000e+00,5.643197465914854e-02,1.767654238211008e+06,1.767582021896870e+06,1.501019855037161e+03,2.204881128293515e-05,0.000000000000000e+00,-1.000000000000000e+03,1.178388014597914e+06,7.221631413743161e+01,2.981444660971310e+05,7.558239926192782e-03,5.643130456369467e+08,0.000000000000000e+00,1.317862758006868e-06,8.000111039790894e+10,8.000111039790895e+10,-4.656614819673599e+00,2.204881128293515e-05,1.000000000000000e+00,0.000000000000000e+00,2.253447407428766e+03,2.253447407428766e+03,-1.244351532987548e+03,5.643197465914854e-02,1.000000000000000e+03,1.000000000000000e+00,
2.434940084774206e-04,0.000000000000000e+00,5.480685560130731e-01,1.948028522333160e+07,1.947966841320151e+07,1.500965858886779e+03,2.434940084774206e-04,0.000000000000000e+00,-1.000000000000000e+03,1.298644560880101e+07,6.168101300901402e+02,2.981391034771247e+05,7.261001727144892e-03,4.796279232431175e+08,0.000000000000000e+00,1.558003558708379e-07,7.999823251992931e+10,7.999823251992929e+10,-3.613511720762317e+00,2.434940084774206e-04,1.000000000000000e+00,0.000000000000000e+00,2.171183589161961e+03,2.171183589161961e+03,-1.531255377488455e+03,5.480685560130731e-01,1.000000000000000e+03,1.000000000000000e+00,
7.506086959066121e-08,0.000000000000000e+00,-7.506713727648153e-08,4.157083661262554e+03,4.157083661225024e+03,1.039119740521080e+03,7.506086959066121e-08,0.000000000000000e+00,-1.000000000000000e+03,2.771389107483350e+03,3.753043550217975e-08,2.480654791337506e+05,4.031193751210874e-06,8.306378322285397e+08,0.000000000000000e+00,-9.759743013759703e-17,5.538283374407153e+10,5.538283374407153e+10,-7.124586408531542e+00,7.506086959066121e-08,1.000000000000000e+00,0.000000000000000e+00,-1.000071391443547e+00,1.000000009398633e+00,-8.933757658030721e-01,7.506087029804385e-08,1.000000000000000e+03,1.000000000000000e+00,
7.506191764772581e-08,0.000000000000000e+00,-7.663677695303120e-08,4.157196244531257e+03,4.157196244493721e+03,1.039133373072027e+03,7.506191764772581e-08,0.000000000000000e+00,-1.000000000000000e+03,2.771464162995814e+03,3.753700113323710e-08,2.480671063543966e+05,4.009723006159738e-06,8.306380353357832e+08,0.000000000000000e+00,-2.384419944234107e-10,5.538356032953912e+10,5.538356032953914e+10,-7.124580344623348e+00,7.506191764772581e-08,1.000000000000000e+00,0.000000000000000e+00,-1.005517538540535e+00,1.000080494428962e+00,-8.304456123289932e-01,7.506795971392367e-08,1.000000000000000e+03,1.000000000000000e+00,
7.644142191802608e-08,0.000000000000000e+00,-7.761422765736905e-08,4.320900736009771e+03,4.320900735971282e+03,1.060561736801784e+03,7.644142191802608e-08,0.000000000000000e+00,-1.000000000000000e+03,2.880600490647522e+03,9.101271612413283e-09,2.506117975188963e+05,1.079410601018288e-06,8.304043316265128e+08,0.000000000000000e+00,-2.311481095687093e-08,5.652564575008705e+10,5.652564575008705e+10,-7.116671243053329e+00,7.644142191802608e-08,1.000000000000000e+00,0.000000000000000e+00,-1.003500675285731e+00,3.412123190419111e-01,-7.068049347419219e-01,5.194462328379055e-08,1.000000000000000e+03,1.000000000000000e+00,
1.623038689786421e-07,0.000000000000000e+00,-5.183899814641960e-08,1.459538266557433e+04,1.459538266556606e+04,1.538991565421810e+03,1.623038689786421e-07,0.000000000000000e+00,-1.000000000000000e+03,9.730255110377371e+03,4.128118766612865e-14,3.018920344151988e+05,1.846077110009336e-09,7.363573270573354e+08,0.000000000000000e+00,-3.345000492444929e-04,8.202492039901283e+10,8.202492039901283e+10,-6.789671127394670e+00,1.623038689786421e-07,1.000000000000000e+00,0.000000000000000e+00,-3.193947160510461e-01,5.875011380772721e-04,-1.414990956764274e-01,1.405314304623494e-10,1.000000000000000e+03,1.000000000000000e+00,
1.994985128289029e-06,0.000000000000000e+00,5.438915049395193e-03,1.634941088274793e+05,1.634866947880223e+05,1.504255979833285e+03,1.994985128289029e-06,0.000000000000000e+00,-1.000000000000000e+03,1.089911298586815e+05,7.414039457002850e+00,2.984656854411738e+05,8.597836167486588e-03,6.497700913000576e+08,0.000000000000000e+00,-4.814292265306335e-06,8.017358884728276e+10,8.017358884728276e+10,-5.700060337433917e+00,1.994985128289029e-06,1.000000000000000e+00,0.000000000000000e+00,2.566159065039800e+03,2.566159065039800e+03,-1.136866606794352e+03,5.438915049395193e-03,1.000000000000000e+03,1.000000000000000e+00,
2.204881128293515e-05,0.000000000000000e+00,5.643197465914854e-02,1.767654238211008e+06,1.767582021896870e+06,1.501019855037161e+03,2.204881128293515e-05,0.000000000000000e+00,-1.000000000000000e+03,1.178388014597914e+06,7.221631413743161e+01,2.981444660971310e+05,7.558239926192782e-03,5.643130456369467e+08,0.000000000000000e+00,1.317862758006868e-06,8.000111039790894e+10,8.000111039790895e+10,-4.656614819673599e+00,2.204881128293515e-05,1.000000000000000e+00,0.000000000000000e+00,2.253447407428766e+03,2.253447407428766e+03,-1.587191505674406e+03,5.643197465914854e-02,1.000000000000000e+03,1.000000000000000e+00,
2.434940084774206e-04,0.000000000000000e+00,5.480685560130731e-01,1.948028522333160e+07,1.947966841320151e+07,1.500965858886779e+03,2.434940084774206e-04,0.000000000000000e+00,-1.000000000000000e+03,1.298644560880101e+07,6.168101300901402e+02,2.981391034771247e+05,7.261001727144892e-03,4.796279232431175e+08,0.000000000000000e+00,1.558003558708379e-07,7.999823251992931e+10,7.999823251992929e+10,-3.613511720762317e+00,2.434940084774206e-04,1.000000000000000e+00,0.000000000000000e+00,2.171183589161961e+03,2.171183589161961e+03,-1.802904761391025e+03,5.480685560130731e-01,1.000000000000000e+03,1.000000000000000e+00,
7.506086959066121e-08,0.000000000000000e+00,-7.506713727648153e-08,4.157083661262554e+03,4.157083661225024e+03,1.039119740521080e+03,7.506086959066121e-08,0.000000000000000e+00,-1.000000000000000e+03,2.771389107483350e+03,3.753043550217975e-08,2.480654791337506e+05,4.031193751210874e-06,8.306378322285397e+08,0.000000000000000e+00,-9.759743013759703e-17,5.538283374407153e+10,5.538283374407153e+10,-7.124586408531542e+00,7.506086959066121e-08,1.000000000000000e+00,0.000000000000000e+00,-1.000071391443547e+00,1.000000009398633e+00,-9.695818766149344e-01,7.506087029804385e-08,1.000000000000000e+03,1.000000000000000e+00,
7.506191764772581e-08,0.000000000000000e+00,-7.663677695303120e-08,4.157196244531257e+03,4.157196244493721e+03,1.039133373072027e+03,7.506191764772581e-08,0.000000000000000e+00,-1.000000000000000e+03,2.771464162995814e+03,3.753700113323710e-08,2.480671063543966e+05,4.009723006159738e-06,8.306380353357832e+08,0.000000000000000e+00,-2.384419944234107e-10,5.538356032953912e+10,5.538356032953914e+10,-7.124580344623348e+00,7.506191764772581e-08,1.000000000000000e+00,0.000000000000000e+00,-1.005517538540535e+00,1.000080494428962e+00,-9.477651815907154e-01,7.506795971392367e-08,1.000000000000000e+03,1.000000000000000e+00,
7.644142191802608e-08,0.000000000000000e+00,-7.761422765736905e-08,4.320900736009771e+03,4.320900735971282e+03,1.060561736801784e+03,7.644142191802608e-08,0.000000000000000e+00,-1.000000000000000e+03,2.880600490647522e+03,9.101271612413283e-09,2.506117975188963e+05,1.079410601018288e-06,8.304043316265128e+08,0.000000000000000e+00,-2.311481095687093e-08,5.652564575008705e+10,5.652564575008705e+10,-7.116671243053329e+00,7.644142191802608e-08,1.000000000000000e+00,0.000000000000000e+00,-1.003500675285731e+00,3.412123190419111e-01,-8.954414774449746e-01,5.194462328379055e-08,1.000000000000000e+03,1.000000000000000e+00,
1.623038689786421e-07,0.000000000000000e+00,-5.183899814641960e-08,1.459538266557433e+04,1.459538266556606e+04,1.538991565421810e+03,1.623038689786421e-07,0.000000000000000e+00,-1.000000000000000e+03,9.730255110377371e+03,4.128118766612865e-14,3.018920344151988e+05,1.846077110009336e-09,7.363573270573354e+08,0.000000000000000e+00,-3.345000492444929e-04,8.202492039901283e+10,8.202492039901283e+10,-6.789671127394670e+00,1.623038689786421e-07,1.000000000000000e+00,0.000000000000000e+00,-3.193947160510461e-01,5.875011380772721e-04,-2.240749082757074e-01,1.405314304623494e-10,1.000000000000000e+03,1.000000000000000e+00,
1.994985128289029e-06,0.000000000000000e+00,5.438915049395193e-03,1.634941088274793e+05,1.634866947880223e+05,1.504255979833285e+03,1.994985128289029e-06,0.000000000000000e+00,-1.000000000000000e+03,1.089911298586815e+05,7.414039457002850e+00,2.984656854411738e+05,8.597836167486588e-03,6.497700913000576e+08,0.000000000000000e+00,-4.814292265306335e-06,8.017358884728276e+10,8.017358884728276e+10,-5.700060337433917e+00,1.994985128289029e-06,1.000000000000000e+00,0.000000000000000e+00,2.566159065039800e+03,2.566159065039800e+03,-1.800317376032511e+03,5.438915049395193e-03,1.000000000000000e+03,1.000000000000000e+00,
2.204881128293515e-05,0.000000000000000e+00,5.643197465914854e-02,1.767654238211008e+06,1.767582021896870e+06,1.501019855037161e+03,2.204881128293515e-05,0.000000000000000e+00,-1.000000000000000e+03,1.178388014597914e+06,7.221631413743161e+01,2.981444660971310e+05,7.558239926192782e-03,5.643130456369467e+08,0.000000000000000e+00,1.317862758006868e-06,8.000111039790894e+10,8.000111039790895e+10,-4.656614819673599e+00,2.204881128293515e-05,1.000000000000000e+00,0.000000000000000e+00,2.253447407428766e+03,2.253447407428766e+03,-2.010791148972587e+03,5.643197465914854e-02,1.000000000000000e+03,1.000000000000000e+00,
2.434940084774206e-04,0.000000000000000e+00,5.480685560130731e-01,1.948028522333160e+07,1.947966841320151e+07,1.500965858886779e+03,2.434940084774206e-04,0.000000000000000e+00,-1.000000000000000e+03,1.298644560880101e+07,6.168101300901402e+02,2.981391034771247e+05,7.261001727144892e-03,4.796279232431175e+08,0.000000000000000e+00,1.558003558708379e-07,7.999823251992931e+10,7.999823251992929e+10,-3.613511720762317e+00,2.434940084774206e-04,1.000000000000000e+00,0.000000000000000e+00,2.171183589161961e+03,2.171183589161961e+03,-2.057606582781958e+03,5.480685560130731e-01,1.000000000000000e+03,1.000000000000000e+00,
7.506086959066121e-08,0.000000000000000e+00,-7.506713727648153e-08,4.157083661262554e+03,4.157083661225024e+03,1.039119740521080e+03,7.506086959066121e-08,0.000000000000000e+00,-1.000000000000000e+03,2.771389107483350e+03,3.753043550217975e-08,2.480654791337506e+05,4.031193751210874e-06,8.306378322285397e+08,0.000000000000000e+00,-9.759743013759703e-17,5.538283374407153e+10,5.538283374407153e+10,-7.124586408531542e+00,7.506086959066121e-08,1.000000000000000e+00,0.000000000000000e+00,-1.000071391443547e+00,1.000000009398633e+00,-1.000068017969668e+00,7.506087029804385e-08,1.000000000000000e+03,1.000000000000000e+00,
7.506191764772581e-08,0.000000000000000e+00,-7.663677695303120e-08,4.157196244531257e+03,4.157196244493721e+03,1.039133373072027e+03,7.506191764772581e-08,0.000000000000000e+00,-1.000000000000000e+03,2.771464162995814e+03,3.753700113323710e-08,2.480671063543966e+05,4.009723006159738e-06,8.306380353357832e+08,0.000000000000000e+00,-2.384419944234107e-10,5.538356032953912e+10,5.538356032953914e+10,-7.124580344623348e+00,7.506191764772581e-08,1.000000000000000e+00,0.000000000000000e+00,-1.005517538540535e+00,1.000080494428962e+00,-1.005510692859853e+00,7.506795971392367e-08,1.000000000000000e+03,1.000000000000000e+00,
7.644142191802608e-08,0.000000000000000e+00,-7.761422765736905e-08,4.320900736009771e+03,4.320900735971282e+03,1.060561736801784e+03,7.644142191802608e-08,0.000000000000000e+00,-1.000000000000000e+03,2.880600490647522e+03,9.101271612413283e-09,2.506117975188963e+05,1.079410601018288e-06,8.304043316265128e+08,0.000000000000000e+00,-2.311481095687093e-08,5.652564575008705e+10,5.652564575008705e+10,-7.116671243053329e+00,7.644142191802608e-08,1.000000000000000e+00,0.000000000000000e+00,-1.003500675285731e+00,3.412123190419111e-01,-1.003492959106561e+00,5.194462328379055e-08,1.000000000000000e+03,1.000000000000000e+00,
1.623038689786421e-07,0.000000000000000e+00,-5.183899814641960e-08,1.459538266557433e+04,1.459538266556606e+04,1.538991565421810e+03,1.623038689786421e-07,0.000000000000000e+00,-1.000000000000000e+03,9.730255110377371e+03,4.128118766612865e-14,3.018920344151988e+05,1.846077110009336e-09,7.363573270573354e+08,0.000000000000000e+00,-3.345000492444929e-04,8.202492039901283e+10,8.202492039901283e+10,-6.789671127394670e+00,1.623038689786421e-07,1.000000000000000e+00,0.000000000000000e+00,-3.193947160510461e-01,5.875011380772721e-04,-3.193848152554315e-01,1.405314304623494e-10,1.000000000000000e+03,1.000000000000000e+00,
1.994985128289029e-06,0.000000000000000e+00,5.438915049395193e-03,1.634941088274793e+05,1.634866947880223e+05,1.504255979833285e+03,1.994985128289029e-06,0.000000000000000e+00,-1.000000000000000e+03,1.089911298586815e+05,7.414039457002850e+00,2.984656854411738e+05,8.597836167486588e-03,6.497700913000576e+08,0.000000000000000e+00,-4.814292265306335e-06,8.017358884728276e+10,8.017358884728276e+10,-5.700060337433917e+00,1.994985128289029e-06,1.000000000000000e+00,0.000000000000000e+00,2.566159065039800e+03,2.566159065039800e+03,-2.798007565840532e+03,5.438915049395193e-03,1.000000000000000e+03,1.000000000000000e+00,
2.204881128293515e-05,0.000000000000000e+00,5.643197465914854e-02,1.767654238211008e+06,1.767582021896870e+06,1.501019855037161e+03,2.204881128293515e-05,0.000000000000000e+00,-1.000000000000000e+03,1.178388014597914e+06,7.221631413743161e+01,2.981444660971310e+05,7.558239926192782e-03,5.643130456369467e+08,0.000000000000000e+00,1.317862758006868e-06,8.000111039790894e+10,8.000111039790895e+10,-4.656614819673599e+00,2.204881128293515e-05,1.000000000000000e+00,0.000000000000000e+00,2.253447407428766e+03,2.253447407428766e+03,-2.559334307914346e+03,5.643197465914854e-02,1.000000000000000e+03,1.000000000000000e+00,
2.434940084774206e-04,0.000000000000000e+00,5.480685560130731e-01,1.948028522333160e+07,1.947966841320151e+07,1.500965858886779e+03,2.434940084774206e-04,0.000000000000000e+00,-1.000000000000000e+03,1.298644560880101e+07,6.168101300901402e+02,2.981391034771247e+05,7.261001727144892e-03,4.796279232431175e+08,0.000000000000000e+00,1.558003558708379e-07,7.999823251992931e+10,7.999823251992929e+10,-3.613511720762317e+00,2.434940084774206e-04,1.000000000000000e+00,0.000000000000000e+00,2.171183589161961e+03,2.171183589161961e+03,-2.250833236238649e+03,5.480685560130731e-01,1.000000000000000e+03,1.000000000000000e+00,
7.506086959066121e-08,0.000000000000000e+00,-7.506713727648153e-08,4.157083661262554e+03,4.157083661225024e+03,1.039119740521080e+03,7.506086959066121e-08,0.000000000000000e+00,-1.000000000000000e+03,2.771389107483350e+03,3.753043550217975e-08,2.480654791337506e+05,4.031193751210874e-06,8.306378322285397e+08,0.000000000000000e+00,-9.759743013759703e-17,5.538283374407153e+10,5.538283374407153e+10,-7.124586408531542e+00,7.506086959066121e-08,1.000000000000000e+00,0.000000000000000e+00,-1.000071391443547e+00,1.000000009398633e+00,-1.000068017969668e+00,7.506087029804385e-08,1.000000000000000e+03,1.000000000000000e+00,
7.506191764772581e-08,0.000000000000000e+00,-7.663677695303120e-08,4.157196244531257e+03,4.157196244493721e+03,1.039133373072027e+03,7.506191764772581e-08,0.000000000000000e+00,-1.000000000000000e+03,2.771464162995814e+03,3.753700113323710e-08,2.480671063543966e+05,4.009723006159738e-06,8.306380353357832e+08,0.000000000000000e+00,-2.384419944234107e-10,5.538356032953912e+10,5.538356032953914e+10,-7.124580344623348e+00,7.506191764772581e-08,1.000000000000000e+00,0.000000000000000e+00,-1.005517538540535e+00,1.000080494428962e+00,-1.005510692859853e+00,7.506795971392367e-08,1.000000000000000e+03,1.000000000000000e+00,
7.644142191802608e-08,0.000000000000000e+00,-7.761422765736905e-08,4.320900736009771e+03,4.320900735971282e+03,1.060561736801784e+03,7.644142191802608e-08,0.000000000000000e+00,-1.000000000000000e+03,2.880600490647522e+03,9.101271612413283e-09,2.506117975188963e+05,1.079410601018288e-06,8.304043316265128e+08,0.000000000000000e+00,-2.311481095687093e-08,5.652564575008705e+10,5.652564575008705e+10,-7.116671243053329e+00,7.644142191802608e-08,1.000000000000000e+00,0.000000000000000e+00,-1.003500675285731e+00,3.412123190419111e-01,-1.003492959106561e+00,5.194462328379055e-08,1.000000000000000e+03,1.000000000000000e+00,
1.623038689786421e-07,0.000000000000000e+00,-5.183899814641960e-08,1.459538266557433e+04,1.459538266556606e+04,1.538991565421810e+03,1.623038689786421e-07,0.000000000000000e+00,-1.000000000000000e+03,9.730255110377371e+03,4.128118766612865e-14,3.018920344151988e+05,1.846077110009336e-09,7.363573270573354e+08,0.000000000000000e+00,-3.345000492444929e-04,8.202492039901283e+10,8.202492039901283e+10,-6.789671127394670e+00,1.623038689786421e-07,1.000000000000000e+00,0.000000000000000e+00,-3.193947160510461e-01,5.875011380772721e-04,-3.193848152554315e-01,1.405314304623494e-10,1.000000000000000e+03,1.000000000000000e+00,
1.994985128289029e-06,0.000000000000000e+00,5.438915049395193e-03,1.634941088274793e+05,1.634866947880223e+05,1.504255979833285e+03,1.994985128289029e-06,0.000000000000000e+00,-1.000000000000000e+03,1.089911298586815e+05,7.414039457002850e+00,2.984656854411738e+05,8.597836167486588e-03,6.497700913000576e+08,0.000000000000000e+00,-4.814292265306335e-06,8.017358884728276e+10,8.017358884728276e+10,-5.700060337433917e+00,1.994985128289029e-06,1.000000000000000e+00,0.000000000000000e+00,2.566159065039800e+03,2.566159065039800e+03,-2.798007565840532e+03,5.438915049395193e-03,1.000000000000000e+03,1.000000000000000e+00,
2.204881128293515e-05,0.000000000000000e+00,5.643197465914854e-02,1.767654238211008e+06,1.767582021896870e+06,1.501019855037161e+03,2.204881128293515e-05,0.000000000000000e+00,-1.000000000000000e+03,1.178388014597914e+06,7.221631413743161e+01,2.981444660971310e+05,7.558239926192782e-03,5.643130456369467e+08,0.000000000000000e+00,1.317862758006868e-06,8.000111039790894e+10,8.000111039790895e+10,-4.656614819673599e+00,2.204881128293515e-05,1.000000000000000e+00,0.000000000000000e+00,2.253447407428766e+03,2.253447407428766e+03,-2.559334307914346e+03,5.643197465914854e-02,1.000000000000000e+03,1.000000000000000e+00,
2.434940084774206e-04,0.000000000000000e+00,5.480685560130731e-01,1.948028522333160e+07,1.947966841320151e+07,1.500965858886779e+03,2.434940084774206e-04,0.000000000000000e+00,-1.000000000000000e+03,1.298644560880101e+07,6.168101300901402e+02,2.981391034771247e+05,7.261001727144892e-03,4.796279232431175e+08,0.000000000000000e+00,1.558003558708379e-07,7.999823251992931e+10,7.999823251992929e+10,-3.613511720762317e+00,2.434940084774206e-04,1.000000000000000e+00,0.000000000000000e+00,2.171183589161961e+03,2.171183589161961e+03,-2.250833236238649e+03,5.480685560130731e-01,1.000000000000000e+03,1.000000000000000e+00,
7.506086959066121e-08,0.000000000000000e+00,-7.506713727648153e-08,4.157083661262554e+03,4.157083661225024e+03,1.039119740521080e+03,7.506086959066121e-08,0.000000000000000e+00,-1.000000000000000e+03,2.771389107483350e+03,3.753043550217975e-08,2.480654791337506e+05,4.031193751210874e-06,8.306378322285397e+08,0.000000000000000e+00,-9.759743013759703e-17,5.538283374407153e+10,5.538283374407153e+10,-7.124586408531542e+00,7.506086959066121e-08,1.000000000000000e+00,0.000000000000000e+00,-1.000071391443547e+00,1.000000009398633e+00,-9.695818766149344e-01,7.506087029804385e-08,1.000000000000000e+03,1.000000000000000e+00,
7.506191764772581e-08,0.000000000000000e+00,-7.663677695303120e-08,4.157196244531257e+03,4.157196244493721e+03,1.039133373072027e+03,7.506191764772581e-08,0.000000000000000e+00,-1.000000000000000e+03,2.771464162995814e+03,3.753700113323710e-08,2.480671063543966e+05,4.009723006159738e-06,8.306380353357832e+08,0.000000000000000e+00,-2.384419944234107e-10,5.538356032953912e+10,5.538356032953914e+10,-7.124580344623348e+00,7.506191764772581e-08,1.000000000000000e+00,0.000000000000000e+00,-1.005517538540535e+00,1.000080494428962e+00,-9.477651815907154e-01,7.506795971392367e-08,1.000000000000000e+03,1.000000000000000e+00,
7.644142191802608e-08,0.000000000000000e+00,-7.761422765736905e-08,4.320900736009771e+03,4.320900735971282e+03,1.060561736801784e+03,7.644142191802608e-08,0.000000000000000e+00,-1.000000000000000e+03,2.880600490647522e+03,9.101271612413283e-09,2.506117975188963e+05,1.079410601018288e-06,8.304043316265128e+08,0.000000000000000e+00,-2.311481095687093e-08,5.652564575008705e+10,5.652564575008705e+10,-7.116671243053329e+00,7.644142191802608e-08,1.000000000000000e+00,0.000000000000000e+00,-1.003500675285731e+00,3.412123190419111e-01,-8.954414774449746e-01,5.194462328379055e-08,1.000000000000000e+03,1.000000000000000e+00,
1.623038689786421e-07,0.000000000000000e+00,-5.183899814641960e-08,1.459538266557433e+04,1.459538266556606e+04,1.538991565421810e+03,1.623038689786421e-07,0.000000000000000e+00,-1.000000000000000e+03,9.730255110377371e+03,4.128118766612865e-14,3.018920344151988e+05,1.846077110009336e-09,7.363573270573354e+08,0.000000000000000e+00,-3.345000492444929e-04,8.202492039901283e+10,8.202492039901283e+10,-6.789671127394670e+00,1.623038689786421e-07,1.000000000000000e+00,0.000000000000000e+00,-3.193947160510461e-01,5.875011380772721e-04,-2.240749082757074e-01,1.405314304623494e-10,1.000000000000000e+03,1.000000000000000e+00,
1.994985128289029e-06,0.000000000000000e+00,5.438915049395193e-03,1.634941088274793e+05,1.634866947880223e+05,1.504255979833285e+03,1.994985128289029e-06,0.000000000000000e+00,-1.000000000000000e+03,1.089911298586815e+05,7.414039457002850e+00,2.984656854411738e+05,8.597836167486588e-03,6.497700913000576e+08,0.000000000000000e+00,-4.814292265306335e-06,8.017358884728276e+10,8.017358884728276e+10,-5.700060337433917e+00,1.994985128289029e-06,1.000000000000000e+00,0.000000000000000e+00,2.566159065039800e+03,2.566159065039800e+03,-1.800317376032511e+03,5.438915049395193e-03,1.000000000000000e+03,1.000000000000000e+00,
2.204881128293515e-05,0.000000000000000e+00,5.643197465914854e-02,1.767654238211008e+06,1.767582021896870e+06,1.501019855037161e+03,2.204881128293515e-05,0.000000000000000e+00,-1.000000000000000e+03,1.178388014597914e+06,7.221631413743161e+01,2.981444660971310e+05,7.558239926192782e-03,5.643130456369467e+08,0.000000000000000e+00,1.317862758006868e-06,8.000111039790894e+10,8.000111039790895e+10,-4.656614819673599e+00,2.204881128293515e-05,1.000000000000000e+00,0.000000000000000e+00,2.253447407428766e+03,2.253447407428766e+03,-2.010791148972587e+03,5.643197465914854e-02,1.000000000000000e+03,1.000000000000000e+00,
2.434940084774206e-04,0.000000000000000e+00,5.480685560130731e-01,1.948028522333160e+07,1.947966841320151e+07,1.500965858886779e+03,2.434940084774206e-04,0.000000000000000e+00,-1.000000000000000e+03,1.298644560880101e+07,6.168101300901402e+02,2.981391034771247e+05,7.261001727144892e-03,4.796279232431175e+08,0.000000000000000e+00,1.558003558708379e-07,7.999823251992931e+10,7.999823251992929e+10,-3.613511720762317e+00,2.434940084774206e-04,1.000000000000000e+00,0.000000000000000e+00,2.171183589161961e+03,2.171183589161961e+03,-2.057606582781958e+03,5.480685560130731e-01,1.000000000000000e+03,1.000000000000000e+00,
7.506086959066121e-08,0.000000000000000e+00,-7.506713727648153e-08,4.157083661262554e+03,4.157083661225024e+03,1.039119740521080e+03,7.506086959066121e-08,0.000000000000000e+00,-1.000000000000000e+03,2.771389107483350e+03,3.753043550217975e-08,2.480654791337506e+05,4.031193751210874e-06,8.306378322285397e+08,0.000000000000000e+00,-9.759743013759703e-17,5.538283374407153e+10,5.538283374407153e+10,-7.124586408531542e+00,7.506086959066121e-08,1.000000000000000e+00,0.000000000000000e+00,-1.000071391443547e+00,1.000000009398633e+00,-8.933757658030721e-01,7.506087029804385e-08,1.000000000000000e+03,1.000000000000000e+00,
7.506191764772581e-08,0.000000000000000e+00,-7.663677695303120e-08,4.157196244531257e+03,4.157196244493721e+03,1.039133373072027e+03,7.506191764772581e-08,0.000000000000000e+00,-1.000000000000000e+03,2.771464162995814e+03,3.753700113323710e-08,2.480671063543966e+05,4.009723006159738e-06,8.306380353357832e+08,0.000000000000000e+00,-2.384419944234107e-10,5.538356032953912e+10,5.538356032953914e+10,-7.124580344623348e+00,7.506191764772581e-08,1.000000000000000e+00,0.000000000000000e+00,-1.005517538540535e+00,1.000080494428962e+00,-8.304456123289932e-01,7.506795971392367e-08,1.000000000000000e+03,1.000000000000000e+00,
7.644142191802608e-08,0.000000000000000e+00,-7.761422765736905e-08,4.320900736009771e+03,4.320900735971282e+03,1.060561736801784e+03,7.644142191802608e-08,0.000000000000000e+00,-1.000000000000000e+03,2.880600490647522e+03,9.101271612413283e-09,2.506117975188963e+05,1.079410601018288e-06,8.304043316265128e+08,0.000000000000000e+00,-2.311481095687093e-08,5.652564575008705e+10,5.652564575008705e+10,-7.116671243053329e+00,7.644142191802608e-08,1.000000000000000e+00,0.000000000000000e+00,-1.003500675285731e+00,3.412123190419111e-01,-7.068049347419219e-01,5.194462328379055e-08,1.000000000000000e+03,1.000000000000000e+00,
1.623038689786421e-07,0.000000000000000e+00,-5.183899814641960e-08,1.459538266557433e+04,1.459538266556606e+04,1.538991565421810e+03,1.623038689786421e-07,0.000000000000000e+00,-1.000000000000000e+03,9.730255110377371e+03,4.128118766612865e-14,3.018920344151988e+05,1.846077110009336e-09,7.363573270573354e+08,0.000000000000000e+00,-3.345000492444929e-04,8.202492039901283e+10,8.202492039901283e+10,-6.789671127394670e+00,1.623038689786421e-07,1.000000000000000e+00,0.000000000000000e+00,-3.193947160510461e-01,5.875011380772721e-04,-1.414990956764274e-01,1.405314304623494e-10,1.000000000000000e+03,1.000000000000000e+00,
1.994985128289029e-06,0.000000000000000e+00,5.438915049395193e-03,1.634941088274793e+05,1.634866947880223e+05,1.504255979833285e+03,1.994985128289029e-06,0.000000000000000e+00,-1.000000000000000e+03,1.089911298586815e+05,7.414039457002850e+00,2.984656854411738e+05,8.597836167486588e-03,6.497700913000576e+08,0.000000000000000e+00,-4.814292265306335e-06,8.017358884728276e+10,8.017358884728276e+10,-5.700060337433917e+00,1.994985128289029e-06,1.000000000000000e+00,0.000000000000000e+00,2.566159065039800e+03,2.566159065039800e+03,-1.136866606794352e+03,5.438915049395193e-03,1.000000000000000e+03,1.000000000000000e+00,
2.204881128293515e-05,0.000000000000000e+00,5.643197465914854e-02,1.767654238211008e+06,1.767582021896870e+06,1.501019855037161e+03,2.204881128293515e-05,0.000000000000000e+00,-1.000000000000000e+03,1.178388014597914e+06,7.221631413743161e+01,2.981444660971310e+05,7.558239926192782e-03,5.643130456369467e+08,0.000000000000000e+00,1.317862758006868e-06,8.000111039790894e+10,8.000111039790895e+10,-4.656614819673599e+00,2.204881128293515e-05,1.000000000000000e+00,0.000000000000000e+00,2.253447407428766e+03,2.253447407428766e+03,-1.587191505674406e+03,5.643197465914854e-02,1.000000000000000e+03,1.000000000000000e+00,
2.434940084774206e-04,0.000000000000000e+00,5.480685560130731e-01,1.948028522333160e+07,1.947966841320151e+07,1.500965858886779e+03,2.434940084774206e-04,0.000000000000000e+00,-1.000000000000000e+03,1.298644560880101e+07,6.168101300901402e+02,2.981391034771247e+05,7.261001727144892e-03,4.796279232431175e+08,0.000000000000000e+00,1.558003558708379e-07,7.999823251992931e+10,7.999823251992929e+10,-3.613511720762317e+00,2.434940084774206e-04,1.000000000000000e+00,0.000000000000000e+00,2.171183589161961e+03,2.171183589161961e+03,-1.802904761391025e+03,5.480685560130731e-01,1.000000000000000e+03,1.000000000000000e+00,

64,28
1.911630799219181e-02,0.000000000000000e+00,4.147457865169221e+01,1.886615649279100e+09,1.886570657833183e+09,1.853691169879672e+03,1.911630799219181e-02,0.000000000000000e+00,-1.000000000000000e+03,1.257713771888789e+09,4.499144591722436e+04,3.313234880766531e+05,7.258273163291382e-03,4.783454425833004e+08,2.500000000000000e-07,5.421407018626097e-04,9.879772837615207e+10,9.879772837615207e+10,-1.718595980963975e+00,1.911630799219181e-02,1.000000000000000e+00,0.000000000000000e+00,2.171644304491305e+03,2.171644304491305e+03,-1.306325833801055e+03,4.147457865169221e+01,1.000000000000000e+03,1.000000000000000e+00,
1.911630799219181e-02,0.000000000000000e+00,4.147457865169221e+01,1.886615649279100e+09,1.886570657833183e+09,1.853691169879672e+03,1.911630799219181e-02,0.000000000000000e+00,-1.000000000000000e+03,1.257713771888789e+09,4.499144591722436e+04,3.313234880766531e+05,7.258273163291382e-03,4.783454425833004e+08,2.500000000000000e-07,5.421407018626097e-04,9.879772837615207e+10,9.879772837615207e+10,-1.718595980963975e+00,1.911630799219181e-02,1.000000000000000e+00,0.000000000000000e+00,2.171644304491305e+03,2.171644304491305e+03,-1.306325833801055e+03,4.147457865169221e+01,1.000000000000000e+03,1.000000000000000e+00,
1.911630799219181e-02,0.000000000000000e+00,4.147457865169221e+01,1.886615649279100e+09,1.886570657833183e+09,1.853691169879672e+03,1.911630799219181e-02,0.000000000000000e+00,-1.000000000000000e+03,1.257713771888789e+09,4.499144591722436e+04,3.313234880766531e+05,7.258273163291382e-03,4.783454425833004e+08,2.500000000000000e-07,5.421407018626097e-04,9.879772837615207e+10,9.879772837615207e+10,-1.718595980963975e+00,1.911630799219181e-02,1.000000000000000e+00,0.000000000000000e+00,2.171644304491305e+03,2.171644304491305e+03,-1.539037125220498e+03,4.147457865169221e+01,1.000000000000000e+03,1.000000000000000e+00,
1.911630799219181e-02,0.000000000000000e+00,4.147457865169221e+01,1.886615649279100e+09,1.886570657833183e+09,1.853691169879672e+03,1.911630799219181e-02,0.000000000000000e+00,-1.000000000000000e+03,1.257713771888789e+09,4.499144591722436e+04,3.313234880766531e+05,7.258273163291382e-03,4.783454425833004e+08,2.500000000000000e-07,5.421407018626097e-04,9.879772837615207e+10,9.879772837615207e+10,-1.718595980963975e+00,1.911630799219181e-02,1.000000000000000e+00,0.000000000000000e+00,2.171644304491305e+03,2.171644304491305e+03,-1.809890377519645e+03,4.147457865169221e+01,1.000000000000000e+03,1.000000000000000e+00,
1.911630799219181e-02,0.000000000000000e+00,4.147457865169221e+01,1.886615649279100e+09,1.886570657833183e+09,1.853691169879672e+03,1.911630799219181e-02,0.000000000000000e+00,-1.000000000000000e+03,1.257713771888789e+09,4.499144591722436e+04,3.313234880766531e+05,7.258273163291382e-03,4.783454425833004e+08,2.500000000000000e-07,5.421407018626097e-04,9.879772837615207e+10,9.879772837615207e+10,-1.718595980963975e+00,1.911630799219181e-02,1.000000000000000e+00,0.000000000000000e+00,2.171644304491305e+03,2.171644304491305e+03,-2.061610663259767e+03,4.147457865169221e+01,1.000000000000000e+03,1.000000000000000e+00,
1.911630799219181e-02,0.000000000000000e+00,4.147457865169221e+01,1.886615649279100e+09,1.886570657833183e+09,1.853691169879672e+03,1.911630799219181e-02,0.000000000000000e+00,-1.000000000000000e+03,1.257713771888789e+09,4.499144591722436e+04,3.313234880766531e+05,7.258273163291382e-03,4.783454425833004e+08,2.500000000000000e-07,5.421407018626097e-04,9.879772837615207e+10,9.879772837615207e+10,-1.718595980963975e+00,1.911630799219181e-02,1.000000000000000e+00,0.000000000000000e+00,2.171644304491305e+03,2.171644304491305e+03,-2.061610663259767e+03,4.147457865169221e+01,1.000000000000000e+03,1.000000000000000e+00,
1.911630799219181e-02,0.000000000000000e+00,4.147457865169221e+01,1.886615649279100e+09,1.886570657833183e+09,1.853691169879672e+03,1.911630799219181e-02,0.000000000000000e+00,-1.000000000000000e+03,1.257713771888789e+09,4.499144591722436e+04,3.313234880766531e+05,7.258273163291382e-03,4.783454425833004e+08,2.500000000000000e-07,5.421407018626097e-04,9.879772837615207e+10,9.879772837615207e+10,-1.718595980963975e+00,1.911630799219181e-02,1.000000000000000e+00,0.000000000000000e+00,2.171644304491305e+03,2.171644304491305e+03,-1.809890377519645e+03,4.147457865169221e+01,1.000000000000000e+03,1.000000000000000e+00,
1.911630799219181e-02,0.000000000000000e+00,4.147457865169221e+01,1.886615649279100e+09,1.886570657833183e+09,1.853691169879672e+03,1.911630799219181e-02,0.000000000000000e+00,-1.000000000000000e+03,1.257713771888789e+09,4.499144591722436e+04,3.313234880766531e+05,7.258273163291382e-03,4.783454425833004e+08,2.500000000000000e-07,5.421407018626097e-04,9.879772837615207e+10,9.879772837615207e+10,-1.718595980963975e+00,1.911630799219181e-02,1.000000000000000e+00,0.000000000000000e+00,2.171644304491305e+03,2.171644304491305e+03,-1.539037125220498e+03,4.147457865169221e+01,1.000000000000000e+03,1.000000000000000e+00,
7.506177850775867e-08,0.000000000000000e+00,-7.506087029804385e-08,4.157181203888457e+03,4.157181203850921e+03,1.039131539716944e+03,7.506177850775867e-08,0.000000000000000e+00,-1.000000000000000e+03,2.771454135900614e+03,3.753624821388731e-08,2.480668875204612e+05,4.031458617632144e-06,8.306380071661425e+08,0.000000000000000e+00,4.313732332505982e-12,5.538346261568022e+10,5.538346261568021e+10,-7.124581149662411e+00,7.506177850775867e-08,1.000000000000000e+00,0.000000000000000e+00,-1.000000009398633e+00,1.000071391443547e+00,-6.017920661530333e-01,7.506713727648153e-08,1.000000000000000e+03,1.000000000000000e+00,
7.632955735747888e-08,0.000000000000000e+00,-7.506795971392367e-08,4.307204423858979e+03,4.307204423820506e+03,1.058749363963201e+03,7.632955735747888e-08,0.000000000000000e+00,-1.000000000000000e+03,2.871469615880338e+03,3.847261653989659e-08,2.503975732030193e+05,4.041124486064403e-06,8.310397247201461e+08,0.000000000000000e+00,9.707353859755851e-11,5.642905019936527e+10,5.642905019936527e+10,-7.117307256127007e+00,7.632955735747888e-08,1.000000000000000e+00,0.000000000000000e+00,-1.000080494428962e+00,1.005517538540535e+00,-4.511187458083908e-01,7.663677695303120e-08,1.000000000000000e+03,1.000000000000000e+00,
1.563445209640782e-07,0.000000000000000e+00,-5.194462328379055e-08,1.406051481874798e+04,1.406051481873888e+04,1.718289006969304e+03,1.563445209640782e-07,0.000000000000000e+00,-1.000000000000000e+03,9.373676545825918e+03,3.851213406457438e-08,3.189933577737874e+05,4.004203653700964e-06,8.450094632048432e+08,0.000000000000000e+00,-2.882305776454319e-10,9.158108607341595e+10,9.158108607341595e+10,-6.805917333843889e+00,1.563445209640782e-07,1.000000000000000e+00,0.000000000000000e+00,-3.412123190419111e-01,1.003500675285731e+00,-8.351759839982573e-02,7.761422765736905e-08,1.000000000000000e+03,1.000000000000000e+00,
1.921448774207222e-06,0.000000000000000e+00,5.219207832794397e-03,1.576137711903671e+05,1.576066827551281e+05,1.754741772206641e+03,1.921448774207222e-06,0.000000000000000e+00,-1.000000000000000e+03,1.050711218367521e+05,7.088435238962200e+00,3.223592536714108e+05,8.997547050802936e-03,8.290712248302090e+08,0.000000000000000e+00,-1.445105119698681e-09,9.352393958483009e+10,9.352393958483009e+10,-5.716371189329055e+00,1.921448774207222e-06,1.000000000000000e+00,0.000000000000000e+00,2.716287783913371e+03,2.716287783913371e+03,3.022116034188198e+02,5.219207832794397e-03,1.000000000000000e+03,1.000000000000000e+00,
2.123655422688191e-05,0.000000000000000e+00,5.449637613952229e-02,1.702680690303876e+06,1.702610767119055e+06,1.537563898208946e+03,2.123655422688191e-05,0.000000000000000e+00,-1.000000000000000e+03,1.135073844746037e+06,6.992318482112688e+01,3.017519747256085e+05,9.330633651260087e-03,7.349733859768479e+08,0.000000000000000e+00,3.444643261545025e-06,8.194882882572382e+10,8.194882882572380e+10,-4.672915949061919e+00,2.123655422688191e-05,1.000000000000000e+00,0.000000000000000e+00,2.799149376769854e+03,2.799149376769854e+03,-5.335202173189916e+00,5.449637613952229e-02,1.000000000000000e+03,1.000000000000000e+00,
2.345276915242570e-04,0.000000000000000e+00,5.284958184355905e-01,1.876307120976477e+07,1.876247574099882e+07,1.504128074485458e+03,2.345276915242570e-04,0.000000000000000e+00,-1.000000000000000e+03,1.250831716066588e+07,5.954687659453126e+02,2.984529960554045e+05,8.575592267590615e-03,6.484318790512719e+08,0.000000000000000e+00,3.364095947329020e-06,8.016677176900253e+10,8.016677176900253e+10,-3.629805871216874e+00,2.345276915242570e-04,1.000000000000000e+00,0.000000000000000e+00,2.559411205211979e+03,2.559411205211979e+03,-6.264600228301031e+02,5.284958184355905e-01,1.000000000000000e+03,1.000000000000000e+00,
2.565027197758184e-03,0.000000000000000e+00,5.569144957526661e+00,2.064178354075508e+08,2.064117895894820e+08,1.509847022337604e+03,2.565027197758184e-03,0.000000000000000e+00,-1.000000000000000e+03,1.376078597263214e+08,6.045818068722988e+03,2.990198419930270e+05,7.549552705786917e-03,5.629796008724067e+08,0.000000000000000e+00,1.278992964579857e-06,8.047157931498135e+10,8.047157931498135e+10,-2.590908025572174e+00,2.565027197758184e-03,1.000000000000000e+00,0.000000000000000e+00,2.250850275290843e+03,2.250850275290843e+03,-1.011330240037003e+03,5.569144957526661e+00,1.000000000000000e+03,1.000000000000000e+00,
7.506177850775867e-08,0.000000000000000e+00,-7.506087029804385e-08,4.157181203888457e+03,4.157181203850921e+03,1.039131539716944e+03,7.506177850775867e-08,0.000000000000000e+00,-1.000000000000000e+03,2.771454135900614e+03,3.753624821388731e-08,2.480668875204612e+05,4.031458617632144e-06,8.306380071661425e+08,0.000000000000000e+00,4.313732332505982e-12,5.538346261568022e+10,5.538346261568021e+10,-7.124581149662411e+00,7.506177850775867e-08,1.000000000000000e+00,0.000000000000000e+00,-1.000000009398633e+00,1.000071391443547e+00,-6.017920661530333e-01,7.506713727648153e-08,1.000000000000000e+03,1.000000000000000e+00,
7.632955735747888e-08,0.000000000000000e+00,-7.506795971392367e-08,4.307204423858979e+03,4.307204423820506e+03,1.058749363963201e+03,7.632955735747888e-08,0.000000000000000e+00,-1.000000000000000e+03,2.871469615880338e+03,3.847261653989659e-08,2.503975732030193e+05,4.041124486064403e-06,8.310397247201461e+08,0.000000000000000e+00,9.707353859755851e-11,5.642905019936527e+10,5.642905019936527e+10,-7.117307256127007e+00,7.632955735747888e-08,1.000000000000000e+00,0.000000000000000e+00,-1.000080494428962e+00,1.005517538540535e+00,-4.511187458083908e-01,7.663677695303120e-08,1.000000000000000e+03,1.000000000000000e+00,
1.563445209640782e-07,0.000000000000000e+00,-5.194462328379055e-08,1.406051481874798e+04,1.406051481873888e+04,1.718289006969304e+03,1.563445209640782e-07,0.000000000000000e+00,-1.000000000000000e+03,9.373676545825918e+03,3.851213406457438e-08,3.189933577737874e+05,4.004203653700964e-06,8.450094632048432e+08,0.000000000000000e+00,-2.882305776454319e-10,9.158108607341595e+10,9.158108607341595e+10,-6.805917333843889e+00,1.563445209640782e-07,1.000000000000000e+00,0.000000000000000e+00,-3.412123190419111e-01,1.003500675285731e+00,-8.351759839982573e-02,7.761422765736905e-08,1.000000000000000e+03,1.000000000000000e+00,
1.921448774207222e-06,0.000000000000000e+00,5.219207832794397e-03,1.576137711903671e+05,1.576066827551281e+05,1.754741772206641e+03,1.921448774207222e-06,0.000000000000000e+00,-1.000000000000000e+03,1.050711218367521e+05,7.088435238962200e+00,3.223592536714108e+05,8.997547050802936e-03,8.290712248302090e+08,0.000000000000000e+00,-1.445105119698681e-09,9.352393958483009e+10,9.352393958483009e+10,-5.716371189329055e+00,1.921448774207222e-06,1.000000000000000e+00,0.000000000000000e+00,2.716287783913371e+03,2.716287783913371e+03,3.022116034188198e+02,5.219207832794397e-03,1.000000000000000e+03,1.000000000000000e+00,
2.123655422688191e-05,0.000000000000000e+00,5.449637613952229e-02,1.702680690303876e+06,1.702610767119055e+06,1.537563898208946e+03,2.123655422688191e-05,0.000000000000000e+00,-1.000000000000000e+03,1.135073844746037e+06,6.992318482112688e+01,3.017519747256085e+05,9.330633651260087e-03,7.349733859768479e+08,0.000000000000000e+00,3.444643261545025e-06,8.194882882572382e+10,8.194882882572380e+10,-4.672915949061919e+00,2.123655422688191e-05,1.000000000000000e+00,0.000000000000000e+00,2.799149376769854e+03,2.799149376769854e+03,-5.335202173189916e+00,5.449637613952229e-02,1.000000000000000e+03,1.000000000000000e+00,
2.345276915242570e-04,0.000000000000000e+00,5.284958184355905e-01,1.876307120976477e+07,1.876247574099882e+07,1.504128074485458e+03,2.345276915242570e-04,0.000000000000000e+00,-1.000000000000000e+03,1.250831716066588e+07,5.954687659453126e+02,2.984529960554045e+05,8.575592267590615e-03,6.484318790512719e+08,0.000000000000000e+00,3.364095947329020e-06,8.016677176900253e+10,8.016677176900253e+10,-3.629805871216874e+00,2.345276915242570e-04,1.000000000000000e+00,0.000000000000000e+00,2.559411205211979e+03,2.559411205211979e+03,-6.264600228301031e+02,5.284958184355905e-01,1.000000000000000e+03,1.000000000000000e+00,
2.565027197758184e-03,0.000000000000000e+00,5.569144957526661e+00,2.064178354075508e+08,2.064117895894820e+08,1.509847022337604e+03,2.565027197758184e-03,0.000000000000000e+00,-1.000000000000000e+03,1.376078597263214e+08,6.045818068722988e+03,2.990198419930270e+05,7.549552705786917e-03,5.629796008724067e+08,0.000000000000000e+00,1.278992964579857e-06,8.047157931498135e+10,8.047157931498135e+10,-2.590908025572174e+00,2.565027197758184e-03,1.000000000000000e+00,0.000000000000000e+00,2.250850275290843e+03,2.250850275290843e+03,-1.011330240037003e+03,5.569144957526661e+00,1.000000000000000e+03,1.000000000000000e+00,
7.506177850775867e-08,0.000000000000000e+00,-7.506087029804385e-08,4.157181203888457e+03,4.157181203850921e+03,1.039131539716944e+03,7.506177850775867e-08,0.000000000000000e+00,-1.000000000000000e+03,2.771454135900614e+03,3.753624821388731e-08,2.480668875204612e+05,4.031458617632144e-06,8.306380071661425e+08,0.000000000000000e+00,4.313732332505982e-12,5.538346261568022e+10,5.538346261568021e+10,-7.124581149662411e+00,7.506177850775867e-08,1.000000000000000e+00,0.000000000000000e+00,-1.000000009398633e+00,1.000071391443547e+00,-7.089964138408974e-01,7.506713727648153e-08,1.000000000000000e+03,1.000000000000000e+00,
7.632955735747888e-08,0.000000000000000e+00,-7.506795971392367e-08,4.307204423858979e+03,4.307204423820506e+03,1.058749363963201e+03,7.632955735747888e-08,0.000000000000000e+00,-1.000000000000000e+03,2.871469615880338e+03,3.847261653989659e-08,2.503975732030193e+05,4.041124486064403e-06,8.310397247201461e+08,0.000000000000000e+00,9.707353859755851e-11,5.642905019936527e+10,5.642905019936527e+10,-7.117307256127007e+00,7.632955735747888e-08,1.000000000000000e+00,0.000000000000000e+00,-1.000080494428962e+00,1.005517538540535e+00,-5.594420094293421e-01,7.663677695303120e-08,1.000000000000000e+03,1.000000000000000e+00,
1.563445209640782e-07,0.000000000000000e+00,-5.194462328379055e-08,1.406051481874798e+04,1.406051481873888e+04,1.718289006969304e+03,1.563445209640782e-07,0.000000000000000e+00,-1.000000000000000e+03,9.373676545825918e+03,3.851213406457438e-08,3.189933577737874e+05,4.004203653700964e-06,8.450094632048432e+08,0.000000000000000e+00,-2.882305776454319e-10,9.158108607341595e+10,9.158108607341595e+10,-6.805917333843889e+00,1.563445209640782e-07,1.000000000000000e+00,0.000000000000000e+00,-3.412123190419111e-01,1.003500675285731e+00,-1.089134290595054e-01,7.761422765736905e-08,1.000000000000000e+03,1.000000000000000e+00,
1.921448774207222e-06,0.000000000000000e+00,5.219207832794397e-03,1.576137711903671e+05,1.576066827551281e+05,1.754741772206641e+03,1.921448774207222e-06,0.000000000000000e+00,-1.000000000000000e+03,1.050711218367521e+05,7.088435238962200e+00,3.223592536714108e+05,8.997547050802936e-03,8.290712248302090e+08,0.000000000000000e+00,-1.445105119698681e-09,9.352393958483009e+10,9.352393958483009e+10,-5.716371189329055e+00,1.921448774207222e-06,1.000000000000000e+00,0.000000000000000e+00,2.716287783913371e+03,2.716287783913371e+03,4.448864136488064e+02,5.219207832794397e-03,1.000000000000000e+03,1.000000000000000e+00,
2.123655422688191e-05,0.000000000000000e+00,5.449637613952229e-02,1.702680690303876e+06,1.702610767119055e+06,1.537563898208946e+03,2.123655422688191e-05,0.000000000000000e+00,-1.000000000000000e+03,1.135073844746037e+06,6.992318482112688e+01,3.017519747256085e+05,9.330633651260087e-03,7.349733859768479e+08,0.000000000000000e+00,3.444643261545025e-06,8.194882882572382e+10,8.194882882572380e+10,-4.672915949061919e+00,2.123655422688191e-05,1.000000000000000e+00,0.000000000000000e+00,2.799149376769854e+03,2.799149376769854e+03,-7.118235608693165e+00,5.449637613952229e-02,1.000000000000000e+03,1.000000000000000e+00,
2.345276915242570e-04,0.000000000000000e+00,5.284958184355905e-01,1.876307120976477e+07,1.876247574099882e+07,1.504128074485458e+03,2.345276915242570e-04,0.000000000000000e+00,-1.000000000000000e+03,1.250831716066588e+07,5.954687659453126e+02,2.984529960554045e+05,8.575592267590615e-03,6.484318790512719e+08,0.000000000000000e+00,3.364095947329020e-06,8.016677176900253e+10,8.016677176900253e+10,-3.629805871216874e+00,2.345276915242570e-04,1.000000000000000e+00,0.000000000000000e+00,2.559411205211979e+03,2.559411205211979e+03,-8.169524814217473e+02,5.284958184355905e-01,1.000000000000000e+03,1.000000000000000e+00,
2.565027197758184e-03,0.000000000000000e+00,5.569144957526661e+00,2.064178354075508e+08,2.064117895894820e+08,1.509847022337604e+03,2.565027197758184e-03,0.000000000000000e+00,-1.000000000000000e+03,1.376078597263214e+08,6.045818068722988e+03,2.990198419930270e+05,7.549552705786917e-03,5.629796008724067e+08,0.000000000000000e+00,1.278992964579857e-06,8.047157931498135e+10,8.047157931498135e+10,-2.590908025572174e+00,2.565027197758184e-03,1.000000000000000e+00,0.000000000000000e+00,2.250850275290843e+03,2.250850275290843e+03,-1.254172270471932e+03,5.569144957526661e+00,1.000000000000000e+03,1.000000000000000e+00,
7.506177850775867e-08,0.000000000000000e+00,-7.506087029804385e-08,4.157181203888457e+03,4.157181203850921e+03,1.039131539716944e+03,7.506177850775867e-08,0.000000000000000e+00,-1.000000000000000e+03,2.771454135900614e+03,3.753624821388731e-08,2.480668875204612e+05,4.031458617632144e-06,8.306380071661425e+08,0.000000000000000e+00,4.313732332505982e-12,5.538346261568022e+10,5.538346261568021e+10,-7.124581149662411e+00,7.506177850775867e-08,1.000000000000000e+00,0.000000000000000e+00,-1.000000009398633e+00,1.000071391443547e+00,-8.337718214060176e-01,7.506713727648153e-08,1.000000000000000e+03,1.000000000000000e+00,
7.632955735747888e-08,0.000000000000000e+00,-7.506795971392367e-08,4.307204423858979e+03,4.307204423820506e+03,1.058749363963201e+03,7.632955735747888e-08,0.000000000000000e+00,-1.000000000000000e+03,2.871469615880338e+03,3.847261653989659e-08,2.503975732030193e+05,4.041124486064403e-06,8.310397247201461e+08,0.000000000000000e+00,9.707353859755851e-11,5.642905019936527e+10,5.642905019936527e+10,-7.117307256127007e+00,7.632955735747888e-08,1.000000000000000e+00,0.000000000000000e+00,-1.000080494428962e+00,1.005517538540535e+00,-7.127206379179811e-01,7.663677695303120e-08,1.000000000000000e+03,1.000000000000000e+00,
1.563445209640782e-07,0.000000000000000e+00,-5.194462328379055e-08,1.406051481874798e+04,1.406051481873888e+04,1.718289006969304e+03,1.563445209640782e-07,0.000000000000000e+00,-1.000000000000000e+03,9.373676545825918e+03,3.851213406457438e-08,3.189933577737874e+05,4.004203653700964e-06,8.450094632048432e+08,0.000000000000000e+00,-2.882305776454319e-10,9.158108607341595e+10,9.158108607341595e+10,-6.805917333843889e+00,1.563445209640782e-07,1.000000000000000e+00,0.000000000000000e+00,-3.412123190419111e-01,1.003500675285731e+00,-1.540259054684061e-01,7.761422765736905e-08,1.000000000000000e+03,1.000000000000000e+00,
1.921448774207222e-06,0.000000000000000e+00,5.219207832794397e-03,1.576137711903671e+05,1.576066827551281e+05,1.754741772206641e+03,1.921448774207222e-06,0.000000000000000e+00,-1.000000000000000e+03,1.050711218367521e+05,7.088435238962200e+00,3.223592536714108e+05,8.997547050802936e-03,8.290712248302090e+08,0.000000000000000e+00,-1.445105119698681e-09,9.352393958483009e+10,9.352393958483009e+10,-5.716371189329055e+00,1.921448774207222e-06,1.000000000000000e+00,0.000000000000000e+00,2.716287783913371e+03,2.716287783913371e+03,8.181666944655574e+02,5.219207832794397e-03,1.000000000000000e+03,1.000000000000000e+00,
2.123655422688191e-05,0.000000000000000e+00,5.449637613952229e-02,1.702680690303876e+06,1.702610767119055e+06,1.537563898208946e+03,2.123655422688191e-05,0.000000000000000e+00,-1.000000000000000e+03,1.135073844746037e+06,6.992318482112688e+01,3.017519747256085e+05,9.330633651260087e-03,7.349733859768479e+08,0.000000000000000e+00,3.444643261545025e-06,8.194882882572382e+10,8.194882882572380e+10,-4.672915949061919e+00,2.123655422688191e-05,1.000000000000000e+00,0.000000000000000e+00,2.799149376769854e+03,2.799149376769854e+03,-1.069126497123676e+01,5.449637613952229e-02,1.000000000000000e+03,1.000000000000000e+00,
2.345276915242570e-04,0.000000000000000e+00,5.284958184355905e-01,1.876307120976477e+07,1.876247574099882e+07,1.504128074485458e+03,2.345276915242570e-04,0.000000000000000e+00,-1.000000000000000e+03,1.250831716066588e+07,5.954687659453126e+02,2.984529960554045e+05,8.575592267590615e-03,6.484318790512719e+08,0.000000000000000e+00,3.364095947329020e-06,8.016677176900253e+10,8.016677176900253e+10,-3.629805871216874e+00,2.345276915242570e-04,1.000000000000000e+00,0.000000000000000e+00,2.559411205211979e+03,2.559411205211979e+03,-1.155338205419067e+03,5.284958184355905e-01,1.000000000000000e+03,1.000000000000000e+00,
2.565027197758184e-03,0.000000000000000e+00,5.569144957526661e+00,2.064178354075508e+08,2.064117895894820e+08,1.509847022337604e+03,2.565027197758184e-03,0.000000000000000e+00,-1.000000000000000e+03,1.376078597263214e+08,6.045818068722988e+03,2.990198419930270e+05,7.549552705786917e-03,5.629796008724067e+08,0.000000000000000e+00,1.278992964579857e-06,8.047157931498135e+10,8.047157931498135e+10,-2.590908025572174e+00,2.565027197758184e-03,1.000000000000000e+00,0.000000000000000e+00,2.250850275290843e+03,2.250850275290843e+03,-1.597796457190609e+03,5.569144957526661e+00,1.000000000000000e+03,1.000000000000000e+00,
7.506177850775867e-08,0.000000000000000e+00,-7.506087029804385e-08,4.157181203888457e+03,4.157181203850921e+03,1.039131539716944e+03,7.506177850775867e-08,0.000000000000000e+00,-1.000000000000000e+03,2.771454135900614e+03,3.753624821388731e-08,2.480668875204612e+05,4.031458617632144e-06,8.306380071661425e+08,0.000000000000000e+00,4.313732332505982e-12,5.538346261568022e+10,5.538346261568021e+10,-7.124581149662411e+00,7.506177850775867e-08,1.000000000000000e+00,0.000000000000000e+00,-1.000000009398633e+00,1.000071391443547e+00,-9.497331435574786e-01,7.506713727648153e-08,1.000000000000000e+03,1.000000000000000e+00,
7.632955735747888e-08,0.000000000000000e+00,-7.506795971392367e-08,4.307204423858979e+03,4.307204423820506e+03,1.058749363963201e+03,7.632955735747888e-08,0.000000000000000e+00,-1.000000000000000e+03,2.871469615880338e+03,3.847261653989659e-08,2.503975732030193e+05,4.041124486064403e-06,8.310397247201461e+08,0.000000000000000e+00,9.707353859755851e-11,5.642905019936527e+10,5.642905019936527e+10,-7.117307256127007e+00,7.632955735747888e-08,1.000000000000000e+00,0.000000000000000e+00,-1.000080494428962e+00,1.005517538540535e+00,-9.001187894524658e-01,7.663677695303120e-08,1.000000000000000e+03,1.000000000000000e+00,
1.563445209640782e-07,0.000000000000000e+00,-5.194462328379055e-08,1.406051481874798e+04,1.406051481873888e+04,1.718289006969304e+03,1.563445209640782e-07,0.000000000000000e+00,-1.000000000000000e+03,9.373676545825918e+03,3.851213406457438e-08,3.189933577737874e+05,4.004203653700964e-06,8.450094632048432e+08,0.000000000000000e+00,-2.882305776454319e-10,9.158108607341595e+10,9.158108607341595e+10,-6.805917333843889e+00,1.563445209640782e-07,1.000000000000000e+00,0.000000000000000e+00,-3.412123190419111e-01,1.003500675285731e+00,-2.431510739175865e-01,7.761422765736905e-08,1.000000000000000e+03,1.000000000000000e+00,
1.921448774207222e-06,0.000000000000000e+00,5.219207832794397e-03,1.576137711903671e+05,1.576066827551281e+05,1.754741772206641e+03,1.921448774207222e-06,0.000000000000000e+00,-1.000000000000000e+03,1.050711218367521e+05,7.088435238962200e+00,3.223592536714108e+05,8.997547050802936e-03,8.290712248302090e+08,0.000000000000000e+00,-1.445105119698681e-09,9.352393958483009e+10,9.352393958483009e+10,-5.716371189329055e+00,1.921448774207222e-06,1.000000000000000e+00,0.000000000000000e+00,2.716287783913371e+03,2.716287783913371e+03,2.654460841103255e+03,5.219207832794397e-03,1.000000000000000e+03,1.000000000000000e+00,
2.123655422688191e-05,0.000000000000000e+00,5.449637613952229e-02,1.702680690303876e+06,1.702610767119055e+06,1.537563898208946e+03,2.123655422688191e-05,0.000000000000000e+00,-1.000000000000000e+03,1.135073844746037e+06,6.992318482112688e+01,3.017519747256085e+05,9.330633651260087e-03,7.349733859768479e+08,0.000000000000000e+00,3.444643261545025e-06,8.194882882572382e+10,8.194882882572380e+10,-4.672915949061919e+00,2.123655422688191e-05,1.000000000000000e+00,0.000000000000000e+00,2.799149376769854e+03,2.799149376769854e+03,-2.146621275205279e+01,5.449637613952229e-02,1.000000000000000e+03,1.000000000000000e+00,
2.345276915242570e-04,0.000000000000000e+00,5.284958184355905e-01,1.876307120976477e+07,1.876247574099882e+07,1.504128074485458e+03,2.345276915242570e-04,0.000000000000000e+00,-1.000000000000000e+03,1.250831716066588e+07,5.954687659453126e+02,2.984529960554045e+05,8.575592267590615e-03,6.484318790512719e+08,0.000000000000000e+00,3.364095947329020e-06,8.016677176900253e+10,8.016677176900253e+10,-3.629805871216874e+00,2.345276915242570e-04,1.000000000000000e+00,0.000000000000000e+00,2.559411205211979e+03,2.559411205211979e+03,-1.823860243063373e+03,5.284958184355905e-01,1.000000000000000e+03,1.000000000000000e+00,
2.565027197758184e-03,0.000000000000000e+00,5.569144957526661e+00,2.064178354075508e+08,2.064117895894820e+08,1.509847022337604e+03,2.565027197758184e-03,0.000000000000000e+00,-1.000000000000000e+03,1.376078597263214e+08,6.045818068722988e+03,2.990198419930270e+05,7.549552705786917e-03,5.629796008724067e+08,0.000000000000000e+00,1.278992964579857e-06,8.047157931498135e+10,8.047157931498135e+10,-2.590908025572174e+00,2.565027197758184e-03,1.000000000000000e+00,0.000000000000000e+00,2.250850275290843e+03,2.250850275290843e+03,-2.017910716096531e+03,5.569144957526661e+00,1.000000000000000e+03,1.000000000000000e+00,
7.506177850775867e-08,0.000000000000000e+00,-7.506087029804385e-08,4.157181203888457e+03,4.157181203850921e+03,1.039131539716944e+03,7.506177850775867e-08,0.000000000000000e+00,-1.000000000000000e+03,2.771454135900614e+03,3.753624821388731e-08,2.480668875204612e+05,4.031458617632144e-06,8.306380071661425e+08,0.000000000000000e+00,4.313732332505982e-12,5.538346261568022e+10,5.538346261568021e+10,-7.124581149662411e+00,7.506177850775867e-08,1.000000000000000e+00,0.000000000000000e+00,-1.000000009398633e+00,1.000071391443547e+00,-9.497331435574786e-01,7.506713727648153e-08,1.000000000000000e+03,1.000000000000000e+00,
7.632955735747888e-08,0.000000000000000e+00,-7.506795971392367e-08,4.307204423858979e+03,4.307204423820506e+03,1.058749363963201e+03,7.632955735747888e-08,0.000000000000000e+00,-1.000000000000000e+03,2.871469615880338e+03,3.847261653989659e-08,2.503975732030193e+05,4.041124486064403e-06,8.310397247201461e+08,0.000000000000000e+00,9.707353859755851e-11,5.642905019936527e+10,5.642905019936527e+10,-7.117307256127007e+00,7.632955735747888e-08,1.000000000000000e+00,0.000000000000000e+00,-1.000080494428962e+00,1.005517538540535e+00,-9.001187894524658e-01,7.663677695303120e-08,1.000000000000000e+03,1.000000000000000e+00,
1.563445209640782e-07,0.000000000000000e+00,-5.194462328379055e-08,1.406051481874798e+04,1.406051481873888e+04,1.718289006969304e+03,1.563445209640782e-07,0.000000000000000e+00,-1.000000000000000e+03,9.373676545825918e+03,3.851213406457438e-08,3.189933577737874e+05,4.004203653700964e-06,8.450094632048432e+08,0.000000000000000e+00,-2.882305776454319e-10,9.158108607341595e+10,9.158108607341595e+10,-6.805917333843889e+00,1.563445209640782e-07,1.000000000000000e+00,0.000000000000000e+00,-3.412123190419111e-01,1.003500675285731e+00,-2.431510739175865e-01,7.761422765736905e-08,1.000000000000000e+03,1.000000000000000e+00,
1.921448774207222e-06,0.000000000000000e+00,5.219207832794397e-03,1.576137711903671e+05,1.576066827551281e+05,1.754741772206641e+03,1.921448774207222e-06,0.000000000000000e+00,-1.000000000000000e+03,1.050711218367521e+05,7.088435238962200e+00,3.223592536714108e+05,8.997547050802936e-03,8.290712248302090e+08,0.000000000000000e+00,-1.445105119698681e-09,9.352393958483009e+10,9.352393958483009e+10,-5.716371189329055e+00,1.921448774207222e-06,1.000000000000000e+00,0.000000000000000e+00,2.716287783913371e+03,2.716287783913371e+03,2.654460841103255e+03,5.219207832794397e-03,1.000000000000000e+03,1.000000000000000e+00,
2.123655422688191e-05,0.000000000000000e+00,5.449637613952229e-02,1.702680690303876e+06,1.702610767119055e+06,1.537563898208946e+03,2.123655422688191e-05,0.000000000000000e+00,-1.000000000000000e+03,1.135073844746037e+06,6.992318482112688e+01,3.017519747256085e+05,9.330633651260087e-03,7.349733859768479e+08,0.000000000000000e+00,3.444643261545025e-06,8.194882882572382e+10,8.194882882572380e+10,-4.672915949061919e+00,2.123655422688191e-05,1.000000000000000e+00,0.000000000000000e+00,2.799149376769854e+03,2.799149376769854e+03,-2.146621275205279e+01,5.449637613952229e-02,1.000000000000000e+03,1.000000000000000e+00,
2.345276915242570e-04,0.000000000000000e+00,5.284958184355905e-01,1.876307120976477e+07,1.876247574099882e+07,1.504128074485458e+03,2.345276915242570e-04,0.000000000000000e+00,-1.000000000000000e+03,1.250831716066588e+07,5.954687659453126e+02,2.984529960554045e+05,8.575592267590615e-03,6.484318790512719e+08,0.000000000000000e+00,3.364095947329020e-06,8.016677176900253e+10,8.016677176900253e+10,-3.629805871216874e+00,2.345276915242570e-04,1.000000000000000e+00,0.000000000000000e+00,2.559411205211979e+03,2.559411205211979e+03,-1.823860243063373e+03,5.284958184355905e-01,1.000000000000000e+03,1.000000000000000e+00,
2.565027197758184e-03,0.000000000000000e+00,5.569144957526661e+00,2.064178354075508e+08,2.064117895894820e+08,1.509847022337604e+03,2.565027197758184e-03,0.000000000000000e+00,-1.000000000000000e+03,1.376078597263214e+08,6.045818068722988e+03,2.990198419930270e+05,7.549552705786917e-03,5.629796008724067e+08,0.000000000000000e+00,1.278992964579857e-06,8.047157931498135e+10,8.047157931498135e+10,-2.590908025572174e+00,2.565027197758184e-03,1.000000000000000e+00,0.000000000000000e+00,2.250850275290843e+03,2.250850275290843e+03,-2.017910716096531e+03,5.569144957526661e+00,1.000000000000000e+03,1.000000000000000e+00,
7.506177850775867e-08,0.000000000000000e+00,-7.506087029804385e-08,4.157181203888457e+03,4.157181203850921e+03,1.039131539716944e+03,7.506177850775867e-08,0.000000000000000e+00,-1.000000000000000e+03,2.771454135900614e+03,3.753624821388731e-08,2.480668875204612e+05,4.031458617632144e-06,8.306380071661425e+08,0.000000000000000e+00,4.313732332505982e-12,5.538346261568022e+10,5.538346261568021e+10,-7.124581149662411e+00,7.506177850775867e-08,1.000000000000000e+00,0.000000000000000e+00,-1.000000009398633e+00,1.000071391443547e+00,-8.337718214060176e-01,7.506713727648153e-08,1.000000000000000e+03,1.000000000000000e+00,
7.632955735747888e-08,0.000000000000000e+00,-7.506795971392367e-08,4.307204423858979e+03,4.307204423820506e+03,1.058749363963201e+03,7.632955735747888e-08,0.000000000000000e+00,-1.000000000000000e+03,2.871469615880338e+03,3.847261653989659e-08,2.503975732030193e+05,4.041124486064403e-06,8.310397247201461e+08,0.000000000000000e+00,9.707353859755851e-11,5.642905019936527e+10,5.642905019936527e+10,-7.117307256127007e+00,7.632955735747888e-08,1.000000000000000e+00,0.000000000000000e+00,-1.000080494428962e+00,1.005517538540535e+00,-7.127206379179811e-01,7.663677695303120e-08,1.000000000000000e+03,1.000000000000000e+00,
1.563445209640782e-07,0.000000000000000e+00,-5.194462328379055e-08,1.406051481874798e+04,1.406051481873888e+04,1.718289006969304e+03,1.563445209640782e-07,0.000000000000000e+00,-1.000000000000000e+03,9.373676545825918e+03,3.851213406457438e-08,3.189933577737874e+05,4.004203653700964e-06,8.450094632048432e+08,0.000000000000000e+00,-2.882305776454319e-10,9.158108607341595e+10,9.158108607341595e+10,-6.805917333843889e+00,1.563445209640782e-07,1.000000000000000e+00,0.000000000000000e+00,-3.412123190419111e-01,1.003500675285731e+00,-1.540259054684061e-01,7.761422765736905e-08,1.000000000000000e+03,1.000000000000000e+00,
1.921448774207222e-06,0.000000000000000e+00,5.219207832794397e-03,1.576137711903671e+05,1.576066827551281e+05,1.754741772206641e+03,1.921448774207222e-06,0.000000000000000e+00,-1.000000000000000e+03,1.050711218367521e+05,7.088435238962200e+00,3.223592536714108e+05,8.997547050802936e-03,8.290712248302090e+08,0.000000000000000e+00,-1.445105119698681e-09,9.352393958483009e+10,9.352393958483009e+10,-5.716371189329055e+00,1.921448774207222e-06,1.000000000000000e+00,0.000000000000000e+00,2.716287783913371e+03,2.716287783913371e+03,8.181666944655574e+02,5.219207832794397e-03,1.000000000000000e+03,1.000000000000000e+00,
2.123655422688191e-05,0.000000000000000e+00,5.449637613952229e-02,1.702680690303876e+06,1.702610767119055e+06,1.537563898208946e+03,2.123655422688191e-05,0.000000000000000e+00,-1.000000000000000e+03,1.135073844746037e+06,6.992318482112688e+01,3.017519747256085e+05,9.330633651260087e-03,7.349733859768479e+08,0.000000000000000e+00,3.444643261545025e-06,8.194882882572382e+10,8.194882882572380e+10,-4.672915949061919e+00,2.123655422688191e-05,1.000000000000000e+00,0.000000000000000e+00,2.799149376769854e+03,2.799149376769854e+03,-1.069126497123676e+01,5.449637613952229e-02,1.000000000000000e+03,1.000000000000000e+00,
2.345276915242570e-04,0.000000000000000e+00,5.284958184355905e-01,1.876307120976477e+07,1.876247574099882e+07,1.504128074485458e+03,2.345276915242570e-04,0.000000000000000e+00,-1.000000000000000e+03,1.250831716066588e+07,5.954687659453126e+02,2.984529960554045e+05,8.575592267590615e-03,6.484318790512719e+08,0.000000000000000e+00,3.364095947329020e-06,8.016677176900253e+10,8.016677176900253e+10,-3.629805871216874e+00,2.345276915242570e-04,1.000000000000000e+00,0.000000000000000e+00,2.559411205211979e+03,2.559411205211979e+03,-1.155338205419067e+03,5.284958184355905e-01,1.000000000000000e+03,1.000000000000000e+00,
2.565027197758184e-03,0.000000000000000e+00,5.569144957526661e+00,2.064178354075508e+08,2.064117895894820e+08,1.509847022337604e+03,2.565027197758184e-03,0.000000000000000e+00,-1.000000000000000e+03,1.376078597263214e+08,6.045818068722988e+03,2.990198419930270e+05,7.549552705786917e-03,5.629796008724067e+08,0.000000000000000e+00,1.278992964579857e-06,8.047157931498135e+10,8.047157931498135e+10,-2.590908025572174e+00,2.565027197758184e-03,1.000000000000000e+00,0.000000000000000e+00,2.250850275290843e+03,2.250850275290843e+03,-1.597796457190609e+03,5.569144957526661e+00,1.000000000000000e+03,1.000000000000000e+00,
7.506177850775867e-08,0.000000000000000e+00,-7.506087029804385e-08,4.157181203888457e+03,4.157181203850921e+03,1.039131539716944e+03,7.506177850775867e-08,0.000000000000000e+00,-1.000000000000000e+03,2.771454135900614e+03,3.753624821388731e-08,2.480668875204612e+05,4.031458617632144e-06,8.306380071661425e+08,0.000000000000000e+00,4.313732332505982e-12,5.538346261568022e+10,5.538346261568021e+10,-7.124581149662411e+00,7.506177850775867e-08,1.000000000000000e+00,0.000000000000000e+00,-1.000000009398633e+00,1.000071391443547e+00,-7.089964138408974e-01,7.506713727648153e-08,1.000000000000000e+03,1.000000000000000e+00,
7.632955735747888e-08,0.000000000000000e+00,-7.506795971392367e-08,4.307204423858979e+03,4.307204423820506e+03,1.058749363963201e+03,7.632955735747888e-08,0.000000000000000e+00,-1.000000000000000e+03,2.871469615880338e+03,3.847261653989659e-08,2.503975732030193e+05,4.041124486064403e-06,8.310397247201461e+08,0.000000000000000e+00,9.707353859755851e-11,5.642905019936527e+10,5.642905019936527e+10,-7.117307256127007e+00,7.632955735747888e-08,1.000000000000000e+00,0.000000000000000e+00,-1.000080494428962e+00,1.005517538540535e+00,-5.594420094293421e-01,7.663677695303120e-08,1.000000000000000e+03,1.000000000000000e+00,
1.563445209640782e-07,0.000000000000000e+00,-5.194462328379055e-08,1.406051481874798e+04,1.406051481873888e+04,1.718289006969304e+03,1.563445209640782e-07,0.000000000000000e+00,-1.000000000000000e+03,9.373676545825918e+03,3.851213406457438e-08,3.189933577737874e+05,4.004203653700964e-06,8.450094632048432e+08,0.000000000000000e+00,-2.882305776454319e-10,9.158108607341595e+10,9.158108607341595e+10,-6.805917333843889e+00,1.563445209640782e-07,1.000000000000000e+00,0.000000000000000e+00,-3.412123190419111e-01,1.003500675285731e+00,-1.089134290595054e-01,7.761422765736905e-08,1.000000000000000e+03,1.000000000000000e+00,
1.921448774207222e-06,0.000000000000000e+00,5.219207832794397e-03,1.576137711903671e+05,1.576066827551281e+05,1.754741772206641e+03,1.921448774207222e-06,0.000000000000000e+00,-1.000000000000000e+03,1.050711218367521e+05,7.088435238962200e+00,3.223592536714108e+05,8.997547050802936e-03,8.290712248302090e+08,0.000000000000000e+00,-1.445105119698681e-09,9.352393958483009e+10,9.352393958483009e+10,-5.716371189329055e+00,1.921448774207222e-06,1.000000000000000e+00,0.000000000000000e+00,2.716287783913371e+03,2.716287783913371e+03,4.448864136488064e+02,5.219207832794397e-03,1.000000000000000e+03,1.000000000000000e+00,
2.123655422688191e-05,0.000000000000000e+00,5.449637613952229e-02,1.702680690303876e+06,1.702610767119055e+06,1.537563898208946e+03,2.123655422688191e-05,0.000000000000000e+00,-1.000000000000000e+03,1.135073844746037e+06,6.992318482112688e+01,3.017519747256085e+05,9.330633651260087e-03,7.349733859768479e+08,0.000000000000000e+00,3.444643261545025e-06,8.194882882572382e+10,8.194882882572380e+10,-4.672915949061919e+00,2.123655422688191e-05,1.000000000000000e+00,0.000000000000000e+00,2.799149376769854e+03,2.799149376769854e+03,-7.118235608693165e+00,5.449637613952229e-02,1.000000000000000e+03,1.000000000000000e+00,
2.345276915242570e-04,0.000000000000000e+00,5.284958184355905e-01,1.876307120976477e+07,1.876247574099882e+07,1.504128074485458e+03,2.345276915242570e-04,0.000000000000000e+00,-1.000000000000000e+03,1.250831716066588e+07,5.954687659453126e+02,2.984529960554045e+05,8.575592267590615e-03,6.484318790512719e+08,0.000000000000000e+00,3.364095947329020e-06,8.016677176900253e+10,8.016677176900253e+10,-3.629805871216874e+00,2.345276915242570e-04,1.000000000000000e+00,0.000000000000000e+00,2.559411205211979e+03,2.559411205211979e+03,-8.169524814217473e+02,5.284958184355905e-01,1.000000000000000e+03,1.000000000000000e+00,
2.565027197758184e-03,0.000000000000000e+00,5.569144957526661e+00,2.064178354075508e+08,2.064117895894820e+08,1.509847022337604e+03,2.565027197758184e-03,0.000000000000000e+00,-1.000000000000000e+03,1.376078597263214e+08,6.045818068722988e+03,2.990198419930270e+05,7.549552705786917e-03,5.629796008724067e+08,0.000000000000000e+00,1.278992964579857e-06,8.047157931498135e+10,8.047157931498135e+10,-2.590908025572174e+00,2.565027197758184e-03,1.000000000000000e+00,0.000000000000000e+00,2.250850275290843e+03,2.250850275290843e+03,-1.254172270471932e+03,5.569144957526661e+00,1.000000000000000e+03,1.000000000000000e+00,

