1
0
28
0
(64 0
((0,0) (63,63) (0,0))
((448,0) (511,63) (0,0))
((384,0) (447,63) (0,0))
((320,0) (383,63) (0,0))
((256,0) (319,63) (0,0))
((192,0) (255,63) (0,0))
((128,0) (191,63) (0,0))
((64,0) (127,63) (0,0))
((0,448) (63,511) (0,0))
((0,384) (63,447) (0,0))
((0,320) (63,383) (0,0))
((0,256) (63,319) (0,0))
((0,192) (63,255) (0,0))
((0,128) (63,191) (0,0))
((0,64) (63,127) (0,0))
((448,448) (511,511) (0,0))
((448,384) (511,447) (0,0))
((448,320) (511,383) (0,0))
((448,256) (511,319) (0,0))
((448,192) (511,255) (0,0))
((448,128) (511,191) (0,0))
((448,64) (511,127) (0,0))
((384,448) (447,511) (0,0))
((384,384) (447,447) (0,0))
((384,320) (447,383) (0,0))
((384,256) (447,319) (0,0))
((384,192) (447,255) (0,0))
((384,128) (447,191) (0,0))
((384,64) (447,127) (0,0))
((320,448) (383,511) (0,0))
((320,384) (383,447) (0,0))
((320,320) (383,383) (0,0))
((320,256) (383,319) (0,0))
((320,192) (383,255) (0,0))
((320,128) (383,191) (0,0))
((320,64) (383,127) (0,0))
((256,448) (319,511) (0,0))
((256,384) (319,447) (0,0))
((256,320) (319,383) (0,0))
((256,256) (319,319) (0,0))
((256,192) (319,255) (0,0))
((256,128) (319,191) (0,0))
((256,64) (319,127) (0,0))
((192,448) (255,511) (0,0))
((192,384) (255,447) (0,0))
((192,320) (255,383) (0,0))
((192,256) (255,319) (0,0))
((192,192) (255,255) (0,0))
((192,128) (255,191) (0,0))
((192,64) (255,127) (0,0))
((128,448) (191,511) (0,0))
((128,384) (191,447) (0,0))
((128,320) (191,383) (0,0))
((128,256) (191,319) (0,0))
((128,192) (191,255) (0,0))
((128,128) (191,191) (0,0))
((128,64) (191,127) (0,0))
((64,448) (127,511) (0,0))
((64,384) (127,447) (0,0))
((64,320) (127,383) (0,0))
((64,256) (127,319) (0,0))
((64,192) (127,255) (0,0))
((64,128) (127,191) (0,0))
((64,64) (127,127) (0,0))
)
64
FabOnDisk: Cell_D_0000 0
FabOnDisk: Cell_D_0001 0
FabOnDisk: Cell_D_0001 917590
FabOnDisk: Cell_D_0001 1835180
FabOnDisk: Cell_D_0001 2752770
FabOnDisk: Cell_D_0000 917587
FabOnDisk: Cell_D_0000 1835177
FabOnDisk: Cell_D_0000 2752767
FabOnDisk: Cell_D_0002 0
FabOnDisk: Cell_D_0002 917590
FabOnDisk: Cell_D_0002 1835180
FabOnDisk: Cell_D_0002 2752770
FabOnDisk: Cell_D_0000 3670356
FabOnDisk: Cell_D_0000 4587946
FabOnDisk: Cell_D_0000 5505536
FabOnDisk: Cell_D_0003 0
FabOnDisk: Cell_D_0003 917593
FabOnDisk: Cell_D_0003 1835186
FabOnDisk: Cell_D_0003 2752779
FabOnDisk: Cell_D_0001 3670360
FabOnDisk: Cell_D_0001 4587953
FabOnDisk: Cell_D_0001 5505546
FabOnDisk: Cell_D_0003 3670372
FabOnDisk: Cell_D_0003 4587965
FabOnDisk: Cell_D_0003 5505558
FabOnDisk: Cell_D_0003 6423151
FabOnDisk: Cell_D_0001 6423138
FabOnDisk: Cell_D_0001 7340731
FabOnDisk: Cell_D_0001 8258324
FabOnDisk: Cell_D_0003 7340744
FabOnDisk: Cell_D_0003 8258337
FabOnDisk: Cell_D_0003 9175930
FabOnDisk: Cell_D_0003 10093523
FabOnDisk: Cell_D_0001 9175916
FabOnDisk: Cell_D_0001 10093509
FabOnDisk: Cell_D_0001 11011102
FabOnDisk: Cell_D_0003 11011116
FabOnDisk: Cell_D_0003 11928709
FabOnDisk: Cell_D_0003 12846302
FabOnDisk: Cell_D_0003 13763895
FabOnDisk: Cell_D_0001 11928694
FabOnDisk: Cell_D_0001 12846287
FabOnDisk: Cell_D_0001 13763880
FabOnDisk: Cell_D_0002 3670360
FabOnDisk: Cell_D_0002 4587953
FabOnDisk: Cell_D_0002 5505546
FabOnDisk: Cell_D_0002 6423139
FabOnDisk: Cell_D_0000 6423125
FabOnDisk: Cell_D_0000 7340718
FabOnDisk: Cell_D_0000 8258311
FabOnDisk: Cell_D_0002 7340732
FabOnDisk: Cell_D_0002 8258325
FabOnDisk: Cell_D_0002 9175918
FabOnDisk: Cell_D_0002 10093511
FabOnDisk: Cell_D_0000 9175903
FabOnDisk: Cell_D_0000 10093496
FabOnDisk: Cell_D_0000 11011089
FabOnDisk: Cell_D_0002 11011104
FabOnDisk: Cell_D_0002 11928696
FabOnDisk: Cell_D_0002 12846288
FabOnDisk: Cell_D_0002 13763880
FabOnDisk: Cell_D_0000 11928681
FabOnDisk: Cell_D_0000 12846273
FabOnDisk: Cell_D_0000 13763865

64,28
3.920826532929233e-03,0.000000000000000e+00,9.999651312704986e+00,3.182253138963541e+08,3.182125623724680e+08,1.522755280826444e+03,3.920826532929233e-03,0.000000000000000e+00,-1.000000000000000e+03,2.121417082483120e+08,1.275152388608457e+04,3.002953389985249e+05,7.709618574960406e-03,4.076598046316041e+08,0.000000000000000e+00,-2.178994330979549e-07,8.115956156181506e+10,8.115956156181505e+10,-2.406622371537621e+00,3.920826532929233e-03,1.000000000000000e+00,0.000000000000000e+00,2.550393706205178e+03,2.550393706205178e+03,-2.040692455993116e+03,9.999651312704986e+00,1.000000000000000e+03,1.000000000000000e+00,
3.920826532929233e-03,0.000000000000000e+00,9.999651312704986e+00,3.182253138963541e+08,3.182125623724680e+08,1.522755280826444e+03,3.920826532929233e-03,0.000000000000000e+00,-1.000000000000000e+03,2.121417082483120e+08,1.275152388608457e+04,3.002953389985249e+05,7.709618574960406e-03,4.076598046316041e+08,0.000000000000000e+00,-2.178994330979549e-07,8.115956156181506e+10,8.115956156181505e+10,-2.406622371537621e+00,3.920826532929233e-03,1.000000000000000e+00,0.000000000000000e+00,2.550393706205178e+03,2.550393706205178e+03,-2.040692455993116e+03,9.999651312704986e+00,1.000000000000000e+03,1.000000000000000e+00,
3.920826532929233e-03,0.000000000000000e+00,9.999651312704986e+00,3.182253138963541e+08,3.182125623724680e+08,1.522755280826444e+03,3.920826532929233e-03,0.000000000000000e+00,-1.000000000000000e+03,2.121417082483120e+08,1.275152388608457e+04,3.002953389985249e+05,7.709618574960406e-03,4.076598046316041e+08,0.000000000000000e+00,-2.178994330979549e-07,8.115956156181506e+10,8.115956156181505e+10,-2.406622371537621e+00,3.920826532929233e-03,1.000000000000000e+00,0.000000000000000e+00,2.550393706205178e+03,2.550393706205178e+03,-2.282633031026092e+03,9.999651312704986e+00,1.000000000000000e+03,1.000000000000000e+00,
3.920826532929233e-03,0.000000000000000e+00,9.999651312704986e+00,3.182253138963541e+08,3.182125623724680e+08,1.522755280826444e+03,3.920826532929233e-03,0.000000000000000e+00,-1.000000000000000e+03,2.121417082483120e+08,1.275152388608457e+04,3.002953389985249e+05,7.709618574960406e-03,4.076598046316041e+08,0.000000000000000e+00,-2.178994330979549e-07,8.115956156181506e+10,8.115956156181505e+10,-2.406622371537621e+00,3.920826532929233e-03,1.000000000000000e+00,0.000000000000000e+00,2.550393706205178e+03,2.550393706205178e+03,-2.477344587309270e+03,9.999651312704986e+00,1.000000000000000e+03,1.000000000000000e+00,
3.920826532929233e-03,0.000000000000000e+00,9.999651312704986e+00,3.182253138963541e+08,3.182125623724680e+08,1.522755280826444e+03,3.920826532929233e-03,0.000000000000000e+00,-1.000000000000000e+03,2.121417082483120e+08,1.275152388608457e+04,3.002953389985249e+05,7.709618574960406e-03,4.076598046316041e+08,0.000000000000000e+00,-2.178994330979549e-07,8.115956156181506e+10,8.115956156181505e+10,-2.406622371537621e+00,3.920826532929233e-03,1.000000000000000e+00,0.000000000000000e+00,2.550393706205178e+03,2.550393706205178e+03,-2.556787474365497e+03,9.999651312704986e+00,1.000000000000000e+03,1.000000000000000e+00,
3.920826532929233e-03,0.000000000000000e+00,9.999651312704986e+00,3.182253138963541e+08,3.182125623724680e+08,1.522755280826444e+03,3.920826532929233e-03,0.000000000000000e+00,-1.000000000000000e+03,2.121417082483120e+08,1.275152388608457e+04,3.002953389985249e+05,7.709618574960406e-03,4.076598046316041e+08,0.000000000000000e+00,-2.178994330979549e-07,8.115956156181506e+10,8.115956156181505e+10,-2.406622371537621e+00,3.920826532929233e-03,1.000000000000000e+00,0.000000000000000e+00,2.550393706205178e+03,2.550393706205178e+03,-2.556787474365497e+03,9.999651312704986e+00,1.000000000000000e+03,1.000000000000000e+00,
3.920826532929233e-03,0.000000000000000e+00,9.999651312704986e+00,3.182253138963541e+08,3.182125623724680e+08,1.522755280826444e+03,3.920826532929233e-03,0.000000000000000e+00,-1.000000000000000e+03,2.121417082483120e+08,1.275152388608457e+04,3.002953389985249e+05,7.709618574960406e-03,4.076598046316041e+08,0.000000000000000e+00,-2.178994330979549e-07,8.115956156181506e+10,8.115956156181505e+10,-2.406622371537621e+00,3.920826532929233e-03,1.000000000000000e+00,0.000000000000000e+00,2.550393706205178e+03,2.550393706205178e+03,-2.477344587309270e+03,9.999651312704986e+00,1.000000000000000e+03,1.000000000000000e+00,
3.920826532929233e-03,0.000000000000000e+00,9.999651312704986e+00,3.182253138963541e+08,3.182125623724680e+08,1.522755280826444e+03,3.920826532929233e-03,0.000000000000000e+00,-1.000000000000000e+03,2.121417082483120e+08,1.275152388608457e+04,3.002953389985249e+05,7.709618574960406e-03,4.076598046316041e+08,0.000000000000000e+00,-2.178994330979549e-07,8.115956156181506e+10,8.115956156181505e+10,-2.406622371537621e+00,3.920826532929233e-03,1.000000000000000e+00,0.000000000000000e+00,2.550393706205178e+03,2.550393706205178e+03,-2.282633031026092e+03,9.999651312704986e+00,1.000000000000000e+03,1.000000000000000e+00,
7.506091839654723e-08,0.000000000000000e+00,-7.508251651353944e-08,2.367784467037527e+03,2.367784466999996e+03,5.918596260418714e+02,7.506091839654723e-08,0.000000000000000e+00,-1.000000000000000e+03,1.578522977999998e+03,3.753062334324185e-08,1.872159698033605e+05,5.339584957535264e-06,8.006386027916743e+08,0.000000000000000e+00,-7.093940122188114e-12,3.154483741447152e+10,3.154483741447152e+10,-7.124586126145791e+00,7.506091839654723e-08,1.000000000000000e+00,0.000000000000000e+00,-1.000008559886392e+00,9.999188192978972e-01,-7.986876425016491e-01,7.506109198637828e-08,1.000000000000000e+03,1.000000000000000e+00,
7.509143621419733e-08,0.000000000000000e+00,-7.691058104997592e-08,2.370126040070071e+03,2.370126040032532e+03,5.922041589544967e+02,7.509143621419733e-08,0.000000000000000e+00,-1.000000000000000e+03,1.580084026688355e+03,3.659944747317433e-08,1.872704528904692e+05,4.775958165495650e-06,8.006551760571581e+08,0.000000000000000e+00,-1.714972348518917e-09,3.156320027322129e+10,3.156320027322129e+10,-7.124409589187419e+00,7.509143621419733e-08,1.000000000000000e+00,0.000000000000000e+00,-9.999037149121320e-01,9.517402410311340e-01,-7.051950595393301e-01,7.508420602866332e-08,1.000000000000000e+03,1.000000000000000e+00,
8.122947322154139e-08,0.000000000000000e+00,-7.775137582812923e-08,2.929529725769486e+03,2.929529725732971e+03,6.766665282529224e+02,8.122947322154139e-08,0.000000000000000e+00,-1.000000000000000e+03,1.953019817155314e+03,4.538396670848765e-13,2.001800905820883e+05,6.399164143950858e-09,8.049694255116193e+08,0.000000000000000e+00,-5.088618083219899e-08,3.606486179890778e+10,3.606486179890778e+10,-7.090286363184707e+00,8.122947322154139e-08,1.000000000000000e+00,0.000000000000000e+00,-9.481862188449329e-01,2.241937449383799e-03,-5.235875357409049e-01,4.048638084970794e-10,1.000000000000000e+03,1.000000000000000e+00,
2.283933518266761e-07,0.000000000000000e+00,6.986655904961042e-08,2.537474468505965e+04,2.537474468504897e+04,1.553278539638356e+03,2.283933518266761e-07,0.000000000000000e+00,-1.000000000000000e+03,1.691649645669931e+04,1.068624816438848e-08,3.032900797199802e+05,8.706588918033136e-07,7.225466721292948e+08,0.000000000000000e+00,-3.844827769757775e-04,8.278638521089677e+10,8.278638521089677e+10,-6.641316541875448e+00,2.283933518266761e-07,1.000000000000000e+00,0.000000000000000e+00,3.059045216982978e-01,3.059045216982978e-01,7.378258045294676e-02,6.986655904961042e-08,1.000000000000000e+03,1.000000000000000e+00,
2.983720783846271e-06,0.000000000000000e+00,6.530886220674632e-03,2.467053722834387e+05,2.466982247522323e+05,1.505469342432981e+03,2.983720783846271e-06,0.000000000000000e+00,-1.000000000000000e+03,1.644654831681549e+05,7.147531206391085e+00,2.985860353369188e+05,7.221564100110359e-03,6.355567475925387e+08,0.000000000000000e+00,-3.348572045567380e-06,8.023825844839775e+10,8.023825844839774e+10,-5.525241820511865e+00,2.983720783846271e-06,1.000000000000000e+00,0.000000000000000e+00,2.188839604574448e+03,2.188839604574448e+03,-7.687346841020369e+02,6.530886220674632e-03,1.000000000000000e+03,1.000000000000000e+00,
3.293223843895273e-05,0.000000000000000e+00,8.099013690679156e-02,2.642206613920080e+06,2.642107024542207e+06,1.501421717165100e+03,3.293223843895273e-05,0.000000000000000e+00,-1.000000000000000e+03,1.761404683028138e+06,9.958937787269093e+01,2.981843739474458e+05,8.236971425205436e-03,5.501120715006835e+08,0.000000000000000e+00,-2.438580701502815e-06,8.002252877978719e+10,8.002252877978719e+10,-4.482378748831191e+00,3.293223843895273e-05,1.000000000000000e+00,0.000000000000000e+00,2.459296444635092e+03,2.459296444635092e+03,-1.391726266813313e+03,8.099013690679156e-02,1.000000000000000e+03,1.000000000000000e+00,
3.632681656369786e-04,0.000000000000000e+00,9.158485894067280e-01,2.907072843409553e+07,2.906957394449520e+07,1.501416823403286e+03,3.632681656369786e-04,0.000000000000000e+00,-1.000000000000000e+03,1.937971596299680e+07,1.154489600330823e+03,2.981838879932082e+05,8.454967290803488e-03,4.662290248304280e+08,0.000000000000000e+00,-3.982913188684733e-07,8.002226795287151e+10,8.002226795287151e+10,-3.439772659098374e+00,3.632681656369786e-04,1.000000000000000e+00,0.000000000000000e+00,2.521136383643246e+03,2.521136383643246e+03,-1.798446836692690e+03,9.158485894067280e-01,1.000000000000000e+03,1.000000000000000e+00,
7.506091839654723e-08,0.000000000000000e+00,-7.508251651353944e-08,2.367784467037527e+03,2.367784466999996e+03,5.918596260418714e+02,7.506091839654723e-08,0.000000000000000e+00,-1.000000000000000e+03,1.578522977999998e+03,3.753062334324185e-08,1.872159698033605e+05,5.339584957535264e-06,8.006386027916743e+08,0.000000000000000e+00,-7.093940122188114e-12,3.154483741447152e+10,3.154483741447152e+10,-7.124586126145791e+00,7.506091839654723e-08,1.000000000000000e+00,0.000000000000000e+00,-1.000008559886392e+00,9.999188192978972e-01,-7.986876425016491e-01,7.506109198637828e-08,1.000000000000000e+03,1.000000000000000e+00,
7.509143621419733e-08,0.000000000000000e+00,-7.691058104997592e-08,2.370126040070071e+03,2.370126040032532e+03,5.922041589544967e+02,7.509143621419733e-08,0.000000000000000e+00,-1.000000000000000e+03,1.580084026688355e+03,3.659944747317433e-08,1.872704528904692e+05,4.775958165495650e-06,8.006551760571581e+08,0.000000000000000e+00,-1.714972348518917e-09,3.156320027322129e+10,3.156320027322129e+10,-7.124409589187419e+00,7.509143621419733e-08,1.000000000000000e+00,0.000000000000000e+00,-9.999037149121320e-01,9.517402410311340e-01,-7.051950595393301e-01,7.508420602866332e-08,1.000000000000000e+03,1.000000000000000e+00,
8.122947322154139e-08,0.000000000000000e+00,-7.775137582812923e-08,2.929529725769486e+03,2.929529725732971e+03,6.766665282529224e+02,8.122947322154139e-08,0.000000000000000e+00,-1.000000000000000e+03,1.953019817155314e+03,4.538396670848765e-13,2.001800905820883e+05,6.399164143950858e-09,8.049694255116193e+08,0.000000000000000e+00,-5.088618083219899e-08,3.606486179890778e+10,3.606486179890778e+10,-7.090286363184707e+00,8.122947322154139e-08,1.000000000000000e+00,0.000000000000000e+00,-9.481862188449329e-01,2.241937449383799e-03,-5.235875357409049e-01,4.048638084970794e-10,1.000000000000000e+03,1.000000000000000e+00,
2.283933518266761e-07,0.000000000000000e+00,6.986655904961042e-08,2.537474468505965e+04,2.537474468504897e+04,1.553278539638356e+03,2.283933518266761e-07,0.000000000000000e+00,-1.000000000000000e+03,1.691649645669931e+04,1.068624816438848e-08,3.032900797199802e+05,8.706588918033136e-07,7.225466721292948e+08,0.000000000000000e+00,-3.844827769757775e-04,8.278638521089677e+10,8.278638521089677e+10,-6.641316541875448e+00,2.283933518266761e-07,1.000000000000000e+00,0.000000000000000e+00,3.059045216982978e-01,3.059045216982978e-01,7.378258045294676e-02,6.986655904961042e-08,1.000000000000000e+03,1.000000000000000e+00,
2.983720783846271e-06,0.000000000000000e+00,6.530886220674632e-03,2.467053722834387e+05,2.466982247522323e+05,1.505469342432981e+03,2.983720783846271e-06,0.000000000000000e+00,-1.000000000000000e+03,1.644654831681549e+05,7.147531206391085e+00,2.985860353369188e+05,7.221564100110359e-03,6.355567475925387e+08,0.000000000000000e+00,-3.348572045567380e-06,8.023825844839775e+10,8.023825844839774e+10,-5.525241820511865e+00,2.983720783846271e-06,1.000000000000000e+00,0.000000000000000e+00,2.188839604574448e+03,2.188839604574448e+03,-7.687346841020369e+02,6.530886220674632e-03,1.000000000000000e+03,1.000000000000000e+00,
3.293223843895273e-05,0.000000000000000e+00,8.099013690679156e-02,2.642206613920080e+06,2.642107024542207e+06,1.501421717165100e+03,3.293223843895273e-05,0.000000000000000e+00,-1.000000000000000e+03,1.761404683028138e+06,9.958937787269093e+01,2.981843739474458e+05,8.236971425205436e-03,5.501120715006835e+08,0.000000000000000e+00,-2.438580701502815e-06,8.002252877978719e+10,8.002252877978719e+10,-4.482378748831191e+00,3.293223843895273e-05,1.000000000000000e+00,0.000000000000000e+00,2.459296444635092e+03,2.459296444635092e+03,-1.391726266813313e+03,8.099013690679156e-02,1.000000000000000e+03,1.000000000000000e+00,
3.632681656369786e-04,0.000000000000000e+00,9.158485894067280e-01,2.907072843409553e+07,2.906957394449520e+07,1.501416823403286e+03,3.632681656369786e-04,0.000000000000000e+00,-1.000000000000000e+03,1.937971596299680e+07,1.154489600330823e+03,2.981838879932082e+05,8.454967290803488e-03,4.662290248304280e+08,0.000000000000000e+00,-3.982913188684733e-07,8.002226795287151e+10,8.002226795287151e+10,-3.439772659098374e+00,3.632681656369786e-04,1.000000000000000e+00,0.000000000000000e+00,2.521136383643246e+03,2.521136383643246e+03,-1.798446836692690e+03,9.158485894067280e-01,1.000000000000000e+03,1.000000000000000e+00,
7.506091839654723e-08,0.000000000000000e+00,-7.508251651353944e-08,2.367784467037527e+03,2.367784466999996e+03,5.918596260418714e+02,7.506091839654723e-08,0.000000000000000e+00,-1.000000000000000e+03,1.578522977999998e+03,3.753062334324185e-08,1.872159698033605e+05,5.339584957535264e-06,8.006386027916743e+08,0.000000000000000e+00,-7.093940122188114e-12,3.154483741447152e+10,3.154483741447152e+10,-7.124586126145791e+00,7.506091839654723e-08,1.000000000000000e+00,0.000000000000000e+00,-1.000008559886392e+00,9.999188192978972e-01,-8.933785141864481e-01,7.506109198637828e-08,1.000000000000000e+03,1.000000000000000e+00,
7.509143621419733e-08,0.000000000000000e+00,-7.691058104997592e-08,2.370126040070071e+03,2.370126040032532e+03,5.922041589544967e+02,7.509143621419733e-08,0.000000000000000e+00,-1.000000000000000e+03,1.580084026688355e+03,3.659944747317433e-08,1.872704528904692e+05,4.775958165495650e-06,8.006551760571581e+08,0.000000000000000e+00,-1.714972348518917e-09,3.156320027322129e+10,3.156320027322129e+10,-7.124409589187419e+00,7.509143621419733e-08,1.000000000000000e+00,0.000000000000000e+00,-9.999037149121320e-01,9.517402410311340e-01,-8.302988183709876e-01,7.508420602866332e-08,1.000000000000000e+03,1.000000000000000e+00,
8.122947322154139e-08,0.000000000000000e+00,-7.775137582812923e-08,2.929529725769486e+03,2.929529725732971e+03,6.766665282529224e+02,8.122947322154139e-08,0.000000000000000e+00,-1.000000000000000e+03,1.953019817155314e+03,4.538396670848765e-13,2.001800905820883e+05,6.399164143950858e-09,8.049694255116193e+08,0.000000000000000e+00,-5.088618083219899e-08,3.606486179890778e+10,3.606486179890778e+10,-7.090286363184707e+00,8.122947322154139e-08,1.000000000000000e+00,0.000000000000000e+00,-9.481862188449329e-01,2.241937449383799e-03,-6.678447907800944e-01,4.048638084970794e-10,1.000000000000000e+03,1.000000000000000e+00,
2.283933518266761e-07,0.000000000000000e+00,6.986655904961042e-08,2.537474468505965e+04,2.537474468504897e+04,1.553278539638356e+03,2.283933518266761e-07,0.000000000000000e+00,-1.000000000000000e+03,1.691649645669931e+04,1.068624816438848e-08,3.032900797199802e+05,8.706588918033136e-07,7.225466721292948e+08,0.000000000000000e+00,-3.844827769757775e-04,8.278638521089677e+10,8.278638521089677e+10,-6.641316541875448e+00,2.283933518266761e-07,1.000000000000000e+00,0.000000000000000e+00,3.059045216982978e-01,3.059045216982978e-01,9.628051610446116e-02,6.986655904961042e-08,1.000000000000000e+03,1.000000000000000e+00,
2.983720783846271e-06,0.000000000000000e+00,6.530886220674632e-03,2.467053722834387e+05,2.466982247522323e+05,1.505469342432981e+03,2.983720783846271e-06,0.000000000000000e+00,-1.000000000000000e+03,1.644654831681549e+05,7.147531206391085e+00,2.985860353369188e+05,7.221564100110359e-03,6.355567475925387e+08,0.000000000000000e+00,-3.348572045567380e-06,8.023825844839775e+10,8.023825844839774e+10,-5.525241820511865e+00,2.983720783846271e-06,1.000000000000000e+00,0.000000000000000e+00,2.188839604574448e+03,2.188839604574448e+03,-1.087148401468173e+03,6.530886220674632e-03,1.000000000000000e+03,1.000000000000000e+00,
3.293223843895273e-05,0.000000000000000e+00,8.099013690679156e-02,2.642206613920080e+06,2.642107024542207e+06,1.501421717165100e+03,3.293223843895273e-05,0.000000000000000e+00,-1.000000000000000e+03,1.761404683028138e+06,9.958937787269093e+01,2.981843739474458e+05,8.236971425205436e-03,5.501120715006835e+08,0.000000000000000e+00,-2.438580701502815e-06,8.002252877978719e+10,8.002252877978719e+10,-4.482378748831191e+00,3.293223843895273e-05,1.000000000000000e+00,0.000000000000000e+00,2.459296444635092e+03,2.459296444635092e+03,-1.775170480649175e+03,8.099013690679156e-02,1.000000000000000e+03,1.000000000000000e+00,
3.632681656369786e-04,0.000000000000000e+00,9.158485894067280e-01,2.907072843409553e+07,2.906957394449520e+07,1.501416823403286e+03,3.632681656369786e-04,0.000000000000000e+00,-1.000000000000000e+03,1.937971596299680e+07,1.154489600330823e+03,2.981838879932082e+05,8.454967290803488e-03,4.662290248304280e+08,0.000000000000000e+00,-3.982913188684733e-07,8.002226795287151e+10,8.002226795287151e+10,-3.439772659098374e+00,3.632681656369786e-04,1.000000000000000e+00,0.000000000000000e+00,2.521136383643246e+03,2.521136383643246e+03,-2.117496802068420e+03,9.158485894067280e-01,1.000000000000000e+03,1.000000000000000e+00,
7.506091839654723e-08,0.000000000000000e+00,-7.508251651353944e-08,2.367784467037527e+03,2.367784466999996e+03,5.918596260418714e+02,7.506091839654723e-08,0.000000000000000e+00,-1.000000000000000e+03,1.578522977999998e+03,3.753062334324185e-08,1.872159698033605e+05,5.339584957535264e-06,8.006386027916743e+08,0.000000000000000e+00,-7.093940122188114e-12,3.154483741447152e+10,3.154483741447152e+10,-7.124586126145791e+00,7.506091839654723e-08,1.000000000000000e+00,0.000000000000000e+00,-1.000008559886392e+00,9.999188192978972e-01,-9.695848594389749e-01,7.506109198637828e-08,1.000000000000000e+03,1.000000000000000e+00,
7.509143621419733e-08,0.000000000000000e+00,-7.691058104997592e-08,2.370126040070071e+03,2.370126040032532e+03,5.922041589544967e+02,7.509143621419733e-08,0.000000000000000e+00,-1.000000000000000e+03,1.580084026688355e+03,3.659944747317433e-08,1.872704528904692e+05,4.775958165495650e-06,8.006551760571581e+08,0.000000000000000e+00,-1.714972348518917e-09,3.156320027322129e+10,3.156320027322129e+10,-7.124409589187419e+00,7.509143621419733e-08,1.000000000000000e+00,0.000000000000000e+00,-9.999037149121320e-01,9.517402410311340e-01,-9.475976496052368e-01,7.508420602866332e-08,1.000000000000000e+03,1.000000000000000e+00,
8.122947322154139e-08,0.000000000000000e+00,-7.775137582812923e-08,2.929529725769486e+03,2.929529725732971e+03,6.766665282529224e+02,8.122947322154139e-08,0.000000000000000e+00,-1.000000000000000e+03,1.953019817155314e+03,4.538396670848765e-13,2.001800905820883e+05,6.399164143950858e-09,8.049694255116193e+08,0.000000000000000e+00,-5.088618083219899e-08,3.606486179890778e+10,3.606486179890778e+10,-7.090286363184707e+00,8.122947322154139e-08,1.000000000000000e+00,0.000000000000000e+00,-9.481862188449329e-01,2.241937449383799e-03,-8.460834054284204e-01,4.048638084970794e-10,1.000000000000000e+03,1.000000000000000e+00,
2.283933518266761e-07,0.000000000000000e+00,6.986655904961042e-08,2.537474468505965e+04,2.537474468504897e+04,1.553278539638356e+03,2.283933518266761e-07,0.000000000000000e+00,-1.000000000000000e+03,1.691649645669931e+04,1.068624816438848e-08,3.032900797199802e+05,8.706588918033136e-07,7.225466721292948e+08,0.000000000000000e+00,-3.844827769757775e-04,8.278638521089677e+10,8.278638521089677e+10,-6.641316541875448e+00,2.283933518266761e-07,1.000000000000000e+00,0.000000000000000e+00,3.059045216982978e-01,3.059045216982978e-01,1.363749650053069e-01,6.986655904961042e-08,1.000000000000000e+03,1.000000000000000e+00,
2.983720783846271e-06,0.000000000000000e+00,6.530886220674632e-03,2.467053722834387e+05,2.466982247522323e+05,1.505469342432981e+03,2.983720783846271e-06,0.000000000000000e+00,-1.000000000000000e+03,1.644654831681549e+05,7.147531206391085e+00,2.985860353369188e+05,7.221564100110359e-03,6.355567475925387e+08,0.000000000000000e+00,-3.348572045567380e-06,8.023825844839775e+10,8.023825844839774e+10,-5.525241820511865e+00,2.983720783846271e-06,1.000000000000000e+00,0.000000000000000e+00,2.188839604574448e+03,2.188839604574448e+03,-1.721584701135619e+03,6.530886220674632e-03,1.000000000000000e+03,1.000000000000000e+00,
3.293223843895273e-05,0.000000000000000e+00,8.099013690679156e-02,2.642206613920080e+06,2.642107024542207e+06,1.501421717165100e+03,3.293223843895273e-05,0.000000000000000e+00,-1.000000000000000e+03,1.761404683028138e+06,9.958937787269093e+01,2.981843739474458e+05,8.236971425205436e-03,5.501120715006835e+08,0.000000000000000e+00,-2.438580701502815e-06,8.002252877978719e+10,8.002252877978719e+10,-4.482378748831191e+00,3.293223843895273e-05,1.000000000000000e+00,0.000000000000000e+00,2.459296444635092e+03,2.459296444635092e+03,-2.248939134090235e+03,8.099013690679156e-02,1.000000000000000e+03,1.000000000000000e+00,
3.632681656369786e-04,0.000000000000000e+00,9.158485894067280e-01,2.907072843409553e+07,2.906957394449520e+07,1.501416823403286e+03,3.632681656369786e-04,0.000000000000000e+00,-1.000000000000000e+03,1.937971596299680e+07,1.154489600330823e+03,2.981838879932082e+05,8.454967290803488e-03,4.662290248304280e+08,0.000000000000000e+00,-3.982913188684733e-07,8.002226795287151e+10,8.002226795287151e+10,-3.439772659098374e+00,3.632681656369786e-04,1.000000000000000e+00,0.000000000000000e+00,2.521136383643246e+03,2.521136383643246e+03,-2.416641994774099e+03,9.158485894067280e-01,1.000000000000000e+03,1.000000000000000e+00,
7.506091839654723e-08,0.000000000000000e+00,-7.508251651353944e-08,2.367784467037527e+03,2.367784466999996e+03,5.918596260418714e+02,7.506091839654723e-08,0.000000000000000e+00,-1.000000000000000e+03,1.578522977999998e+03,3.753062334324185e-08,1.872159698033605e+05,5.339584957535264e-06,8.006386027916743e+08,0.000000000000000e+00,-7.093940122188114e-12,3.154483741447152e+10,3.154483741447152e+10,-7.124586126145791e+00,7.506091839654723e-08,1.000000000000000e+00,0.000000000000000e+00,-1.000008559886392e+00,9.999188192978972e-01,-1.000005843088275e+00,7.506109198637828e-08,1.000000000000000e+03,1.000000000000000e+00,
7.509143621419733e-08,0.000000000000000e+00,-7.691058104997592e-08,2.370126040070071e+03,2.370126040032532e+03,5.922041589544967e+02,7.509143621419733e-08,0.000000000000000e+00,-1.000000000000000e+03,1.580084026688355e+03,3.659944747317433e-08,1.872704528904692e+05,4.775958165495650e-06,8.006551760571581e+08,0.000000000000000e+00,-1.714972348518917e-09,3.156320027322129e+10,3.156320027322129e+10,-7.124409589187419e+00,7.509143621419733e-08,1.000000000000000e+00,0.000000000000000e+00,-9.999037149121320e-01,9.517402410311340e-01,-9.999003066858759e-01,7.508420602866332e-08,1.000000000000000e+03,1.000000000000000e+00,
8.122947322154139e-08,0.000000000000000e+00,-7.775137582812923e-08,2.929529725769486e+03,2.929529725732971e+03,6.766665282529224e+02,8.122947322154139e-08,0.000000000000000e+00,-1.000000000000000e+03,1.953019817155314e+03,4.538396670848765e-13,2.001800905820883e+05,6.399164143950858e-09,8.049694255116193e+08,0.000000000000000e+00,-5.088618083219899e-08,3.606486179890778e+10,3.606486179890778e+10,-7.090286363184707e+00,8.122947322154139e-08,1.000000000000000e+00,0.000000000000000e+00,-9.481862188449329e-01,2.241937449383799e-03,-9.481789279930868e-01,4.048638084970794e-10,1.000000000000000e+03,1.000000000000000e+00,
2.283933518266761e-07,0.000000000000000e+00,6.986655904961042e-08,2.537474468505965e+04,2.537474468504897e+04,1.553278539638356e+03,2.283933518266761e-07,0.000000000000000e+00,-1.000000000000000e+03,1.691649645669931e+04,1.068624816438848e-08,3.032900797199802e+05,8.706588918033136e-07,7.225466721292948e+08,0.000000000000000e+00,-3.844827769757775e-04,8.278638521089677e+10,8.278638521089677e+10,-6.641316541875448e+00,2.283933518266761e-07,1.000000000000000e+00,0.000000000000000e+00,3.059045216982978e-01,3.059045216982978e-01,2.163071616884938e-01,6.986655904961042e-08,1.000000000000000e+03,1.000000000000000e+00,
2.983720783846271e-06,0.000000000000000e+00,6.530886220674632e-03,2.467053722834387e+05,2.466982247522323e+05,1.505469342432981e+03,2.983720783846271e-06,0.000000000000000e+00,-1.000000000000000e+03,1.644654831681549e+05,7.147531206391085e+00,2.985860353369188e+05,7.221564100110359e-03,6.355567475925387e+08,0.000000000000000e+00,-3.348572045567380e-06,8.023825844839775e+10,8.023825844839774e+10,-5.525241820511865e+00,2.983720783846271e-06,1.000000000000000e+00,0.000000000000000e+00,2.188839604574448e+03,2.188839604574448e+03,-2.453858024309576e+03,6.530886220674632e-03,1.000000000000000e+03,1.000000000000000e+00,
3.293223843895273e-05,0.000000000000000e+00,8.099013690679156e-02,2.642206613920080e+06,2.642107024542207e+06,1.501421717165100e+03,3.293223843895273e-05,0.000000000000000e+00,-1.000000000000000e+03,1.761404683028138e+06,9.958937787269093e+01,2.981843739474458e+05,8.236971425205436e-03,5.501120715006835e+08,0.000000000000000e+00,-2.438580701502815e-06,8.002252877978719e+10,8.002252877978719e+10,-4.482378748831191e+00,3.293223843895273e-05,1.000000000000000e+00,0.000000000000000e+00,2.459296444635092e+03,2.459296444635092e+03,-2.520314999209358e+03,8.099013690679156e-02,1.000000000000000e+03,1.000000000000000e+00,
3.632681656369786e-04,0.000000000000000e+00,9.158485894067280e-01,2.907072843409553e+07,2.906957394449520e+07,1.501416823403286e+03,3.632681656369786e-04,0.000000000000000e+00,-1.000000000000000e+03,1.937971596299680e+07,1.154489600330823e+03,2.981838879932082e+05,8.454967290803488e-03,4.662290248304280e+08,0.000000000000000e+00,-3.982913188684733e-07,8.002226795287151e+10,8.002226795287151e+10,-3.439772659098374e+00,3.632681656369786e-04,1.000000000000000e+00,0.000000000000000e+00,2.521136383643246e+03,2.521136383643246e+03,-2.550028561944245e+03,9.158485894067280e-01,1.000000000000000e+03,1.000000000000000e+00,
7.506091839654723e-08,0.000000000000000e+00,-7.508251651353944e-08,2.367784467037527e+03,2.367784466999996e+03,5.918596260418714e+02,7.506091839654723e-08,0.000000000000000e+00,-1.000000000000000e+03,1.578522977999998e+03,3.753062334324185e-08,1.872159698033605e+05,5.339584957535264e-06,8.006386027916743e+08,0.000000000000000e+00,-7.093940122188114e-12,3.154483741447152e+10,3.154483741447152e+10,-7.124586126145791e+00,7.506091839654723e-08,1.000000000000000e+00,0.000000000000000e+00,-1.000008559886392e+00,9.999188192978972e-01,-1.000005843088275e+00,7.506109198637828e-08,1.000000000000000e+03,1.000000000000000e+00,
7.509143621419733e-08,0.000000000000000e+00,-7.691058104997592e-08,2.370126040070071e+03,2.370126040032532e+03,5.922041589544967e+02,7.509143621419733e-08,0.000000000000000e+00,-1.000000000000000e+03,1.580084026688355e+03,3.659944747317433e-08,1.872704528904692e+05,4.775958165495650e-06,8.006551760571581e+08,0.000000000000000e+00,-1.714972348518917e-09,3.156320027322129e+10,3.156320027322129e+10,-7.124409589187419e+00,7.509143621419733e-08,1.000000000000000e+00,0.000000000000000e+00,-9.999037149121320e-01,9.517402410311340e-01,-9.999003066858759e-01,7.508420602866332e-08,1.000000000000000e+03,1.000000000000000e+00,
8.122947322154139e-08,0.000000000000000e+00,-7.775137582812923e-08,2.929529725769486e+03,2.929529725732971e+03,6.766665282529224e+02,8.122947322154139e-08,0.000000000000000e+00,-1.000000000000000e+03,1.953019817155314e+03,4.538396670848765e-13,2.001800905820883e+05,6.399164143950858e-09,8.049694255116193e+08,0.000000000000000e+00,-5.088618083219899e-08,3.606486179890778e+10,3.606486179890778e+10,-7.090286363184707e+00,8.122947322154139e-08,1.000000000000000e+00,0.000000000000000e+00,-9.481862188449329e-01,2.241937449383799e-03,-9.481789279930868e-01,4.048638084970794e-10,1.000000000000000e+03,1.000000000000000e+00,
2.283933518266761e-07,0.000000000000000e+00,6.986655904961042e-08,2.537474468505965e+04,2.537474468504897e+04,1.553278539638356e+03,2.283933518266761e-07,0.000000000000000e+00,-1.000000000000000e+03,1.691649645669931e+04,1.068624816438848e-08,3.032900797199802e+05,8.706588918033136e-07,7.225466721292948e+08,0.000000000000000e+00,-3.844827769757775e-04,8.278638521089677e+10,8.278638521089677e+10,-6.641316541875448e+00,2.283933518266761e-07,1.000000000000000e+00,0.000000000000000e+00,3.059045216982978e-01,3.059045216982978e-01,2.163071616884938e-01,6.986655904961042e-08,1.000000000000000e+03,1.000000000000000e+00,
2.983720783846271e-06,0.000000000000000e+00,6.530886220674632e-03,2.467053722834387e+05,2.466982247522323e+05,1.505469342432981e+03,2.983720783846271e-06,0.000000000000000e+00,-1.000000000000000e+03,1.644654831681549e+05,7.147531206391085e+00,2.985860353369188e+05,7.221564100110359e-03,6.355567475925387e+08,0.000000000000000e+00,-3.348572045567380e-06,8.023825844839775e+10,8.023825844839774e+10,-5.525241820511865e+00,2.983720783846271e-06,1.000000000000000e+00,0.000000000000000e+00,2.188839604574448e+03,2.188839604574448e+03,-2.453858024309576e+03,6.530886220674632e-03,1.000000000000000e+03,1.000000000000000e+00,
3.293223843895273e-05,0.000000000000000e+00,8.099013690679156e-02,2.642206613920080e+06,2.642107024542207e+06,1.501421717165100e+03,3.293223843895273e-05,0.000000000000000e+00,-1.000000000000000e+03,1.761404683028138e+06,9.958937787269093e+01,2.981843739474458e+05,8.236971425205436e-03,5.501120715006835e+08,0.000000000000000e+00,-2.438580701502815e-06,8.002252877978719e+10,8.002252877978719e+10,-4.482378748831191e+00,3.293223843895273e-05,1.000000000000000e+00,0.000000000000000e+00,2.459296444635092e+03,2.459296444635092e+03,-2.520314999209358e+03,8.099013690679156e-02,1.000000000000000e+03,1.000000000000000e+00,
3.632681656369786e-04,0.000000000000000e+00,9.158485894067280e-01,2.907072843409553e+07,2.906957394449520e+07,1.501416823403286e+03,3.632681656369786e-04,0.000000000000000e+00,-1.000000000000000e+03,1.937971596299680e+07,1.154489600330823e+03,2.981838879932082e+05,8.454967290803488e-03,4.662290248304280e+08,0.000000000000000e+00,-3.982913188684733e-07,8.002226795287151e+10,8.002226795287151e+10,-3.439772659098374e+00,3.632681656369786e-04,1.000000000000000e+00,0.000000000000000e+00,2.521136383643246e+03,2.521136383643246e+03,-2.550028561944245e+03,9.158485894067280e-01,1.000000000000000e+03,1.000000000000000e+00,
7.506091839654723e-08,0.000000000000000e+00,-7.508251651353944e-08,2.367784467037527e+03,2.367784466999996e+03,5.918596260418714e+02,7.506091839654723e-08,0.000000000000000e+00,-1.000000000000000e+03,1.578522977999998e+03,3.753062334324185e-08,1.872159698033605e+05,5.339584957535264e-06,8.006386027916743e+08,0.000000000000000e+00,-7.093940122188114e-12,3.154483741447152e+10,3.154483741447152e+10,-7.124586126145791e+00,7.506091839654723e-08,1.000000000000000e+00,0.000000000000000e+00,-1.000008559886392e+00,9.999188192978972e-01,-9.695848594389749e-01,7.506109198637828e-08,1.000000000000000e+03,1.000000000000000e+00,
7.509143621419733e-08,0.000000000000000e+00,-7.691058104997592e-08,2.370126040070071e+03,2.370126040032532e+03,5.922041589544967e+02,7.509143621419733e-08,0.000000000000000e+00,-1.000000000000000e+03,1.580084026688355e+03,3.659944747317433e-08,1.872704528904692e+05,4.775958165495650e-06,8.006551760571581e+08,0.000000000000000e+00,-1.714972348518917e-09,3.156320027322129e+10,3.156320027322129e+10,-7.124409589187419e+00,7.509143621419733e-08,1.000000000000000e+00,0.000000000000000e+00,-9.999037149121320e-01,9.517402410311340e-01,-9.475976496052368e-01,7.508420602866332e-08,1.000000000000000e+03,1.000000000000000e+00,
8.122947322154139e-08,0.000000000000000e+00,-7.775137582812923e-08,2.929529725769486e+03,2.929529725732971e+03,6.766665282529224e+02,8.122947322154139e-08,0.000000000000000e+00,-1.000000000000000e+03,1.953019817155314e+03,4.538396670848765e-13,2.001800905820883e+05,6.399164143950858e-09,8.049694255116193e+08,0.000000000000000e+00,-5.088618083219899e-08,3.606486179890778e+10,3.606486179890778e+10,-7.090286363184707e+00,8.122947322154139e-08,1.000000000000000e+00,0.000000000000000e+00,-9.481862188449329e-01,2.241937449383799e-03,-8.460834054284204e-01,4.048638084970794e-10,1.000000000000000e+03,1.000000000000000e+00,
2.283933518266761e-07,0.000000000000000e+00,6.986655904961042e-08,2.537474468505965e+04,2.537474468504897e+04,1.553278539638356e+03,2.283933518266761e-07,0.000000000000000e+00,-1.000000000000000e+03,1.691649645669931e+04,1.068624816438848e-08,3.032900797199802e+05,8.706588918033136e-07,7.225466721292948e+08,0.000000000000000e+00,-3.844827769757775e-04,8.278638521089677e+10,8.278638521089677e+10,-6.641316541875448e+00,2.283933518266761e-07,1.000000000000000e+00,0.000000000000000e+00,3.059045216982978e-01,3.059045216982978e-01,1.363749650053069e-01,6.986655904961042e-08,1.000000000000000e+03,1.000000000000000e+00,
2.983720783846271e-06,0.000000000000000e+00,6.530886220674632e-03,2.467053722834387e+05,2.466982247522323e+05,1.505469342432981e+03,2.983720783846271e-06,0.000000000000000e+00,-1.000000000000000e+03,1.644654831681549e+05,7.147531206391085e+00,2.985860353369188e+05,7.221564100110359e-03,6.355567475925387e+08,0.000000000000000e+00,-3.348572045567380e-06,8.023825844839775e+10,8.023825844839774e+10,-5.525241820511865e+00,2.983720783846271e-06,1.000000000000000e+00,0.000000000000000e+00,2.188839604574448e+03,2.188839604574448e+03,-1.721584701135619e+03,6.530886220674632e-03,1.000000000000000e+03,1.000000000000000e+00,
3.293223843895273e-05,0.000000000000000e+00,8.099013690679156e-02,2.642206613920080e+06,2.642107024542207e+06,1.501421717165100e+03,3.293223843895273e-05,0.000000000000000e+00,-1.000000000000000e+03,1.761404683028138e+06,9.958937787269093e+01,2.981843739474458e+05,8.236971425205436e-03,5.501120715006835e+08,0.000000000000000e+00,-2.438580701502815e-06,8.002252877978719e+10,8.002252877978719e+10,-4.482378748831191e+00,3.293223843895273e-05,1.000000000000000e+00,0.000000000000000e+00,2.459296444635092e+03,2.459296444635092e+03,-2.248939134090235e+03,8.099013690679156e-02,1.000000000000000e+03,1.000000000000000e+00,
3.632681656369786e-04,0.000000000000000e+00,9.158485894067280e-01,2.907072843409553e+07,2.906957394449520e+07,1.501416823403286e+03,3.632681656369786e-04,0.000000000000000e+00,-1.000000000000000e+03,1.937971596299680e+07,1.154489600330823e+03,2.981838879932082e+05,8.454967290803488e-03,4.662290248304280e+08,0.000000000000000e+00,-3.982913188684733e-07,8.002226795287151e+10,8.002226795287151e+10,-3.439772659098374e+00,3.632681656369786e-04,1.000000000000000e+00,0.000000000000000e+00,2.521136383643246e+03,2.521136383643246e+03,-2.416641994774099e+03,9.158485894067280e-01,1.000000000000000e+03,1.000000000000000e+00,
7.506091839654723e-08,0.000000000000000e+00,-7.508251651353944e-08,2.367784467037527e+03,2.367784466999996e+03,5.918596260418714e+02,7.506091839654723e-08,0.000000000000000e+00,-1.000000000000000e+03,1.578522977999998e+03,3.753062334324185e-08,1.872159698033605e+05,5.339584957535264e-06,8.006386027916743e+08,0.000000000000000e+00,-7.093940122188114e-12,3.154483741447152e+10,3.154483741447152e+10,-7.124586126145791e+00,7.506091839654723e-08,1.000000000000000e+00,0.000000000000000e+00,-1.000008559886392e+00,9.999188192978972e-01,-8.933785141864481e-01,7.506109198637828e-08,1.000000000000000e+03,1.000000000000000e+00,
7.509143621419733e-08,0.000000000000000e+00,-7.691058104997592e-08,2.370126040070071e+03,2.370126040032532e+03,5.922041589544967e+02,7.509143621419733e-08,0.000000000000000e+00,-1.000000000000000e+03,1.580084026688355e+03,3.659944747317433e-08,1.872704528904692e+05,4.775958165495650e-06,8.006551760571581e+08,0.000000000000000e+00,-1.714972348518917e-09,3.156320027322129e+10,3.156320027322129e+10,-7.124409589187419e+00,7.509143621419733e-08,1.000000000000000e+00,0.000000000000000e+00,-9.999037149121320e-01,9.517402410311340e-01,-8.302988183709876e-01,7.508420602866332e-08,1.000000000000000e+03,1.000000000000000e+00,
8.122947322154139e-08,0.000000000000000e+00,-7.775137582812923e-08,2.929529725769486e+03,2.929529725732971e+03,6.766665282529224e+02,8.122947322154139e-08,0.000000000000000e+00,-1.000000000000000e+03,1.953019817155314e+03,4.538396670848765e-13,2.001800905820883e+05,6.399164143950858e-09,8.049694255116193e+08,0.000000000000000e+00,-5.088618083219899e-08,3.606486179890778e+10,3.606486179890778e+10,-7.090286363184707e+00,8.122947322154139e-08,1.000000000000000e+00,0.000000000000000e+00,-9.481862188449329e-01,2.241937449383799e-03,-6.678447907800944e-01,4.048638084970794e-10,1.000000000000000e+03,1.000000000000000e+00,
2.283933518266761e-07,0.000000000000000e+00,6.986655904961042e-08,2.537474468505965e+04,2.537474468504897e+04,1.553278539638356e+03,2.283933518266761e-07,0.000000000000000e+00,-1.000000000000000e+03,1.691649645669931e+04,1.068624816438848e-08,3.032900797199802e+05,8.706588918033136e-07,7.225466721292948e+08,0.000000000000000e+00,-3.844827769757775e-04,8.278638521089677e+10,8.278638521089677e+10,-6.641316541875448e+00,2.283933518266761e-07,1.000000000000000e+00,0.000000000000000e+00,3.059045216982978e-01,3.059045216982978e-01,9.628051610446116e-02,6.986655904961042e-08,1.000000000000000e+03,1.000000000000000e+00,
2.983720783846271e-06,0.000000000000000e+00,6.530886220674632e-03,2.467053722834387e+05,2.466982247522323e+05,1.505469342432981e+03,2.983720783846271e-06,0.000000000000000e+00,-1.000000000000000e+03,1.644654831681549e+05,7.147531206391085e+00,2.985860353369188e+05,7.221564100110359e-03,6.355567475925387e+08,0.000000000000000e+00,-3.348572045567380e-06,8.023825844839775e+10,8.023825844839774e+10,-5.525241820511865e+00,2.983720783846271e-06,1.000000000000000e+00,0.000000000000000e+00,2.188839604574448e+03,2.188839604574448e+03,-1.087148401468173e+03,6.530886220674632e-03,1.000000000000000e+03,1.000000000000000e+00,
3.293223843895273e-05,0.000000000000000e+00,8.099013690679156e-02,2.642206613920080e+06,2.642107024542207e+06,1.501421717165100e+03,3.293223843895273e-05,0.000000000000000e+00,-1.000000000000000e+03,1.761404683028138e+06,9.958937787269093e+01,2.981843739474458e+05,8.236971425205436e-03,5.501120715006835e+08,0.000000000000000e+00,-2.438580701502815e-06,8.002252877978719e+10,8.002252877978719e+10,-4.482378748831191e+00,3.293223843895273e-05,1.000000000000000e+00,0.000000000000000e+00,2.459296444635092e+03,2.459296444635092e+03,-1.775170480649175e+03,8.099013690679156e-02,1.000000000000000e+03,1.000000000000000e+00,
3.632681656369786e-04,0.000000000000000e+00,9.158485894067280e-01,2.907072843409553e+07,2.906957394449520e+07,1.501416823403286e+03,3.632681656369786e-04,0.000000000000000e+00,-1.000000000000000e+03,1.937971596299680e+07,1.154489600330823e+03,2.981838879932082e+05,8.454967290803488e-03,4.662290248304280e+08,0.000000000000000e+00,-3.982913188684733e-07,8.002226795287151e+10,8.002226795287151e+10,-3.439772659098374e+00,3.632681656369786e-04,1.000000000000000e+00,0.000000000000000e+00,2.521136383643246e+03,2.521136383643246e+03,-2.117496802068420e+03,9.158485894067280e-01,1.000000000000000e+03,1.000000000000000e+00,

64,28
2.641237396250905e-02,0.000000000000000e+00,6.748532939061639e+01,2.607232232482772e+09,2.607146017784892e+09,1.854308678074648e+03,2.641237396250905e-02,0.000000000000000e+00,-1.000000000000000e+03,1.738097345189928e+09,8.621469788032936e+04,3.313786693108268e+05,8.492951354858377e-03,4.650042819670335e+08,2.500000000000000e-07,6.385118402826215e-04,9.883064022679288e+10,9.883064022679288e+10,-1.578192562349187e+00,2.641237396250905e-02,1.000000000000000e+00,0.000000000000000e+00,2.556793237016660e+03,2.556793237016660e+03,-1.534697133717123e+03,6.748532939061639e+01,1.000000000000000e+03,1.000000000000000e+00,
2.641237396250905e-02,0.000000000000000e+00,6.748532939061639e+01,2.607232232482772e+09,2.607146017784892e+09,1.854308678074648e+03,2.641237396250905e-02,0.000000000000000e+00,-1.000000000000000e+03,1.738097345189928e+09,8.621469788032936e+04,3.313786693108268e+05,8.492951354858377e-03,4.650042819670335e+08,2.500000000000000e-07,6.385118402826215e-04,9.883064022679288e+10,9.883064022679288e+10,-1.578192562349187e+00,2.641237396250905e-02,1.000000000000000e+00,0.000000000000000e+00,2.556793237016660e+03,2.556793237016660e+03,-1.534697133717123e+03,6.748532939061639e+01,1.000000000000000e+03,1.000000000000000e+00,
2.641237396250905e-02,0.000000000000000e+00,6.748532939061639e+01,2.607232232482772e+09,2.607146017784892e+09,1.854308678074648e+03,2.641237396250905e-02,0.000000000000000e+00,-1.000000000000000e+03,1.738097345189928e+09,8.621469788032936e+04,3.313786693108268e+05,8.492951354858377e-03,4.650042819670335e+08,2.500000000000000e-07,6.385118402826215e-04,9.883064022679288e+10,9.883064022679288e+10,-1.578192562349187e+00,2.641237396250905e-02,1.000000000000000e+00,0.000000000000000e+00,2.556793237016660e+03,2.556793237016660e+03,-1.808090909361783e+03,6.748532939061639e+01,1.000000000000000e+03,1.000000000000000e+00,
2.641237396250905e-02,0.000000000000000e+00,6.748532939061639e+01,2.607232232482772e+09,2.607146017784892e+09,1.854308678074648e+03,2.641237396250905e-02,0.000000000000000e+00,-1.000000000000000e+03,1.738097345189928e+09,8.621469788032936e+04,3.313786693108268e+05,8.492951354858377e-03,4.650042819670335e+08,2.500000000000000e-07,6.385118402826215e-04,9.883064022679288e+10,9.883064022679288e+10,-1.578192562349187e+00,2.641237396250905e-02,1.000000000000000e+00,0.000000000000000e+00,2.556793237016660e+03,2.556793237016660e+03,-2.126294606483772e+03,6.748532939061639e+01,1.000000000000000e+03,1.000000000000000e+00,
2.641237396250905e-02,0.000000000000000e+00,6.748532939061639e+01,2.607232232482772e+09,2.607146017784892e+09,1.854308678074648e+03,2.641237396250905e-02,0.000000000000000e+00,-1.000000000000000e+03,1.738097345189928e+09,8.621469788032936e+04,3.313786693108268e+05,8.492951354858377e-03,4.650042819670335e+08,2.500000000000000e-07,6.385118402826215e-04,9.883064022679288e+10,9.883064022679288e+10,-1.578192562349187e+00,2.641237396250905e-02,1.000000000000000e+00,0.000000000000000e+00,2.556793237016660e+03,2.556793237016660e+03,-2.422020520362203e+03,6.748532939061639e+01,1.000000000000000e+03,1.000000000000000e+00,
2.641237396250905e-02,0.000000000000000e+00,6.748532939061639e+01,2.607232232482772e+09,2.607146017784892e+09,1.854308678074648e+03,2.641237396250905e-02,0.000000000000000e+00,-1.000000000000000e+03,1.738097345189928e+09,8.621469788032936e+04,3.313786693108268e+05,8.492951354858377e-03,4.650042819670335e+08,2.500000000000000e-07,6.385118402826215e-04,9.883064022679288e+10,9.883064022679288e+10,-1.578192562349187e+00,2.641237396250905e-02,1.000000000000000e+00,0.000000000000000e+00,2.556793237016660e+03,2.556793237016660e+03,-2.422020520362203e+03,6.748532939061639e+01,1.000000000000000e+03,1.000000000000000e+00,
2.641237396250905e-02,0.000000000000000e+00,6.748532939061639e+01,2.607232232482772e+09,2.607146017784892e+09,1.854308678074648e+03,2.641237396250905e-02,0.000000000000000e+00,-1.000000000000000e+03,1.738097345189928e+09,8.621469788032936e+04,3.313786693108268e+05,8.492951354858377e-03,4.650042819670335e+08,2.500000000000000e-07,6.385118402826215e-04,9.883064022679288e+10,9.883064022679288e+10,-1.578192562349187e+00,2.641237396250905e-02,1.000000000000000e+00,0.000000000000000e+00,2.556793237016660e+03,2.556793237016660e+03,-2.126294606483772e+03,6.748532939061639e+01,1.000000000000000e+03,1.000000000000000e+00,
2.641237396250905e-02,0.000000000000000e+00,6.748532939061639e+01,2.607232232482772e+09,2.607146017784892e+09,1.854308678074648e+03,2.641237396250905e-02,0.000000000000000e+00,-1.000000000000000e+03,1.738097345189928e+09,8.621469788032936e+04,3.313786693108268e+05,8.492951354858377e-03,4.650042819670335e+08,2.500000000000000e-07,6.385118402826215e-04,9.883064022679288e+10,9.883064022679288e+10,-1.578192562349187e+00,2.641237396250905e-02,1.000000000000000e+00,0.000000000000000e+00,2.556793237016660e+03,2.556793237016660e+03,-1.808090909361783e+03,6.748532939061639e+01,1.000000000000000e+03,1.000000000000000e+00,
7.508861225980262e-08,0.000000000000000e+00,-7.506109198637828e-08,2.369905725277140e+03,2.369905725239602e+03,5.921713804013247e+02,7.508861225980262e-08,0.000000000000000e+00,-1.000000000000000e+03,1.579937150159735e+03,3.753821063106661e-08,1.872652701005916e+05,5.341441156124770e-06,8.006535622040792e+08,0.000000000000000e+00,1.710727018933156e-13,3.156145324726277e+10,3.156145324726277e+10,-7.124425921953633e+00,7.508861225980262e-08,1.000000000000000e+00,0.000000000000000e+00,-9.999188192978972e-01,1.000008559886392e+00,-6.017002560007246e-01,7.508251651353944e-08,1.000000000000000e+03,1.000000000000000e+00,
8.081047510048486e-08,0.000000000000000e+00,-7.508420602866332e-08,2.888191637717869e+03,2.888191637681270e+03,6.705771770051789e+02,8.081047510048486e-08,0.000000000000000e+00,-1.000000000000000e+03,1.925461091787513e+03,3.753960371843357e-08,1.992773403894258e+05,5.339356526771238e-06,8.046713798889786e+08,0.000000000000000e+00,-8.062117704377148e-12,3.574031255341476e+10,3.574031255341476e+10,-7.092532339924994e+00,8.081047510048486e-08,1.000000000000000e+00,0.000000000000000e+00,-9.517402410311340e-01,9.999037149121320e-01,-4.276267048862322e-01,7.691058104997592e-08,1.000000000000000e+03,1.000000000000000e+00,
2.196251891348700e-07,0.000000000000000e+00,5.365645218066625e-08,2.435855414368504e+04,2.435855414367848e+04,2.080941060982945e+03,2.196251891348700e-07,0.000000000000000e+00,-1.000000000000000e+03,1.623903609578566e+04,3.651496754228847e-08,3.510455112206715e+05,4.736665949584571e-06,8.452175374358883e+08,0.000000000000000e+00,1.611106525952433e-08,1.109096558533643e+11,1.109096558533643e+11,-6.658317851494623e+00,2.196251891348700e-07,1.000000000000000e+00,0.000000000000000e+00,2.443091905442424e-01,9.481862188449329e-01,7.761827103586592e-02,7.775137582812923e-08,1.000000000000000e+03,1.000000000000000e+00,
2.873766682027061e-06,0.000000000000000e+00,6.270753025719529e-03,2.379155971478815e+05,2.379087555445329e+05,2.110375572974438e+03,2.873766682027061e-06,0.000000000000000e+00,-1.000000000000000e+03,1.586058370296886e+05,6.841603348576988e+00,3.535195290106577e+05,7.194655205730358e-03,8.282033969973384e+08,0.000000000000000e+00,-4.206771720811798e-08,1.124784516527255e+11,1.124784516527255e+11,-5.541548494664371e+00,2.873766682027061e-06,1.000000000000000e+00,0.000000000000000e+00,2.182067550903731e+03,2.182067550903731e+03,3.905391015397200e+02,6.270753025719529e-03,1.000000000000000e+03,1.000000000000000e+00,
3.172008022385803e-05,0.000000000000000e+00,7.783898629025902e-02,2.545259500876938e+06,2.545163995005831e+06,1.551308838498286e+03,3.172008022385803e-05,0.000000000000000e+00,-1.000000000000000e+03,1.696775996670554e+06,9.550587110649815e+01,3.030977187533374e+05,8.218515946710135e-03,7.211449088026427e+08,0.000000000000000e+00,-1.638721104396495e-06,8.268140440212950e+10,8.268140440212949e+10,-4.498665722970613e+00,3.172008022385803e-05,1.000000000000000e+00,0.000000000000000e+00,2.453934092881423e+03,2.453934092881423e+03,-4.283435251174619e+00,7.783898629025902e-02,1.000000000000000e+03,1.000000000000000e+00,
3.498986737516864e-04,0.000000000000000e+00,8.818616565247752e-01,2.800088798342880e+07,2.799977669030369e+07,1.505287920650066e+03,3.498986737516864e-04,0.000000000000000e+00,-1.000000000000000e+03,1.866651779353580e+07,1.111293125107012e+03,2.985680437241234e+05,8.452268458453229e-03,6.342178022846228e+08,0.000000000000000e+00,1.454198999272194e-08,8.022858905992506e+10,8.022858905992508e+10,-3.456057703654321e+00,3.498986737516864e-04,1.000000000000000e+00,0.000000000000000e+00,2.520334378719619e+03,2.520334378719619e+03,-6.019552089616210e+02,8.818616565247752e-01,1.000000000000000e+03,1.000000000000000e+00,
3.782267699988597e-03,0.000000000000000e+00,9.644923539137126e+00,3.066706486144502e+08,3.066583511572824e+08,1.521223249660300e+03,3.782267699988597e-03,0.000000000000000e+00,-1.000000000000000e+03,2.044389007715216e+08,1.229745716783636e+04,3.001442386876253e+05,8.520091210960959e-03,5.487795912403764e+08,0.000000000000000e+00,-1.446009820800782e-07,8.107790761563675e+10,8.107790761563675e+10,-2.422247736063843e+00,3.782267699988597e-03,1.000000000000000e+00,0.000000000000000e+00,2.550037253885072e+03,2.550037253885072e+03,-1.132772575779829e+03,9.644923539137126e+00,1.000000000000000e+03,1.000000000000000e+00,
7.508861225980262e-08,0.000000000000000e+00,-7.506109198637828e-08,2.369905725277140e+03,2.369905725239602e+03,5.921713804013247e+02,7.508861225980262e-08,0.000000000000000e+00,-1.000000000000000e+03,1.579937150159735e+03,3.753821063106661e-08,1.872652701005916e+05,5.341441156124770e-06,8.006535622040792e+08,0.000000000000000e+00,1.710727018933156e-13,3.156145324726277e+10,3.156145324726277e+10,-7.124425921953633e+00,7.508861225980262e-08,1.000000000000000e+00,0.000000000000000e+00,-9.999188192978972e-01,1.000008559886392e+00,-6.017002560007246e-01,7.508251651353944e-08,1.000000000000000e+03,1.000000000000000e+00,
8.081047510048486e-08,0.000000000000000e+00,-7.508420602866332e-08,2.888191637717869e+03,2.888191637681270e+03,6.705771770051789e+02,8.081047510048486e-08,0.000000000000000e+00,-1.000000000000000e+03,1.925461091787513e+03,3.753960371843357e-08,1.992773403894258e+05,5.339356526771238e-06,8.046713798889786e+08,0.000000000000000e+00,-8.062117704377148e-12,3.574031255341476e+10,3.574031255341476e+10,-7.092532339924994e+00,8.081047510048486e-08,1.000000000000000e+00,0.000000000000000e+00,-9.517402410311340e-01,9.999037149121320e-01,-4.276267048862322e-01,7.691058104997592e-08,1.000000000000000e+03,1.000000000000000e+00,
2.196251891348700e-07,0.000000000000000e+00,5.365645218066625e-08,2.435855414368504e+04,2.435855414367848e+04,2.080941060982945e+03,2.196251891348700e-07,0.000000000000000e+00,-1.000000000000000e+03,1.623903609578566e+04,3.651496754228847e-08,3.510455112206715e+05,4.736665949584571e-06,8.452175374358883e+08,0.000000000000000e+00,1.611106525952433e-08,1.109096558533643e+11,1.109096558533643e+11,-6.658317851494623e+00,2.196251891348700e-07,1.000000000000000e+00,0.000000000000000e+00,2.443091905442424e-01,9.481862188449329e-01,7.761827103586592e-02,7.775137582812923e-08,1.000000000000000e+03,1.000000000000000e+00,
2.873766682027061e-06,0.000000000000000e+00,6.270753025719529e-03,2.379155971478815e+05,2.379087555445329e+05,2.110375572974438e+03,2.873766682027061e-06,0.000000000000000e+00,-1.000000000000000e+03,1.586058370296886e+05,6.841603348576988e+00,3.535195290106577e+05,7.194655205730358e-03,8.282033969973384e+08,0.000000000000000e+00,-4.206771720811798e-08,1.124784516527255e+11,1.124784516527255e+11,-5.541548494664371e+00,2.873766682027061e-06,1.000000000000000e+00,0.000000000000000e+00,2.182067550903731e+03,2.182067550903731e+03,3.905391015397200e+02,6.270753025719529e-03,1.000000000000000e+03,1.000000000000000e+00,
3.172008022385803e-05,0.000000000000000e+00,7.783898629025902e-02,2.545259500876938e+06,2.545163995005831e+06,1.551308838498286e+03,3.172008022385803e-05,0.000000000000000e+00,-1.000000000000000e+03,1.696775996670554e+06,9.550587110649815e+01,3.030977187533374e+05,8.218515946710135e-03,7.211449088026427e+08,0.000000000000000e+00,-1.638721104396495e-06,8.268140440212950e+10,8.268140440212949e+10,-4.498665722970613e+00,3.172008022385803e-05,1.000000000000000e+00,0.000000000000000e+00,2.453934092881423e+03,2.453934092881423e+03,-4.283435251174619e+00,7.783898629025902e-02,1.000000000000000e+03,1.000000000000000e+00,
3.498986737516864e-04,0.000000000000000e+00,8.818616565247752e-01,2.800088798342880e+07,2.799977669030369e+07,1.505287920650066e+03,3.498986737516864e-04,0.000000000000000e+00,-1.000000000000000e+03,1.866651779353580e+07,1.111293125107012e+03,2.985680437241234e+05,8.452268458453229e-03,6.342178022846228e+08,0.000000000000000e+00,1.454198999272194e-08,8.022858905992506e+10,8.022858905992508e+10,-3.456057703654321e+00,3.498986737516864e-04,1.000000000000000e+00,0.000000000000000e+00,2.520334378719619e+03,2.520334378719619e+03,-6.019552089616210e+02,8.818616565247752e-01,1.000000000000000e+03,1.000000000000000e+00,
3.782267699988597e-03,0.000000000000000e+00,9.644923539137126e+00,3.066706486144502e+08,3.066583511572824e+08,1.521223249660300e+03,3.782267699988597e-03,0.000000000000000e+00,-1.000000000000000e+03,2.044389007715216e+08,1.229745716783636e+04,3.001442386876253e+05,8.520091210960959e-03,5.487795912403764e+08,0.000000000000000e+00,-1.446009820800782e-07,8.107790761563675e+10,8.107790761563675e+10,-2.422247736063843e+00,3.782267699988597e-03,1.000000000000000e+00,0.000000000000000e+00,2.550037253885072e+03,2.550037253885072e+03,-1.132772575779829e+03,9.644923539137126e+00,1.000000000000000e+03,1.000000000000000e+00,
7.508861225980262e-08,0.000000000000000e+00,-7.506109198637828e-08,2.369905725277140e+03,2.369905725239602e+03,5.921713804013247e+02,7.508861225980262e-08,0.000000000000000e+00,-1.000000000000000e+03,1.579937150159735e+03,3.753821063106661e-08,1.872652701005916e+05,5.341441156124770e-06,8.006535622040792e+08,0.000000000000000e+00,1.710727018933156e-13,3.156145324726277e+10,3.156145324726277e+10,-7.124425921953633e+00,7.508861225980262e-08,1.000000000000000e+00,0.000000000000000e+00,-9.999188192978972e-01,1.000008559886392e+00,-7.088882484588624e-01,7.508251651353944e-08,1.000000000000000e+03,1.000000000000000e+00,
8.081047510048486e-08,0.000000000000000e+00,-7.508420602866332e-08,2.888191637717869e+03,2.888191637681270e+03,6.705771770051789e+02,8.081047510048486e-08,0.000000000000000e+00,-1.000000000000000e+03,1.925461091787513e+03,3.753960371843357e-08,1.992773403894258e+05,5.339356526771238e-06,8.046713798889786e+08,0.000000000000000e+00,-8.062117704377148e-12,3.574031255341476e+10,3.574031255341476e+10,-7.092532339924994e+00,8.081047510048486e-08,1.000000000000000e+00,0.000000000000000e+00,-9.517402410311340e-01,9.999037149121320e-01,-5.303090268140045e-01,7.691058104997592e-08,1.000000000000000e+03,1.000000000000000e+00,
2.196251891348700e-07,0.000000000000000e+00,5.365645218066625e-08,2.435855414368504e+04,2.435855414367848e+04,2.080941060982945e+03,2.196251891348700e-07,0.000000000000000e+00,-1.000000000000000e+03,1.623903609578566e+04,3.651496754228847e-08,3.510455112206715e+05,4.736665949584571e-06,8.452175374358883e+08,0.000000000000000e+00,1.611106525952433e-08,1.109096558533643e+11,1.109096558533643e+11,-6.658317851494623e+00,2.196251891348700e-07,1.000000000000000e+00,0.000000000000000e+00,2.443091905442424e-01,9.481862188449329e-01,1.095980984517474e-01,7.775137582812923e-08,1.000000000000000e+03,1.000000000000000e+00,
2.873766682027061e-06,0.000000000000000e+00,6.270753025719529e-03,2.379155971478815e+05,2.379087555445329e+05,2.110375572974438e+03,2.873766682027061e-06,0.000000000000000e+00,-1.000000000000000e+03,1.586058370296886e+05,6.841603348576988e+00,3.535195290106577e+05,7.194655205730358e-03,8.282033969973384e+08,0.000000000000000e+00,-4.206771720811798e-08,1.124784516527255e+11,1.124784516527255e+11,-5.541548494664371e+00,2.873766682027061e-06,1.000000000000000e+00,0.000000000000000e+00,2.182067550903731e+03,2.182067550903731e+03,5.637038537434182e+02,6.270753025719529e-03,1.000000000000000e+03,1.000000000000000e+00,
3.172008022385803e-05,0.000000000000000e+00,7.783898629025902e-02,2.545259500876938e+06,2.545163995005831e+06,1.551308838498286e+03,3.172008022385803e-05,0.000000000000000e+00,-1.000000000000000e+03,1.696775996670554e+06,9.550587110649815e+01,3.030977187533374e+05,8.218515946710135e-03,7.211449088026427e+08,0.000000000000000e+00,-1.638721104396495e-06,8.268140440212950e+10,8.268140440212949e+10,-4.498665722970613e+00,3.172008022385803e-05,1.000000000000000e+00,0.000000000000000e+00,2.453934092881423e+03,2.453934092881423e+03,-5.714966432886357e+00,7.783898629025902e-02,1.000000000000000e+03,1.000000000000000e+00,
3.498986737516864e-04,0.000000000000000e+00,8.818616565247752e-01,2.800088798342880e+07,2.799977669030369e+07,1.505287920650066e+03,3.498986737516864e-04,0.000000000000000e+00,-1.000000000000000e+03,1.866651779353580e+07,1.111293125107012e+03,2.985680437241234e+05,8.452268458453229e-03,6.342178022846228e+08,0.000000000000000e+00,1.454198999272194e-08,8.022858905992506e+10,8.022858905992508e+10,-3.456057703654321e+00,3.498986737516864e-04,1.000000000000000e+00,0.000000000000000e+00,2.520334378719619e+03,2.520334378719619e+03,-7.849963026280947e+02,8.818616565247752e-01,1.000000000000000e+03,1.000000000000000e+00,
3.782267699988597e-03,0.000000000000000e+00,9.644923539137126e+00,3.066706486144502e+08,3.066583511572824e+08,1.521223249660300e+03,3.782267699988597e-03,0.000000000000000e+00,-1.000000000000000e+03,2.044389007715216e+08,1.229745716783636e+04,3.001442386876253e+05,8.520091210960959e-03,5.487795912403764e+08,0.000000000000000e+00,-1.446009820800782e-07,8.107790761563675e+10,8.107790761563675e+10,-2.422247736063843e+00,3.782267699988597e-03,1.000000000000000e+00,0.000000000000000e+00,2.550037253885072e+03,2.550037253885072e+03,-1.404775509572567e+03,9.644923539137126e+00,1.000000000000000e+03,1.000000000000000e+00,
7.508861225980262e-08,0.000000000000000e+00,-7.506109198637828e-08,2.369905725277140e+03,2.369905725239602e+03,5.921713804013247e+02,7.508861225980262e-08,0.000000000000000e+00,-1.000000000000000e+03,1.579937150159735e+03,3.753821063106661e-08,1.872652701005916e+05,5.341441156124770e-06,8.006535622040792e+08,0.000000000000000e+00,1.710727018933156e-13,3.156145324726277e+10,3.156145324726277e+10,-7.124425921953633e+00,7.508861225980262e-08,1.000000000000000e+00,0.000000000000000e+00,-9.999188192978972e-01,1.000008559886392e+00,-8.336446201313260e-01,7.508251651353944e-08,1.000000000000000e+03,1.000000000000000e+00,
8.081047510048486e-08,0.000000000000000e+00,-7.508420602866332e-08,2.888191637717869e+03,2.888191637681270e+03,6.705771770051789e+02,8.081047510048486e-08,0.000000000000000e+00,-1.000000000000000e+03,1.925461091787513e+03,3.753960371843357e-08,1.992773403894258e+05,5.339356526771238e-06,8.046713798889786e+08,0.000000000000000e+00,-8.062117704377148e-12,3.574031255341476e+10,3.574031255341476e+10,-7.092532339924994e+00,8.081047510048486e-08,1.000000000000000e+00,0.000000000000000e+00,-9.517402410311340e-01,9.999037149121320e-01,-6.756056597717442e-01,7.691058104997592e-08,1.000000000000000e+03,1.000000000000000e+00,
2.196251891348700e-07,0.000000000000000e+00,5.365645218066625e-08,2.435855414368504e+04,2.435855414367848e+04,2.080941060982945e+03,2.196251891348700e-07,0.000000000000000e+00,-1.000000000000000e+03,1.623903609578566e+04,3.651496754228847e-08,3.510455112206715e+05,4.736665949584571e-06,8.452175374358883e+08,0.000000000000000e+00,1.611106525952433e-08,1.109096558533643e+11,1.109096558533643e+11,-6.658317851494623e+00,2.196251891348700e-07,1.000000000000000e+00,0.000000000000000e+00,2.443091905442424e-01,9.481862188449329e-01,1.727526853400302e-01,7.775137582812923e-08,1.000000000000000e+03,1.000000000000000e+00,
2.873766682027061e-06,0.000000000000000e+00,6.270753025719529e-03,2.379155971478815e+05,2.379087555445329e+05,2.110375572974438e+03,2.873766682027061e-06,0.000000000000000e+00,-1.000000000000000e+03,1.586058370296886e+05,6.841603348576988e+00,3.535195290106577e+05,7.194655205730358e-03,8.282033969973384e+08,0.000000000000000e+00,-4.206771720811798e-08,1.124784516527255e+11,1.124784516527255e+11,-5.541548494664371e+00,2.873766682027061e-06,1.000000000000000e+00,0.000000000000000e+00,2.182067550903731e+03,2.182067550903731e+03,9.547323667196267e+02,6.270753025719529e-03,1.000000000000000e+03,1.000000000000000e+00,
3.172008022385803e-05,0.000000000000000e+00,7.783898629025902e-02,2.545259500876938e+06,2.545163995005831e+06,1.551308838498286e+03,3.172008022385803e-05,0.000000000000000e+00,-1.000000000000000e+03,1.696775996670554e+06,9.550587110649815e+01,3.030977187533374e+05,8.218515946710135e-03,7.211449088026427e+08,0.000000000000000e+00,-1.638721104396495e-06,8.268140440212950e+10,8.268140440212949e+10,-4.498665722970613e+00,3.172008022385803e-05,1.000000000000000e+00,0.000000000000000e+00,2.453934092881423e+03,2.453934092881423e+03,-8.583618721624356e+00,7.783898629025902e-02,1.000000000000000e+03,1.000000000000000e+00,
3.498986737516864e-04,0.000000000000000e+00,8.818616565247752e-01,2.800088798342880e+07,2.799977669030369e+07,1.505287920650066e+03,3.498986737516864e-04,0.000000000000000e+00,-1.000000000000000e+03,1.866651779353580e+07,1.111293125107012e+03,2.985680437241234e+05,8.452268458453229e-03,6.342178022846228e+08,0.000000000000000e+00,1.454198999272194e-08,8.022858905992506e+10,8.022858905992508e+10,-3.456057703654321e+00,3.498986737516864e-04,1.000000000000000e+00,0.000000000000000e+00,2.520334378719619e+03,2.520334378719619e+03,-1.110145620661558e+03,8.818616565247752e-01,1.000000000000000e+03,1.000000000000000e+00,
3.782267699988597e-03,0.000000000000000e+00,9.644923539137126e+00,3.066706486144502e+08,3.066583511572824e+08,1.521223249660300e+03,3.782267699988597e-03,0.000000000000000e+00,-1.000000000000000e+03,2.044389007715216e+08,1.229745716783636e+04,3.001442386876253e+05,8.520091210960959e-03,5.487795912403764e+08,0.000000000000000e+00,-1.446009820800782e-07,8.107790761563675e+10,8.107790761563675e+10,-2.422247736063843e+00,3.782267699988597e-03,1.000000000000000e+00,0.000000000000000e+00,2.550037253885072e+03,2.550037253885072e+03,-1.789662700402856e+03,9.644923539137126e+00,1.000000000000000e+03,1.000000000000000e+00,
7.508861225980262e-08,0.000000000000000e+00,-7.506109198637828e-08,2.369905725277140e+03,2.369905725239602e+03,5.921713804013247e+02,7.508861225980262e-08,0.000000000000000e+00,-1.000000000000000e+03,1.579937150159735e+03,3.753821063106661e-08,1.872652701005916e+05,5.341441156124770e-06,8.006535622040792e+08,0.000000000000000e+00,1.710727018933156e-13,3.156145324726277e+10,3.156145324726277e+10,-7.124425921953633e+00,7.508861225980262e-08,1.000000000000000e+00,0.000000000000000e+00,-9.999188192978972e-01,1.000008559886392e+00,-9.495882510780547e-01,7.508251651353944e-08,1.000000000000000e+03,1.000000000000000e+00,
8.081047510048486e-08,0.000000000000000e+00,-7.508420602866332e-08,2.888191637717869e+03,2.888191637681270e+03,6.705771770051789e+02,8.081047510048486e-08,0.000000000000000e+00,-1.000000000000000e+03,1.925461091787513e+03,3.753960371843357e-08,1.992773403894258e+05,5.339356526771238e-06,8.046713798889786e+08,0.000000000000000e+00,-8.062117704377148e-12,3.574031255341476e+10,3.574031255341476e+10,-7.092532339924994e+00,8.081047510048486e-08,1.000000000000000e+00,0.000000000000000e+00,-9.517402410311340e-01,9.999037149121320e-01,-8.532450391747448e-01,7.691058104997592e-08,1.000000000000000e+03,1.000000000000000e+00,
2.196251891348700e-07,0.000000000000000e+00,5.365645218066625e-08,2.435855414368504e+04,2.435855414367848e+04,2.080941060982945e+03,2.196251891348700e-07,0.000000000000000e+00,-1.000000000000000e+03,1.623903609578566e+04,3.651496754228847e-08,3.510455112206715e+05,4.736665949584571e-06,8.452175374358883e+08,0.000000000000000e+00,1.611106525952433e-08,1.109096558533643e+11,1.109096558533643e+11,-6.658317851494623e+00,2.196251891348700e-07,1.000000000000000e+00,0.000000000000000e+00,2.443091905442424e-01,9.481862188449329e-01,2.443018502948516e-01,7.775137582812923e-08,1.000000000000000e+03,1.000000000000000e+00,
2.873766682027061e-06,0.000000000000000e+00,6.270753025719529e-03,2.379155971478815e+05,2.379087555445329e+05,2.110375572974438e+03,2.873766682027061e-06,0.000000000000000e+00,-1.000000000000000e+03,1.586058370296886e+05,6.841603348576988e+00,3.535195290106577e+05,7.194655205730358e-03,8.282033969973384e+08,0.000000000000000e+00,-4.206771720811798e-08,1.124784516527255e+11,1.124784516527255e+11,-5.541548494664371e+00,2.873766682027061e-06,1.000000000000000e+00,0.000000000000000e+00,2.182067550903731e+03,2.182067550903731e+03,2.140501986278548e+03,6.270753025719529e-03,1.000000000000000e+03,1.000000000000000e+00,
3.172008022385803e-05,0.000000000000000e+00,7.783898629025902e-02,2.545259500876938e+06,2.545163995005831e+06,1.551308838498286e+03,3.172008022385803e-05,0.000000000000000e+00,-1.000000000000000e+03,1.696775996670554e+06,9.550587110649815e+01,3.030977187533374e+05,8.218515946710135e-03,7.211449088026427e+08,0.000000000000000e+00,-1.638721104396495e-06,8.268140440212950e+10,8.268140440212949e+10,-4.498665722970613e+00,3.172008022385803e-05,1.000000000000000e+00,0.000000000000000e+00,2.453934092881423e+03,2.453934092881423e+03,-1.723442325642566e+01,7.783898629025902e-02,1.000000000000000e+03,1.000000000000000e+00,
3.498986737516864e-04,0.000000000000000e+00,8.818616565247752e-01,2.800088798342880e+07,2.799977669030369e+07,1.505287920650066e+03,3.498986737516864e-04,0.000000000000000e+00,-1.000000000000000e+03,1.866651779353580e+07,1.111293125107012e+03,2.985680437241234e+05,8.452268458453229e-03,6.342178022846228e+08,0.000000000000000e+00,1.454198999272194e-08,8.022858905992506e+10,8.022858905992508e+10,-3.456057703654321e+00,3.498986737516864e-04,1.000000000000000e+00,0.000000000000000e+00,2.520334378719619e+03,2.520334378719619e+03,-1.752517532994684e+03,8.818616565247752e-01,1.000000000000000e+03,1.000000000000000e+00,
3.782267699988597e-03,0.000000000000000e+00,9.644923539137126e+00,3.066706486144502e+08,3.066583511572824e+08,1.521223249660300e+03,3.782267699988597e-03,0.000000000000000e+00,-1.000000000000000e+03,2.044389007715216e+08,1.229745716783636e+04,3.001442386876253e+05,8.520091210960959e-03,5.487795912403764e+08,0.000000000000000e+00,-1.446009820800782e-07,8.107790761563675e+10,8.107790761563675e+10,-2.422247736063843e+00,3.782267699988597e-03,1.000000000000000e+00,0.000000000000000e+00,2.550037253885072e+03,2.550037253885072e+03,-2.260225027467538e+03,9.644923539137126e+00,1.000000000000000e+03,1.000000000000000e+00,
7.508861225980262e-08,0.000000000000000e+00,-7.506109198637828e-08,2.369905725277140e+03,2.369905725239602e+03,5.921713804013247e+02,7.508861225980262e-08,0.000000000000000e+00,-1.000000000000000e+03,1.579937150159735e+03,3.753821063106661e-08,1.872652701005916e+05,5.341441156124770e-06,8.006535622040792e+08,0.000000000000000e+00,1.710727018933156e-13,3.156145324726277e+10,3.156145324726277e+10,-7.124425921953633e+00,7.508861225980262e-08,1.000000000000000e+00,0.000000000000000e+00,-9.999188192978972e-01,1.000008559886392e+00,-9.495882510780547e-01,7.508251651353944e-08,1.000000000000000e+03,1.000000000000000e+00,
8.081047510048486e-08,0.000000000000000e+00,-7.508420602866332e-08,2.888191637717869e+03,2.888191637681270e+03,6.705771770051789e+02,8.081047510048486e-08,0.000000000000000e+00,-1.000000000000000e+03,1.925461091787513e+03,3.753960371843357e-08,1.992773403894258e+05,5.339356526771238e-06,8.046713798889786e+08,0.000000000000000e+00,-8.062117704377148e-12,3.574031255341476e+10,3.574031255341476e+10,-7.092532339924994e+00,8.081047510048486e-08,1.000000000000000e+00,0.000000000000000e+00,-9.517402410311340e-01,9.999037149121320e-01,-8.532450391747448e-01,7.691058104997592e-08,1.000000000000000e+03,1.000000000000000e+00,
2.196251891348700e-07,0.000000000000000e+00,5.365645218066625e-08,2.435855414368504e+04,2.435855414367848e+04,2.080941060982945e+03,2.196251891348700e-07,0.000000000000000e+00,-1.000000000000000e+03,1.623903609578566e+04,3.651496754228847e-08,3.510455112206715e+05,4.736665949584571e-06,8.452175374358883e+08,0.000000000000000e+00,1.611106525952433e-08,1.109096558533643e+11,1.109096558533643e+11,-6.658317851494623e+00,2.196251891348700e-07,1.000000000000000e+00,0.000000000000000e+00,2.443091905442424e-01,9.481862188449329e-01,2.443018502948516e-01,7.775137582812923e-08,1.000000000000000e+03,1.000000000000000e+00,
2.873766682027061e-06,0.000000000000000e+00,6.270753025719529e-03,2.379155971478815e+05,2.379087555445329e+05,2.110375572974438e+03,2.873766682027061e-06,0.000000000000000e+00,-1.000000000000000e+03,1.586058370296886e+05,6.841603348576988e+00,3.535195290106577e+05,7.194655205730358e-03,8.282033969973384e+08,0.000000000000000e+00,-4.206771720811798e-08,1.124784516527255e+11,1.124784516527255e+11,-5.541548494664371e+00,2.873766682027061e-06,1.000000000000000e+00,0.000000000000000e+00,2.182067550903731e+03,2.182067550903731e+03,2.140501986278548e+03,6.270753025719529e-03,1.000000000000000e+03,1.000000000000000e+00,
3.172008022385803e-05,0.000000000000000e+00,7.783898629025902e-02,2.545259500876938e+06,2.545163995005831e+06,1.551308838498286e+03,3.172008022385803e-05,0.000000000000000e+00,-1.000000000000000e+03,1.696775996670554e+06,9.550587110649815e+01,3.030977187533374e+05,8.218515946710135e-03,7.211449088026427e+08,0.000000000000000e+00,-1.638721104396495e-06,8.268140440212950e+10,8.268140440212949e+10,-4.498665722970613e+00,3.172008022385803e-05,1.000000000000000e+00,0.000000000000000e+00,2.453934092881423e+03,2.453934092881423e+03,-1.723442325642566e+01,7.783898629025902e-02,1.000000000000000e+03,1.000000000000000e+00,
3.498986737516864e-04,0.000000000000000e+00,8.818616565247752e-01,2.800088798342880e+07,2.799977669030369e+07,1.505287920650066e+03,3.498986737516864e-04,0.000000000000000e+00,-1.000000000000000e+03,1.866651779353580e+07,1.111293125107012e+03,2.985680437241234e+05,8.452268458453229e-03,6.342178022846228e+08,0.000000000000000e+00,1.454198999272194e-08,8.022858905992506e+10,8.022858905992508e+10,-3.456057703654321e+00,3.498986737516864e-04,1.000000000000000e+00,0.000000000000000e+00,2.520334378719619e+03,2.520334378719619e+03,-1.752517532994684e+03,8.818616565247752e-01,1.000000000000000e+03,1.000000000000000e+00,
3.782267699988597e-03,0.000000000000000e+00,9.644923539137126e+00,3.066706486144502e+08,3.066583511572824e+08,1.521223249660300e+03,3.782267699988597e-03,0.000000000000000e+00,-1.000000000000000e+03,2.044389007715216e+08,1.229745716783636e+04,3.001442386876253e+05,8.520091210960959e-03,5.487795912403764e+08,0.000000000000000e+00,-1.446009820800782e-07,8.107790761563675e+10,8.107790761563675e+10,-2.422247736063843e+00,3.782267699988597e-03,1.000000000000000e+00,0.000000000000000e+00,2.550037253885072e+03,2.550037253885072e+03,-2.260225027467538e+03,9.644923539137126e+00,1.000000000000000e+03,1.000000000000000e+00,
7.508861225980262e-08,0.000000000000000e+00,-7.506109198637828e-08,2.369905725277140e+03,2.369905725239602e+03,5.921713804013247e+02,7.508861225980262e-08,0.000000000000000e+00,-1.000000000000000e+03,1.579937150159735e+03,3.753821063106661e-08,1.872652701005916e+05,5.341441156124770e-06,8.006535622040792e+08,0.000000000000000e+00,1.710727018933156e-13,3.156145324726277e+10,3.156145324726277e+10,-7.124425921953633e+00,7.508861225980262e-08,1.000000000000000e+00,0.000000000000000e+00,-9.999188192978972e-01,1.000008559886392e+00,-8.336446201313260e-01,7.508251651353944e-08,1.000000000000000e+03,1.000000000000000e+00,
8.081047510048486e-08,0.000000000000000e+00,-7.508420602866332e-08,2.888191637717869e+03,2.888191637681270e+03,6.705771770051789e+02,8.081047510048486e-08,0.000000000000000e+00,-1.000000000000000e+03,1.925461091787513e+03,3.753960371843357e-08,1.992773403894258e+05,5.339356526771238e-06,8.046713798889786e+08,0.000000000000000e+00,-8.062117704377148e-12,3.574031255341476e+10,3.574031255341476e+10,-7.092532339924994e+00,8.081047510048486e-08,1.000000000000000e+00,0.000000000000000e+00,-9.517402410311340e-01,9.999037149121320e-01,-6.756056597717442e-01,7.691058104997592e-08,1.000000000000000e+03,1.000000000000000e+00,
2.196251891348700e-07,0.000000000000000e+00,5.365645218066625e-08,2.435855414368504e+04,2.435855414367848e+04,2.080941060982945e+03,2.196251891348700e-07,0.000000000000000e+00,-1.000000000000000e+03,1.623903609578566e+04,3.651496754228847e-08,3.510455112206715e+05,4.736665949584571e-06,8.452175374358883e+08,0.000000000000000e+00,1.611106525952433e-08,1.109096558533643e+11,1.109096558533643e+11,-6.658317851494623e+00,2.196251891348700e-07,1.000000000000000e+00,0.000000000000000e+00,2.443091905442424e-01,9.481862188449329e-01,1.727526853400302e-01,7.775137582812923e-08,1.000000000000000e+03,1.000000000000000e+00,
2.873766682027061e-06,0.000000000000000e+00,6.270753025719529e-03,2.379155971478815e+05,2.379087555445329e+05,2.110375572974438e+03,2.873766682027061e-06,0.000000000000000e+00,-1.000000000000000e+03,1.586058370296886e+05,6.841603348576988e+00,3.535195290106577e+05,7.194655205730358e-03,8.282033969973384e+08,0.000000000000000e+00,-4.206771720811798e-08,1.124784516527255e+11,1.124784516527255e+11,-5.541548494664371e+00,2.873766682027061e-06,1.000000000000000e+00,0.000000000000000e+00,2.182067550903731e+03,2.182067550903731e+03,9.547323667196267e+02,6.270753025719529e-03,1.000000000000000e+03,1.000000000000000e+00,
3.172008022385803e-05,0.000000000000000e+00,7.783898629025902e-02,2.545259500876938e+06,2.545163995005831e+06,1.551308838498286e+03,3.172008022385803e-05,0.000000000000000e+00,-1.000000000000000e+03,1.696775996670554e+06,9.550587110649815e+01,3.030977187533374e+05,8.218515946710135e-03,7.211449088026427e+08,0.000000000000000e+00,-1.638721104396495e-06,8.268140440212950e+10,8.268140440212949e+10,-4.498665722970613e+00,3.172008022385803e-05,1.000000000000000e+00,0.000000000000000e+00,2.453934092881423e+03,2.453934092881423e+03,-8.583618721624356e+00,7.783898629025902e-02,1.000000000000000e+03,1.000000000000000e+00,
3.498986737516864e-04,0.000000000000000e+00,8.818616565247752e-01,2.800088798342880e+07,2.799977669030369e+07,1.505287920650066e+03,3.498986737516864e-04,0.000000000000000e+00,-1.000000000000000e+03,1.866651779353580e+07,1.111293125107012e+03,2.985680437241234e+05,8.452268458453229e-03,6.342178022846228e+08,0.000000000000000e+00,1.454198999272194e-08,8.022858905992506e+10,8.022858905992508e+10,-3.456057703654321e+00,3.498986737516864e-04,1.000000000000000e+00,0.000000000000000e+00,2.520334378719619e+03,2.520334378719619e+03,-1.110145620661558e+03,8.818616565247752e-01,1.000000000000000e+03,1.000000000000000e+00,
3.782267699988597e-03,0.000000000000000e+00,9.644923539137126e+00,3.066706486144502e+08,3.066583511572824e+08,1.521223249660300e+03,3.782267699988597e-03,0.000000000000000e+00,-1.000000000000000e+03,2.044389007715216e+08,1.229745716783636e+04,3.001442386876253e+05,8.520091210960959e-03,5.487795912403764e+08,0.000000000000000e+00,-1.446009820800782e-07,8.107790761563675e+10,8.107790761563675e+10,-2.422247736063843e+00,3.782267699988597e-03,1.000000000000000e+00,0.000000000000000e+00,2.550037253885072e+03,2.550037253885072e+03,-1.789662700402856e+03,9.644923539137126e+00,1.000000000000000e+03,1.000000000000000e+00,
7.508861225980262e-08,0.000000000000000e+00,-7.506109198637828e-08,2.369905725277140e+03,2.369905725239602e+03,5.921713804013247e+02,7.508861225980262e-08,0.000000000000000e+00,-1.000000000000000e+03,1.579937150159735e+03,3.753821063106661e-08,1.872652701005916e+05,5.341441156124770e-06,8.006535622040792e+08,0.000000000000000e+00,1.710727018933156e-13,3.156145324726277e+10,3.156145324726277e+10,-7.124425921953633e+00,7.508861225980262e-08,1.000000000000000e+00,0.000000000000000e+00,-9.999188192978972e-01,1.000008559886392e+00,-7.088882484588624e-01,7.508251651353944e-08,1.000000000000000e+03,1.000000000000000e+00,
8.081047510048486e-08,0.000000000000000e+00,-7.508420602866332e-08,2.888191637717869e+03,2.888191637681270e+03,6.705771770051789e+02,8.081047510048486e-08,0.000000000000000e+00,-1.000000000000000e+03,1.925461091787513e+03,3.753960371843357e-08,1.992773403894258e+05,5.339356526771238e-06,8.046713798889786e+08,0.000000000000000e+00,-8.062117704377148e-12,3.574031255341476e+10,3.574031255341476e+10,-7.092532339924994e+00,8.081047510048486e-08,1.000000000000000e+00,0.000000000000000e+00,-9.517402410311340e-01,9.999037149121320e-01,-5.303090268140045e-01,7.691058104997592e-08,1.000000000000000e+03,1.000000000000000e+00,
2.196251891348700e-07,0.000000000000000e+00,5.365645218066625e-08,2.435855414368504e+04,2.435855414367848e+04,2.080941060982945e+03,2.196251891348700e-07,0.000000000000000e+00,-1.000000000000000e+03,1.623903609578566e+04,3.651496754228847e-08,3.510455112206715e+05,4.736665949584571e-06,8.452175374358883e+08,0.000000000000000e+00,1.611106525952433e-08,1.109096558533643e+11,1.109096558533643e+11,-6.658317851494623e+00,2.196251891348700e-07,1.000000000000000e+00,0.000000000000000e+00,2.443091905442424e-01,9.481862188449329e-01,1.095980984517474e-01,7.775137582812923e-08,1.000000000000000e+03,1.000000000000000e+00,
2.873766682027061e-06,0.000000000000000e+00,6.270753025719529e-03,2.379155971478815e+05,2.379087555445329e+05,2.110375572974438e+03,2.873766682027061e-06,0.000000000000000e+00,-1.000000000000000e+03,1.586058370296886e+05,6.841603348576988e+00,3.535195290106577e+05,7.194655205730358e-03,8.282033969973384e+08,0.000000000000000e+00,-4.206771720811798e-08,1.124784516527255e+11,1.124784516527255e+11,-5.541548494664371e+00,2.873766682027061e-06,1.000000000000000e+00,0.000000000000000e+00,2.182067550903731e+03,2.182067550903731e+03,5.637038537434182e+02,6.270753025719529e-03,1.000000000000000e+03,1.000000000000000e+00,
3.172008022385803e-05,0.000000000000000e+00,7.783898629025902e-02,2.545259500876938e+06,2.545163995005831e+06,1.551308838498286e+03,3.172008022385803e-05,0.000000000000000e+00,-1.000000000000000e+03,1.696775996670554e+06,9.550587110649815e+01,3.030977187533374e+05,8.218515946710135e-03,7.211449088026427e+08,0.000000000000000e+00,-1.638721104396495e-06,8.268140440212950e+10,8.268140440212949e+10,-4.498665722970613e+00,3.172008022385803e-05,1.000000000000000e+00,0.000000000000000e+00,2.453934092881423e+03,2.453934092881423e+03,-5.714966432886357e+00,7.783898629025902e-02,1.000000000000000e+03,1.000000000000000e+00,
3.498986737516864e-04,0.000000000000000e+00,8.818616565247752e-01,2.800088798342880e+07,2.799977669030369e+07,1.505287920650066e+03,3.498986737516864e-04,0.000000000000000e+00,-1.000000000000000e+03,1.866651779353580e+07,1.111293125107012e+03,2.985680437241234e+05,8.452268458453229e-03,6.342178022846228e+08,0.000000000000000e+00,1.454198999272194e-08,8.022858905992506e+10,8.022858905992508e+10,-3.456057703654321e+00,3.498986737516864e-04,1.000000000000000e+00,0.000000000000000e+00,2.520334378719619e+03,2.520334378719619e+03,-7.849963026280947e+02,8.818616565247752e-01,1.000000000000000e+03,1.000000000000000e+00,
3.782267699988597e-03,0.000000000000000e+00,9.644923539137126e+00,3.066706486144502e+08,3.066583511572824e+08,1.521223249660300e+03,3.782267699988597e-03,0.000000000000000e+00,-1.000000000000000e+03,2.044389007715216e+08,1.229745716783636e+04,3.001442386876253e+05,8.520091210960959e-03,5.487795912403764e+08,0.000000000000000e+00,-1.446009820800782e-07,8.107790761563675e+10,8.107790761563675e+10,-2.422247736063843e+00,3.782267699988597e-03,1.000000000000000e+00,0.000000000000000e+00,2.550037253885072e+03,2.550037253885072e+03,-1.404775509572567e+03,9.644923539137126e+00,1.000000000000000e+03,1.000000000000000e+00,

