1
0
28
0
(64 0
((0,0) (63,63) (0,0))
((448,0) (511,63) (0,0))
((384,0) (447,63) (0,0))
((320,0) (383,63) (0,0))
((256,0) (319,63) (0,0))
((192,0) (255,63) (0,0))
((128,0) (191,63) (0,0))
((64,0) (127,63) (0,0))
((0,448) (63,511) (0,0))
((0,384) (63,447) (0,0))
((0,320) (63,383) (0,0))
((0,256) (63,319) (0,0))
((0,192) (63,255) (0,0))
((0,128) (63,191) (0,0))
((0,64) (63,127) (0,0))
((448,448) (511,511) (0,0))
((448,384) (511,447) (0,0))
((448,320) (511,383) (0,0))
((448,256) (511,319) (0,0))
((448,192) (511,255) (0,0))
((448,128) (511,191) (0,0))
((448,64) (511,127) (0,0))
((384,448) (447,511) (0,0))
((384,384) (447,447) (0,0))
((384,320) (447,383) (0,0))
((384,256) (447,319) (0,0))
((384,192) (447,255) (0,0))
((384,128) (447,191) (0,0))
((384,64) (447,127) (0,0))
((320,448) (383,511) (0,0))
((320,384) (383,447) (0,0))
((320,320) (383,383) (0,0))
((320,256) (383,319) (0,0))
((320,192) (383,255) (0,0))
((320,128) (383,191) (0,0))
((320,64) (383,127) (0,0))
((256,448) (319,511) (0,0))
((256,384) (319,447) (0,0))
((256,320) (319,383) (0,0))
((256,256) (319,319) (0,0))
((256,192) (319,255) (0,0))
((256,128) (319,191) (0,0))
((256,64) (319,127) (0,0))
((192,448) (255,511) (0,0))
((192,384) (255,447) (0,0))
((192,320) (255,383) (0,0))
((192,256) (255,319) (0,0))
((192,192) (255,255) (0,0))
((192,128) (255,191) (0,0))
((192,64) (255,127) (0,0))
((128,448) (191,511) (0,0))
((128,384) (191,447) (0,0))
((128,320) (191,383) (0,0))
((128,256) (191,319) (0,0))
((128,192) (191,255) (0,0))
((128,128) (191,191) (0,0))
((128,64) (191,127) (0,0))
((64,448) (127,511) (0,0))
((64,384) (127,447) (0,0))
((64,320) (127,383) (0,0))
((64,256) (127,319) (0,0))
((64,192) (127,255) (0,0))
((64,128) (127,191) (0,0))
((64,64) (127,127) (0,0))
)
64
FabOnDisk: Cell_D_0000 0
FabOnDisk: Cell_D_0001 0
FabOnDisk: Cell_D_0001 917590
FabOnDisk: Cell_D_0001 1835180
FabOnDisk: Cell_D_0001 2752770
FabOnDisk: Cell_D_0000 917587
FabOnDisk: Cell_D_0000 1835177
FabOnDisk: Cell_D_0000 2752767
FabOnDisk: Cell_D_0002 0
FabOnDisk: Cell_D_0002 917590
FabOnDisk: Cell_D_0002 1835180
FabOnDisk: Cell_D_0002 2752770
FabOnDisk: Cell_D_0000 3670356
FabOnDisk: Cell_D_0000 4587946
FabOnDisk: Cell_D_0000 5505536
FabOnDisk: Cell_D_0003 0
FabOnDisk: Cell_D_0003 917593
FabOnDisk: Cell_D_0003 1835186
FabOnDisk: Cell_D_0003 2752779
FabOnDisk: Cell_D_0001 3670360
FabOnDisk: Cell_D_0001 4587953
FabOnDisk: Cell_D_0001 5505546
FabOnDisk: Cell_D_0003 3670372
FabOnDisk: Cell_D_0003 4587965
FabOnDisk: Cell_D_0003 5505558
FabOnDisk: Cell_D_0003 6423151
FabOnDisk: Cell_D_0001 6423138
FabOnDisk: Cell_D_0001 7340731
FabOnDisk: Cell_D_0001 8258324
FabOnDisk: Cell_D_0003 7340744
FabOnDisk: Cell_D_0003 8258337
FabOnDisk: Cell_D_0003 9175930
FabOnDisk: Cell_D_0003 10093523
FabOnDisk: Cell_D_0001 9175916
FabOnDisk: Cell_D_0001 10093509
FabOnDisk: Cell_D_0001 11011102
FabOnDisk: Cell_D_0003 11011116
FabOnDisk: Cell_D_0003 11928709
FabOnDisk: Cell_D_0003 12846302
FabOnDisk: Cell_D_0003 13763895
FabOnDisk: Cell_D_0001 11928694
FabOnDisk: Cell_D_0001 12846287
FabOnDisk: Cell_D_0001 13763880
FabOnDisk: Cell_D_0002 3670360
FabOnDisk: Cell_D_0002 4587953
FabOnDisk: Cell_D_0002 5505546
FabOnDisk: Cell_D_0002 6423139
FabOnDisk: Cell_D_0000 6423125
FabOnDisk: Cell_D_0000 7340718
FabOnDisk: Cell_D_0000 8258311
FabOnDisk: Cell_D_0002 7340732
FabOnDisk: Cell_D_0002 8258325
FabOnDisk: Cell_D_0002 9175918
FabOnDisk: Cell_D_0002 10093511
FabOnDisk: Cell_D_0000 9175903
FabOnDisk: Cell_D_0000 10093496
FabOnDisk: Cell_D_0000 11011089
FabOnDisk: Cell_D_0002 11011104
FabOnDisk: Cell_D_0002 11928696
FabOnDisk: Cell_D_0002 12846288
FabOnDisk: Cell_D_0002 13763880
FabOnDisk: Cell_D_0000 11928681
FabOnDisk: Cell_D_0000 12846273
FabOnDisk: Cell_D_0000 13763865

64,28
2.443591858941727e-03,0.000000000000000e+00,5.108573737212846e+00,1.965299128884206e+08,1.965245728956691e+08,1.508963078678063e+03,2.443591858941727e-03,0.000000000000000e+00,-1.000000000000000e+03,1.310163819304461e+08,5.339992751457924e+03,2.989322982263278e+05,6.275795047303810e-03,4.216353426249564e+08,0.000000000000000e+00,-7.972112979746271e-08,8.042446703058676e+10,8.042446703058676e+10,-2.611971330430916e+00,2.443591858941727e-03,1.000000000000000e+00,0.000000000000000e+00,2.078617399484957e+03,2.078617399484957e+03,-1.660362440456098e+03,5.108573737212846e+00,1.000000000000000e+03,1.000000000000000e+00,
2.443591858941727e-03,0.000000000000000e+00,5.108573737212846e+00,1.965299128884206e+08,1.965245728956691e+08,1.508963078678063e+03,2.443591858941727e-03,0.000000000000000e+00,-1.000000000000000e+03,1.310163819304461e+08,5.339992751457924e+03,2.989322982263278e+05,6.275795047303810e-03,4.216353426249564e+08,0.000000000000000e+00,-7.972112979746271e-08,8.042446703058676e+10,8.042446703058676e+10,-2.611971330430916e+00,2.443591858941727e-03,1.000000000000000e+00,0.000000000000000e+00,2.078617399484957e+03,2.078617399484957e+03,-1.660362440456098e+03,5.108573737212846e+00,1.000000000000000e+03,1.000000000000000e+00,
2.443591858941727e-03,0.000000000000000e+00,5.108573737212846e+00,1.965299128884206e+08,1.965245728956691e+08,1.508963078678063e+03,2.443591858941727e-03,0.000000000000000e+00,-1.000000000000000e+03,1.310163819304461e+08,5.339992751457924e+03,2.989322982263278e+05,6.275795047303810e-03,4.216353426249564e+08,0.000000000000000e+00,-7.972112979746271e-08,8.042446703058676e+10,8.042446703058676e+10,-2.611971330430916e+00,2.443591858941727e-03,1.000000000000000e+00,0.000000000000000e+00,2.078617399484957e+03,2.078617399484957e+03,-1.857211819904414e+03,5.108573737212846e+00,1.000000000000000e+03,1.000000000000000e+00,
2.443591858941727e-03,0.000000000000000e+00,5.108573737212846e+00,1.965299128884206e+08,1.965245728956691e+08,1.508963078678063e+03,2.443591858941727e-03,0.000000000000000e+00,-1.000000000000000e+03,1.310163819304461e+08,5.339992751457924e+03,2.989322982263278e+05,6.275795047303810e-03,4.216353426249564e+08,0.000000000000000e+00,-7.972112979746271e-08,8.042446703058676e+10,8.042446703058676e+10,-2.611971330430916e+00,2.443591858941727e-03,1.000000000000000e+00,0.000000000000000e+00,2.078617399484957e+03,2.078617399484957e+03,-2.015634395450227e+03,5.108573737212846e+00,1.000000000000000e+03,1.000000000000000e+00,
2.443591858941727e-03,0.000000000000000e+00,5.108573737212846e+00,1.965299128884206e+08,1.965245728956691e+08,1.508963078678063e+03,2.443591858941727e-03,0.000000000000000e+00,-1.000000000000000e+03,1.310163819304461e+08,5.339992751457924e+03,2.989322982263278e+05,6.275795047303810e-03,4.216353426249564e+08,0.000000000000000e+00,-7.972112979746271e-08,8.042446703058676e+10,8.042446703058676e+10,-2.611971330430916e+00,2.443591858941727e-03,1.000000000000000e+00,0.000000000000000e+00,2.078617399484957e+03,2.078617399484957e+03,-2.090593192193501e+03,5.108573737212846e+00,1.000000000000000e+03,1.000000000000000e+00,
2.443591858941727e-03,0.000000000000000e+00,5.108573737212846e+00,1.965299128884206e+08,1.965245728956691e+08,1.508963078678063e+03,2.443591858941727e-03,0.000000000000000e+00,-1.000000000000000e+03,1.310163819304461e+08,5.339992751457924e+03,2.989322982263278e+05,6.275795047303810e-03,4.216353426249564e+08,0.000000000000000e+00,-7.972112979746271e-08,8.042446703058676e+10,8.042446703058676e+10,-2.611971330430916e+00,2.443591858941727e-03,1.000000000000000e+00,0.000000000000000e+00,2.078617399484957e+03,2.078617399484957e+03,-2.090593192193501e+03,5.108573737212846e+00,1.000000000000000e+03,1.000000000000000e+00,
2.443591858941727e-03,0.000000000000000e+00,5.108573737212846e+00,1.965299128884206e+08,1.965245728956691e+08,1.508963078678063e+03,2.443591858941727e-03,0.000000000000000e+00,-1.000000000000000e+03,1.310163819304461e+08,5.339992751457924e+03,2.989322982263278e+05,6.275795047303810e-03,4.216353426249564e+08,0.000000000000000e+00,-7.972112979746271e-08,8.042446703058676e+10,8.042446703058676e+10,-2.611971330430916e+00,2.443591858941727e-03,1.000000000000000e+00,0.000000000000000e+00,2.078617399484957e+03,2.078617399484957e+03,-2.015634395450227e+03,5.108573737212846e+00,1.000000000000000e+03,1.000000000000000e+00,
2.443591858941727e-03,0.000000000000000e+00,5.108573737212846e+00,1.965299128884206e+08,1.965245728956691e+08,1.508963078678063e+03,2.443591858941727e-03,0.000000000000000e+00,-1.000000000000000e+03,1.310163819304461e+08,5.339992751457924e+03,2.989322982263278e+05,6.275795047303810e-03,4.216353426249564e+08,0.000000000000000e+00,-7.972112979746271e-08,8.042446703058676e+10,8.042446703058676e+10,-2.611971330430916e+00,2.443591858941727e-03,1.000000000000000e+00,0.000000000000000e+00,2.078617399484957e+03,2.078617399484957e+03,-1.857211819904414e+03,5.108573737212846e+00,1.000000000000000e+03,1.000000000000000e+00,
7.506086956026098e-08,0.000000000000000e+00,-7.506227337579134e-08,4.594571342914543e+03,4.594571342877012e+03,1.148475751903120e+03,7.506086956026098e-08,0.000000000000000e+00,-1.000000000000000e+03,3.063047561918009e+03,3.753043479061161e-08,2.607921107542029e+05,3.834471822201557e-06,8.359709032050552e+08,0.000000000000000e+00,-1.136868377216160e-18,6.121127252846918e+10,6.121127252846918e+10,-7.124586408707435e+00,7.506086956026098e-08,1.000000000000000e+00,0.000000000000000e+00,-1.000017255744831e+00,1.000000000139554e+00,-7.986851777213488e-01,7.506086957074819e-08,1.000000000000000e+03,1.000000000000000e+00,
7.506099879885101e-08,0.000000000000000e+00,-7.659181559392318e-08,4.594586099698860e+03,4.594586099661328e+03,1.148477463132659e+03,7.506099879885101e-08,0.000000000000000e+00,-1.000000000000000e+03,3.063057399774219e+03,3.753200998622619e-08,2.607923050443289e+05,3.834546132091673e-06,8.359709214406214e+08,0.000000000000000e+00,1.545031745320280e-12,6.121136373330087e+10,6.121136373330087e+10,-7.124585660946870e+00,7.506099879885101e-08,1.000000000000000e+00,0.000000000000000e+00,-1.011601435280044e+00,1.000020124587003e+00,-7.052771589718829e-01,7.506250937045188e-08,1.000000000000000e+03,1.000000000000000e+00,
7.578096812685333e-08,0.000000000000000e+00,-7.809907879506935e-08,4.683718140694676e+03,4.683718140655878e+03,1.159634225868497e+03,7.578096812685333e-08,0.000000000000000e+00,-1.000000000000000e+03,3.122478760437253e+03,1.178847396263056e-08,2.620559631629805e+05,1.295771834620589e-06,8.304621666321409e+08,0.000000000000000e+00,-3.639060062676563e-08,6.180599504634966e+10,6.180599504634966e+10,-7.120439850770389e+00,7.578096812685333e-08,1.000000000000000e+00,0.000000000000000e+00,-1.012428370085372e+00,4.010904289488847e-01,-5.587700497333219e-01,5.161768998685204e-08,1.000000000000000e+03,1.000000000000000e+00,
1.519703369118155e-07,0.000000000000000e+00,-5.921130329639967e-08,1.309176155646607e+04,1.309176155645453e+04,1.531743504715654e+03,1.519703369118155e-07,0.000000000000000e+00,-1.000000000000000e+03,8.727841037636355e+03,4.654862832059016e-11,3.011802975085003e+05,6.317783466000992e-08,7.393361167850473e+08,0.000000000000000e+00,-2.002474650093924e-04,8.163861444657788e+10,8.163861444657788e+10,-6.818241173717740e+00,1.519703369118155e-07,1.000000000000000e+00,0.000000000000000e+00,-3.896240838813068e-01,1.967020339996695e-02,-1.220560682171161e-01,4.732907675033842e-09,1.000000000000000e+03,1.000000000000000e+00,
1.821726038338617e-06,0.000000000000000e+00,2.534632955196394e-03,1.486192299107935e+05,1.486174666477994e+05,1.504306765444787e+03,1.821726038338617e-06,0.000000000000000e+00,-1.000000000000000e+03,9.907831109853295e+04,1.763262994096114e+00,2.984707236908522e+05,4.621254346470336e-03,6.529020479718840e+08,0.000000000000000e+00,-6.875020008277204e-06,8.017629561048692e+10,8.017629561048694e+10,-5.739516934159835e+00,1.821726038338617e-06,1.000000000000000e+00,0.000000000000000e+00,1.391335964823743e+03,1.391335964823743e+03,-6.541755935001597e+02,2.534632955196394e-03,1.000000000000000e+03,1.000000000000000e+00,
2.018989960332803e-05,0.000000000000000e+00,4.228254980940741e-02,1.618668606723309e+06,1.618624331762722e+06,1.501163212670333e+03,2.018989960332803e-05,0.000000000000000e+00,-1.000000000000000e+03,1.079082887841815e+06,4.427496058698384e+01,2.981587031721394e+05,7.016851926300089e-03,5.674177505580760e+08,0.000000000000000e+00,-2.948792894762619e-06,8.000875104956273e+10,8.000875104956273e+10,-4.694865840631846e+00,2.018989960332803e-05,1.000000000000000e+00,0.000000000000000e+00,2.094242697593093e+03,2.094242697593093e+03,-1.183191925984260e+03,4.228254980940741e-02,1.000000000000000e+03,1.000000000000000e+00,
2.231550807273656e-04,0.000000000000000e+00,4.779549883041992e-01,1.785470763094941e+07,1.785419578741419e+07,1.501052848083411e+03,2.231550807273656e-04,0.000000000000000e+00,-1.000000000000000e+03,1.190279719160946e+07,5.118435352228424e+02,2.981477427493595e+05,6.996536961556349e-03,4.826105357614713e+08,0.000000000000000e+00,2.400721351340281e-07,8.000286885588441e+10,8.000286885588440e+10,-3.651393220825514e+00,2.231550807273656e-04,1.000000000000000e+00,0.000000000000000e+00,2.091073674969931e+03,2.091073674969931e+03,-1.474756821811718e+03,4.779549883041992e-01,1.000000000000000e+03,1.000000000000000e+00,
7.506086956026098e-08,0.000000000000000e+00,-7.506227337579134e-08,4.594571342914543e+03,4.594571342877012e+03,1.148475751903120e+03,7.506086956026098e-08,0.000000000000000e+00,-1.000000000000000e+03,3.063047561918009e+03,3.753043479061161e-08,2.607921107542029e+05,3.834471822201557e-06,8.359709032050552e+08,0.000000000000000e+00,-1.136868377216160e-18,6.121127252846918e+10,6.121127252846918e+10,-7.124586408707435e+00,7.506086956026098e-08,1.000000000000000e+00,0.000000000000000e+00,-1.000017255744831e+00,1.000000000139554e+00,-7.986851777213488e-01,7.506086957074819e-08,1.000000000000000e+03,1.000000000000000e+00,
7.506099879885101e-08,0.000000000000000e+00,-7.659181559392318e-08,4.594586099698860e+03,4.594586099661328e+03,1.148477463132659e+03,7.506099879885101e-08,0.000000000000000e+00,-1.000000000000000e+03,3.063057399774219e+03,3.753200998622619e-08,2.607923050443289e+05,3.834546132091673e-06,8.359709214406214e+08,0.000000000000000e+00,1.545031745320280e-12,6.121136373330087e+10,6.121136373330087e+10,-7.124585660946870e+00,7.506099879885101e-08,1.000000000000000e+00,0.000000000000000e+00,-1.011601435280044e+00,1.000020124587003e+00,-7.052771589718829e-01,7.506250937045188e-08,1.000000000000000e+03,1.000000000000000e+00,
7.578096812685333e-08,0.000000000000000e+00,-7.809907879506935e-08,4.683718140694676e+03,4.683718140655878e+03,1.159634225868497e+03,7.578096812685333e-08,0.000000000000000e+00,-1.000000000000000e+03,3.122478760437253e+03,1.178847396263056e-08,2.620559631629805e+05,1.295771834620589e-06,8.304621666321409e+08,0.000000000000000e+00,-3.639060062676563e-08,6.180599504634966e+10,6.180599504634966e+10,-7.120439850770389e+00,7.578096812685333e-08,1.000000000000000e+00,0.000000000000000e+00,-1.012428370085372e+00,4.010904289488847e-01,-5.587700497333219e-01,5.161768998685204e-08,1.000000000000000e+03,1.000000000000000e+00,
1.519703369118155e-07,0.000000000000000e+00,-5.921130329639967e-08,1.309176155646607e+04,1.309176155645453e+04,1.531743504715654e+03,1.519703369118155e-07,0.000000000000000e+00,-1.000000000000000e+03,8.727841037636355e+03,4.654862832059016e-11,3.011802975085003e+05,6.317783466000992e-08,7.393361167850473e+08,0.000000000000000e+00,-2.002474650093924e-04,8.163861444657788e+10,8.163861444657788e+10,-6.818241173717740e+00,1.519703369118155e-07,1.000000000000000e+00,0.000000000000000e+00,-3.896240838813068e-01,1.967020339996695e-02,-1.220560682171161e-01,4.732907675033842e-09,1.000000000000000e+03,1.000000000000000e+00,
1.821726038338617e-06,0.000000000000000e+00,2.534632955196394e-03,1.486192299107935e+05,1.486174666477994e+05,1.504306765444787e+03,1.821726038338617e-06,0.000000000000000e+00,-1.000000000000000e+03,9.907831109853295e+04,1.763262994096114e+00,2.984707236908522e+05,4.621254346470336e-03,6.529020479718840e+08,0.000000000000000e+00,-6.875020008277204e-06,8.017629561048692e+10,8.017629561048694e+10,-5.739516934159835e+00,1.821726038338617e-06,1.000000000000000e+00,0.000000000000000e+00,1.391335964823743e+03,1.391335964823743e+03,-6.541755935001597e+02,2.534632955196394e-03,1.000000000000000e+03,1.000000000000000e+00,
2.018989960332803e-05,0.000000000000000e+00,4.228254980940741e-02,1.618668606723309e+06,1.618624331762722e+06,1.501163212670333e+03,2.018989960332803e-05,0.000000000000000e+00,-1.000000000000000e+03,1.079082887841815e+06,4.427496058698384e+01,2.981587031721394e+05,7.016851926300089e-03,5.674177505580760e+08,0.000000000000000e+00,-2.948792894762619e-06,8.000875104956273e+10,8.000875104956273e+10,-4.694865840631846e+00,2.018989960332803e-05,1.000000000000000e+00,0.000000000000000e+00,2.094242697593093e+03,2.094242697593093e+03,-1.183191925984260e+03,4.228254980940741e-02,1.000000000000000e+03,1.000000000000000e+00,
2.231550807273656e-04,0.000000000000000e+00,4.779549883041992e-01,1.785470763094941e+07,1.785419578741419e+07,1.501052848083411e+03,2.231550807273656e-04,0.000000000000000e+00,-1.000000000000000e+03,1.190279719160946e+07,5.118435352228424e+02,2.981477427493595e+05,6.996536961556349e-03,4.826105357614713e+08,0.000000000000000e+00,2.400721351340281e-07,8.000286885588441e+10,8.000286885588440e+10,-3.651393220825514e+00,2.231550807273656e-04,1.000000000000000e+00,0.000000000000000e+00,2.091073674969931e+03,2.091073674969931e+03,-1.474756821811718e+03,4.779549883041992e-01,1.000000000000000e+03,1.000000000000000e+00,
7.506086956026098e-08,0.000000000000000e+00,-7.506227337579134e-08,4.594571342914543e+03,4.594571342877012e+03,1.148475751903120e+03,7.506086956026098e-08,0.000000000000000e+00,-1.000000000000000e+03,3.063047561918009e+03,3.753043479061161e-08,2.607921107542029e+05,3.834471822201557e-06,8.359709032050552e+08,0.000000000000000e+00,-1.136868377216160e-18,6.121127252846918e+10,6.121127252846918e+10,-7.124586408707435e+00,7.506086956026098e-08,1.000000000000000e+00,0.000000000000000e+00,-1.000017255744831e+00,1.000000000139554e+00,-8.933757571865332e-01,7.506086957074819e-08,1.000000000000000e+03,1.000000000000000e+00,
7.506099879885101e-08,0.000000000000000e+00,-7.659181559392318e-08,4.594586099698860e+03,4.594586099661328e+03,1.148477463132659e+03,7.506099879885101e-08,0.000000000000000e+00,-1.000000000000000e+03,3.063057399774219e+03,3.753200998622619e-08,2.607923050443289e+05,3.834546132091673e-06,8.359709214406214e+08,0.000000000000000e+00,1.545031745320280e-12,6.121136373330087e+10,6.121136373330087e+10,-7.124585660946870e+00,7.506099879885101e-08,1.000000000000000e+00,0.000000000000000e+00,-1.011601435280044e+00,1.000020124587003e+00,-8.303954824937938e-01,7.506250937045188e-08,1.000000000000000e+03,1.000000000000000e+00,
7.578096812685333e-08,0.000000000000000e+00,-7.809907879506935e-08,4.683718140694676e+03,4.683718140655878e+03,1.159634225868497e+03,7.578096812685333e-08,0.000000000000000e+00,-1.000000000000000e+03,3.122478760437253e+03,1.178847396263056e-08,2.620559631629805e+05,1.295771834620589e-06,8.304621666321409e+08,0.000000000000000e+00,-3.639060062676563e-08,6.180599504634966e+10,6.180599504634966e+10,-7.120439850770389e+00,7.578096812685333e-08,1.000000000000000e+00,0.000000000000000e+00,-1.012428370085372e+00,4.010904289488847e-01,-7.127206846707592e-01,5.161768998685204e-08,1.000000000000000e+03,1.000000000000000e+00,
1.519703369118155e-07,0.000000000000000e+00,-5.921130329639967e-08,1.309176155646607e+04,1.309176155645453e+04,1.531743504715654e+03,1.519703369118155e-07,0.000000000000000e+00,-1.000000000000000e+03,8.727841037636355e+03,4.654862832059016e-11,3.011802975085003e+05,6.317783466000992e-08,7.393361167850473e+08,0.000000000000000e+00,-2.002474650093924e-04,8.163861444657788e+10,8.163861444657788e+10,-6.818241173717740e+00,1.519703369118155e-07,1.000000000000000e+00,0.000000000000000e+00,-3.896240838813068e-01,1.967020339996695e-02,-1.726122967987681e-01,4.732907675033842e-09,1.000000000000000e+03,1.000000000000000e+00,
1.821726038338617e-06,0.000000000000000e+00,2.534632955196394e-03,1.486192299107935e+05,1.486174666477994e+05,1.504306765444787e+03,1.821726038338617e-06,0.000000000000000e+00,-1.000000000000000e+03,9.907831109853295e+04,1.763262994096114e+00,2.984707236908522e+05,4.621254346470336e-03,6.529020479718840e+08,0.000000000000000e+00,-6.875020008277204e-06,8.017629561048692e+10,8.017629561048694e+10,-5.739516934159835e+00,1.821726038338617e-06,1.000000000000000e+00,0.000000000000000e+00,1.391335964823743e+03,1.391335964823743e+03,-9.251383675811788e+02,2.534632955196394e-03,1.000000000000000e+03,1.000000000000000e+00,
2.018989960332803e-05,0.000000000000000e+00,4.228254980940741e-02,1.618668606723309e+06,1.618624331762722e+06,1.501163212670333e+03,2.018989960332803e-05,0.000000000000000e+00,-1.000000000000000e+03,1.079082887841815e+06,4.427496058698384e+01,2.981587031721394e+05,7.016851926300089e-03,5.674177505580760e+08,0.000000000000000e+00,-2.948792894762619e-06,8.000875104956273e+10,8.000875104956273e+10,-4.694865840631846e+00,2.018989960332803e-05,1.000000000000000e+00,0.000000000000000e+00,2.094242697593093e+03,2.094242697593093e+03,-1.509181388635417e+03,4.228254980940741e-02,1.000000000000000e+03,1.000000000000000e+00,
2.231550807273656e-04,0.000000000000000e+00,4.779549883041992e-01,1.785470763094941e+07,1.785419578741419e+07,1.501052848083411e+03,2.231550807273656e-04,0.000000000000000e+00,-1.000000000000000e+03,1.190279719160946e+07,5.118435352228424e+02,2.981477427493595e+05,6.996536961556349e-03,4.826105357614713e+08,0.000000000000000e+00,2.400721351340281e-07,8.000286885588441e+10,8.000286885588440e+10,-3.651393220825514e+00,2.231550807273656e-04,1.000000000000000e+00,0.000000000000000e+00,2.091073674969931e+03,2.091073674969931e+03,-1.736383189262163e+03,4.779549883041992e-01,1.000000000000000e+03,1.000000000000000e+00,
7.506086956026098e-08,0.000000000000000e+00,-7.506227337579134e-08,4.594571342914543e+03,4.594571342877012e+03,1.148475751903120e+03,7.506086956026098e-08,0.000000000000000e+00,-1.000000000000000e+03,3.063047561918009e+03,3.753043479061161e-08,2.607921107542029e+05,3.834471822201557e-06,8.359709032050552e+08,0.000000000000000e+00,-1.136868377216160e-18,6.121127252846918e+10,6.121127252846918e+10,-7.124586408707435e+00,7.506086956026098e-08,1.000000000000000e+00,0.000000000000000e+00,-1.000017255744831e+00,1.000000000139554e+00,-9.695818672633937e-01,7.506086957074819e-08,1.000000000000000e+03,1.000000000000000e+00,
7.506099879885101e-08,0.000000000000000e+00,-7.659181559392318e-08,4.594586099698860e+03,4.594586099661328e+03,1.148477463132659e+03,7.506099879885101e-08,0.000000000000000e+00,-1.000000000000000e+03,3.063057399774219e+03,3.753200998622619e-08,2.607923050443289e+05,3.834546132091673e-06,8.359709214406214e+08,0.000000000000000e+00,1.545031745320280e-12,6.121136373330087e+10,6.121136373330087e+10,-7.124585660946870e+00,7.506099879885101e-08,1.000000000000000e+00,0.000000000000000e+00,-1.011601435280044e+00,1.000020124587003e+00,-9.477079697617221e-01,7.506250937045188e-08,1.000000000000000e+03,1.000000000000000e+00,
7.578096812685333e-08,0.000000000000000e+00,-7.809907879506935e-08,4.683718140694676e+03,4.683718140655878e+03,1.159634225868497e+03,7.578096812685333e-08,0.000000000000000e+00,-1.000000000000000e+03,3.122478760437253e+03,1.178847396263056e-08,2.620559631629805e+05,1.295771834620589e-06,8.304621666321409e+08,0.000000000000000e+00,-3.639060062676563e-08,6.180599504634966e+10,6.180599504634966e+10,-7.120439850770389e+00,7.578096812685333e-08,1.000000000000000e+00,0.000000000000000e+00,-1.012428370085372e+00,4.010904289488847e-01,-9.029360598907060e-01,5.161768998685204e-08,1.000000000000000e+03,1.000000000000000e+00,
1.519703369118155e-07,0.000000000000000e+00,-5.921130329639967e-08,1.309176155646607e+04,1.309176155645453e+04,1.531743504715654e+03,1.519703369118155e-07,0.000000000000000e+00,-1.000000000000000e+03,8.727841037636355e+03,4.654862832059016e-11,3.011802975085003e+05,6.317783466000992e-08,7.393361167850473e+08,0.000000000000000e+00,-2.002474650093924e-04,8.163861444657788e+10,8.163861444657788e+10,-6.818241173717740e+00,1.519703369118155e-07,1.000000000000000e+00,0.000000000000000e+00,-3.896240838813068e-01,1.967020339996695e-02,-2.733451008117403e-01,4.732907675033842e-09,1.000000000000000e+03,1.000000000000000e+00,
1.821726038338617e-06,0.000000000000000e+00,2.534632955196394e-03,1.486192299107935e+05,1.486174666477994e+05,1.504306765444787e+03,1.821726038338617e-06,0.000000000000000e+00,-1.000000000000000e+03,9.907831109853295e+04,1.763262994096114e+00,2.984707236908522e+05,4.621254346470336e-03,6.529020479718840e+08,0.000000000000000e+00,-6.875020008277204e-06,8.017629561048692e+10,8.017629561048694e+10,-5.739516934159835e+00,1.821726038338617e-06,1.000000000000000e+00,0.000000000000000e+00,1.391335964823743e+03,1.391335964823743e+03,-1.465029114618044e+03,2.534632955196394e-03,1.000000000000000e+03,1.000000000000000e+00,
2.018989960332803e-05,0.000000000000000e+00,4.228254980940741e-02,1.618668606723309e+06,1.618624331762722e+06,1.501163212670333e+03,2.018989960332803e-05,0.000000000000000e+00,-1.000000000000000e+03,1.079082887841815e+06,4.427496058698384e+01,2.981587031721394e+05,7.016851926300089e-03,5.674177505580760e+08,0.000000000000000e+00,-2.948792894762619e-06,8.000875104956273e+10,8.000875104956273e+10,-4.694865840631846e+00,2.018989960332803e-05,1.000000000000000e+00,0.000000000000000e+00,2.094242697593093e+03,2.094242697593093e+03,-1.911961201665339e+03,4.228254980940741e-02,1.000000000000000e+03,1.000000000000000e+00,
2.231550807273656e-04,0.000000000000000e+00,4.779549883041992e-01,1.785470763094941e+07,1.785419578741419e+07,1.501052848083411e+03,2.231550807273656e-04,0.000000000000000e+00,-1.000000000000000e+03,1.190279719160946e+07,5.118435352228424e+02,2.981477427493595e+05,6.996536961556349e-03,4.826105357614713e+08,0.000000000000000e+00,2.400721351340281e-07,8.000286885588441e+10,8.000286885588440e+10,-3.651393220825514e+00,2.231550807273656e-04,1.000000000000000e+00,0.000000000000000e+00,2.091073674969931e+03,2.091073674969931e+03,-1.981687306489324e+03,4.779549883041992e-01,1.000000000000000e+03,1.000000000000000e+00,
7.506086956026098e-08,0.000000000000000e+00,-7.506227337579134e-08,4.594571342914543e+03,4.594571342877012e+03,1.148475751903120e+03,7.506086956026098e-08,0.000000000000000e+00,-1.000000000000000e+03,3.063047561918009e+03,3.753043479061161e-08,2.607921107542029e+05,3.834471822201557e-06,8.359709032050552e+08,0.000000000000000e+00,-1.136868377216160e-18,6.121127252846918e+10,6.121127252846918e+10,-7.124586408707435e+00,7.506086956026098e-08,1.000000000000000e+00,0.000000000000000e+00,-1.000017255744831e+00,1.000000000139554e+00,-1.000013882453565e+00,7.506086957074819e-08,1.000000000000000e+03,1.000000000000000e+00,
7.506099879885101e-08,0.000000000000000e+00,-7.659181559392318e-08,4.594586099698860e+03,4.594586099661328e+03,1.148477463132659e+03,7.506099879885101e-08,0.000000000000000e+00,-1.000000000000000e+03,3.063057399774219e+03,3.753200998622619e-08,2.607923050443289e+05,3.834546132091673e-06,8.359709214406214e+08,0.000000000000000e+00,1.545031745320280e-12,6.121136373330087e+10,6.121136373330087e+10,-7.124585660946870e+00,7.506099879885101e-08,1.000000000000000e+00,0.000000000000000e+00,-1.011601435280044e+00,1.000020124587003e+00,-1.011593777405219e+00,7.506250937045188e-08,1.000000000000000e+03,1.000000000000000e+00,
7.578096812685333e-08,0.000000000000000e+00,-7.809907879506935e-08,4.683718140694676e+03,4.683718140655878e+03,1.159634225868497e+03,7.578096812685333e-08,0.000000000000000e+00,-1.000000000000000e+03,3.122478760437253e+03,1.178847396263056e-08,2.620559631629805e+05,1.295771834620589e-06,8.304621666321409e+08,0.000000000000000e+00,-3.639060062676563e-08,6.180599504634966e+10,6.180599504634966e+10,-7.120439850770389e+00,7.578096812685333e-08,1.000000000000000e+00,0.000000000000000e+00,-1.012428370085372e+00,4.010904289488847e-01,-1.012420072818377e+00,5.161768998685204e-08,1.000000000000000e+03,1.000000000000000e+00,
1.519703369118155e-07,0.000000000000000e+00,-5.921130329639967e-08,1.309176155646607e+04,1.309176155645453e+04,1.531743504715654e+03,1.519703369118155e-07,0.000000000000000e+00,-1.000000000000000e+03,8.727841037636355e+03,4.654862832059016e-11,3.011802975085003e+05,6.317783466000992e-08,7.393361167850473e+08,0.000000000000000e+00,-2.002474650093924e-04,8.163861444657788e+10,8.163861444657788e+10,-6.818241173717740e+00,1.519703369118155e-07,1.000000000000000e+00,0.000000000000000e+00,-3.896240838813068e-01,1.967020339996695e-02,-3.896120060721661e-01,4.732907675033842e-09,1.000000000000000e+03,1.000000000000000e+00,
1.821726038338617e-06,0.000000000000000e+00,2.534632955196394e-03,1.486192299107935e+05,1.486174666477994e+05,1.504306765444787e+03,1.821726038338617e-06,0.000000000000000e+00,-1.000000000000000e+03,9.907831109853295e+04,1.763262994096114e+00,2.984707236908522e+05,4.621254346470336e-03,6.529020479718840e+08,0.000000000000000e+00,-6.875020008277204e-06,8.017629561048692e+10,8.017629561048694e+10,-5.739516934159835e+00,1.821726038338617e-06,1.000000000000000e+00,0.000000000000000e+00,1.391335964823743e+03,1.391335964823743e+03,-2.088176925817979e+03,2.534632955196394e-03,1.000000000000000e+03,1.000000000000000e+00,
2.018989960332803e-05,0.000000000000000e+00,4.228254980940741e-02,1.618668606723309e+06,1.618624331762722e+06,1.501163212670333e+03,2.018989960332803e-05,0.000000000000000e+00,-1.000000000000000e+03,1.079082887841815e+06,4.427496058698384e+01,2.981587031721394e+05,7.016851926300089e-03,5.674177505580760e+08,0.000000000000000e+00,-2.948792894762619e-06,8.000875104956273e+10,8.000875104956273e+10,-4.694865840631846e+00,2.018989960332803e-05,1.000000000000000e+00,0.000000000000000e+00,2.094242697593093e+03,2.094242697593093e+03,-2.178812956429792e+03,4.228254980940741e-02,1.000000000000000e+03,1.000000000000000e+00,
2.231550807273656e-04,0.000000000000000e+00,4.779549883041992e-01,1.785470763094941e+07,1.785419578741419e+07,1.501052848083411e+03,2.231550807273656e-04,0.000000000000000e+00,-1.000000000000000e+03,1.190279719160946e+07,5.118435352228424e+02,2.981477427493595e+05,6.996536961556349e-03,4.826105357614713e+08,0.000000000000000e+00,2.400721351340281e-07,8.000286885588441e+10,8.000286885588440e+10,-3.651393220825514e+00,2.231550807273656e-04,1.000000000000000e+00,0.000000000000000e+00,2.091073674969931e+03,2.091073674969931e+03,-2.141790223204975e+03,4.779549883041992e-01,1.000000000000000e+03,1.000000000000000e+00,
7.506086956026098e-08,0.000000000000000e+00,-7.506227337579134e-08,4.594571342914543e+03,4.594571342877012e+03,1.148475751903120e+03,7.506086956026098e-08,0.000000000000000e+00,-1.000000000000000e+03,3.063047561918009e+03,3.753043479061161e-08,2.607921107542029e+05,3.834471822201557e-06,8.359709032050552e+08,0.000000000000000e+00,-1.136868377216160e-18,6.121127252846918e+10,6.121127252846918e+10,-7.124586408707435e+00,7.506086956026098e-08,1.000000000000000e+00,0.000000000000000e+00,-1.000017255744831e+00,1.000000000139554e+00,-1.000013882453565e+00,7.506086957074819e-08,1.000000000000000e+03,1.000000000000000e+00,
7.506099879885101e-08,0.000000000000000e+00,-7.659181559392318e-08,4.594586099698860e+03,4.594586099661328e+03,1.148477463132659e+03,7.506099879885101e-08,0.000000000000000e+00,-1.000000000000000e+03,3.063057399774219e+03,3.753200998622619e-08,2.607923050443289e+05,3.834546132091673e-06,8.359709214406214e+08,0.000000000000000e+00,1.545031745320280e-12,6.121136373330087e+10,6.121136373330087e+10,-7.124585660946870e+00,7.506099879885101e-08,1.000000000000000e+00,0.000000000000000e+00,-1.011601435280044e+00,1.000020124587003e+00,-1.011593777405219e+00,7.506250937045188e-08,1.000000000000000e+03,1.000000000000000e+00,
7.578096812685333e-08,0.000000000000000e+00,-7.809907879506935e-08,4.683718140694676e+03,4.683718140655878e+03,1.159634225868497e+03,7.578096812685333e-08,0.000000000000000e+00,-1.000000000000000e+03,3.122478760437253e+03,1.178847396263056e-08,2.620559631629805e+05,1.295771834620589e-06,8.304621666321409e+08,0.000000000000000e+00,-3.639060062676563e-08,6.180599504634966e+10,6.180599504634966e+10,-7.120439850770389e+00,7.578096812685333e-08,1.000000000000000e+00,0.000000000000000e+00,-1.012428370085372e+00,4.010904289488847e-01,-1.012420072818377e+00,5.161768998685204e-08,1.000000000000000e+03,1.000000000000000e+00,
1.519703369118155e-07,0.000000000000000e+00,-5.921130329639967e-08,1.309176155646607e+04,1.309176155645453e+04,1.531743504715654e+03,1.519703369118155e-07,0.000000000000000e+00,-1.000000000000000e+03,8.727841037636355e+03,4.654862832059016e-11,3.011802975085003e+05,6.317783466000992e-08,7.393361167850473e+08,0.000000000000000e+00,-2.002474650093924e-04,8.163861444657788e+10,8.163861444657788e+10,-6.818241173717740e+00,1.519703369118155e-07,1.000000000000000e+00,0.000000000000000e+00,-3.896240838813068e-01,1.967020339996695e-02,-3.896120060721661e-01,4.732907675033842e-09,1.000000000000000e+03,1.000000000000000e+00,
1.821726038338617e-06,0.000000000000000e+00,2.534632955196394e-03,1.486192299107935e+05,1.486174666477994e+05,1.504306765444787e+03,1.821726038338617e-06,0.000000000000000e+00,-1.000000000000000e+03,9.907831109853295e+04,1.763262994096114e+00,2.984707236908522e+05,4.621254346470336e-03,6.529020479718840e+08,0.000000000000000e+00,-6.875020008277204e-06,8.017629561048692e+10,8.017629561048694e+10,-5.739516934159835e+00,1.821726038338617e-06,1.000000000000000e+00,0.000000000000000e+00,1.391335964823743e+03,1.391335964823743e+03,-2.088176925817979e+03,2.534632955196394e-03,1.000000000000000e+03,1.000000000000000e+00,
2.018989960332803e-05,0.000000000000000e+00,4.228254980940741e-02,1.618668606723309e+06,1.618624331762722e+06,1.501163212670333e+03,2.018989960332803e-05,0.000000000000000e+00,-1.000000000000000e+03,1.079082887841815e+06,4.427496058698384e+01,2.981587031721394e+05,7.016851926300089e-03,5.674177505580760e+08,0.000000000000000e+00,-2.948792894762619e-06,8.000875104956273e+10,8.000875104956273e+10,-4.694865840631846e+00,2.018989960332803e-05,1.000000000000000e+00,0.000000000000000e+00,2.094242697593093e+03,2.094242697593093e+03,-2.178812956429792e+03,4.228254980940741e-02,1.000000000000000e+03,1.000000000000000e+00,
2.231550807273656e-04,0.000000000000000e+00,4.779549883041992e-01,1.785470763094941e+07,1.785419578741419e+07,1.501052848083411e+03,2.231550807273656e-04,0.000000000000000e+00,-1.000000000000000e+03,1.190279719160946e+07,5.118435352228424e+02,2.981477427493595e+05,6.996536961556349e-03,4.826105357614713e+08,0.000000000000000e+00,2.400721351340281e-07,8.000286885588441e+10,8.000286885588440e+10,-3.651393220825514e+00,2.231550807273656e-04,1.000000000000000e+00,0.000000000000000e+00,2.091073674969931e+03,2.091073674969931e+03,-2.141790223204975e+03,4.779549883041992e-01,1.000000000000000e+03,1.000000000000000e+00,
7.506086956026098e-08,0.000000000000000e+00,-7.506227337579134e-08,4.594571342914543e+03,4.594571342877012e+03,1.148475751903120e+03,7.506086956026098e-08,0.000000000000000e+00,-1.000000000000000e+03,3.063047561918009e+03,3.753043479061161e-08,2.607921107542029e+05,3.834471822201557e-06,8.359709032050552e+08,0.000000000000000e+00,-1.136868377216160e-18,6.121127252846918e+10,6.121127252846918e+10,-7.124586408707435e+00,7.506086956026098e-08,1.000000000000000e+00,0.000000000000000e+00,-1.000017255744831e+00,1.000000000139554e+00,-9.695818672633937e-01,7.506086957074819e-08,1.000000000000000e+03,1.000000000000000e+00,
7.506099879885101e-08,0.000000000000000e+00,-7.659181559392318e-08,4.594586099698860e+03,4.594586099661328e+03,1.148477463132659e+03,7.506099879885101e-08,0.000000000000000e+00,-1.000000000000000e+03,3.063057399774219e+03,3.753200998622619e-08,2.607923050443289e+05,3.834546132091673e-06,8.359709214406214e+08,0.000000000000000e+00,1.545031745320280e-12,6.121136373330087e+10,6.121136373330087e+10,-7.124585660946870e+00,7.506099879885101e-08,1.000000000000000e+00,0.000000000000000e+00,-1.011601435280044e+00,1.000020124587003e+00,-9.477079697617221e-01,7.506250937045188e-08,1.000000000000000e+03,1.000000000000000e+00,
7.578096812685333e-08,0.000000000000000e+00,-7.809907879506935e-08,4.683718140694676e+03,4.683718140655878e+03,1.159634225868497e+03,7.578096812685333e-08,0.000000000000000e+00,-1.000000000000000e+03,3.122478760437253e+03,1.178847396263056e-08,2.620559631629805e+05,1.295771834620589e-06,8.304621666321409e+08,0.000000000000000e+00,-3.639060062676563e-08,6.180599504634966e+10,6.180599504634966e+10,-7.120439850770389e+00,7.578096812685333e-08,1.000000000000000e+00,0.000000000000000e+00,-1.012428370085372e+00,4.010904289488847e-01,-9.029360598907060e-01,5.161768998685204e-08,1.000000000000000e+03,1.000000000000000e+00,
1.519703369118155e-07,0.000000000000000e+00,-5.921130329639967e-08,1.309176155646607e+04,1.309176155645453e+04,1.531743504715654e+03,1.519703369118155e-07,0.000000000000000e+00,-1.000000000000000e+03,8.727841037636355e+03,4.654862832059016e-11,3.011802975085003e+05,6.317783466000992e-08,7.393361167850473e+08,0.000000000000000e+00,-2.002474650093924e-04,8.163861444657788e+10,8.163861444657788e+10,-6.818241173717740e+00,1.519703369118155e-07,1.000000000000000e+00,0.000000000000000e+00,-3.896240838813068e-01,1.967020339996695e-02,-2.733451008117403e-01,4.732907675033842e-09,1.000000000000000e+03,1.000000000000000e+00,
1.821726038338617e-06,0.000000000000000e+00,2.534632955196394e-03,1.486192299107935e+05,1.486174666477994e+05,1.504306765444787e+03,1.821726038338617e-06,0.000000000000000e+00,-1.000000000000000e+03,9.907831109853295e+04,1.763262994096114e+00,2.984707236908522e+05,4.621254346470336e-03,6.529020479718840e+08,0.000000000000000e+00,-6.875020008277204e-06,8.017629561048692e+10,8.017629561048694e+10,-5.739516934159835e+00,1.821726038338617e-06,1.000000000000000e+00,0.000000000000000e+00,1.391335964823743e+03,1.391335964823743e+03,-1.465029114618044e+03,2.534632955196394e-03,1.000000000000000e+03,1.000000000000000e+00,
2.018989960332803e-05,0.000000000000000e+00,4.228254980940741e-02,1.618668606723309e+06,1.618624331762722e+06,1.501163212670333e+03,2.018989960332803e-05,0.000000000000000e+00,-1.000000000000000e+03,1.079082887841815e+06,4.427496058698384e+01,2.981587031721394e+05,7.016851926300089e-03,5.674177505580760e+08,0.000000000000000e+00,-2.948792894762619e-06,8.000875104956273e+10,8.000875104956273e+10,-4.694865840631846e+00,2.018989960332803e-05,1.000000000000000e+00,0.000000000000000e+00,2.094242697593093e+03,2.094242697593093e+03,-1.911961201665339e+03,4.228254980940741e-02,1.000000000000000e+03,1.000000000000000e+00,
2.231550807273656e-04,0.000000000000000e+00,4.779549883041992e-01,1.785470763094941e+07,1.785419578741419e+07,1.501052848083411e+03,2.231550807273656e-04,0.000000000000000e+00,-1.000000000000000e+03,1.190279719160946e+07,5.118435352228424e+02,2.981477427493595e+05,6.996536961556349e-03,4.826105357614713e+08,0.000000000000000e+00,2.400721351340281e-07,8.000286885588441e+10,8.000286885588440e+10,-3.651393220825514e+00,2.231550807273656e-04,1.000000000000000e+00,0.000000000000000e+00,2.091073674969931e+03,2.091073674969931e+03,-1.981687306489324e+03,4.779549883041992e-01,1.000000000000000e+03,1.000000000000000e+00,
7.506086956026098e-08,0.000000000000000e+00,-7.506227337579134e-08,4.594571342914543e+03,4.594571342877012e+03,1.148475751903120e+03,7.506086956026098e-08,0.000000000000000e+00,-1.000000000000000e+03,3.063047561918009e+03,3.753043479061161e-08,2.607921107542029e+05,3.834471822201557e-06,8.359709032050552e+08,0.000000000000000e+00,-1.136868377216160e-18,6.121127252846918e+10,6.121127252846918e+10,-7.124586408707435e+00,7.506086956026098e-08,1.000000000000000e+00,0.000000000000000e+00,-1.000017255744831e+00,1.000000000139554e+00,-8.933757571865332e-01,7.506086957074819e-08,1.000000000000000e+03,1.000000000000000e+00,
7.506099879885101e-08,0.000000000000000e+00,-7.659181559392318e-08,4.594586099698860e+03,4.594586099661328e+03,1.148477463132659e+03,7.506099879885101e-08,0.000000000000000e+00,-1.000000000000000e+03,3.063057399774219e+03,3.753200998622619e-08,2.607923050443289e+05,3.834546132091673e-06,8.359709214406214e+08,0.000000000000000e+00,1.545031745320280e-12,6.121136373330087e+10,6.121136373330087e+10,-7.124585660946870e+00,7.506099879885101e-08,1.000000000000000e+00,0.000000000000000e+00,-1.011601435280044e+00,1.000020124587003e+00,-8.303954824937938e-01,7.506250937045188e-08,1.000000000000000e+03,1.000000000000000e+00,
7.578096812685333e-08,0.000000000000000e+00,-7.809907879506935e-08,4.683718140694676e+03,4.683718140655878e+03,1.159634225868497e+03,7.578096812685333e-08,0.000000000000000e+00,-1.000000000000000e+03,3.122478760437253e+03,1.178847396263056e-08,2.620559631629805e+05,1.295771834620589e-06,8.304621666321409e+08,0.000000000000000e+00,-3.639060062676563e-08,6.180599504634966e+10,6.180599504634966e+10,-7.120439850770389e+00,7.578096812685333e-08,1.000000000000000e+00,0.000000000000000e+00,-1.012428370085372e+00,4.010904289488847e-01,-7.127206846707592e-01,5.161768998685204e-08,1.000000000000000e+03,1.000000000000000e+00,
1.519703369118155e-07,0.000000000000000e+00,-5.921130329639967e-08,1.309176155646607e+04,1.309176155645453e+04,1.531743504715654e+03,1.519703369118155e-07,0.000000000000000e+00,-1.000000000000000e+03,8.727841037636355e+03,4.654862832059016e-11,3.011802975085003e+05,6.317783466000992e-08,7.393361167850473e+08,0.000000000000000e+00,-2.002474650093924e-04,8.163861444657788e+10,8.163861444657788e+10,-6.818241173717740e+00,1.519703369118155e-07,1.000000000000000e+00,0.000000000000000e+00,-3.896240838813068e-01,1.967020339996695e-02,-1.726122967987681e-01,4.732907675033842e-09,1.000000000000000e+03,1.000000000000000e+00,
1.821726038338617e-06,0.000000000000000e+00,2.534632955196394e-03,1.486192299107935e+05,1.486174666477994e+05,1.504306765444787e+03,1.821726038338617e-06,0.000000000000000e+00,-1.000000000000000e+03,9.907831109853295e+04,1.763262994096114e+00,2.984707236908522e+05,4.621254346470336e-03,6.529020479718840e+08,0.000000000000000e+00,-6.875020008277204e-06,8.017629561048692e+10,8.017629561048694e+10,-5.739516934159835e+00,1.821726038338617e-06,1.000000000000000e+00,0.000000000000000e+00,1.391335964823743e+03,1.391335964823743e+03,-9.251383675811788e+02,2.534632955196394e-03,1.000000000000000e+03,1.000000000000000e+00,
2.018989960332803e-05,0.000000000000000e+00,4.228254980940741e-02,1.618668606723309e+06,1.618624331762722e+06,1.501163212670333e+03,2.018989960332803e-05,0.000000000000000e+00,-1.000000000000000e+03,1.079082887841815e+06,4.427496058698384e+01,2.981587031721394e+05,7.016851926300089e-03,5.674177505580760e+08,0.000000000000000e+00,-2.948792894762619e-06,8.000875104956273e+10,8.000875104956273e+10,-4.694865840631846e+00,2.018989960332803e-05,1.000000000000000e+00,0.000000000000000e+00,2.094242697593093e+03,2.094242697593093e+03,-1.509181388635417e+03,4.228254980940741e-02,1.000000000000000e+03,1.000000000000000e+00,
2.231550807273656e-04,0.000000000000000e+00,4.779549883041992e-01,1.785470763094941e+07,1.785419578741419e+07,1.501052848083411e+03,2.231550807273656e-04,0.000000000000000e+00,-1.000000000000000e+03,1.190279719160946e+07,5.118435352228424e+02,2.981477427493595e+05,6.996536961556349e-03,4.826105357614713e+08,0.000000000000000e+00,2.400721351340281e-07,8.000286885588441e+10,8.000286885588440e+10,-3.651393220825514e+00,2.231550807273656e-04,1.000000000000000e+00,0.000000000000000e+00,2.091073674969931e+03,2.091073674969931e+03,-1.736383189262163e+03,4.779549883041992e-01,1.000000000000000e+03,1.000000000000000e+00,

64,28
1.781876770811465e-02,0.000000000000000e+00,3.704289683506674e+01,1.758615161290292e+09,1.758576657611799e+09,1.853360553116890e+03,1.781876770811465e-02,0.000000000000000e+00,-1.000000000000000e+03,1.172384438407866e+09,3.850367849255115e+04,3.312939400090994e+05,6.993557593741577e-03,4.813200093001730e+08,2.500000000000000e-07,5.194840710010368e-04,9.878010721807744e+10,9.878010721807745e+10,-1.749122333748701e+00,1.781876770811465e-02,1.000000000000000e+00,0.000000000000000e+00,2.090600244275357e+03,2.090600244275357e+03,-1.258016828865084e+03,3.704289683506674e+01,1.000000000000000e+03,1.000000000000000e+00,
1.781876770811465e-02,0.000000000000000e+00,3.704289683506674e+01,1.758615161290292e+09,1.758576657611799e+09,1.853360553116890e+03,1.781876770811465e-02,0.000000000000000e+00,-1.000000000000000e+03,1.172384438407866e+09,3.850367849255115e+04,3.312939400090994e+05,6.993557593741577e-03,4.813200093001730e+08,2.500000000000000e-07,5.194840710010368e-04,9.878010721807744e+10,9.878010721807745e+10,-1.749122333748701e+00,1.781876770811465e-02,1.000000000000000e+00,0.000000000000000e+00,2.090600244275357e+03,2.090600244275357e+03,-1.258016828865084e+03,3.704289683506674e+01,1.000000000000000e+03,1.000000000000000e+00,
1.781876770811465e-02,0.000000000000000e+00,3.704289683506674e+01,1.758615161290292e+09,1.758576657611799e+09,1.853360553116890e+03,1.781876770811465e-02,0.000000000000000e+00,-1.000000000000000e+03,1.172384438407866e+09,3.850367849255115e+04,3.312939400090994e+05,6.993557593741577e-03,4.813200093001730e+08,2.500000000000000e-07,5.194840710010368e-04,9.878010721807744e+10,9.878010721807745e+10,-1.749122333748701e+00,1.781876770811465e-02,1.000000000000000e+00,0.000000000000000e+00,2.090600244275357e+03,2.090600244275357e+03,-1.482122265118112e+03,3.704289683506674e+01,1.000000000000000e+03,1.000000000000000e+00,
1.781876770811465e-02,0.000000000000000e+00,3.704289683506674e+01,1.758615161290292e+09,1.758576657611799e+09,1.853360553116890e+03,1.781876770811465e-02,0.000000000000000e+00,-1.000000000000000e+03,1.172384438407866e+09,3.850367849255115e+04,3.312939400090994e+05,6.993557593741577e-03,4.813200093001730e+08,2.500000000000000e-07,5.194840710010368e-04,9.878010721807744e+10,9.878010721807745e+10,-1.749122333748701e+00,1.781876770811465e-02,1.000000000000000e+00,0.000000000000000e+00,2.090600244275357e+03,2.090600244275357e+03,-1.742959141132201e+03,3.704289683506674e+01,1.000000000000000e+03,1.000000000000000e+00,
1.781876770811465e-02,0.000000000000000e+00,3.704289683506674e+01,1.758615161290292e+09,1.758576657611799e+09,1.853360553116890e+03,1.781876770811465e-02,0.000000000000000e+00,-1.000000000000000e+03,1.172384438407866e+09,3.850367849255115e+04,3.312939400090994e+05,6.993557593741577e-03,4.813200093001730e+08,2.500000000000000e-07,5.194840710010368e-04,9.878010721807744e+10,9.878010721807745e+10,-1.749122333748701e+00,1.781876770811465e-02,1.000000000000000e+00,0.000000000000000e+00,2.090600244275357e+03,2.090600244275357e+03,-1.985370603444312e+03,3.704289683506674e+01,1.000000000000000e+03,1.000000000000000e+00,
1.781876770811465e-02,0.000000000000000e+00,3.704289683506674e+01,1.758615161290292e+09,1.758576657611799e+09,1.853360553116890e+03,1.781876770811465e-02,0.000000000000000e+00,-1.000000000000000e+03,1.172384438407866e+09,3.850367849255115e+04,3.312939400090994e+05,6.993557593741577e-03,4.813200093001730e+08,2.500000000000000e-07,5.194840710010368e-04,9.878010721807744e+10,9.878010721807745e+10,-1.749122333748701e+00,1.781876770811465e-02,1.000000000000000e+00,0.000000000000000e+00,2.090600244275357e+03,2.090600244275357e+03,-1.985370603444312e+03,3.704289683506674e+01,1.000000000000000e+03,1.000000000000000e+00,
1.781876770811465e-02,0.000000000000000e+00,3.704289683506674e+01,1.758615161290292e+09,1.758576657611799e+09,1.853360553116890e+03,1.781876770811465e-02,0.000000000000000e+00,-1.000000000000000e+03,1.172384438407866e+09,3.850367849255115e+04,3.312939400090994e+05,6.993557593741577e-03,4.813200093001730e+08,2.500000000000000e-07,5.194840710010368e-04,9.878010721807744e+10,9.878010721807745e+10,-1.749122333748701e+00,1.781876770811465e-02,1.000000000000000e+00,0.000000000000000e+00,2.090600244275357e+03,2.090600244275357e+03,-1.742959141132201e+03,3.704289683506674e+01,1.000000000000000e+03,1.000000000000000e+00,
1.781876770811465e-02,0.000000000000000e+00,3.704289683506674e+01,1.758615161290292e+09,1.758576657611799e+09,1.853360553116890e+03,1.781876770811465e-02,0.000000000000000e+00,-1.000000000000000e+03,1.172384438407866e+09,3.850367849255115e+04,3.312939400090994e+05,6.993557593741577e-03,4.813200093001730e+08,2.500000000000000e-07,5.194840710010368e-04,9.878010721807744e+10,9.878010721807745e+10,-1.749122333748701e+00,1.781876770811465e-02,1.000000000000000e+00,0.000000000000000e+00,2.090600244275357e+03,2.090600244275357e+03,-1.482122265118112e+03,3.704289683506674e+01,1.000000000000000e+03,1.000000000000000e+00,
7.506097814270577e-08,0.000000000000000e+00,-7.506086957074819e-08,4.594583731602253e+03,4.594583731564720e+03,1.148477187246747e+03,7.506097814270577e-08,0.000000000000000e+00,-1.000000000000000e+03,3.063055821043147e+03,3.753178431561356e-08,2.607922737207160e+05,3.834535592169249e-06,8.359709184155500e+08,0.000000000000000e+00,1.337611792773252e-12,6.121134902917876e+10,6.121134902917876e+10,-7.124585780461016e+00,7.506097814270577e-08,1.000000000000000e+00,0.000000000000000e+00,-1.000000000139554e+00,1.000017255744831e+00,-6.017594900447057e-01,7.506227337579134e-08,1.000000000000000e+03,1.000000000000000e+00,
7.571343112292057e-08,0.000000000000000e+00,-7.506250937045188e-08,4.675176744574723e+03,4.675176744535983e+03,1.158551992271256e+03,7.571343112292057e-08,0.000000000000000e+00,-1.000000000000000e+03,3.116784496357322e+03,3.874019529275856e-08,2.619336521957237e+05,3.862428379404138e-06,8.361289056095262e+08,0.000000000000000e+00,2.317054430376886e-10,6.174831433733131e+10,6.174831433733131e+10,-7.120827072347168e+00,7.571343112292057e-08,1.000000000000000e+00,0.000000000000000e+00,-1.000020124587003e+00,1.011601435280044e+00,-4.545229567663484e-01,7.659181559392318e-08,1.000000000000000e+03,1.000000000000000e+00,
1.465557920166173e-07,0.000000000000000e+00,-5.161768998685204e-08,1.263784493316620e+04,1.263784493315441e+04,1.666152782959232e+03,1.465557920166173e-07,0.000000000000000e+00,-1.000000000000000e+03,8.425229955436276e+03,3.919480315371042e-08,3.141166417200911e+05,3.861387732984870e-06,8.458283347430778e+08,0.000000000000000e+00,1.556348524940521e-09,8.880233814495724e+10,8.880233814495724e+10,-6.833997013178128e+00,1.465557920166173e-07,1.000000000000000e+00,0.000000000000000e+00,-4.010904289488847e-01,1.012428370085372e+00,-9.817379824100730e-02,7.809907879506935e-08,1.000000000000000e+03,1.000000000000000e+00,
1.754465232237411e-06,0.000000000000000e+00,2.416986156125361e-03,1.432337754986266e+05,1.432321106545557e+05,1.676025402872013e+03,1.754465232237411e-06,0.000000000000000e+00,-1.000000000000000e+03,9.548807376970380e+04,1.664844070877303e+00,3.150459004020750e+05,4.574070336771570e-03,8.291202335367931e+08,0.000000000000000e+00,-6.455358914334672e-09,8.932852742413870e+10,8.932852742413870e+10,-5.755855233659490e+00,1.754465232237411e-06,1.000000000000000e+00,0.000000000000000e+00,1.377619864853668e+03,1.377619864853668e+03,1.610049358124874e+02,2.416986156125361e-03,1.000000000000000e+03,1.000000000000000e+00,
1.944577155786152e-05,0.000000000000000e+00,4.060747024741642e-02,1.559132327902612e+06,1.559089928797105e+06,1.530654632463933e+03,1.944577155786152e-05,0.000000000000000e+00,-1.000000000000000e+03,1.039393285864737e+06,4.239910550703159e+01,3.010732282862617e+05,6.996470650809113e-03,7.379614941425900e+08,0.000000000000000e+00,-3.051502468710623e-06,8.158057991164030e+10,8.158057991164030e+10,-4.711174820494201e+00,1.944577155786152e-05,1.000000000000000e+00,0.000000000000000e+00,2.088241658428804e+03,2.088241658428804e+03,-2.722765754739598e+00,4.060747024741642e-02,1.000000000000000e+03,1.000000000000000e+00,
2.149357055994854e-04,0.000000000000000e+00,4.605407929037890e-01,1.719723075926767e+07,1.719673736097133e+07,1.504188718998152e+03,2.149357055994854e-04,0.000000000000000e+00,-1.000000000000000e+03,1.146449157398089e+07,4.933982963344329e+02,2.984590126155568e+05,7.305643960255861e-03,6.515635429190365e+08,0.000000000000000e+00,7.556647159125304e-07,8.017000399030777e+10,8.017000399030777e+10,-3.667691432546013e+00,2.149357055994854e-04,1.000000000000000e+00,0.000000000000000e+00,2.178843453864184e+03,2.178843453864184e+03,-5.126020099756829e+02,4.605407929037890e-01,1.000000000000000e+03,1.000000000000000e+00,
2.355022584279294e-03,0.000000000000000e+00,4.924525729946087e+00,1.893310310760980e+08,1.893258823030402e+08,1.508361140162622e+03,2.355022584279294e-03,0.000000000000000e+00,-1.000000000000000e+03,1.262172548686935e+08,5.148773057801172e+03,2.988726689303133e+05,7.183477193538796e-03,5.660838209631025e+08,0.000000000000000e+00,5.578193648336764e-07,8.039238501017578e+10,8.039238501017580e+10,-2.628004923702454e+00,2.355022584279294e-03,1.000000000000000e+00,0.000000000000000e+00,2.141806436789711e+03,2.141806436789711e+03,-9.623357189102451e+02,4.924525729946087e+00,1.000000000000000e+03,1.000000000000000e+00,
7.506097814270577e-08,0.000000000000000e+00,-7.506086957074819e-08,4.594583731602253e+03,4.594583731564720e+03,1.148477187246747e+03,7.506097814270577e-08,0.000000000000000e+00,-1.000000000000000e+03,3.063055821043147e+03,3.753178431561356e-08,2.607922737207160e+05,3.834535592169249e-06,8.359709184155500e+08,0.000000000000000e+00,1.337611792773252e-12,6.121134902917876e+10,6.121134902917876e+10,-7.124585780461016e+00,7.506097814270577e-08,1.000000000000000e+00,0.000000000000000e+00,-1.000000000139554e+00,1.000017255744831e+00,-6.017594900447057e-01,7.506227337579134e-08,1.000000000000000e+03,1.000000000000000e+00,
7.571343112292057e-08,0.000000000000000e+00,-7.506250937045188e-08,4.675176744574723e+03,4.675176744535983e+03,1.158551992271256e+03,7.571343112292057e-08,0.000000000000000e+00,-1.000000000000000e+03,3.116784496357322e+03,3.874019529275856e-08,2.619336521957237e+05,3.862428379404138e-06,8.361289056095262e+08,0.000000000000000e+00,2.317054430376886e-10,6.174831433733131e+10,6.174831433733131e+10,-7.120827072347168e+00,7.571343112292057e-08,1.000000000000000e+00,0.000000000000000e+00,-1.000020124587003e+00,1.011601435280044e+00,-4.545229567663484e-01,7.659181559392318e-08,1.000000000000000e+03,1.000000000000000e+00,
1.465557920166173e-07,0.000000000000000e+00,-5.161768998685204e-08,1.263784493316620e+04,1.263784493315441e+04,1.666152782959232e+03,1.465557920166173e-07,0.000000000000000e+00,-1.000000000000000e+03,8.425229955436276e+03,3.919480315371042e-08,3.141166417200911e+05,3.861387732984870e-06,8.458283347430778e+08,0.000000000000000e+00,1.556348524940521e-09,8.880233814495724e+10,8.880233814495724e+10,-6.833997013178128e+00,1.465557920166173e-07,1.000000000000000e+00,0.000000000000000e+00,-4.010904289488847e-01,1.012428370085372e+00,-9.817379824100730e-02,7.809907879506935e-08,1.000000000000000e+03,1.000000000000000e+00,
1.754465232237411e-06,0.000000000000000e+00,2.416986156125361e-03,1.432337754986266e+05,1.432321106545557e+05,1.676025402872013e+03,1.754465232237411e-06,0.000000000000000e+00,-1.000000000000000e+03,9.548807376970380e+04,1.664844070877303e+00,3.150459004020750e+05,4.574070336771570e-03,8.291202335367931e+08,0.000000000000000e+00,-6.455358914334672e-09,8.932852742413870e+10,8.932852742413870e+10,-5.755855233659490e+00,1.754465232237411e-06,1.000000000000000e+00,0.000000000000000e+00,1.377619864853668e+03,1.377619864853668e+03,1.610049358124874e+02,2.416986156125361e-03,1.000000000000000e+03,1.000000000000000e+00,
1.944577155786152e-05,0.000000000000000e+00,4.060747024741642e-02,1.559132327902612e+06,1.559089928797105e+06,1.530654632463933e+03,1.944577155786152e-05,0.000000000000000e+00,-1.000000000000000e+03,1.039393285864737e+06,4.239910550703159e+01,3.010732282862617e+05,6.996470650809113e-03,7.379614941425900e+08,0.000000000000000e+00,-3.051502468710623e-06,8.158057991164030e+10,8.158057991164030e+10,-4.711174820494201e+00,1.944577155786152e-05,1.000000000000000e+00,0.000000000000000e+00,2.088241658428804e+03,2.088241658428804e+03,-2.722765754739598e+00,4.060747024741642e-02,1.000000000000000e+03,1.000000000000000e+00,
2.149357055994854e-04,0.000000000000000e+00,4.605407929037890e-01,1.719723075926767e+07,1.719673736097133e+07,1.504188718998152e+03,2.149357055994854e-04,0.000000000000000e+00,-1.000000000000000e+03,1.146449157398089e+07,4.933982963344329e+02,2.984590126155568e+05,7.305643960255861e-03,6.515635429190365e+08,0.000000000000000e+00,7.556647159125304e-07,8.017000399030777e+10,8.017000399030777e+10,-3.667691432546013e+00,2.149357055994854e-04,1.000000000000000e+00,0.000000000000000e+00,2.178843453864184e+03,2.178843453864184e+03,-5.126020099756829e+02,4.605407929037890e-01,1.000000000000000e+03,1.000000000000000e+00,
2.355022584279294e-03,0.000000000000000e+00,4.924525729946087e+00,1.893310310760980e+08,1.893258823030402e+08,1.508361140162622e+03,2.355022584279294e-03,0.000000000000000e+00,-1.000000000000000e+03,1.262172548686935e+08,5.148773057801172e+03,2.988726689303133e+05,7.183477193538796e-03,5.660838209631025e+08,0.000000000000000e+00,5.578193648336764e-07,8.039238501017578e+10,8.039238501017580e+10,-2.628004923702454e+00,2.355022584279294e-03,1.000000000000000e+00,0.000000000000000e+00,2.141806436789711e+03,2.141806436789711e+03,-9.623357189102451e+02,4.924525729946087e+00,1.000000000000000e+03,1.000000000000000e+00,
7.506097814270577e-08,0.000000000000000e+00,-7.506086957074819e-08,4.594583731602253e+03,4.594583731564720e+03,1.148477187246747e+03,7.506097814270577e-08,0.000000000000000e+00,-1.000000000000000e+03,3.063055821043147e+03,3.753178431561356e-08,2.607922737207160e+05,3.834535592169249e-06,8.359709184155500e+08,0.000000000000000e+00,1.337611792773252e-12,6.121134902917876e+10,6.121134902917876e+10,-7.124585780461016e+00,7.506097814270577e-08,1.000000000000000e+00,0.000000000000000e+00,-1.000000000139554e+00,1.000017255744831e+00,-7.089580345645988e-01,7.506227337579134e-08,1.000000000000000e+03,1.000000000000000e+00,
7.571343112292057e-08,0.000000000000000e+00,-7.506250937045188e-08,4.675176744574723e+03,4.675176744535983e+03,1.158551992271256e+03,7.571343112292057e-08,0.000000000000000e+00,-1.000000000000000e+03,3.116784496357322e+03,3.874019529275856e-08,2.619336521957237e+05,3.862428379404138e-06,8.361289056095262e+08,0.000000000000000e+00,2.317054430376886e-10,6.174831433733131e+10,6.174831433733131e+10,-7.120827072347168e+00,7.571343112292057e-08,1.000000000000000e+00,0.000000000000000e+00,-1.000020124587003e+00,1.011601435280044e+00,-5.636636442794488e-01,7.659181559392318e-08,1.000000000000000e+03,1.000000000000000e+00,
1.465557920166173e-07,0.000000000000000e+00,-5.161768998685204e-08,1.263784493316620e+04,1.263784493315441e+04,1.666152782959232e+03,1.465557920166173e-07,0.000000000000000e+00,-1.000000000000000e+03,8.425229955436276e+03,3.919480315371042e-08,3.141166417200911e+05,3.861387732984870e-06,8.458283347430778e+08,0.000000000000000e+00,1.556348524940521e-09,8.880233814495724e+10,8.880233814495724e+10,-6.833997013178128e+00,1.465557920166173e-07,1.000000000000000e+00,0.000000000000000e+00,-4.010904289488847e-01,1.012428370085372e+00,-1.280262509349941e-01,7.809907879506935e-08,1.000000000000000e+03,1.000000000000000e+00,
1.754465232237411e-06,0.000000000000000e+00,2.416986156125361e-03,1.432337754986266e+05,1.432321106545557e+05,1.676025402872013e+03,1.754465232237411e-06,0.000000000000000e+00,-1.000000000000000e+03,9.548807376970380e+04,1.664844070877303e+00,3.150459004020750e+05,4.574070336771570e-03,8.291202335367931e+08,0.000000000000000e+00,-6.455358914334672e-09,8.932852742413870e+10,8.932852742413870e+10,-5.755855233659490e+00,1.754465232237411e-06,1.000000000000000e+00,0.000000000000000e+00,1.377619864853668e+03,1.377619864853668e+03,2.356224685814990e+02,2.416986156125361e-03,1.000000000000000e+03,1.000000000000000e+00,
1.944577155786152e-05,0.000000000000000e+00,4.060747024741642e-02,1.559132327902612e+06,1.559089928797105e+06,1.530654632463933e+03,1.944577155786152e-05,0.000000000000000e+00,-1.000000000000000e+03,1.039393285864737e+06,4.239910550703159e+01,3.010732282862617e+05,6.996470650809113e-03,7.379614941425900e+08,0.000000000000000e+00,-3.051502468710623e-06,8.158057991164030e+10,8.158057991164030e+10,-4.711174820494201e+00,1.944577155786152e-05,1.000000000000000e+00,0.000000000000000e+00,2.088241658428804e+03,2.088241658428804e+03,-3.632718596290730e+00,4.060747024741642e-02,1.000000000000000e+03,1.000000000000000e+00,
2.149357055994854e-04,0.000000000000000e+00,4.605407929037890e-01,1.719723075926767e+07,1.719673736097133e+07,1.504188718998152e+03,2.149357055994854e-04,0.000000000000000e+00,-1.000000000000000e+03,1.146449157398089e+07,4.933982963344329e+02,2.984590126155568e+05,7.305643960255861e-03,6.515635429190365e+08,0.000000000000000e+00,7.556647159125304e-07,8.017000399030777e+10,8.017000399030777e+10,-3.667691432546013e+00,2.149357055994854e-04,1.000000000000000e+00,0.000000000000000e+00,2.178843453864184e+03,2.178843453864184e+03,-6.684727975770305e+02,4.605407929037890e-01,1.000000000000000e+03,1.000000000000000e+00,
2.355022584279294e-03,0.000000000000000e+00,4.924525729946087e+00,1.893310310760980e+08,1.893258823030402e+08,1.508361140162622e+03,2.355022584279294e-03,0.000000000000000e+00,-1.000000000000000e+03,1.262172548686935e+08,5.148773057801172e+03,2.988726689303133e+05,7.183477193538796e-03,5.660838209631025e+08,0.000000000000000e+00,5.578193648336764e-07,8.039238501017578e+10,8.039238501017580e+10,-2.628004923702454e+00,2.355022584279294e-03,1.000000000000000e+00,0.000000000000000e+00,2.141806436789711e+03,2.141806436789711e+03,-1.193413116468999e+03,4.924525729946087e+00,1.000000000000000e+03,1.000000000000000e+00,
7.506097814270577e-08,0.000000000000000e+00,-7.506086957074819e-08,4.594583731602253e+03,4.594583731564720e+03,1.148477187246747e+03,7.506097814270577e-08,0.000000000000000e+00,-1.000000000000000e+03,3.063055821043147e+03,3.753178431561356e-08,2.607922737207160e+05,3.834535592169249e-06,8.359709184155500e+08,0.000000000000000e+00,1.337611792773252e-12,6.121134902917876e+10,6.121134902917876e+10,-7.124585780461016e+00,7.506097814270577e-08,1.000000000000000e+00,0.000000000000000e+00,-1.000000000139554e+00,1.000017255744831e+00,-8.337266878080487e-01,7.506227337579134e-08,1.000000000000000e+03,1.000000000000000e+00,
7.571343112292057e-08,0.000000000000000e+00,-7.506250937045188e-08,4.675176744574723e+03,4.675176744535983e+03,1.158551992271256e+03,7.571343112292057e-08,0.000000000000000e+00,-1.000000000000000e+03,3.116784496357322e+03,3.874019529275856e-08,2.619336521957237e+05,3.862428379404138e-06,8.361289056095262e+08,0.000000000000000e+00,2.317054430376886e-10,6.174831433733131e+10,6.174831433733131e+10,-7.120827072347168e+00,7.571343112292057e-08,1.000000000000000e+00,0.000000000000000e+00,-1.000020124587003e+00,1.011601435280044e+00,-7.180989367098327e-01,7.659181559392318e-08,1.000000000000000e+03,1.000000000000000e+00,
1.465557920166173e-07,0.000000000000000e+00,-5.161768998685204e-08,1.263784493316620e+04,1.263784493315441e+04,1.666152782959232e+03,1.465557920166173e-07,0.000000000000000e+00,-1.000000000000000e+03,8.425229955436276e+03,3.919480315371042e-08,3.141166417200911e+05,3.861387732984870e-06,8.458283347430778e+08,0.000000000000000e+00,1.556348524940521e-09,8.880233814495724e+10,8.880233814495724e+10,-6.833997013178128e+00,1.465557920166173e-07,1.000000000000000e+00,0.000000000000000e+00,-4.010904289488847e-01,1.012428370085372e+00,-1.810553518906659e-01,7.809907879506935e-08,1.000000000000000e+03,1.000000000000000e+00,
1.754465232237411e-06,0.000000000000000e+00,2.416986156125361e-03,1.432337754986266e+05,1.432321106545557e+05,1.676025402872013e+03,1.754465232237411e-06,0.000000000000000e+00,-1.000000000000000e+03,9.548807376970380e+04,1.664844070877303e+00,3.150459004020750e+05,4.574070336771570e-03,8.291202335367931e+08,0.000000000000000e+00,-6.455358914334672e-09,8.932852742413870e+10,8.932852742413870e+10,-5.755855233659490e+00,1.754465232237411e-06,1.000000000000000e+00,0.000000000000000e+00,1.377619864853668e+03,1.377619864853668e+03,4.207758536192665e+02,2.416986156125361e-03,1.000000000000000e+03,1.000000000000000e+00,
1.944577155786152e-05,0.000000000000000e+00,4.060747024741642e-02,1.559132327902612e+06,1.559089928797105e+06,1.530654632463933e+03,1.944577155786152e-05,0.000000000000000e+00,-1.000000000000000e+03,1.039393285864737e+06,4.239910550703159e+01,3.010732282862617e+05,6.996470650809113e-03,7.379614941425900e+08,0.000000000000000e+00,-3.051502468710623e-06,8.158057991164030e+10,8.158057991164030e+10,-4.711174820494201e+00,1.944577155786152e-05,1.000000000000000e+00,0.000000000000000e+00,2.088241658428804e+03,2.088241658428804e+03,-5.456177515598386e+00,4.060747024741642e-02,1.000000000000000e+03,1.000000000000000e+00,
2.149357055994854e-04,0.000000000000000e+00,4.605407929037890e-01,1.719723075926767e+07,1.719673736097133e+07,1.504188718998152e+03,2.149357055994854e-04,0.000000000000000e+00,-1.000000000000000e+03,1.146449157398089e+07,4.933982963344329e+02,2.984590126155568e+05,7.305643960255861e-03,6.515635429190365e+08,0.000000000000000e+00,7.556647159125304e-07,8.017000399030777e+10,8.017000399030777e+10,-3.667691432546013e+00,2.149357055994854e-04,1.000000000000000e+00,0.000000000000000e+00,2.178843453864184e+03,2.178843453864184e+03,-9.453575084074043e+02,4.605407929037890e-01,1.000000000000000e+03,1.000000000000000e+00,
2.355022584279294e-03,0.000000000000000e+00,4.924525729946087e+00,1.893310310760980e+08,1.893258823030402e+08,1.508361140162622e+03,2.355022584279294e-03,0.000000000000000e+00,-1.000000000000000e+03,1.262172548686935e+08,5.148773057801172e+03,2.988726689303133e+05,7.183477193538796e-03,5.660838209631025e+08,0.000000000000000e+00,5.578193648336764e-07,8.039238501017578e+10,8.039238501017580e+10,-2.628004923702454e+00,2.355022584279294e-03,1.000000000000000e+00,0.000000000000000e+00,2.141806436789711e+03,2.141806436789711e+03,-1.520390216203273e+03,4.924525729946087e+00,1.000000000000000e+03,1.000000000000000e+00,
7.506097814270577e-08,0.000000000000000e+00,-7.506086957074819e-08,4.594583731602253e+03,4.594583731564720e+03,1.148477187246747e+03,7.506097814270577e-08,0.000000000000000e+00,-1.000000000000000e+03,3.063055821043147e+03,3.753178431561356e-08,2.607922737207160e+05,3.834535592169249e-06,8.359709184155500e+08,0.000000000000000e+00,1.337611792773252e-12,6.121134902917876e+10,6.121134902917876e+10,-7.124585780461016e+00,7.506097814270577e-08,1.000000000000000e+00,0.000000000000000e+00,-1.000000000139554e+00,1.000017255744831e+00,-9.496817327604494e-01,7.506227337579134e-08,1.000000000000000e+03,1.000000000000000e+00,
7.571343112292057e-08,0.000000000000000e+00,-7.506250937045188e-08,4.675176744574723e+03,4.675176744535983e+03,1.158551992271256e+03,7.571343112292057e-08,0.000000000000000e+00,-1.000000000000000e+03,3.116784496357322e+03,3.874019529275856e-08,2.619336521957237e+05,3.862428379404138e-06,8.361289056095262e+08,0.000000000000000e+00,2.317054430376886e-10,6.174831433733131e+10,6.174831433733131e+10,-7.120827072347168e+00,7.571343112292057e-08,1.000000000000000e+00,0.000000000000000e+00,-1.000020124587003e+00,1.011601435280044e+00,-9.069112233182469e-01,7.659181559392318e-08,1.000000000000000e+03,1.000000000000000e+00,
1.465557920166173e-07,0.000000000000000e+00,-5.161768998685204e-08,1.263784493316620e+04,1.263784493315441e+04,1.666152782959232e+03,1.465557920166173e-07,0.000000000000000e+00,-1.000000000000000e+03,8.425229955436276e+03,3.919480315371042e-08,3.141166417200911e+05,3.861387732984870e-06,8.458283347430778e+08,0.000000000000000e+00,1.556348524940521e-09,8.880233814495724e+10,8.880233814495724e+10,-6.833997013178128e+00,1.465557920166173e-07,1.000000000000000e+00,0.000000000000000e+00,-4.010904289488847e-01,1.012428370085372e+00,-2.858207722711433e-01,7.809907879506935e-08,1.000000000000000e+03,1.000000000000000e+00,
1.754465232237411e-06,0.000000000000000e+00,2.416986156125361e-03,1.432337754986266e+05,1.432321106545557e+05,1.676025402872013e+03,1.754465232237411e-06,0.000000000000000e+00,-1.000000000000000e+03,9.548807376970380e+04,1.664844070877303e+00,3.150459004020750e+05,4.574070336771570e-03,8.291202335367931e+08,0.000000000000000e+00,-6.455358914334672e-09,8.932852742413870e+10,8.932852742413870e+10,-5.755855233659490e+00,1.754465232237411e-06,1.000000000000000e+00,0.000000000000000e+00,1.377619864853668e+03,1.377619864853668e+03,1.323829875756666e+03,2.416986156125361e-03,1.000000000000000e+03,1.000000000000000e+00,
1.944577155786152e-05,0.000000000000000e+00,4.060747024741642e-02,1.559132327902612e+06,1.559089928797105e+06,1.530654632463933e+03,1.944577155786152e-05,0.000000000000000e+00,-1.000000000000000e+03,1.039393285864737e+06,4.239910550703159e+01,3.010732282862617e+05,6.996470650809113e-03,7.379614941425900e+08,0.000000000000000e+00,-3.051502468710623e-06,8.158057991164030e+10,8.158057991164030e+10,-4.711174820494201e+00,1.944577155786152e-05,1.000000000000000e+00,0.000000000000000e+00,2.088241658428804e+03,2.088241658428804e+03,-1.095506169549673e+01,4.060747024741642e-02,1.000000000000000e+03,1.000000000000000e+00,
2.149357055994854e-04,0.000000000000000e+00,4.605407929037890e-01,1.719723075926767e+07,1.719673736097133e+07,1.504188718998152e+03,2.149357055994854e-04,0.000000000000000e+00,-1.000000000000000e+03,1.146449157398089e+07,4.933982963344329e+02,2.984590126155568e+05,7.305643960255861e-03,6.515635429190365e+08,0.000000000000000e+00,7.556647159125304e-07,8.017000399030777e+10,8.017000399030777e+10,-3.667691432546013e+00,2.149357055994854e-04,1.000000000000000e+00,0.000000000000000e+00,2.178843453864184e+03,2.178843453864184e+03,-1.492376835612658e+03,4.605407929037890e-01,1.000000000000000e+03,1.000000000000000e+00,
2.355022584279294e-03,0.000000000000000e+00,4.924525729946087e+00,1.893310310760980e+08,1.893258823030402e+08,1.508361140162622e+03,2.355022584279294e-03,0.000000000000000e+00,-1.000000000000000e+03,1.262172548686935e+08,5.148773057801172e+03,2.988726689303133e+05,7.183477193538796e-03,5.660838209631025e+08,0.000000000000000e+00,5.578193648336764e-07,8.039238501017578e+10,8.039238501017580e+10,-2.628004923702454e+00,2.355022584279294e-03,1.000000000000000e+00,0.000000000000000e+00,2.141806436789711e+03,2.141806436789711e+03,-1.920151779106686e+03,4.924525729946087e+00,1.000000000000000e+03,1.000000000000000e+00,
7.506097814270577e-08,0.000000000000000e+00,-7.506086957074819e-08,4.594583731602253e+03,4.594583731564720e+03,1.148477187246747e+03,7.506097814270577e-08,0.000000000000000e+00,-1.000000000000000e+03,3.063055821043147e+03,3.753178431561356e-08,2.607922737207160e+05,3.834535592169249e-06,8.359709184155500e+08,0.000000000000000e+00,1.337611792773252e-12,6.121134902917876e+10,6.121134902917876e+10,-7.124585780461016e+00,7.506097814270577e-08,1.000000000000000e+00,0.000000000000000e+00,-1.000000000139554e+00,1.000017255744831e+00,-9.496817327604494e-01,7.506227337579134e-08,1.000000000000000e+03,1.000000000000000e+00,
7.571343112292057e-08,0.000000000000000e+00,-7.506250937045188e-08,4.675176744574723e+03,4.675176744535983e+03,1.158551992271256e+03,7.571343112292057e-08,0.000000000000000e+00,-1.000000000000000e+03,3.116784496357322e+03,3.874019529275856e-08,2.619336521957237e+05,3.862428379404138e-06,8.361289056095262e+08,0.000000000000000e+00,2.317054430376886e-10,6.174831433733131e+10,6.174831433733131e+10,-7.120827072347168e+00,7.571343112292057e-08,1.000000000000000e+00,0.000000000000000e+00,-1.000020124587003e+00,1.011601435280044e+00,-9.069112233182469e-01,7.659181559392318e-08,1.000000000000000e+03,1.000000000000000e+00,
1.465557920166173e-07,0.000000000000000e+00,-5.161768998685204e-08,1.263784493316620e+04,1.263784493315441e+04,1.666152782959232e+03,1.465557920166173e-07,0.000000000000000e+00,-1.000000000000000e+03,8.425229955436276e+03,3.919480315371042e-08,3.141166417200911e+05,3.861387732984870e-06,8.458283347430778e+08,0.000000000000000e+00,1.556348524940521e-09,8.880233814495724e+10,8.880233814495724e+10,-6.833997013178128e+00,1.465557920166173e-07,1.000000000000000e+00,0.000000000000000e+00,-4.010904289488847e-01,1.012428370085372e+00,-2.858207722711433e-01,7.809907879506935e-08,1.000000000000000e+03,1.000000000000000e+00,
1.754465232237411e-06,0.000000000000000e+00,2.416986156125361e-03,1.432337754986266e+05,1.432321106545557e+05,1.676025402872013e+03,1.754465232237411e-06,0.000000000000000e+00,-1.000000000000000e+03,9.548807376970380e+04,1.664844070877303e+00,3.150459004020750e+05,4.574070336771570e-03,8.291202335367931e+08,0.000000000000000e+00,-6.455358914334672e-09,8.932852742413870e+10,8.932852742413870e+10,-5.755855233659490e+00,1.754465232237411e-06,1.000000000000000e+00,0.000000000000000e+00,1.377619864853668e+03,1.377619864853668e+03,1.323829875756666e+03,2.416986156125361e-03,1.000000000000000e+03,1.000000000000000e+00,
1.944577155786152e-05,0.000000000000000e+00,4.060747024741642e-02,1.559132327902612e+06,1.559089928797105e+06,1.530654632463933e+03,1.944577155786152e-05,0.000000000000000e+00,-1.000000000000000e+03,1.039393285864737e+06,4.239910550703159e+01,3.010732282862617e+05,6.996470650809113e-03,7.379614941425900e+08,0.000000000000000e+00,-3.051502468710623e-06,8.158057991164030e+10,8.158057991164030e+10,-4.711174820494201e+00,1.944577155786152e-05,1.000000000000000e+00,0.000000000000000e+00,2.088241658428804e+03,2.088241658428804e+03,-1.095506169549673e+01,4.060747024741642e-02,1.000000000000000e+03,1.000000000000000e+00,
2.149357055994854e-04,0.000000000000000e+00,4.605407929037890e-01,1.719723075926767e+07,1.719673736097133e+07,1.504188718998152e+03,2.149357055994854e-04,0.000000000000000e+00,-1.000000000000000e+03,1.146449157398089e+07,4.933982963344329e+02,2.984590126155568e+05,7.305643960255861e-03,6.515635429190365e+08,0.000000000000000e+00,7.556647159125304e-07,8.017000399030777e+10,8.017000399030777e+10,-3.667691432546013e+00,2.149357055994854e-04,1.000000000000000e+00,0.000000000000000e+00,2.178843453864184e+03,2.178843453864184e+03,-1.492376835612658e+03,4.605407929037890e-01,1.000000000000000e+03,1.000000000000000e+00,
2.355022584279294e-03,0.000000000000000e+00,4.924525729946087e+00,1.893310310760980e+08,1.893258823030402e+08,1.508361140162622e+03,2.355022584279294e-03,0.000000000000000e+00,-1.000000000000000e+03,1.262172548686935e+08,5.148773057801172e+03,2.988726689303133e+05,7.183477193538796e-03,5.660838209631025e+08,0.000000000000000e+00,5.578193648336764e-07,8.039238501017578e+10,8.039238501017580e+10,-2.628004923702454e+00,2.355022584279294e-03,1.000000000000000e+00,0.000000000000000e+00,2.141806436789711e+03,2.141806436789711e+03,-1.920151779106686e+03,4.924525729946087e+00,1.000000000000000e+03,1.000000000000000e+00,
7.506097814270577e-08,0.000000000000000e+00,-7.506086957074819e-08,4.594583731602253e+03,4.594583731564720e+03,1.148477187246747e+03,7.506097814270577e-08,0.000000000000000e+00,-1.000000000000000e+03,3.063055821043147e+03,3.753178431561356e-08,2.607922737207160e+05,3.834535592169249e-06,8.359709184155500e+08,0.000000000000000e+00,1.337611792773252e-12,6.121134902917876e+10,6.121134902917876e+10,-7.124585780461016e+00,7.506097814270577e-08,1.000000000000000e+00,0.000000000000000e+00,-1.000000000139554e+00,1.000017255744831e+00,-8.337266878080487e-01,7.506227337579134e-08,1.000000000000000e+03,1.000000000000000e+00,
7.571343112292057e-08,0.000000000000000e+00,-7.506250937045188e-08,4.675176744574723e+03,4.675176744535983e+03,1.158551992271256e+03,7.571343112292057e-08,0.000000000000000e+00,-1.000000000000000e+03,3.116784496357322e+03,3.874019529275856e-08,2.619336521957237e+05,3.862428379404138e-06,8.361289056095262e+08,0.000000000000000e+00,2.317054430376886e-10,6.174831433733131e+10,6.174831433733131e+10,-7.120827072347168e+00,7.571343112292057e-08,1.000000000000000e+00,0.000000000000000e+00,-1.000020124587003e+00,1.011601435280044e+00,-7.180989367098327e-01,7.659181559392318e-08,1.000000000000000e+03,1.000000000000000e+00,
1.465557920166173e-07,0.000000000000000e+00,-5.161768998685204e-08,1.263784493316620e+04,1.263784493315441e+04,1.666152782959232e+03,1.465557920166173e-07,0.000000000000000e+00,-1.000000000000000e+03,8.425229955436276e+03,3.919480315371042e-08,3.141166417200911e+05,3.861387732984870e-06,8.458283347430778e+08,0.000000000000000e+00,1.556348524940521e-09,8.880233814495724e+10,8.880233814495724e+10,-6.833997013178128e+00,1.465557920166173e-07,1.000000000000000e+00,0.000000000000000e+00,-4.010904289488847e-01,1.012428370085372e+00,-1.810553518906659e-01,7.809907879506935e-08,1.000000000000000e+03,1.000000000000000e+00,
1.754465232237411e-06,0.000000000000000e+00,2.416986156125361e-03,1.432337754986266e+05,1.432321106545557e+05,1.676025402872013e+03,1.754465232237411e-06,0.000000000000000e+00,-1.000000000000000e+03,9.548807376970380e+04,1.664844070877303e+00,3.150459004020750e+05,4.574070336771570e-03,8.291202335367931e+08,0.000000000000000e+00,-6.455358914334672e-09,8.932852742413870e+10,8.932852742413870e+10,-5.755855233659490e+00,1.754465232237411e-06,1.000000000000000e+00,0.000000000000000e+00,1.377619864853668e+03,1.377619864853668e+03,4.207758536192665e+02,2.416986156125361e-03,1.000000000000000e+03,1.000000000000000e+00,
1.944577155786152e-05,0.000000000000000e+00,4.060747024741642e-02,1.559132327902612e+06,1.559089928797105e+06,1.530654632463933e+03,1.944577155786152e-05,0.000000000000000e+00,-1.000000000000000e+03,1.039393285864737e+06,4.239910550703159e+01,3.010732282862617e+05,6.996470650809113e-03,7.379614941425900e+08,0.000000000000000e+00,-3.051502468710623e-06,8.158057991164030e+10,8.158057991164030e+10,-4.711174820494201e+00,1.944577155786152e-05,1.000000000000000e+00,0.000000000000000e+00,2.088241658428804e+03,2.088241658428804e+03,-5.456177515598386e+00,4.060747024741642e-02,1.000000000000000e+03,1.000000000000000e+00,
2.149357055994854e-04,0.000000000000000e+00,4.605407929037890e-01,1.719723075926767e+07,1.719673736097133e+07,1.504188718998152e+03,2.149357055994854e-04,0.000000000000000e+00,-1.000000000000000e+03,1.146449157398089e+07,4.933982963344329e+02,2.984590126155568e+05,7.305643960255861e-03,6.515635429190365e+08,0.000000000000000e+00,7.556647159125304e-07,8.017000399030777e+10,8.017000399030777e+10,-3.667691432546013e+00,2.149357055994854e-04,1.000000000000000e+00,0.000000000000000e+00,2.178843453864184e+03,2.178843453864184e+03,-9.453575084074043e+02,4.605407929037890e-01,1.000000000000000e+03,1.000000000000000e+00,
2.355022584279294e-03,0.000000000000000e+00,4.924525729946087e+00,1.893310310760980e+08,1.893258823030402e+08,1.508361140162622e+03,2.355022584279294e-03,0.000000000000000e+00,-1.000000000000000e+03,1.262172548686935e+08,5.148773057801172e+03,2.988726689303133e+05,7.183477193538796e-03,5.660838209631025e+08,0.000000000000000e+00,5.578193648336764e-07,8.039238501017578e+10,8.039238501017580e+10,-2.628004923702454e+00,2.355022584279294e-03,1.000000000000000e+00,0.000000000000000e+00,2.141806436789711e+03,2.141806436789711e+03,-1.520390216203273e+03,4.924525729946087e+00,1.000000000000000e+03,1.000000000000000e+00,
7.506097814270577e-08,0.000000000000000e+00,-7.506086957074819e-08,4.594583731602253e+03,4.594583731564720e+03,1.148477187246747e+03,7.506097814270577e-08,0.000000000000000e+00,-1.000000000000000e+03,3.063055821043147e+03,3.753178431561356e-08,2.607922737207160e+05,3.834535592169249e-06,8.359709184155500e+08,0.000000000000000e+00,1.337611792773252e-12,6.121134902917876e+10,6.121134902917876e+10,-7.124585780461016e+00,7.506097814270577e-08,1.000000000000000e+00,0.000000000000000e+00,-1.000000000139554e+00,1.000017255744831e+00,-7.089580345645988e-01,7.506227337579134e-08,1.000000000000000e+03,1.000000000000000e+00,
7.571343112292057e-08,0.000000000000000e+00,-7.506250937045188e-08,4.675176744574723e+03,4.675176744535983e+03,1.158551992271256e+03,7.571343112292057e-08,0.000000000000000e+00,-1.000000000000000e+03,3.116784496357322e+03,3.874019529275856e-08,2.619336521957237e+05,3.862428379404138e-06,8.361289056095262e+08,0.000000000000000e+00,2.317054430376886e-10,6.174831433733131e+10,6.174831433733131e+10,-7.120827072347168e+00,7.571343112292057e-08,1.000000000000000e+00,0.000000000000000e+00,-1.000020124587003e+00,1.011601435280044e+00,-5.636636442794488e-01,7.659181559392318e-08,1.000000000000000e+03,1.000000000000000e+00,
1.465557920166173e-07,0.000000000000000e+00,-5.161768998685204e-08,1.263784493316620e+04,1.263784493315441e+04,1.666152782959232e+03,1.465557920166173e-07,0.000000000000000e+00,-1.000000000000000e+03,8.425229955436276e+03,3.919480315371042e-08,3.141166417200911e+05,3.861387732984870e-06,8.458283347430778e+08,0.000000000000000e+00,1.556348524940521e-09,8.880233814495724e+10,8.880233814495724e+10,-6.833997013178128e+00,1.465557920166173e-07,1.000000000000000e+00,0.000000000000000e+00,-4.010904289488847e-01,1.012428370085372e+00,-1.280262509349941e-01,7.809907879506935e-08,1.000000000000000e+03,1.000000000000000e+00,
1.754465232237411e-06,0.000000000000000e+00,2.416986156125361e-03,1.432337754986266e+05,1.432321106545557e+05,1.676025402872013e+03,1.754465232237411e-06,0.000000000000000e+00,-1.000000000000000e+03,9.548807376970380e+04,1.664844070877303e+00,3.150459004020750e+05,4.574070336771570e-03,8.291202335367931e+08,0.000000000000000e+00,-6.455358914334672e-09,8.932852742413870e+10,8.932852742413870e+10,-5.755855233659490e+00,1.754465232237411e-06,1.000000000000000e+00,0.000000000000000e+00,1.377619864853668e+03,1.377619864853668e+03,2.356224685814990e+02,2.416986156125361e-03,1.000000000000000e+03,1.000000000000000e+00,
1.944577155786152e-05,0.000000000000000e+00,4.060747024741642e-02,1.559132327902612e+06,1.559089928797105e+06,1.530654632463933e+03,1.944577155786152e-05,0.000000000000000e+00,-1.000000000000000e+03,1.039393285864737e+06,4.239910550703159e+01,3.010732282862617e+05,6.996470650809113e-03,7.379614941425900e+08,0.000000000000000e+00,-3.051502468710623e-06,8.158057991164030e+10,8.158057991164030e+10,-4.711174820494201e+00,1.944577155786152e-05,1.000000000000000e+00,0.000000000000000e+00,2.088241658428804e+03,2.088241658428804e+03,-3.632718596290730e+00,4.060747024741642e-02,1.000000000000000e+03,1.000000000000000e+00,
2.149357055994854e-04,0.000000000000000e+00,4.605407929037890e-01,1.719723075926767e+07,1.719673736097133e+07,1.504188718998152e+03,2.149357055994854e-04,0.000000000000000e+00,-1.000000000000000e+03,1.146449157398089e+07,4.933982963344329e+02,2.984590126155568e+05,7.305643960255861e-03,6.515635429190365e+08,0.000000000000000e+00,7.556647159125304e-07,8.017000399030777e+10,8.017000399030777e+10,-3.667691432546013e+00,2.149357055994854e-04,1.000000000000000e+00,0.000000000000000e+00,2.178843453864184e+03,2.178843453864184e+03,-6.684727975770305e+02,4.605407929037890e-01,1.000000000000000e+03,1.000000000000000e+00,
2.355022584279294e-03,0.000000000000000e+00,4.924525729946087e+00,1.893310310760980e+08,1.893258823030402e+08,1.508361140162622e+03,2.355022584279294e-03,0.000000000000000e+00,-1.000000000000000e+03,1.262172548686935e+08,5.148773057801172e+03,2.988726689303133e+05,7.183477193538796e-03,5.660838209631025e+08,0.000000000000000e+00,5.578193648336764e-07,8.039238501017578e+10,8.039238501017580e+10,-2.628004923702454e+00,2.355022584279294e-03,1.000000000000000e+00,0.000000000000000e+00,2.141806436789711e+03,2.141806436789711e+03,-1.193413116468999e+03,4.924525729946087e+00,1.000000000000000e+03,1.000000000000000e+00,

