1
0
28
0
(64 0
((0,0) (63,63) (0,0))
((448,0) (511,63) (0,0))
((384,0) (447,63) (0,0))
((320,0) (383,63) (0,0))
((256,0) (319,63) (0,0))
((192,0) (255,63) (0,0))
((128,0) (191,63) (0,0))
((64,0) (127,63) (0,0))
((0,448) (63,511) (0,0))
((0,384) (63,447) (0,0))
((0,320) (63,383) (0,0))
((0,256) (63,319) (0,0))
((0,192) (63,255) (0,0))
((0,128) (63,191) (0,0))
((0,64) (63,127) (0,0))
((448,448) (511,511) (0,0))
((448,384) (511,447) (0,0))
((448,320) (511,383) (0,0))
((448,256) (511,319) (0,0))
((448,192) (511,255) (0,0))
((448,128) (511,191) (0,0))
((448,64) (511,127) (0,0))
((384,448) (447,511) (0,0))
((384,384) (447,447) (0,0))
((384,320) (447,383) (0,0))
((384,256) (447,319) (0,0))
((384,192) (447,255) (0,0))
((384,128) (447,191) (0,0))
((384,64) (447,127) (0,0))
((320,448) (383,511) (0,0))
((320,384) (383,447) (0,0))
((320,320) (383,383) (0,0))
((320,256) (383,319) (0,0))
((320,192) (383,255) (0,0))
((320,128) (383,191) (0,0))
((320,64) (383,127) (0,0))
((256,448) (319,511) (0,0))
((256,384) (319,447) (0,0))
((256,320) (319,383) (0,0))
((256,256) (319,319) (0,0))
((256,192) (319,255) (0,0))
((256,128) (319,191) (0,0))
((256,64) (319,127) (0,0))
((192,448) (255,511) (0,0))
((192,384) (255,447) (0,0))
((192,320) (255,383) (0,0))
((192,256) (255,319) (0,0))
((192,192) (255,255) (0,0))
((192,128) (255,191) (0,0))
((192,64) (255,127) (0,0))
((128,448) (191,511) (0,0))
((128,384) (191,447) (0,0))
((128,320) (191,383) (0,0))
((128,256) (191,319) (0,0))
((128,192) (191,255) (0,0))
((128,128) (191,191) (0,0))
((128,64) (191,127) (0,0))
((64,448) (127,511) (0,0))
((64,384) (127,447) (0,0))
((64,320) (127,383) (0,0))
((64,256) (127,319) (0,0))
((64,192) (127,255) (0,0))
((64,128) (127,191) (0,0))
((64,64) (127,127) (0,0))
)
64
FabOnDisk: Cell_D_0000 0
FabOnDisk: Cell_D_0001 0
FabOnDisk: Cell_D_0001 917590
FabOnDisk: Cell_D_0001 1835180
FabOnDisk: Cell_D_0001 2752770
FabOnDisk: Cell_D_0000 917587
FabOnDisk: Cell_D_0000 1835177
FabOnDisk: Cell_D_0000 2752767
FabOnDisk: Cell_D_0002 0
FabOnDisk: Cell_D_0002 917590
FabOnDisk: Cell_D_0002 1835180
FabOnDisk: Cell_D_0002 2752770
FabOnDisk: Cell_D_0000 3670356
FabOnDisk: Cell_D_0000 4587946
FabOnDisk: Cell_D_0000 5505536
FabOnDisk: Cell_D_0003 0
FabOnDisk: Cell_D_0003 917593
FabOnDisk: Cell_D_0003 1835186
FabOnDisk: Cell_D_0003 2752779
FabOnDisk: Cell_D_0001 3670360
FabOnDisk: Cell_D_0001 4587953
FabOnDisk: Cell_D_0001 5505546
FabOnDisk: Cell_D_0003 3670372
FabOnDisk: Cell_D_0003 4587965
FabOnDisk: Cell_D_0003 5505558
FabOnDisk: Cell_D_0003 6423151
FabOnDisk: Cell_D_0001 6423138
FabOnDisk: Cell_D_0001 7340731
FabOnDisk: Cell_D_0001 8258324
FabOnDisk: Cell_D_0003 7340744
FabOnDisk: Cell_D_0003 8258337
FabOnDisk: Cell_D_0003 9175930
FabOnDisk: Cell_D_0003 10093523
FabOnDisk: Cell_D_0001 9175916
FabOnDisk: Cell_D_0001 10093509
FabOnDisk: Cell_D_0001 11011102
FabOnDisk: Cell_D_0003 11011116
FabOnDisk: Cell_D_0003 11928709
FabOnDisk: Cell_D_0003 12846302
FabOnDisk: Cell_D_0003 13763895
FabOnDisk: Cell_D_0001 11928694
FabOnDisk: Cell_D_0001 12846287
FabOnDisk: Cell_D_0001 13763880
FabOnDisk: Cell_D_0002 3670360
FabOnDisk: Cell_D_0002 4587953
FabOnDisk: Cell_D_0002 5505546
FabOnDisk: Cell_D_0002 6423139
FabOnDisk: Cell_D_0000 6423125
FabOnDisk: Cell_D_0000 7340718
FabOnDisk: Cell_D_0000 8258311
FabOnDisk: Cell_D_0002 7340732
FabOnDisk: Cell_D_0002 8258325
FabOnDisk: Cell_D_0002 9175918
FabOnDisk: Cell_D_0002 10093511
FabOnDisk: Cell_D_0000 9175903
FabOnDisk: Cell_D_0000 10093496
FabOnDisk: Cell_D_0000 11011089
FabOnDisk: Cell_D_0002 11011104
FabOnDisk: Cell_D_0002 11928696
FabOnDisk: Cell_D_0002 12846288
FabOnDisk: Cell_D_0002 13763880
FabOnDisk: Cell_D_0000 11928681
FabOnDisk: Cell_D_0000 12846273
FabOnDisk: Cell_D_0000 13763865

64,28
2.971964632932566e-03,0.000000000000000e+00,6.824167525512929e+00,2.396689305062059e+08,2.396610957456740e+08,1.513018804758646e+03,2.971964632932566e-03,0.000000000000000e+00,-1.000000000000000e+03,1.597740638304493e+08,7.834760531842760e+03,2.993337573400598e+05,6.928765631393993e-03,4.158949908830670e+08,0.000000000000000e+00,-7.319213607718211e-08,8.064062845498604e+10,8.064062845498604e+10,-2.526956363085628e+00,2.971964632932566e-03,1.000000000000000e+00,0.000000000000000e+00,2.294767107558479e+03,2.294767107558479e+03,-1.832796474865341e+03,6.824167525512929e+00,1.000000000000000e+03,1.000000000000000e+00,
2.971964632932566e-03,0.000000000000000e+00,6.824167525512929e+00,2.396689305062059e+08,2.396610957456740e+08,1.513018804758646e+03,2.971964632932566e-03,0.000000000000000e+00,-1.000000000000000e+03,1.597740638304493e+08,7.834760531842760e+03,2.993337573400598e+05,6.928765631393993e-03,4.158949908830670e+08,0.000000000000000e+00,-7.319213607718211e-08,8.064062845498604e+10,8.064062845498604e+10,-2.526956363085628e+00,2.971964632932566e-03,1.000000000000000e+00,0.000000000000000e+00,2.294767107558479e+03,2.294767107558479e+03,-1.832796474865341e+03,6.824167525512929e+00,1.000000000000000e+03,1.000000000000000e+00,
2.971964632932566e-03,0.000000000000000e+00,6.824167525512929e+00,2.396689305062059e+08,2.396610957456740e+08,1.513018804758646e+03,2.971964632932566e-03,0.000000000000000e+00,-1.000000000000000e+03,1.597740638304493e+08,7.834760531842760e+03,2.993337573400598e+05,6.928765631393993e-03,4.158949908830670e+08,0.000000000000000e+00,-7.319213607718211e-08,8.064062845498604e+10,8.064062845498604e+10,-2.526956363085628e+00,2.971964632932566e-03,1.000000000000000e+00,0.000000000000000e+00,2.294767107558479e+03,2.294767107558479e+03,-2.050089301986387e+03,6.824167525512929e+00,1.000000000000000e+03,1.000000000000000e+00,
2.971964632932566e-03,0.000000000000000e+00,6.824167525512929e+00,2.396689305062059e+08,2.396610957456740e+08,1.513018804758646e+03,2.971964632932566e-03,0.000000000000000e+00,-1.000000000000000e+03,1.597740638304493e+08,7.834760531842760e+03,2.993337573400598e+05,6.928765631393993e-03,4.158949908830670e+08,0.000000000000000e+00,-7.319213607718211e-08,8.064062845498604e+10,8.064062845498604e+10,-2.526956363085628e+00,2.971964632932566e-03,1.000000000000000e+00,0.000000000000000e+00,2.294767107558479e+03,2.294767107558479e+03,-2.224964576760547e+03,6.824167525512929e+00,1.000000000000000e+03,1.000000000000000e+00,
2.971964632932566e-03,0.000000000000000e+00,6.824167525512929e+00,2.396689305062059e+08,2.396610957456740e+08,1.513018804758646e+03,2.971964632932566e-03,0.000000000000000e+00,-1.000000000000000e+03,1.597740638304493e+08,7.834760531842760e+03,2.993337573400598e+05,6.928765631393993e-03,4.158949908830670e+08,0.000000000000000e+00,-7.319213607718211e-08,8.064062845498604e+10,8.064062845498604e+10,-2.526956363085628e+00,2.971964632932566e-03,1.000000000000000e+00,0.000000000000000e+00,2.294767107558479e+03,2.294767107558479e+03,-2.298305245696009e+03,6.824167525512929e+00,1.000000000000000e+03,1.000000000000000e+00,
2.971964632932566e-03,0.000000000000000e+00,6.824167525512929e+00,2.396689305062059e+08,2.396610957456740e+08,1.513018804758646e+03,2.971964632932566e-03,0.000000000000000e+00,-1.000000000000000e+03,1.597740638304493e+08,7.834760531842760e+03,2.993337573400598e+05,6.928765631393993e-03,4.158949908830670e+08,0.000000000000000e+00,-7.319213607718211e-08,8.064062845498604e+10,8.064062845498604e+10,-2.526956363085628e+00,2.971964632932566e-03,1.000000000000000e+00,0.000000000000000e+00,2.294767107558479e+03,2.294767107558479e+03,-2.298305245696009e+03,6.824167525512929e+00,1.000000000000000e+03,1.000000000000000e+00,
2.971964632932566e-03,0.000000000000000e+00,6.824167525512929e+00,2.396689305062059e+08,2.396610957456740e+08,1.513018804758646e+03,2.971964632932566e-03,0.000000000000000e+00,-1.000000000000000e+03,1.597740638304493e+08,7.834760531842760e+03,2.993337573400598e+05,6.928765631393993e-03,4.158949908830670e+08,0.000000000000000e+00,-7.319213607718211e-08,8.064062845498604e+10,8.064062845498604e+10,-2.526956363085628e+00,2.971964632932566e-03,1.000000000000000e+00,0.000000000000000e+00,2.294767107558479e+03,2.294767107558479e+03,-2.224964576760547e+03,6.824167525512929e+00,1.000000000000000e+03,1.000000000000000e+00,
2.971964632932566e-03,0.000000000000000e+00,6.824167525512929e+00,2.396689305062059e+08,2.396610957456740e+08,1.513018804758646e+03,2.971964632932566e-03,0.000000000000000e+00,-1.000000000000000e+03,1.597740638304493e+08,7.834760531842760e+03,2.993337573400598e+05,6.928765631393993e-03,4.158949908830670e+08,0.000000000000000e+00,-7.319213607718211e-08,8.064062845498604e+10,8.064062845498604e+10,-2.526956363085628e+00,2.971964632932566e-03,1.000000000000000e+00,0.000000000000000e+00,2.294767107558479e+03,2.294767107558479e+03,-2.050089301986387e+03,6.824167525512929e+00,1.000000000000000e+03,1.000000000000000e+00,
7.506087055907559e-08,0.000000000000000e+00,-7.507720720854499e-08,3.610600408386708e+03,3.610600408349178e+03,9.025187888420381e+02,7.506087055907559e-08,0.000000000000000e+00,-1.000000000000000e+03,2.407066938899452e+03,3.753044831128377e-08,2.311860688658460e+05,4.325520895933695e-06,8.231260495639830e+08,0.000000000000000e+00,-3.465938314128891e-15,4.810229859387930e+10,4.810229859387930e+10,-7.124586402928396e+00,7.506087055907559e-08,1.000000000000000e+00,0.000000000000000e+00,-1.000158285878529e+00,1.000000172849804e+00,-7.986853279155369e-01,7.506088364830849e-08,1.000000000000000e+03,1.000000000000000e+00,
7.506589331210256e-08,0.000000000000000e+00,-7.675661073250507e-08,3.611095286583257e+03,3.611095286545711e+03,9.025820934524203e+02,7.506589331210256e-08,0.000000000000000e+00,-1.000000000000000e+03,2.407396857697141e+03,3.754598894111406e-08,2.311941766679052e+05,4.214109376448243e-06,8.231274102949243e+08,0.000000000000000e+00,-6.107908048592347e-10,4.810567259263548e+10,4.810567259263548e+10,-7.124557342767927e+00,7.506589331210256e-08,1.000000000000000e+00,0.000000000000000e+00,-1.001933203423948e+00,9.926723646377180e-01,-7.053854907544965e-01,7.507893446434960e-08,1.000000000000000e+03,1.000000000000000e+00,
7.750056795616183e-08,0.000000000000000e+00,-7.791330038256696e-08,3.882099449239871e+03,3.882099449201785e+03,9.398362533271593e+02,7.750056795616183e-08,0.000000000000000e+00,-1.000000000000000e+03,2.588066299467857e+03,6.179176884995622e-09,2.359172140678497e+05,8.246511454750816e-07,8.241489542964230e+08,0.000000000000000e+00,-1.284131982178664e-08,5.009123870418205e+10,5.009123870418205e+10,-7.110695114792745e+00,7.750056795616183e-08,1.000000000000000e+00,0.000000000000000e+00,-9.913897565880851e-01,2.684391822360280e-01,-5.474444885341890e-01,4.603781633906570e-08,1.000000000000000e+03,1.000000000000000e+00,
1.781690194557214e-07,0.000000000000000e+00,-4.347394106341951e-08,1.700909427602114e+04,1.700909427601584e+04,1.545240589941767e+03,1.781690194557214e-07,0.000000000000000e+00,-1.000000000000000e+03,1.133939618401056e+04,5.340019904003413e-12,3.025043248256813e+05,2.058540034584859e-08,7.323776205591266e+08,0.000000000000000e+00,-3.411590861535330e-04,8.235797988441713e+10,8.235797988441714e+10,-6.749167810114677e+00,1.781690194557214e-07,1.000000000000000e+00,0.000000000000000e+00,-2.440039306284877e-01,6.750183704847933e-03,-7.643819166760711e-02,1.582185059694968e-09,1.000000000000000e+03,1.000000000000000e+00,
2.244927093355183e-06,0.000000000000000e+00,4.553128967701170e-03,1.846864155551217e+05,1.846817982596519e+05,1.503987005612681e+03,2.244927093355183e-06,0.000000000000000e+00,-1.000000000000000e+03,1.231211988397680e+05,4.617295469835454e+00,2.984390001013150e+05,6.708385918144045e-03,6.456682697067882e+08,0.000000000000000e+00,-3.833010447748279e-06,8.015925310332538e+10,8.015925310332539e+10,-5.648797758655170e+00,2.244927093355183e-06,1.000000000000000e+00,0.000000000000000e+00,2.028185673012764e+03,2.028185673012764e+03,-6.845809941502886e+02,4.553128967701170e-03,1.000000000000000e+03,1.000000000000000e+00,
2.473938070812690e-05,0.000000000000000e+00,5.409226970454274e-02,1.982958867927264e+06,1.982899731975635e+06,1.500679153257981e+03,2.473938070812690e-05,0.000000000000000e+00,-1.000000000000000e+03,1.321933154650423e+06,5.913595162929461e+01,2.981106277323572e+05,7.326755019086317e-03,5.602661568576628e+08,0.000000000000000e+00,-6.494981733867462e-07,7.998295173028204e+10,7.998295173028204e+10,-4.606611176105826e+00,2.473938070812690e-05,1.000000000000000e+00,0.000000000000000e+00,2.186484388704743e+03,2.186484388704743e+03,-1.249084221948063e+03,5.409226970454274e-02,1.000000000000000e+03,1.000000000000000e+00,
2.727702532692491e-04,0.000000000000000e+00,6.172658786329214e-01,2.181763911359132e+07,2.181694069219023e+07,1.500676180623072e+03,2.727702532692491e-04,0.000000000000000e+00,-1.000000000000000e+03,1.454462712812682e+07,6.984214010835956e+02,2.981103324745417e+05,7.590984354669757e-03,4.757774103626825e+08,0.000000000000000e+00,-4.635181496290670e-07,7.998279329527357e+10,7.998279329527357e+10,-3.564202993053025e+00,2.727702532692491e-04,1.000000000000000e+00,0.000000000000000e+00,2.262951591072593e+03,2.262951591072593e+03,-1.619337007556495e+03,6.172658786329214e-01,1.000000000000000e+03,1.000000000000000e+00,
7.506087055907559e-08,0.000000000000000e+00,-7.507720720854499e-08,3.610600408386708e+03,3.610600408349178e+03,9.025187888420381e+02,7.506087055907559e-08,0.000000000000000e+00,-1.000000000000000e+03,2.407066938899452e+03,3.753044831128377e-08,2.311860688658460e+05,4.325520895933695e-06,8.231260495639830e+08,0.000000000000000e+00,-3.465938314128891e-15,4.810229859387930e+10,4.810229859387930e+10,-7.124586402928396e+00,7.506087055907559e-08,1.000000000000000e+00,0.000000000000000e+00,-1.000158285878529e+00,1.000000172849804e+00,-7.986853279155369e-01,7.506088364830849e-08,1.000000000000000e+03,1.000000000000000e+00,
7.506589331210256e-08,0.000000000000000e+00,-7.675661073250507e-08,3.611095286583257e+03,3.611095286545711e+03,9.025820934524203e+02,7.506589331210256e-08,0.000000000000000e+00,-1.000000000000000e+03,2.407396857697141e+03,3.754598894111406e-08,2.311941766679052e+05,4.214109376448243e-06,8.231274102949243e+08,0.000000000000000e+00,-6.107908048592347e-10,4.810567259263548e+10,4.810567259263548e+10,-7.124557342767927e+00,7.506589331210256e-08,1.000000000000000e+00,0.000000000000000e+00,-1.001933203423948e+00,9.926723646377180e-01,-7.053854907544965e-01,7.507893446434960e-08,1.000000000000000e+03,1.000000000000000e+00,
7.750056795616183e-08,0.000000000000000e+00,-7.791330038256696e-08,3.882099449239871e+03,3.882099449201785e+03,9.398362533271593e+02,7.750056795616183e-08,0.000000000000000e+00,-1.000000000000000e+03,2.588066299467857e+03,6.179176884995622e-09,2.359172140678497e+05,8.246511454750816e-07,8.241489542964230e+08,0.000000000000000e+00,-1.284131982178664e-08,5.009123870418205e+10,5.009123870418205e+10,-7.110695114792745e+00,7.750056795616183e-08,1.000000000000000e+00,0.000000000000000e+00,-9.913897565880851e-01,2.684391822360280e-01,-5.474444885341890e-01,4.603781633906570e-08,1.000000000000000e+03,1.000000000000000e+00,
1.781690194557214e-07,0.000000000000000e+00,-4.347394106341951e-08,1.700909427602114e+04,1.700909427601584e+04,1.545240589941767e+03,1.781690194557214e-07,0.000000000000000e+00,-1.000000000000000e+03,1.133939618401056e+04,5.340019904003413e-12,3.025043248256813e+05,2.058540034584859e-08,7.323776205591266e+08,0.000000000000000e+00,-3.411590861535330e-04,8.235797988441713e+10,8.235797988441714e+10,-6.749167810114677e+00,1.781690194557214e-07,1.000000000000000e+00,0.000000000000000e+00,-2.440039306284877e-01,6.750183704847933e-03,-7.643819166760711e-02,1.582185059694968e-09,1.000000000000000e+03,1.000000000000000e+00,
2.244927093355183e-06,0.000000000000000e+00,4.553128967701170e-03,1.846864155551217e+05,1.846817982596519e+05,1.503987005612681e+03,2.244927093355183e-06,0.000000000000000e+00,-1.000000000000000e+03,1.231211988397680e+05,4.617295469835454e+00,2.984390001013150e+05,6.708385918144045e-03,6.456682697067882e+08,0.000000000000000e+00,-3.833010447748279e-06,8.015925310332538e+10,8.015925310332539e+10,-5.648797758655170e+00,2.244927093355183e-06,1.000000000000000e+00,0.000000000000000e+00,2.028185673012764e+03,2.028185673012764e+03,-6.845809941502886e+02,4.553128967701170e-03,1.000000000000000e+03,1.000000000000000e+00,
2.473938070812690e-05,0.000000000000000e+00,5.409226970454274e-02,1.982958867927264e+06,1.982899731975635e+06,1.500679153257981e+03,2.473938070812690e-05,0.000000000000000e+00,-1.000000000000000e+03,1.321933154650423e+06,5.913595162929461e+01,2.981106277323572e+05,7.326755019086317e-03,5.602661568576628e+08,0.000000000000000e+00,-6.494981733867462e-07,7.998295173028204e+10,7.998295173028204e+10,-4.606611176105826e+00,2.473938070812690e-05,1.000000000000000e+00,0.000000000000000e+00,2.186484388704743e+03,2.186484388704743e+03,-1.249084221948063e+03,5.409226970454274e-02,1.000000000000000e+03,1.000000000000000e+00,
2.727702532692491e-04,0.000000000000000e+00,6.172658786329214e-01,2.181763911359132e+07,2.181694069219023e+07,1.500676180623072e+03,2.727702532692491e-04,0.000000000000000e+00,-1.000000000000000e+03,1.454462712812682e+07,6.984214010835956e+02,2.981103324745417e+05,7.590984354669757e-03,4.757774103626825e+08,0.000000000000000e+00,-4.635181496290670e-07,7.998279329527357e+10,7.998279329527357e+10,-3.564202993053025e+00,2.727702532692491e-04,1.000000000000000e+00,0.000000000000000e+00,2.262951591072593e+03,2.262951591072593e+03,-1.619337007556495e+03,6.172658786329214e-01,1.000000000000000e+03,1.000000000000000e+00,
7.506087055907559e-08,0.000000000000000e+00,-7.507720720854499e-08,3.610600408386708e+03,3.610600408349178e+03,9.025187888420381e+02,7.506087055907559e-08,0.000000000000000e+00,-1.000000000000000e+03,2.407066938899452e+03,3.753044831128377e-08,2.311860688658460e+05,4.325520895933695e-06,8.231260495639830e+08,0.000000000000000e+00,-3.465938314128891e-15,4.810229859387930e+10,4.810229859387930e+10,-7.124586402928396e+00,7.506087055907559e-08,1.000000000000000e+00,0.000000000000000e+00,-1.000158285878529e+00,1.000000172849804e+00,-8.933759251874555e-01,7.506088364830849e-08,1.000000000000000e+03,1.000000000000000e+00,
7.506589331210256e-08,0.000000000000000e+00,-7.675661073250507e-08,3.611095286583257e+03,3.611095286545711e+03,9.025820934524203e+02,7.506589331210256e-08,0.000000000000000e+00,-1.000000000000000e+03,2.407396857697141e+03,3.754598894111406e-08,2.311941766679052e+05,4.214109376448243e-06,8.231274102949243e+08,0.000000000000000e+00,-6.107908048592347e-10,4.810567259263548e+10,4.810567259263548e+10,-7.124557342767927e+00,7.506589331210256e-08,1.000000000000000e+00,0.000000000000000e+00,-1.001933203423948e+00,9.926723646377180e-01,-8.305230326657347e-01,7.507893446434960e-08,1.000000000000000e+03,1.000000000000000e+00,
7.750056795616183e-08,0.000000000000000e+00,-7.791330038256696e-08,3.882099449239871e+03,3.882099449201785e+03,9.398362533271593e+02,7.750056795616183e-08,0.000000000000000e+00,-1.000000000000000e+03,2.588066299467857e+03,6.179176884995622e-09,2.359172140678497e+05,8.246511454750816e-07,8.241489542964230e+08,0.000000000000000e+00,-1.284131982178664e-08,5.009123870418205e+10,5.009123870418205e+10,-7.110695114792745e+00,7.750056795616183e-08,1.000000000000000e+00,0.000000000000000e+00,-9.913897565880851e-01,2.684391822360280e-01,-6.982747390872782e-01,4.603781633906570e-08,1.000000000000000e+03,1.000000000000000e+00,
1.781690194557214e-07,0.000000000000000e+00,-4.347394106341951e-08,1.700909427602114e+04,1.700909427601584e+04,1.545240589941767e+03,1.781690194557214e-07,0.000000000000000e+00,-1.000000000000000e+03,1.133939618401056e+04,5.340019904003413e-12,3.025043248256813e+05,2.058540034584859e-08,7.323776205591266e+08,0.000000000000000e+00,-3.411590861535330e-04,8.235797988441713e+10,8.235797988441714e+10,-6.749167810114677e+00,1.781690194557214e-07,1.000000000000000e+00,0.000000000000000e+00,-2.440039306284877e-01,6.750183704847933e-03,-1.080992696194345e-01,1.582185059694968e-09,1.000000000000000e+03,1.000000000000000e+00,
2.244927093355183e-06,0.000000000000000e+00,4.553128967701170e-03,1.846864155551217e+05,1.846817982596519e+05,1.503987005612681e+03,2.244927093355183e-06,0.000000000000000e+00,-1.000000000000000e+03,1.231211988397680e+05,4.617295469835454e+00,2.984390001013150e+05,6.708385918144045e-03,6.456682697067882e+08,0.000000000000000e+00,-3.833010447748279e-06,8.015925310332538e+10,8.015925310332539e+10,-5.648797758655170e+00,2.244927093355183e-06,1.000000000000000e+00,0.000000000000000e+00,2.028185673012764e+03,2.028185673012764e+03,-9.681378359236263e+02,4.553128967701170e-03,1.000000000000000e+03,1.000000000000000e+00,
2.473938070812690e-05,0.000000000000000e+00,5.409226970454274e-02,1.982958867927264e+06,1.982899731975635e+06,1.500679153257981e+03,2.473938070812690e-05,0.000000000000000e+00,-1.000000000000000e+03,1.321933154650423e+06,5.913595162929461e+01,2.981106277323572e+05,7.326755019086317e-03,5.602661568576628e+08,0.000000000000000e+00,-6.494981733867462e-07,7.998295173028204e+10,7.998295173028204e+10,-4.606611176105826e+00,2.473938070812690e-05,1.000000000000000e+00,0.000000000000000e+00,2.186484388704743e+03,2.186484388704743e+03,-1.593228130790376e+03,5.409226970454274e-02,1.000000000000000e+03,1.000000000000000e+00,
2.727702532692491e-04,0.000000000000000e+00,6.172658786329214e-01,2.181763911359132e+07,2.181694069219023e+07,1.500676180623072e+03,2.727702532692491e-04,0.000000000000000e+00,-1.000000000000000e+03,1.454462712812682e+07,6.984214010835956e+02,2.981103324745417e+05,7.590984354669757e-03,4.757774103626825e+08,0.000000000000000e+00,-4.635181496290670e-07,7.998279329527357e+10,7.998279329527357e+10,-3.564202993053025e+00,2.727702532692491e-04,1.000000000000000e+00,0.000000000000000e+00,2.262951591072593e+03,2.262951591072593e+03,-1.906612341834737e+03,6.172658786329214e-01,1.000000000000000e+03,1.000000000000000e+00,
7.506087055907559e-08,0.000000000000000e+00,-7.507720720854499e-08,3.610600408386708e+03,3.610600408349178e+03,9.025187888420381e+02,7.506087055907559e-08,0.000000000000000e+00,-1.000000000000000e+03,2.407066938899452e+03,3.753044831128377e-08,2.311860688658460e+05,4.325520895933695e-06,8.231260495639830e+08,0.000000000000000e+00,-3.465938314128891e-15,4.810229859387930e+10,4.810229859387930e+10,-7.124586402928396e+00,7.506087055907559e-08,1.000000000000000e+00,0.000000000000000e+00,-1.000158285878529e+00,1.000000172849804e+00,-9.695820495950124e-01,7.506088364830849e-08,1.000000000000000e+03,1.000000000000000e+00,
7.506589331210256e-08,0.000000000000000e+00,-7.675661073250507e-08,3.611095286583257e+03,3.611095286545711e+03,9.025820934524203e+02,7.506589331210256e-08,0.000000000000000e+00,-1.000000000000000e+03,2.407396857697141e+03,3.754598894111406e-08,2.311941766679052e+05,4.214109376448243e-06,8.231274102949243e+08,0.000000000000000e+00,-6.107908048592347e-10,4.810567259263548e+10,4.810567259263548e+10,-7.124557342767927e+00,7.506589331210256e-08,1.000000000000000e+00,0.000000000000000e+00,-1.001933203423948e+00,9.926723646377180e-01,-9.478535393331387e-01,7.507893446434960e-08,1.000000000000000e+03,1.000000000000000e+00,
7.750056795616183e-08,0.000000000000000e+00,-7.791330038256696e-08,3.882099449239871e+03,3.882099449201785e+03,9.398362533271593e+02,7.750056795616183e-08,0.000000000000000e+00,-1.000000000000000e+03,2.588066299467857e+03,6.179176884995622e-09,2.359172140678497e+05,8.246511454750816e-07,8.241489542964230e+08,0.000000000000000e+00,-1.284131982178664e-08,5.009123870418205e+10,5.009123870418205e+10,-7.110695114792745e+00,7.750056795616183e-08,1.000000000000000e+00,0.000000000000000e+00,-9.913897565880851e-01,2.684391822360280e-01,-8.846346895683764e-01,4.603781633906570e-08,1.000000000000000e+03,1.000000000000000e+00,
1.781690194557214e-07,0.000000000000000e+00,-4.347394106341951e-08,1.700909427602114e+04,1.700909427601584e+04,1.545240589941767e+03,1.781690194557214e-07,0.000000000000000e+00,-1.000000000000000e+03,1.133939618401056e+04,5.340019904003413e-12,3.025043248256813e+05,2.058540034584859e-08,7.323776205591266e+08,0.000000000000000e+00,-3.411590861535330e-04,8.235797988441713e+10,8.235797988441714e+10,-6.749167810114677e+00,1.781690194557214e-07,1.000000000000000e+00,0.000000000000000e+00,-2.440039306284877e-01,6.750183704847933e-03,-1.711836659368911e-01,1.582185059694968e-09,1.000000000000000e+03,1.000000000000000e+00,
2.244927093355183e-06,0.000000000000000e+00,4.553128967701170e-03,1.846864155551217e+05,1.846817982596519e+05,1.503987005612681e+03,2.244927093355183e-06,0.000000000000000e+00,-1.000000000000000e+03,1.231211988397680e+05,4.617295469835454e+00,2.984390001013150e+05,6.708385918144045e-03,6.456682697067882e+08,0.000000000000000e+00,-3.833010447748279e-06,8.015925310332538e+10,8.015925310332539e+10,-5.648797758655170e+00,2.244927093355183e-06,1.000000000000000e+00,0.000000000000000e+00,2.028185673012764e+03,2.028185673012764e+03,-1.533122142906868e+03,4.553128967701170e-03,1.000000000000000e+03,1.000000000000000e+00,
2.473938070812690e-05,0.000000000000000e+00,5.409226970454274e-02,1.982958867927264e+06,1.982899731975635e+06,1.500679153257981e+03,2.473938070812690e-05,0.000000000000000e+00,-1.000000000000000e+03,1.321933154650423e+06,5.913595162929461e+01,2.981106277323572e+05,7.326755019086317e-03,5.602661568576628e+08,0.000000000000000e+00,-6.494981733867462e-07,7.998295173028204e+10,7.998295173028204e+10,-4.606611176105826e+00,2.473938070812690e-05,1.000000000000000e+00,0.000000000000000e+00,2.186484388704743e+03,2.186484388704743e+03,-2.018438866535000e+03,5.409226970454274e-02,1.000000000000000e+03,1.000000000000000e+00,
2.727702532692491e-04,0.000000000000000e+00,6.172658786329214e-01,2.181763911359132e+07,2.181694069219023e+07,1.500676180623072e+03,2.727702532692491e-04,0.000000000000000e+00,-1.000000000000000e+03,1.454462712812682e+07,6.984214010835956e+02,2.981103324745417e+05,7.590984354669757e-03,4.757774103626825e+08,0.000000000000000e+00,-4.635181496290670e-07,7.998279329527357e+10,7.998279329527357e+10,-3.564202993053025e+00,2.727702532692491e-04,1.000000000000000e+00,0.000000000000000e+00,2.262951591072593e+03,2.262951591072593e+03,-2.175965247518487e+03,6.172658786329214e-01,1.000000000000000e+03,1.000000000000000e+00,
7.506087055907559e-08,0.000000000000000e+00,-7.507720720854499e-08,3.610600408386708e+03,3.610600408349178e+03,9.025187888420381e+02,7.506087055907559e-08,0.000000000000000e+00,-1.000000000000000e+03,2.407066938899452e+03,3.753044831128377e-08,2.311860688658460e+05,4.325520895933695e-06,8.231260495639830e+08,0.000000000000000e+00,-3.465938314128891e-15,4.810229859387930e+10,4.810229859387930e+10,-7.124586402928396e+00,7.506087055907559e-08,1.000000000000000e+00,0.000000000000000e+00,-1.000158285878529e+00,1.000000172849804e+00,-1.000154912111535e+00,7.506088364830849e-08,1.000000000000000e+03,1.000000000000000e+00,
7.506589331210256e-08,0.000000000000000e+00,-7.675661073250507e-08,3.611095286583257e+03,3.611095286545711e+03,9.025820934524203e+02,7.506589331210256e-08,0.000000000000000e+00,-1.000000000000000e+03,2.407396857697141e+03,3.754598894111406e-08,2.311941766679052e+05,4.214109376448243e-06,8.231274102949243e+08,0.000000000000000e+00,-6.107908048592347e-10,4.810567259263548e+10,4.810567259263548e+10,-7.124557342767927e+00,7.506589331210256e-08,1.000000000000000e+00,0.000000000000000e+00,-1.001933203423948e+00,9.926723646377180e-01,-1.001927674098060e+00,7.507893446434960e-08,1.000000000000000e+03,1.000000000000000e+00,
7.750056795616183e-08,0.000000000000000e+00,-7.791330038256696e-08,3.882099449239871e+03,3.882099449201785e+03,9.398362533271593e+02,7.750056795616183e-08,0.000000000000000e+00,-1.000000000000000e+03,2.588066299467857e+03,6.179176884995622e-09,2.359172140678497e+05,8.246511454750816e-07,8.241489542964230e+08,0.000000000000000e+00,-1.284131982178664e-08,5.009123870418205e+10,5.009123870418205e+10,-7.110695114792745e+00,7.750056795616183e-08,1.000000000000000e+00,0.000000000000000e+00,-9.913897565880851e-01,2.684391822360280e-01,-9.913821335329369e-01,4.603781633906570e-08,1.000000000000000e+03,1.000000000000000e+00,
1.781690194557214e-07,0.000000000000000e+00,-4.347394106341951e-08,1.700909427602114e+04,1.700909427601584e+04,1.545240589941767e+03,1.781690194557214e-07,0.000000000000000e+00,-1.000000000000000e+03,1.133939618401056e+04,5.340019904003413e-12,3.025043248256813e+05,2.058540034584859e-08,7.323776205591266e+08,0.000000000000000e+00,-3.411590861535330e-04,8.235797988441713e+10,8.235797988441714e+10,-6.749167810114677e+00,1.781690194557214e-07,1.000000000000000e+00,0.000000000000000e+00,-2.440039306284877e-01,6.750183704847933e-03,-2.439963668432248e-01,1.582185059694968e-09,1.000000000000000e+03,1.000000000000000e+00,
2.244927093355183e-06,0.000000000000000e+00,4.553128967701170e-03,1.846864155551217e+05,1.846817982596519e+05,1.503987005612681e+03,2.244927093355183e-06,0.000000000000000e+00,-1.000000000000000e+03,1.231211988397680e+05,4.617295469835454e+00,2.984390001013150e+05,6.708385918144045e-03,6.456682697067882e+08,0.000000000000000e+00,-3.833010447748279e-06,8.015925310332538e+10,8.015925310332539e+10,-5.648797758655170e+00,2.244927093355183e-06,1.000000000000000e+00,0.000000000000000e+00,2.028185673012764e+03,2.028185673012764e+03,-2.191404500723251e+03,4.553128967701170e-03,1.000000000000000e+03,1.000000000000000e+00,
2.473938070812690e-05,0.000000000000000e+00,5.409226970454274e-02,1.982958867927264e+06,1.982899731975635e+06,1.500679153257981e+03,2.473938070812690e-05,0.000000000000000e+00,-1.000000000000000e+03,1.321933154650423e+06,5.913595162929461e+01,2.981106277323572e+05,7.326755019086317e-03,5.602661568576628e+08,0.000000000000000e+00,-6.494981733867462e-07,7.998295173028204e+10,7.998295173028204e+10,-4.606611176105826e+00,2.473938070812690e-05,1.000000000000000e+00,0.000000000000000e+00,2.186484388704743e+03,2.186484388704743e+03,-2.262000635412121e+03,5.409226970454274e-02,1.000000000000000e+03,1.000000000000000e+00,
2.727702532692491e-04,0.000000000000000e+00,6.172658786329214e-01,2.181763911359132e+07,2.181694069219023e+07,1.500676180623072e+03,2.727702532692491e-04,0.000000000000000e+00,-1.000000000000000e+03,1.454462712812682e+07,6.984214010835956e+02,2.981103324745417e+05,7.590984354669757e-03,4.757774103626825e+08,0.000000000000000e+00,-4.635181496290670e-07,7.998279329527357e+10,7.998279329527357e+10,-3.564202993053025e+00,2.727702532692491e-04,1.000000000000000e+00,0.000000000000000e+00,2.262951591072593e+03,2.262951591072593e+03,-2.296067660402013e+03,6.172658786329214e-01,1.000000000000000e+03,1.000000000000000e+00,
7.506087055907559e-08,0.000000000000000e+00,-7.507720720854499e-08,3.610600408386708e+03,3.610600408349178e+03,9.025187888420381e+02,7.506087055907559e-08,0.000000000000000e+00,-1.000000000000000e+03,2.407066938899452e+03,3.753044831128377e-08,2.311860688658460e+05,4.325520895933695e-06,8.231260495639830e+08,0.000000000000000e+00,-3.465938314128891e-15,4.810229859387930e+10,4.810229859387930e+10,-7.124586402928396e+00,7.506087055907559e-08,1.000000000000000e+00,0.000000000000000e+00,-1.000158285878529e+00,1.000000172849804e+00,-1.000154912111535e+00,7.506088364830849e-08,1.000000000000000e+03,1.000000000000000e+00,
7.506589331210256e-08,0.000000000000000e+00,-7.675661073250507e-08,3.611095286583257e+03,3.611095286545711e+03,9.025820934524203e+02,7.506589331210256e-08,0.000000000000000e+00,-1.000000000000000e+03,2.407396857697141e+03,3.754598894111406e-08,2.311941766679052e+05,4.214109376448243e-06,8.231274102949243e+08,0.000000000000000e+00,-6.107908048592347e-10,4.810567259263548e+10,4.810567259263548e+10,-7.124557342767927e+00,7.506589331210256e-08,1.000000000000000e+00,0.000000000000000e+00,-1.001933203423948e+00,9.926723646377180e-01,-1.001927674098060e+00,7.507893446434960e-08,1.000000000000000e+03,1.000000000000000e+00,
7.750056795616183e-08,0.000000000000000e+00,-7.791330038256696e-08,3.882099449239871e+03,3.882099449201785e+03,9.398362533271593e+02,7.750056795616183e-08,0.000000000000000e+00,-1.000000000000000e+03,2.588066299467857e+03,6.179176884995622e-09,2.359172140678497e+05,8.246511454750816e-07,8.241489542964230e+08,0.000000000000000e+00,-1.284131982178664e-08,5.009123870418205e+10,5.009123870418205e+10,-7.110695114792745e+00,7.750056795616183e-08,1.000000000000000e+00,0.000000000000000e+00,-9.913897565880851e-01,2.684391822360280e-01,-9.913821335329369e-01,4.603781633906570e-08,1.000000000000000e+03,1.000000000000000e+00,
1.781690194557214e-07,0.000000000000000e+00,-4.347394106341951e-08,1.700909427602114e+04,1.700909427601584e+04,1.545240589941767e+03,1.781690194557214e-07,0.000000000000000e+00,-1.000000000000000e+03,1.133939618401056e+04,5.340019904003413e-12,3.025043248256813e+05,2.058540034584859e-08,7.323776205591266e+08,0.000000000000000e+00,-3.411590861535330e-04,8.235797988441713e+10,8.235797988441714e+10,-6.749167810114677e+00,1.781690194557214e-07,1.000000000000000e+00,0.000000000000000e+00,-2.440039306284877e-01,6.750183704847933e-03,-2.439963668432248e-01,1.582185059694968e-09,1.000000000000000e+03,1.000000000000000e+00,
2.244927093355183e-06,0.000000000000000e+00,4.553128967701170e-03,1.846864155551217e+05,1.846817982596519e+05,1.503987005612681e+03,2.244927093355183e-06,0.000000000000000e+00,-1.000000000000000e+03,1.231211988397680e+05,4.617295469835454e+00,2.984390001013150e+05,6.708385918144045e-03,6.456682697067882e+08,0.000000000000000e+00,-3.833010447748279e-06,8.015925310332538e+10,8.015925310332539e+10,-5.648797758655170e+00,2.244927093355183e-06,1.000000000000000e+00,0.000000000000000e+00,2.028185673012764e+03,2.028185673012764e+03,-2.191404500723251e+03,4.553128967701170e-03,1.000000000000000e+03,1.000000000000000e+00,
2.473938070812690e-05,0.000000000000000e+00,5.409226970454274e-02,1.982958867927264e+06,1.982899731975635e+06,1.500679153257981e+03,2.473938070812690e-05,0.000000000000000e+00,-1.000000000000000e+03,1.321933154650423e+06,5.913595162929461e+01,2.981106277323572e+05,7.326755019086317e-03,5.602661568576628e+08,0.000000000000000e+00,-6.494981733867462e-07,7.998295173028204e+10,7.998295173028204e+10,-4.606611176105826e+00,2.473938070812690e-05,1.000000000000000e+00,0.000000000000000e+00,2.186484388704743e+03,2.186484388704743e+03,-2.262000635412121e+03,5.409226970454274e-02,1.000000000000000e+03,1.000000000000000e+00,
2.727702532692491e-04,0.000000000000000e+00,6.172658786329214e-01,2.181763911359132e+07,2.181694069219023e+07,1.500676180623072e+03,2.727702532692491e-04,0.000000000000000e+00,-1.000000000000000e+03,1.454462712812682e+07,6.984214010835956e+02,2.981103324745417e+05,7.590984354669757e-03,4.757774103626825e+08,0.000000000000000e+00,-4.635181496290670e-07,7.998279329527357e+10,7.998279329527357e+10,-3.564202993053025e+00,2.727702532692491e-04,1.000000000000000e+00,0.000000000000000e+00,2.262951591072593e+03,2.262951591072593e+03,-2.296067660402013e+03,6.172658786329214e-01,1.000000000000000e+03,1.000000000000000e+00,
7.506087055907559e-08,0.000000000000000e+00,-7.507720720854499e-08,3.610600408386708e+03,3.610600408349178e+03,9.025187888420381e+02,7.506087055907559e-08,0.000000000000000e+00,-1.000000000000000e+03,2.407066938899452e+03,3.753044831128377e-08,2.311860688658460e+05,4.325520895933695e-06,8.231260495639830e+08,0.000000000000000e+00,-3.465938314128891e-15,4.810229859387930e+10,4.810229859387930e+10,-7.124586402928396e+00,7.506087055907559e-08,1.000000000000000e+00,0.000000000000000e+00,-1.000158285878529e+00,1.000000172849804e+00,-9.695820495950124e-01,7.506088364830849e-08,1.000000000000000e+03,1.000000000000000e+00,
7.506589331210256e-08,0.000000000000000e+00,-7.675661073250507e-08,3.611095286583257e+03,3.611095286545711e+03,9.025820934524203e+02,7.506589331210256e-08,0.000000000000000e+00,-1.000000000000000e+03,2.407396857697141e+03,3.754598894111406e-08,2.311941766679052e+05,4.214109376448243e-06,8.231274102949243e+08,0.000000000000000e+00,-6.107908048592347e-10,4.810567259263548e+10,4.810567259263548e+10,-7.124557342767927e+00,7.506589331210256e-08,1.000000000000000e+00,0.000000000000000e+00,-1.001933203423948e+00,9.926723646377180e-01,-9.478535393331387e-01,7.507893446434960e-08,1.000000000000000e+03,1.000000000000000e+00,
7.750056795616183e-08,0.000000000000000e+00,-7.791330038256696e-08,3.882099449239871e+03,3.882099449201785e+03,9.398362533271593e+02,7.750056795616183e-08,0.000000000000000e+00,-1.000000000000000e+03,2.588066299467857e+03,6.179176884995622e-09,2.359172140678497e+05,8.246511454750816e-07,8.241489542964230e+08,0.000000000000000e+00,-1.284131982178664e-08,5.009123870418205e+10,5.009123870418205e+10,-7.110695114792745e+00,7.750056795616183e-08,1.000000000000000e+00,0.000000000000000e+00,-9.913897565880851e-01,2.684391822360280e-01,-8.846346895683764e-01,4.603781633906570e-08,1.000000000000000e+03,1.000000000000000e+00,
1.781690194557214e-07,0.000000000000000e+00,-4.347394106341951e-08,1.700909427602114e+04,1.700909427601584e+04,1.545240589941767e+03,1.781690194557214e-07,0.000000000000000e+00,-1.000000000000000e+03,1.133939618401056e+04,5.340019904003413e-12,3.025043248256813e+05,2.058540034584859e-08,7.323776205591266e+08,0.000000000000000e+00,-3.411590861535330e-04,8.235797988441713e+10,8.235797988441714e+10,-6.749167810114677e+00,1.781690194557214e-07,1.000000000000000e+00,0.000000000000000e+00,-2.440039306284877e-01,6.750183704847933e-03,-1.711836659368911e-01,1.582185059694968e-09,1.000000000000000e+03,1.000000000000000e+00,
2.244927093355183e-06,0.000000000000000e+00,4.553128967701170e-03,1.846864155551217e+05,1.846817982596519e+05,1.503987005612681e+03,2.244927093355183e-06,0.000000000000000e+00,-1.000000000000000e+03,1.231211988397680e+05,4.617295469835454e+00,2.984390001013150e+05,6.708385918144045e-03,6.456682697067882e+08,0.000000000000000e+00,-3.833010447748279e-06,8.015925310332538e+10,8.015925310332539e+10,-5.648797758655170e+00,2.244927093355183e-06,1.000000000000000e+00,0.000000000000000e+00,2.028185673012764e+03,2.028185673012764e+03,-1.533122142906868e+03,4.553128967701170e-03,1.000000000000000e+03,1.000000000000000e+00,
2.473938070812690e-05,0.000000000000000e+00,5.409226970454274e-02,1.982958867927264e+06,1.982899731975635e+06,1.500679153257981e+03,2.473938070812690e-05,0.000000000000000e+00,-1.000000000000000e+03,1.321933154650423e+06,5.913595162929461e+01,2.981106277323572e+05,7.326755019086317e-03,5.602661568576628e+08,0.000000000000000e+00,-6.494981733867462e-07,7.998295173028204e+10,7.998295173028204e+10,-4.606611176105826e+00,2.473938070812690e-05,1.000000000000000e+00,0.000000000000000e+00,2.186484388704743e+03,2.186484388704743e+03,-2.018438866535000e+03,5.409226970454274e-02,1.000000000000000e+03,1.000000000000000e+00,
2.727702532692491e-04,0.000000000000000e+00,6.172658786329214e-01,2.181763911359132e+07,2.181694069219023e+07,1.500676180623072e+03,2.727702532692491e-04,0.000000000000000e+00,-1.000000000000000e+03,1.454462712812682e+07,6.984214010835956e+02,2.981103324745417e+05,7.590984354669757e-03,4.757774103626825e+08,0.000000000000000e+00,-4.635181496290670e-07,7.998279329527357e+10,7.998279329527357e+10,-3.564202993053025e+00,2.727702532692491e-04,1.000000000000000e+00,0.000000000000000e+00,2.262951591072593e+03,2.262951591072593e+03,-2.175965247518487e+03,6.172658786329214e-01,1.000000000000000e+03,1.000000000000000e+00,
7.506087055907559e-08,0.000000000000000e+00,-7.507720720854499e-08,3.610600408386708e+03,3.610600408349178e+03,9.025187888420381e+02,7.506087055907559e-08,0.000000000000000e+00,-1.000000000000000e+03,2.407066938899452e+03,3.753044831128377e-08,2.311860688658460e+05,4.325520895933695e-06,8.231260495639830e+08,0.000000000000000e+00,-3.465938314128891e-15,4.810229859387930e+10,4.810229859387930e+10,-7.124586402928396e+00,7.506087055907559e-08,1.000000000000000e+00,0.000000000000000e+00,-1.000158285878529e+00,1.000000172849804e+00,-8.933759251874555e-01,7.506088364830849e-08,1.000000000000000e+03,1.000000000000000e+00,
7.506589331210256e-08,0.000000000000000e+00,-7.675661073250507e-08,3.611095286583257e+03,3.611095286545711e+03,9.025820934524203e+02,7.506589331210256e-08,0.000000000000000e+00,-1.000000000000000e+03,2.407396857697141e+03,3.754598894111406e-08,2.311941766679052e+05,4.214109376448243e-06,8.231274102949243e+08,0.000000000000000e+00,-6.107908048592347e-10,4.810567259263548e+10,4.810567259263548e+10,-7.124557342767927e+00,7.506589331210256e-08,1.000000000000000e+00,0.000000000000000e+00,-1.001933203423948e+00,9.926723646377180e-01,-8.305230326657347e-01,7.507893446434960e-08,1.000000000000000e+03,1.000000000000000e+00,
7.750056795616183e-08,0.000000000000000e+00,-7.791330038256696e-08,3.882099449239871e+03,3.882099449201785e+03,9.398362533271593e+02,7.750056795616183e-08,0.000000000000000e+00,-1.000000000000000e+03,2.588066299467857e+03,6.179176884995622e-09,2.359172140678497e+05,8.246511454750816e-07,8.241489542964230e+08,0.000000000000000e+00,-1.284131982178664e-08,5.009123870418205e+10,5.009123870418205e+10,-7.110695114792745e+00,7.750056795616183e-08,1.000000000000000e+00,0.000000000000000e+00,-9.913897565880851e-01,2.684391822360280e-01,-6.982747390872782e-01,4.603781633906570e-08,1.000000000000000e+03,1.000000000000000e+00,
1.781690194557214e-07,0.000000000000000e+00,-4.347394106341951e-08,1.700909427602114e+04,1.700909427601584e+04,1.545240589941767e+03,1.781690194557214e-07,0.000000000000000e+00,-1.000000000000000e+03,1.133939618401056e+04,5.340019904003413e-12,3.025043248256813e+05,2.058540034584859e-08,7.323776205591266e+08,0.000000000000000e+00,-3.411590861535330e-04,8.235797988441713e+10,8.235797988441714e+10,-6.749167810114677e+00,1.781690194557214e-07,1.000000000000000e+00,0.000000000000000e+00,-2.440039306284877e-01,6.750183704847933e-03,-1.080992696194345e-01,1.582185059694968e-09,1.000000000000000e+03,1.000000000000000e+00,
2.244927093355183e-06,0.000000000000000e+00,4.553128967701170e-03,1.846864155551217e+05,1.846817982596519e+05,1.503987005612681e+03,2.244927093355183e-06,0.000000000000000e+00,-1.000000000000000e+03,1.231211988397680e+05,4.617295469835454e+00,2.984390001013150e+05,6.708385918144045e-03,6.456682697067882e+08,0.000000000000000e+00,-3.833010447748279e-06,8.015925310332538e+10,8.015925310332539e+10,-5.648797758655170e+00,2.244927093355183e-06,1.000000000000000e+00,0.000000000000000e+00,2.028185673012764e+03,2.028185673012764e+03,-9.681378359236263e+02,4.553128967701170e-03,1.000000000000000e+03,1.000000000000000e+00,
2.473938070812690e-05,0.000000000000000e+00,5.409226970454274e-02,1.982958867927264e+06,1.982899731975635e+06,1.500679153257981e+03,2.473938070812690e-05,0.000000000000000e+00,-1.000000000000000e+03,1.321933154650423e+06,5.913595162929461e+01,2.981106277323572e+05,7.326755019086317e-03,5.602661568576628e+08,0.000000000000000e+00,-6.494981733867462e-07,7.998295173028204e+10,7.998295173028204e+10,-4.606611176105826e+00,2.473938070812690e-05,1.000000000000000e+00,0.000000000000000e+00,2.186484388704743e+03,2.186484388704743e+03,-1.593228130790376e+03,5.409226970454274e-02,1.000000000000000e+03,1.000000000000000e+00,
2.727702532692491e-04,0.000000000000000e+00,6.172658786329214e-01,2.181763911359132e+07,2.181694069219023e+07,1.500676180623072e+03,2.727702532692491e-04,0.000000000000000e+00,-1.000000000000000e+03,1.454462712812682e+07,6.984214010835956e+02,2.981103324745417e+05,7.590984354669757e-03,4.757774103626825e+08,0.000000000000000e+00,-4.635181496290670e-07,7.998279329527357e+10,7.998279329527357e+10,-3.564202993053025e+00,2.727702532692491e-04,1.000000000000000e+00,0.000000000000000e+00,2.262951591072593e+03,2.262951591072593e+03,-1.906612341834737e+03,6.172658786329214e-01,1.000000000000000e+03,1.000000000000000e+00,

64,28
2.094499029188477e-02,0.000000000000000e+00,4.806387478994885e+01,2.067293369972028e+09,2.067238222272563e+09,1.853970198769114e+03,2.094499029188477e-02,0.000000000000000e+00,-1.000000000000000e+03,1.378158814848376e+09,5.514769946489192e+04,3.313484235534192e+05,7.670971084383885e-03,4.745075520280804e+08,2.500000000000000e-07,5.734793433142691e-04,9.881260001220244e+10,9.881260001220244e+10,-1.678919836600534e+00,2.094499029188477e-02,1.000000000000000e+00,0.000000000000000e+00,2.298310171566459e+03,2.298310171566459e+03,-1.381724622495343e+03,4.806387478994885e+01,1.000000000000000e+03,1.000000000000000e+00,
2.094499029188477e-02,0.000000000000000e+00,4.806387478994885e+01,2.067293369972028e+09,2.067238222272563e+09,1.853970198769114e+03,2.094499029188477e-02,0.000000000000000e+00,-1.000000000000000e+03,1.378158814848376e+09,5.514769946489192e+04,3.313484235534192e+05,7.670971084383885e-03,4.745075520280804e+08,2.500000000000000e-07,5.734793433142691e-04,9.881260001220244e+10,9.881260001220244e+10,-1.678919836600534e+00,2.094499029188477e-02,1.000000000000000e+00,0.000000000000000e+00,2.298310171566459e+03,2.298310171566459e+03,-1.381724622495343e+03,4.806387478994885e+01,1.000000000000000e+03,1.000000000000000e+00,
2.094499029188477e-02,0.000000000000000e+00,4.806387478994885e+01,2.067293369972028e+09,2.067238222272563e+09,1.853970198769114e+03,2.094499029188477e-02,0.000000000000000e+00,-1.000000000000000e+03,1.378158814848376e+09,5.514769946489192e+04,3.313484235534192e+05,7.670971084383885e-03,4.745075520280804e+08,2.500000000000000e-07,5.734793433142691e-04,9.881260001220244e+10,9.881260001220244e+10,-1.678919836600534e+00,2.094499029188477e-02,1.000000000000000e+00,0.000000000000000e+00,2.298310171566459e+03,2.298310171566459e+03,-1.627867593082804e+03,4.806387478994885e+01,1.000000000000000e+03,1.000000000000000e+00,
2.094499029188477e-02,0.000000000000000e+00,4.806387478994885e+01,2.067293369972028e+09,2.067238222272563e+09,1.853970198769114e+03,2.094499029188477e-02,0.000000000000000e+00,-1.000000000000000e+03,1.378158814848376e+09,5.514769946489192e+04,3.313484235534192e+05,7.670971084383885e-03,4.745075520280804e+08,2.500000000000000e-07,5.734793433142691e-04,9.881260001220244e+10,9.881260001220244e+10,-1.678919836600534e+00,2.094499029188477e-02,1.000000000000000e+00,0.000000000000000e+00,2.298310171566459e+03,2.298310171566459e+03,-1.914354010254639e+03,4.806387478994885e+01,1.000000000000000e+03,1.000000000000000e+00,
2.094499029188477e-02,0.000000000000000e+00,4.806387478994885e+01,2.067293369972028e+09,2.067238222272563e+09,1.853970198769114e+03,2.094499029188477e-02,0.000000000000000e+00,-1.000000000000000e+03,1.378158814848376e+09,5.514769946489192e+04,3.313484235534192e+05,7.670971084383885e-03,4.745075520280804e+08,2.500000000000000e-07,5.734793433142691e-04,9.881260001220244e+10,9.881260001220244e+10,-1.678919836600534e+00,2.094499029188477e-02,1.000000000000000e+00,0.000000000000000e+00,2.298310171566459e+03,2.298310171566459e+03,-2.180603140287276e+03,4.806387478994885e+01,1.000000000000000e+03,1.000000000000000e+00,
2.094499029188477e-02,0.000000000000000e+00,4.806387478994885e+01,2.067293369972028e+09,2.067238222272563e+09,1.853970198769114e+03,2.094499029188477e-02,0.000000000000000e+00,-1.000000000000000e+03,1.378158814848376e+09,5.514769946489192e+04,3.313484235534192e+05,7.670971084383885e-03,4.745075520280804e+08,2.500000000000000e-07,5.734793433142691e-04,9.881260001220244e+10,9.881260001220244e+10,-1.678919836600534e+00,2.094499029188477e-02,1.000000000000000e+00,0.000000000000000e+00,2.298310171566459e+03,2.298310171566459e+03,-2.180603140287276e+03,4.806387478994885e+01,1.000000000000000e+03,1.000000000000000e+00,
2.094499029188477e-02,0.000000000000000e+00,4.806387478994885e+01,2.067293369972028e+09,2.067238222272563e+09,1.853970198769114e+03,2.094499029188477e-02,0.000000000000000e+00,-1.000000000000000e+03,1.378158814848376e+09,5.514769946489192e+04,3.313484235534192e+05,7.670971084383885e-03,4.745075520280804e+08,2.500000000000000e-07,5.734793433142691e-04,9.881260001220244e+10,9.881260001220244e+10,-1.678919836600534e+00,2.094499029188477e-02,1.000000000000000e+00,0.000000000000000e+00,2.298310171566459e+03,2.298310171566459e+03,-1.914354010254639e+03,4.806387478994885e+01,1.000000000000000e+03,1.000000000000000e+00,
2.094499029188477e-02,0.000000000000000e+00,4.806387478994885e+01,2.067293369972028e+09,2.067238222272563e+09,1.853970198769114e+03,2.094499029188477e-02,0.000000000000000e+00,-1.000000000000000e+03,1.378158814848376e+09,5.514769946489192e+04,3.313484235534192e+05,7.670971084383885e-03,4.745075520280804e+08,2.500000000000000e-07,5.734793433142691e-04,9.881260001220244e+10,9.881260001220244e+10,-1.678919836600534e+00,2.094499029188477e-02,1.000000000000000e+00,0.000000000000000e+00,2.298310171566459e+03,2.298310171566459e+03,-1.627867593082804e+03,4.806387478994885e+01,1.000000000000000e+03,1.000000000000000e+00,
7.506532542756266e-08,0.000000000000000e+00,-7.506088364830849e-08,3.611038807948760e+03,3.611038807911216e+03,9.025748049038298e+02,7.506532542756266e-08,0.000000000000000e+00,-1.000000000000000e+03,2.407359205274144e+03,3.754454543512274e-08,2.311932431941499e+05,4.326070572220929e-06,8.231272487064607e+08,0.000000000000000e+00,7.420876514396824e-12,4.810528412876641e+10,4.810528412876641e+10,-7.124560628282080e+00,7.506532542756266e-08,1.000000000000000e+00,0.000000000000000e+00,-1.000000172849804e+00,1.000158285878529e+00,-6.018443548016360e-01,7.507720720854499e-08,1.000000000000000e+03,1.000000000000000e+00,
7.732320699843183e-08,0.000000000000000e+00,-7.507893446434960e-08,3.861469633170909e+03,3.861469633132812e+03,9.369861851245317e+02,7.732320699843183e-08,0.000000000000000e+00,-1.000000000000000e+03,2.574313088755208e+03,3.810845290515940e-08,2.355592311356586e+05,4.327953755076883e-06,8.240684905426714e+08,0.000000000000000e+00,3.287348279568114e-11,4.993933623590037e+10,4.993933623590037e+10,-7.111690141802835e+00,7.732320699843183e-08,1.000000000000000e+00,0.000000000000000e+00,-9.926723646377180e-01,1.001933203423948e+00,-4.460179301252908e-01,7.675661073250507e-08,1.000000000000000e+03,1.000000000000000e+00,
1.715018498997902e-07,0.000000000000000e+00,-4.603781633906570e-08,1.635545383253988e+04,1.635545383253370e+04,1.805176348047942e+03,1.715018498997902e-07,0.000000000000000e+00,-1.000000000000000e+03,1.090363588835580e+04,3.808585802576978e-08,3.269590415189379e+05,4.202278161452694e-06,8.447828335048285e+08,0.000000000000000e+00,-6.741835802687168e-10,9.621199334788423e+10,9.621199334788425e+10,-6.765731191090960e+00,1.715018498997902e-07,1.000000000000000e+00,0.000000000000000e+00,-2.684391822360280e-01,9.913897565880851e-01,-6.570511838411218e-02,7.791330038256696e-08,1.000000000000000e+03,1.000000000000000e+00,
2.162276564038679e-06,0.000000000000000e+00,4.371283338834434e-03,1.780851482841505e+05,1.780807297656442e+05,1.860970293989360e+03,2.162276564038679e-06,0.000000000000000e+00,-1.000000000000000e+03,1.187204865104294e+05,4.418518506411955e+00,3.319733756740491e+05,6.682917938950805e-03,8.289436144183577e+08,0.000000000000000e+00,-9.773667424460949e-09,9.918568994078096e+10,9.918568994078096e+10,-5.665088758784989e+00,2.162276564038679e-06,1.000000000000000e+00,0.000000000000000e+00,2.021611578987747e+03,2.021611578987747e+03,3.055537365489768e+02,4.371283338834434e-03,1.000000000000000e+03,1.000000000000000e+00,
2.382883213749905e-05,0.000000000000000e+00,5.207316967540901e-02,1.910158284240204e+06,1.910101386466440e+06,1.543520050403581e+03,2.382883213749905e-05,0.000000000000000e+00,-1.000000000000000e+03,1.273400924310960e+06,5.689777376409295e+01,3.023358670417527e+05,7.323386153787209e-03,7.309853918488739e+08,0.000000000000000e+00,9.754586543394908e-07,8.226627884989952e+10,8.226627884989952e+10,-4.622897242112987e+00,2.382883213749905e-05,1.000000000000000e+00,0.000000000000000e+00,2.191663823190371e+03,2.191663823190371e+03,-3.969044597673583e+00,5.207316967540901e-02,1.000000000000000e+03,1.000000000000000e+00,
2.627302160784439e-04,0.000000000000000e+00,5.943004854432828e-01,2.101461034989501e+07,2.101393819068875e+07,1.503842493051591e+03,2.627302160784439e-04,0.000000000000000e+00,-1.000000000000000e+03,1.400929212712584e+07,6.721592062571669e+02,2.984246618057946e+05,7.587847658659234e-03,6.443307004863251e+08,0.000000000000000e+00,-4.700581255306134e-07,8.015155089651259e+10,8.015155089651259e+10,-3.580489976998865e+00,2.627302160784439e-04,1.000000000000000e+00,0.000000000000000e+00,2.262018028660401e+03,2.262018028660401e+03,-5.351797543420500e+02,5.943004854432828e-01,1.000000000000000e+03,1.000000000000000e+00,
2.865087998541937e-03,0.000000000000000e+00,6.578458320691448e+00,2.309136803641681e+08,2.309061280457229e+08,1.512125772246779e+03,2.865087998541937e-03,0.000000000000000e+00,-1.000000000000000e+03,1.539374186971486e+08,7.552318445209721e+03,2.992454060808225e+05,7.683313704026379e-03,5.589335623749650e+08,0.000000000000000e+00,-5.382650586136606e-08,8.059303175442870e+10,8.059303175442870e+10,-2.542862034536288e+00,2.865087998541937e-03,1.000000000000000e+00,0.000000000000000e+00,2.296075486700329e+03,2.296075486700329e+03,-1.016767486009634e+03,6.578458320691448e+00,1.000000000000000e+03,1.000000000000000e+00,
7.506532542756266e-08,0.000000000000000e+00,-7.506088364830849e-08,3.611038807948760e+03,3.611038807911216e+03,9.025748049038298e+02,7.506532542756266e-08,0.000000000000000e+00,-1.000000000000000e+03,2.407359205274144e+03,3.754454543512274e-08,2.311932431941499e+05,4.326070572220929e-06,8.231272487064607e+08,0.000000000000000e+00,7.420876514396824e-12,4.810528412876641e+10,4.810528412876641e+10,-7.124560628282080e+00,7.506532542756266e-08,1.000000000000000e+00,0.000000000000000e+00,-1.000000172849804e+00,1.000158285878529e+00,-6.018443548016360e-01,7.507720720854499e-08,1.000000000000000e+03,1.000000000000000e+00,
7.732320699843183e-08,0.000000000000000e+00,-7.507893446434960e-08,3.861469633170909e+03,3.861469633132812e+03,9.369861851245317e+02,7.732320699843183e-08,0.000000000000000e+00,-1.000000000000000e+03,2.574313088755208e+03,3.810845290515940e-08,2.355592311356586e+05,4.327953755076883e-06,8.240684905426714e+08,0.000000000000000e+00,3.287348279568114e-11,4.993933623590037e+10,4.993933623590037e+10,-7.111690141802835e+00,7.732320699843183e-08,1.000000000000000e+00,0.000000000000000e+00,-9.926723646377180e-01,1.001933203423948e+00,-4.460179301252908e-01,7.675661073250507e-08,1.000000000000000e+03,1.000000000000000e+00,
1.715018498997902e-07,0.000000000000000e+00,-4.603781633906570e-08,1.635545383253988e+04,1.635545383253370e+04,1.805176348047942e+03,1.715018498997902e-07,0.000000000000000e+00,-1.000000000000000e+03,1.090363588835580e+04,3.808585802576978e-08,3.269590415189379e+05,4.202278161452694e-06,8.447828335048285e+08,0.000000000000000e+00,-6.741835802687168e-10,9.621199334788423e+10,9.621199334788425e+10,-6.765731191090960e+00,1.715018498997902e-07,1.000000000000000e+00,0.000000000000000e+00,-2.684391822360280e-01,9.913897565880851e-01,-6.570511838411218e-02,7.791330038256696e-08,1.000000000000000e+03,1.000000000000000e+00,
2.162276564038679e-06,0.000000000000000e+00,4.371283338834434e-03,1.780851482841505e+05,1.780807297656442e+05,1.860970293989360e+03,2.162276564038679e-06,0.000000000000000e+00,-1.000000000000000e+03,1.187204865104294e+05,4.418518506411955e+00,3.319733756740491e+05,6.682917938950805e-03,8.289436144183577e+08,0.000000000000000e+00,-9.773667424460949e-09,9.918568994078096e+10,9.918568994078096e+10,-5.665088758784989e+00,2.162276564038679e-06,1.000000000000000e+00,0.000000000000000e+00,2.021611578987747e+03,2.021611578987747e+03,3.055537365489768e+02,4.371283338834434e-03,1.000000000000000e+03,1.000000000000000e+00,
2.382883213749905e-05,0.000000000000000e+00,5.207316967540901e-02,1.910158284240204e+06,1.910101386466440e+06,1.543520050403581e+03,2.382883213749905e-05,0.000000000000000e+00,-1.000000000000000e+03,1.273400924310960e+06,5.689777376409295e+01,3.023358670417527e+05,7.323386153787209e-03,7.309853918488739e+08,0.000000000000000e+00,9.754586543394908e-07,8.226627884989952e+10,8.226627884989952e+10,-4.622897242112987e+00,2.382883213749905e-05,1.000000000000000e+00,0.000000000000000e+00,2.191663823190371e+03,2.191663823190371e+03,-3.969044597673583e+00,5.207316967540901e-02,1.000000000000000e+03,1.000000000000000e+00,
2.627302160784439e-04,0.000000000000000e+00,5.943004854432828e-01,2.101461034989501e+07,2.101393819068875e+07,1.503842493051591e+03,2.627302160784439e-04,0.000000000000000e+00,-1.000000000000000e+03,1.400929212712584e+07,6.721592062571669e+02,2.984246618057946e+05,7.587847658659234e-03,6.443307004863251e+08,0.000000000000000e+00,-4.700581255306134e-07,8.015155089651259e+10,8.015155089651259e+10,-3.580489976998865e+00,2.627302160784439e-04,1.000000000000000e+00,0.000000000000000e+00,2.262018028660401e+03,2.262018028660401e+03,-5.351797543420500e+02,5.943004854432828e-01,1.000000000000000e+03,1.000000000000000e+00,
2.865087998541937e-03,0.000000000000000e+00,6.578458320691448e+00,2.309136803641681e+08,2.309061280457229e+08,1.512125772246779e+03,2.865087998541937e-03,0.000000000000000e+00,-1.000000000000000e+03,1.539374186971486e+08,7.552318445209721e+03,2.992454060808225e+05,7.683313704026379e-03,5.589335623749650e+08,0.000000000000000e+00,-5.382650586136606e-08,8.059303175442870e+10,8.059303175442870e+10,-2.542862034536288e+00,2.865087998541937e-03,1.000000000000000e+00,0.000000000000000e+00,2.296075486700329e+03,2.296075486700329e+03,-1.016767486009634e+03,6.578458320691448e+00,1.000000000000000e+03,1.000000000000000e+00,
7.506532542756266e-08,0.000000000000000e+00,-7.506088364830849e-08,3.611038807948760e+03,3.611038807911216e+03,9.025748049038298e+02,7.506532542756266e-08,0.000000000000000e+00,-1.000000000000000e+03,2.407359205274144e+03,3.754454543512274e-08,2.311932431941499e+05,4.326070572220929e-06,8.231272487064607e+08,0.000000000000000e+00,7.420876514396824e-12,4.810528412876641e+10,4.810528412876641e+10,-7.124560628282080e+00,7.506532542756266e-08,1.000000000000000e+00,0.000000000000000e+00,-1.000000172849804e+00,1.000158285878529e+00,-7.090580172857233e-01,7.507720720854499e-08,1.000000000000000e+03,1.000000000000000e+00,
7.732320699843183e-08,0.000000000000000e+00,-7.507893446434960e-08,3.861469633170909e+03,3.861469633132812e+03,9.369861851245317e+02,7.732320699843183e-08,0.000000000000000e+00,-1.000000000000000e+03,2.574313088755208e+03,3.810845290515940e-08,2.355592311356586e+05,4.327953755076883e-06,8.240684905426714e+08,0.000000000000000e+00,3.287348279568114e-11,4.993933623590037e+10,4.993933623590037e+10,-7.111690141802835e+00,7.732320699843183e-08,1.000000000000000e+00,0.000000000000000e+00,-9.926723646377180e-01,1.001933203423948e+00,-5.531163787567159e-01,7.675661073250507e-08,1.000000000000000e+03,1.000000000000000e+00,
1.715018498997902e-07,0.000000000000000e+00,-4.603781633906570e-08,1.635545383253988e+04,1.635545383253370e+04,1.805176348047942e+03,1.715018498997902e-07,0.000000000000000e+00,-1.000000000000000e+03,1.090363588835580e+04,3.808585802576978e-08,3.269590415189379e+05,4.202278161452694e-06,8.447828335048285e+08,0.000000000000000e+00,-6.741835802687168e-10,9.621199334788423e+10,9.621199334788425e+10,-6.765731191090960e+00,1.715018498997902e-07,1.000000000000000e+00,0.000000000000000e+00,-2.684391822360280e-01,9.913897565880851e-01,-8.568457291738096e-02,7.791330038256696e-08,1.000000000000000e+03,1.000000000000000e+00,
2.162276564038679e-06,0.000000000000000e+00,4.371283338834434e-03,1.780851482841505e+05,1.780807297656442e+05,1.860970293989360e+03,2.162276564038679e-06,0.000000000000000e+00,-1.000000000000000e+03,1.187204865104294e+05,4.418518506411955e+00,3.319733756740491e+05,6.682917938950805e-03,8.289436144183577e+08,0.000000000000000e+00,-9.773667424460949e-09,9.918568994078096e+10,9.918568994078096e+10,-5.665088758784989e+00,2.162276564038679e-06,1.000000000000000e+00,0.000000000000000e+00,2.021611578987747e+03,2.021611578987747e+03,4.444991712779046e+02,4.371283338834434e-03,1.000000000000000e+03,1.000000000000000e+00,
2.382883213749905e-05,0.000000000000000e+00,5.207316967540901e-02,1.910158284240204e+06,1.910101386466440e+06,1.543520050403581e+03,2.382883213749905e-05,0.000000000000000e+00,-1.000000000000000e+03,1.273400924310960e+06,5.689777376409295e+01,3.023358670417527e+05,7.323386153787209e-03,7.309853918488739e+08,0.000000000000000e+00,9.754586543394908e-07,8.226627884989952e+10,8.226627884989952e+10,-4.622897242112987e+00,2.382883213749905e-05,1.000000000000000e+00,0.000000000000000e+00,2.191663823190371e+03,2.191663823190371e+03,-5.295505900343250e+00,5.207316967540901e-02,1.000000000000000e+03,1.000000000000000e+00,
2.627302160784439e-04,0.000000000000000e+00,5.943004854432828e-01,2.101461034989501e+07,2.101393819068875e+07,1.503842493051591e+03,2.627302160784439e-04,0.000000000000000e+00,-1.000000000000000e+03,1.400929212712584e+07,6.721592062571669e+02,2.984246618057946e+05,7.587847658659234e-03,6.443307004863251e+08,0.000000000000000e+00,-4.700581255306134e-07,8.015155089651259e+10,8.015155089651259e+10,-3.580489976998865e+00,2.627302160784439e-04,1.000000000000000e+00,0.000000000000000e+00,2.262018028660401e+03,2.262018028660401e+03,-6.979159282043967e+02,5.943004854432828e-01,1.000000000000000e+03,1.000000000000000e+00,
2.865087998541937e-03,0.000000000000000e+00,6.578458320691448e+00,2.309136803641681e+08,2.309061280457229e+08,1.512125772246779e+03,2.865087998541937e-03,0.000000000000000e+00,-1.000000000000000e+03,1.539374186971486e+08,7.552318445209721e+03,2.992454060808225e+05,7.683313704026379e-03,5.589335623749650e+08,0.000000000000000e+00,-5.382650586136606e-08,8.059303175442870e+10,8.059303175442870e+10,-2.542862034536288e+00,2.865087998541937e-03,1.000000000000000e+00,0.000000000000000e+00,2.296075486700329e+03,2.296075486700329e+03,-1.260915115545327e+03,6.578458320691448e+00,1.000000000000000e+03,1.000000000000000e+00,
7.506532542756266e-08,0.000000000000000e+00,-7.506088364830849e-08,3.611038807948760e+03,3.611038807911216e+03,9.025748049038298e+02,7.506532542756266e-08,0.000000000000000e+00,-1.000000000000000e+03,2.407359205274144e+03,3.754454543512274e-08,2.311932431941499e+05,4.326070572220929e-06,8.231272487064607e+08,0.000000000000000e+00,7.420876514396824e-12,4.810528412876641e+10,4.810528412876641e+10,-7.124560628282080e+00,7.506532542756266e-08,1.000000000000000e+00,0.000000000000000e+00,-1.000000172849804e+00,1.000158285878529e+00,-8.338442663653920e-01,7.507720720854499e-08,1.000000000000000e+03,1.000000000000000e+00,
7.732320699843183e-08,0.000000000000000e+00,-7.507893446434960e-08,3.861469633170909e+03,3.861469633132812e+03,9.369861851245317e+02,7.732320699843183e-08,0.000000000000000e+00,-1.000000000000000e+03,2.574313088755208e+03,3.810845290515940e-08,2.355592311356586e+05,4.327953755076883e-06,8.240684905426714e+08,0.000000000000000e+00,3.287348279568114e-11,4.993933623590037e+10,4.993933623590037e+10,-7.111690141802835e+00,7.732320699843183e-08,1.000000000000000e+00,0.000000000000000e+00,-9.926723646377180e-01,1.001933203423948e+00,-7.046618803484049e-01,7.675661073250507e-08,1.000000000000000e+03,1.000000000000000e+00,
1.715018498997902e-07,0.000000000000000e+00,-4.603781633906570e-08,1.635545383253988e+04,1.635545383253370e+04,1.805176348047942e+03,1.715018498997902e-07,0.000000000000000e+00,-1.000000000000000e+03,1.090363588835580e+04,3.808585802576978e-08,3.269590415189379e+05,4.202278161452694e-06,8.447828335048285e+08,0.000000000000000e+00,-6.741835802687168e-10,9.621199334788423e+10,9.621199334788425e+10,-6.765731191090960e+00,1.715018498997902e-07,1.000000000000000e+00,0.000000000000000e+00,-2.684391822360280e-01,9.913897565880851e-01,-1.211755432019560e-01,7.791330038256696e-08,1.000000000000000e+03,1.000000000000000e+00,
2.162276564038679e-06,0.000000000000000e+00,4.371283338834434e-03,1.780851482841505e+05,1.780807297656442e+05,1.860970293989360e+03,2.162276564038679e-06,0.000000000000000e+00,-1.000000000000000e+03,1.187204865104294e+05,4.418518506411955e+00,3.319733756740491e+05,6.682917938950805e-03,8.289436144183577e+08,0.000000000000000e+00,-9.773667424460949e-09,9.918568994078096e+10,9.918568994078096e+10,-5.665088758784989e+00,2.162276564038679e-06,1.000000000000000e+00,0.000000000000000e+00,2.021611578987747e+03,2.021611578987747e+03,7.751139769800549e+02,4.371283338834434e-03,1.000000000000000e+03,1.000000000000000e+00,
2.382883213749905e-05,0.000000000000000e+00,5.207316967540901e-02,1.910158284240204e+06,1.910101386466440e+06,1.543520050403581e+03,2.382883213749905e-05,0.000000000000000e+00,-1.000000000000000e+03,1.273400924310960e+06,5.689777376409295e+01,3.023358670417527e+05,7.323386153787209e-03,7.309853918488739e+08,0.000000000000000e+00,9.754586543394908e-07,8.226627884989952e+10,8.226627884989952e+10,-4.622897242112987e+00,2.382883213749905e-05,1.000000000000000e+00,0.000000000000000e+00,2.191663823190371e+03,2.191663823190371e+03,-7.953608148088738e+00,5.207316967540901e-02,1.000000000000000e+03,1.000000000000000e+00,
2.627302160784439e-04,0.000000000000000e+00,5.943004854432828e-01,2.101461034989501e+07,2.101393819068875e+07,1.503842493051591e+03,2.627302160784439e-04,0.000000000000000e+00,-1.000000000000000e+03,1.400929212712584e+07,6.721592062571669e+02,2.984246618057946e+05,7.587847658659234e-03,6.443307004863251e+08,0.000000000000000e+00,-4.700581255306134e-07,8.015155089651259e+10,8.015155089651259e+10,-3.580489976998865e+00,2.627302160784439e-04,1.000000000000000e+00,0.000000000000000e+00,2.262018028660401e+03,2.262018028660401e+03,-9.869961281246011e+02,5.943004854432828e-01,1.000000000000000e+03,1.000000000000000e+00,
2.865087998541937e-03,0.000000000000000e+00,6.578458320691448e+00,2.309136803641681e+08,2.309061280457229e+08,1.512125772246779e+03,2.865087998541937e-03,0.000000000000000e+00,-1.000000000000000e+03,1.539374186971486e+08,7.552318445209721e+03,2.992454060808225e+05,7.683313704026379e-03,5.589335623749650e+08,0.000000000000000e+00,-5.382650586136606e-08,8.059303175442870e+10,8.059303175442870e+10,-2.542862034536288e+00,2.865087998541937e-03,1.000000000000000e+00,0.000000000000000e+00,2.296075486700329e+03,2.296075486700329e+03,-1.606386739581083e+03,6.578458320691448e+00,1.000000000000000e+03,1.000000000000000e+00,
7.506532542756266e-08,0.000000000000000e+00,-7.506088364830849e-08,3.611038807948760e+03,3.611038807911216e+03,9.025748049038298e+02,7.506532542756266e-08,0.000000000000000e+00,-1.000000000000000e+03,2.407359205274144e+03,3.754454543512274e-08,2.311932431941499e+05,4.326070572220929e-06,8.231272487064607e+08,0.000000000000000e+00,7.420876514396824e-12,4.810528412876641e+10,4.810528412876641e+10,-7.124560628282080e+00,7.506532542756266e-08,1.000000000000000e+00,0.000000000000000e+00,-1.000000172849804e+00,1.000158285878529e+00,-9.498156641911043e-01,7.507720720854499e-08,1.000000000000000e+03,1.000000000000000e+00,
7.732320699843183e-08,0.000000000000000e+00,-7.507893446434960e-08,3.861469633170909e+03,3.861469633132812e+03,9.369861851245317e+02,7.732320699843183e-08,0.000000000000000e+00,-1.000000000000000e+03,2.574313088755208e+03,3.810845290515940e-08,2.355592311356586e+05,4.327953755076883e-06,8.240684905426714e+08,0.000000000000000e+00,3.287348279568114e-11,4.993933623590037e+10,4.993933623590037e+10,-7.111690141802835e+00,7.732320699843183e-08,1.000000000000000e+00,0.000000000000000e+00,-9.926723646377180e-01,1.001933203423948e+00,-8.899411143268964e-01,7.675661073250507e-08,1.000000000000000e+03,1.000000000000000e+00,
1.715018498997902e-07,0.000000000000000e+00,-4.603781633906570e-08,1.635545383253988e+04,1.635545383253370e+04,1.805176348047942e+03,1.715018498997902e-07,0.000000000000000e+00,-1.000000000000000e+03,1.090363588835580e+04,3.808585802576978e-08,3.269590415189379e+05,4.202278161452694e-06,8.447828335048285e+08,0.000000000000000e+00,-6.741835802687168e-10,9.621199334788423e+10,9.621199334788425e+10,-6.765731191090960e+00,1.715018498997902e-07,1.000000000000000e+00,0.000000000000000e+00,-2.684391822360280e-01,9.913897565880851e-01,-1.912922593929900e-01,7.791330038256696e-08,1.000000000000000e+03,1.000000000000000e+00,
2.162276564038679e-06,0.000000000000000e+00,4.371283338834434e-03,1.780851482841505e+05,1.780807297656442e+05,1.860970293989360e+03,2.162276564038679e-06,0.000000000000000e+00,-1.000000000000000e+03,1.187204865104294e+05,4.418518506411955e+00,3.319733756740491e+05,6.682917938950805e-03,8.289436144183577e+08,0.000000000000000e+00,-9.773667424460949e-09,9.918568994078096e+10,9.918568994078096e+10,-5.665088758784989e+00,2.162276564038679e-06,1.000000000000000e+00,0.000000000000000e+00,2.021611578987747e+03,2.021611578987747e+03,1.980973988454837e+03,4.371283338834434e-03,1.000000000000000e+03,1.000000000000000e+00,
2.382883213749905e-05,0.000000000000000e+00,5.207316967540901e-02,1.910158284240204e+06,1.910101386466440e+06,1.543520050403581e+03,2.382883213749905e-05,0.000000000000000e+00,-1.000000000000000e+03,1.273400924310960e+06,5.689777376409295e+01,3.023358670417527e+05,7.323386153787209e-03,7.309853918488739e+08,0.000000000000000e+00,9.754586543394908e-07,8.226627884989952e+10,8.226627884989952e+10,-4.622897242112987e+00,2.382883213749905e-05,1.000000000000000e+00,0.000000000000000e+00,2.191663823190371e+03,2.191663823190371e+03,-1.596947088232003e+01,5.207316967540901e-02,1.000000000000000e+03,1.000000000000000e+00,
2.627302160784439e-04,0.000000000000000e+00,5.943004854432828e-01,2.101461034989501e+07,2.101393819068875e+07,1.503842493051591e+03,2.627302160784439e-04,0.000000000000000e+00,-1.000000000000000e+03,1.400929212712584e+07,6.721592062571669e+02,2.984246618057946e+05,7.587847658659234e-03,6.443307004863251e+08,0.000000000000000e+00,-4.700581255306134e-07,8.015155089651259e+10,8.015155089651259e+10,-3.580489976998865e+00,2.627302160784439e-04,1.000000000000000e+00,0.000000000000000e+00,2.262018028660401e+03,2.262018028660401e+03,-1.558109123112562e+03,5.943004854432828e-01,1.000000000000000e+03,1.000000000000000e+00,
2.865087998541937e-03,0.000000000000000e+00,6.578458320691448e+00,2.309136803641681e+08,2.309061280457229e+08,1.512125772246779e+03,2.865087998541937e-03,0.000000000000000e+00,-1.000000000000000e+03,1.539374186971486e+08,7.552318445209721e+03,2.992454060808225e+05,7.683313704026379e-03,5.589335623749650e+08,0.000000000000000e+00,-5.382650586136606e-08,8.059303175442870e+10,8.059303175442870e+10,-2.542862034536288e+00,2.865087998541937e-03,1.000000000000000e+00,0.000000000000000e+00,2.296075486700329e+03,2.296075486700329e+03,-2.028759671739174e+03,6.578458320691448e+00,1.000000000000000e+03,1.000000000000000e+00,
7.506532542756266e-08,0.000000000000000e+00,-7.506088364830849e-08,3.611038807948760e+03,3.611038807911216e+03,9.025748049038298e+02,7.506532542756266e-08,0.000000000000000e+00,-1.000000000000000e+03,2.407359205274144e+03,3.754454543512274e-08,2.311932431941499e+05,4.326070572220929e-06,8.231272487064607e+08,0.000000000000000e+00,7.420876514396824e-12,4.810528412876641e+10,4.810528412876641e+10,-7.124560628282080e+00,7.506532542756266e-08,1.000000000000000e+00,0.000000000000000e+00,-1.000000172849804e+00,1.000158285878529e+00,-9.498156641911043e-01,7.507720720854499e-08,1.000000000000000e+03,1.000000000000000e+00,
7.732320699843183e-08,0.000000000000000e+00,-7.507893446434960e-08,3.861469633170909e+03,3.861469633132812e+03,9.369861851245317e+02,7.732320699843183e-08,0.000000000000000e+00,-1.000000000000000e+03,2.574313088755208e+03,3.810845290515940e-08,2.355592311356586e+05,4.327953755076883e-06,8.240684905426714e+08,0.000000000000000e+00,3.287348279568114e-11,4.993933623590037e+10,4.993933623590037e+10,-7.111690141802835e+00,7.732320699843183e-08,1.000000000000000e+00,0.000000000000000e+00,-9.926723646377180e-01,1.001933203423948e+00,-8.899411143268964e-01,7.675661073250507e-08,1.000000000000000e+03,1.000000000000000e+00,
1.715018498997902e-07,0.000000000000000e+00,-4.603781633906570e-08,1.635545383253988e+04,1.635545383253370e+04,1.805176348047942e+03,1.715018498997902e-07,0.000000000000000e+00,-1.000000000000000e+03,1.090363588835580e+04,3.808585802576978e-08,3.269590415189379e+05,4.202278161452694e-06,8.447828335048285e+08,0.000000000000000e+00,-6.741835802687168e-10,9.621199334788423e+10,9.621199334788425e+10,-6.765731191090960e+00,1.715018498997902e-07,1.000000000000000e+00,0.000000000000000e+00,-2.684391822360280e-01,9.913897565880851e-01,-1.912922593929900e-01,7.791330038256696e-08,1.000000000000000e+03,1.000000000000000e+00,
2.162276564038679e-06,0.000000000000000e+00,4.371283338834434e-03,1.780851482841505e+05,1.780807297656442e+05,1.860970293989360e+03,2.162276564038679e-06,0.000000000000000e+00,-1.000000000000000e+03,1.187204865104294e+05,4.418518506411955e+00,3.319733756740491e+05,6.682917938950805e-03,8.289436144183577e+08,0.000000000000000e+00,-9.773667424460949e-09,9.918568994078096e+10,9.918568994078096e+10,-5.665088758784989e+00,2.162276564038679e-06,1.000000000000000e+00,0.000000000000000e+00,2.021611578987747e+03,2.021611578987747e+03,1.980973988454837e+03,4.371283338834434e-03,1.000000000000000e+03,1.000000000000000e+00,
2.382883213749905e-05,0.000000000000000e+00,5.207316967540901e-02,1.910158284240204e+06,1.910101386466440e+06,1.543520050403581e+03,2.382883213749905e-05,0.000000000000000e+00,-1.000000000000000e+03,1.273400924310960e+06,5.689777376409295e+01,3.023358670417527e+05,7.323386153787209e-03,7.309853918488739e+08,0.000000000000000e+00,9.754586543394908e-07,8.226627884989952e+10,8.226627884989952e+10,-4.622897242112987e+00,2.382883213749905e-05,1.000000000000000e+00,0.000000000000000e+00,2.191663823190371e+03,2.191663823190371e+03,-1.596947088232003e+01,5.207316967540901e-02,1.000000000000000e+03,1.000000000000000e+00,
2.627302160784439e-04,0.000000000000000e+00,5.943004854432828e-01,2.101461034989501e+07,2.101393819068875e+07,1.503842493051591e+03,2.627302160784439e-04,0.000000000000000e+00,-1.000000000000000e+03,1.400929212712584e+07,6.721592062571669e+02,2.984246618057946e+05,7.587847658659234e-03,6.443307004863251e+08,0.000000000000000e+00,-4.700581255306134e-07,8.015155089651259e+10,8.015155089651259e+10,-3.580489976998865e+00,2.627302160784439e-04,1.000000000000000e+00,0.000000000000000e+00,2.262018028660401e+03,2.262018028660401e+03,-1.558109123112562e+03,5.943004854432828e-01,1.000000000000000e+03,1.000000000000000e+00,
2.865087998541937e-03,0.000000000000000e+00,6.578458320691448e+00,2.309136803641681e+08,2.309061280457229e+08,1.512125772246779e+03,2.865087998541937e-03,0.000000000000000e+00,-1.000000000000000e+03,1.539374186971486e+08,7.552318445209721e+03,2.992454060808225e+05,7.683313704026379e-03,5.589335623749650e+08,0.000000000000000e+00,-5.382650586136606e-08,8.059303175442870e+10,8.059303175442870e+10,-2.542862034536288e+00,2.865087998541937e-03,1.000000000000000e+00,0.000000000000000e+00,2.296075486700329e+03,2.296075486700329e+03,-2.028759671739174e+03,6.578458320691448e+00,1.000000000000000e+03,1.000000000000000e+00,
7.506532542756266e-08,0.000000000000000e+00,-7.506088364830849e-08,3.611038807948760e+03,3.611038807911216e+03,9.025748049038298e+02,7.506532542756266e-08,0.000000000000000e+00,-1.000000000000000e+03,2.407359205274144e+03,3.754454543512274e-08,2.311932431941499e+05,4.326070572220929e-06,8.231272487064607e+08,0.000000000000000e+00,7.420876514396824e-12,4.810528412876641e+10,4.810528412876641e+10,-7.124560628282080e+00,7.506532542756266e-08,1.000000000000000e+00,0.000000000000000e+00,-1.000000172849804e+00,1.000158285878529e+00,-8.338442663653920e-01,7.507720720854499e-08,1.000000000000000e+03,1.000000000000000e+00,
7.732320699843183e-08,0.000000000000000e+00,-7.507893446434960e-08,3.861469633170909e+03,3.861469633132812e+03,9.369861851245317e+02,7.732320699843183e-08,0.000000000000000e+00,-1.000000000000000e+03,2.574313088755208e+03,3.810845290515940e-08,2.355592311356586e+05,4.327953755076883e-06,8.240684905426714e+08,0.000000000000000e+00,3.287348279568114e-11,4.993933623590037e+10,4.993933623590037e+10,-7.111690141802835e+00,7.732320699843183e-08,1.000000000000000e+00,0.000000000000000e+00,-9.926723646377180e-01,1.001933203423948e+00,-7.046618803484049e-01,7.675661073250507e-08,1.000000000000000e+03,1.000000000000000e+00,
1.715018498997902e-07,0.000000000000000e+00,-4.603781633906570e-08,1.635545383253988e+04,1.635545383253370e+04,1.805176348047942e+03,1.715018498997902e-07,0.000000000000000e+00,-1.000000000000000e+03,1.090363588835580e+04,3.808585802576978e-08,3.269590415189379e+05,4.202278161452694e-06,8.447828335048285e+08,0.000000000000000e+00,-6.741835802687168e-10,9.621199334788423e+10,9.621199334788425e+10,-6.765731191090960e+00,1.715018498997902e-07,1.000000000000000e+00,0.000000000000000e+00,-2.684391822360280e-01,9.913897565880851e-01,-1.211755432019560e-01,7.791330038256696e-08,1.000000000000000e+03,1.000000000000000e+00,
2.162276564038679e-06,0.000000000000000e+00,4.371283338834434e-03,1.780851482841505e+05,1.780807297656442e+05,1.860970293989360e+03,2.162276564038679e-06,0.000000000000000e+00,-1.000000000000000e+03,1.187204865104294e+05,4.418518506411955e+00,3.319733756740491e+05,6.682917938950805e-03,8.289436144183577e+08,0.000000000000000e+00,-9.773667424460949e-09,9.918568994078096e+10,9.918568994078096e+10,-5.665088758784989e+00,2.162276564038679e-06,1.000000000000000e+00,0.000000000000000e+00,2.021611578987747e+03,2.021611578987747e+03,7.751139769800549e+02,4.371283338834434e-03,1.000000000000000e+03,1.000000000000000e+00,
2.382883213749905e-05,0.000000000000000e+00,5.207316967540901e-02,1.910158284240204e+06,1.910101386466440e+06,1.543520050403581e+03,2.382883213749905e-05,0.000000000000000e+00,-1.000000000000000e+03,1.273400924310960e+06,5.689777376409295e+01,3.023358670417527e+05,7.323386153787209e-03,7.309853918488739e+08,0.000000000000000e+00,9.754586543394908e-07,8.226627884989952e+10,8.226627884989952e+10,-4.622897242112987e+00,2.382883213749905e-05,1.000000000000000e+00,0.000000000000000e+00,2.191663823190371e+03,2.191663823190371e+03,-7.953608148088738e+00,5.207316967540901e-02,1.000000000000000e+03,1.000000000000000e+00,
2.627302160784439e-04,0.000000000000000e+00,5.943004854432828e-01,2.101461034989501e+07,2.101393819068875e+07,1.503842493051591e+03,2.627302160784439e-04,0.000000000000000e+00,-1.000000000000000e+03,1.400929212712584e+07,6.721592062571669e+02,2.984246618057946e+05,7.587847658659234e-03,6.443307004863251e+08,0.000000000000000e+00,-4.700581255306134e-07,8.015155089651259e+10,8.015155089651259e+10,-3.580489976998865e+00,2.627302160784439e-04,1.000000000000000e+00,0.000000000000000e+00,2.262018028660401e+03,2.262018028660401e+03,-9.869961281246011e+02,5.943004854432828e-01,1.000000000000000e+03,1.000000000000000e+00,
2.865087998541937e-03,0.000000000000000e+00,6.578458320691448e+00,2.309136803641681e+08,2.309061280457229e+08,1.512125772246779e+03,2.865087998541937e-03,0.000000000000000e+00,-1.000000000000000e+03,1.539374186971486e+08,7.552318445209721e+03,2.992454060808225e+05,7.683313704026379e-03,5.589335623749650e+08,0.000000000000000e+00,-5.382650586136606e-08,8.059303175442870e+10,8.059303175442870e+10,-2.542862034536288e+00,2.865087998541937e-03,1.000000000000000e+00,0.000000000000000e+00,2.296075486700329e+03,2.296075486700329e+03,-1.606386739581083e+03,6.578458320691448e+00,1.000000000000000e+03,1.000000000000000e+00,
7.506532542756266e-08,0.000000000000000e+00,-7.506088364830849e-08,3.611038807948760e+03,3.611038807911216e+03,9.025748049038298e+02,7.506532542756266e-08,0.000000000000000e+00,-1.000000000000000e+03,2.407359205274144e+03,3.754454543512274e-08,2.311932431941499e+05,4.326070572220929e-06,8.231272487064607e+08,0.000000000000000e+00,7.420876514396824e-12,4.810528412876641e+10,4.810528412876641e+10,-7.124560628282080e+00,7.506532542756266e-08,1.000000000000000e+00,0.000000000000000e+00,-1.000000172849804e+00,1.000158285878529e+00,-7.090580172857233e-01,7.507720720854499e-08,1.000000000000000e+03,1.000000000000000e+00,
7.732320699843183e-08,0.000000000000000e+00,-7.507893446434960e-08,3.861469633170909e+03,3.861469633132812e+03,9.369861851245317e+02,7.732320699843183e-08,0.000000000000000e+00,-1.000000000000000e+03,2.574313088755208e+03,3.810845290515940e-08,2.355592311356586e+05,4.327953755076883e-06,8.240684905426714e+08,0.000000000000000e+00,3.287348279568114e-11,4.993933623590037e+10,4.993933623590037e+10,-7.111690141802835e+00,7.732320699843183e-08,1.000000000000000e+00,0.000000000000000e+00,-9.926723646377180e-01,1.001933203423948e+00,-5.531163787567159e-01,7.675661073250507e-08,1.000000000000000e+03,1.000000000000000e+00,
1.715018498997902e-07,0.000000000000000e+00,-4.603781633906570e-08,1.635545383253988e+04,1.635545383253370e+04,1.805176348047942e+03,1.715018498997902e-07,0.000000000000000e+00,-1.000000000000000e+03,1.090363588835580e+04,3.808585802576978e-08,3.269590415189379e+05,4.202278161452694e-06,8.447828335048285e+08,0.000000000000000e+00,-6.741835802687168e-10,9.621199334788423e+10,9.621199334788425e+10,-6.765731191090960e+00,1.715018498997902e-07,1.000000000000000e+00,0.000000000000000e+00,-2.684391822360280e-01,9.913897565880851e-01,-8.568457291738096e-02,7.791330038256696e-08,1.000000000000000e+03,1.000000000000000e+00,
2.162276564038679e-06,0.000000000000000e+00,4.371283338834434e-03,1.780851482841505e+05,1.780807297656442e+05,1.860970293989360e+03,2.162276564038679e-06,0.000000000000000e+00,-1.000000000000000e+03,1.187204865104294e+05,4.418518506411955e+00,3.319733756740491e+05,6.682917938950805e-03,8.289436144183577e+08,0.000000000000000e+00,-9.773667424460949e-09,9.918568994078096e+10,9.918568994078096e+10,-5.665088758784989e+00,2.162276564038679e-06,1.000000000000000e+00,0.000000000000000e+00,2.021611578987747e+03,2.021611578987747e+03,4.444991712779046e+02,4.371283338834434e-03,1.000000000000000e+03,1.000000000000000e+00,
2.382883213749905e-05,0.000000000000000e+00,5.207316967540901e-02,1.910158284240204e+06,1.910101386466440e+06,1.543520050403581e+03,2.382883213749905e-05,0.000000000000000e+00,-1.000000000000000e+03,1.273400924310960e+06,5.689777376409295e+01,3.023358670417527e+05,7.323386153787209e-03,7.309853918488739e+08,0.000000000000000e+00,9.754586543394908e-07,8.226627884989952e+10,8.226627884989952e+10,-4.622897242112987e+00,2.382883213749905e-05,1.000000000000000e+00,0.000000000000000e+00,2.191663823190371e+03,2.191663823190371e+03,-5.295505900343250e+00,5.207316967540901e-02,1.000000000000000e+03,1.000000000000000e+00,
2.627302160784439e-04,0.000000000000000e+00,5.943004854432828e-01,2.101461034989501e+07,2.101393819068875e+07,1.503842493051591e+03,2.627302160784439e-04,0.000000000000000e+00,-1.000000000000000e+03,1.400929212712584e+07,6.721592062571669e+02,2.984246618057946e+05,7.587847658659234e-03,6.443307004863251e+08,0.000000000000000e+00,-4.700581255306134e-07,8.015155089651259e+10,8.015155089651259e+10,-3.580489976998865e+00,2.627302160784439e-04,1.000000000000000e+00,0.000000000000000e+00,2.262018028660401e+03,2.262018028660401e+03,-6.979159282043967e+02,5.943004854432828e-01,1.000000000000000e+03,1.000000000000000e+00,
2.865087998541937e-03,0.000000000000000e+00,6.578458320691448e+00,2.309136803641681e+08,2.309061280457229e+08,1.512125772246779e+03,2.865087998541937e-03,0.000000000000000e+00,-1.000000000000000e+03,1.539374186971486e+08,7.552318445209721e+03,2.992454060808225e+05,7.683313704026379e-03,5.589335623749650e+08,0.000000000000000e+00,-5.382650586136606e-08,8.059303175442870e+10,8.059303175442870e+10,-2.542862034536288e+00,2.865087998541937e-03,1.000000000000000e+00,0.000000000000000e+00,2.296075486700329e+03,2.296075486700329e+03,-1.260915115545327e+03,6.578458320691448e+00,1.000000000000000e+03,1.000000000000000e+00,

