1
0
28
0
(64 0
((0,0) (63,63) (0,0))
((448,0) (511,63) (0,0))
((384,0) (447,63) (0,0))
((320,0) (383,63) (0,0))
((256,0) (319,63) (0,0))
((192,0) (255,63) (0,0))
((128,0) (191,63) (0,0))
((64,0) (127,63) (0,0))
((0,448) (63,511) (0,0))
((0,384) (63,447) (0,0))
((0,320) (63,383) (0,0))
((0,256) (63,319) (0,0))
((0,192) (63,255) (0,0))
((0,128) (63,191) (0,0))
((0,64) (63,127) (0,0))
((448,448) (511,511) (0,0))
((448,384) (511,447) (0,0))
((448,320) (511,383) (0,0))
((448,256) (511,319) (0,0))
((448,192) (511,255) (0,0))
((448,128) (511,191) (0,0))
((448,64) (511,127) (0,0))
((384,448) (447,511) (0,0))
((384,384) (447,447) (0,0))
((384,320) (447,383) (0,0))
((384,256) (447,319) (0,0))
((384,192) (447,255) (0,0))
((384,128) (447,191) (0,0))
((384,64) (447,127) (0,0))
((320,448) (383,511) (0,0))
((320,384) (383,447) (0,0))
((320,320) (383,383) (0,0))
((320,256) (383,319) (0,0))
((320,192) (383,255) (0,0))
((320,128) (383,191) (0,0))
((320,64) (383,127) (0,0))
((256,448) (319,511) (0,0))
((256,384) (319,447) (0,0))
((256,320) (319,383) (0,0))
((256,256) (319,319) (0,0))
((256,192) (319,255) (0,0))
((256,128) (319,191) (0,0))
((256,64) (319,127) (0,0))
((192,448) (255,511) (0,0))
((192,384) (255,447) (0,0))
((192,320) (255,383) (0,0))
((192,256) (255,319) (0,0))
((192,192) (255,255) (0,0))
((192,128) (255,191) (0,0))
((192,64) (255,127) (0,0))
((128,448) (191,511) (0,0))
((128,384) (191,447) (0,0))
((128,320) (191,383) (0,0))
((128,256) (191,319) (0,0))
((128,192) (191,255) (0,0))
((128,128) (191,191) (0,0))
((128,64) (191,127) (0,0))
((64,448) (127,511) (0,0))
((64,384) (127,447) (0,0))
((64,320) (127,383) (0,0))
((64,256) (127,319) (0,0))
((64,192) (127,255) (0,0))
((64,128) (127,191) (0,0))
((64,64) (127,127) (0,0))
)
64
FabOnDisk: Cell_D_0000 0
FabOnDisk: Cell_D_0001 0
FabOnDisk: Cell_D_0001 917590
FabOnDisk: Cell_D_0001 1835180
FabOnDisk: Cell_D_0001 2752770
FabOnDisk: Cell_D_0000 917587
FabOnDisk: Cell_D_0000 1835177
FabOnDisk: Cell_D_0000 2752767
FabOnDisk: Cell_D_0002 0
FabOnDisk: Cell_D_0002 917590
FabOnDisk: Cell_D_0002 1835180
FabOnDisk: Cell_D_0002 2752770
FabOnDisk: Cell_D_0000 3670356
FabOnDisk: Cell_D_0000 4587946
FabOnDisk: Cell_D_0000 5505536
FabOnDisk: Cell_D_0003 0
FabOnDisk: Cell_D_0003 917593
FabOnDisk: Cell_D_0003 1835186
FabOnDisk: Cell_D_0003 2752779
FabOnDisk: Cell_D_0001 3670360
FabOnDisk: Cell_D_0001 4587953
FabOnDisk: Cell_D_0001 5505546
FabOnDisk: Cell_D_0003 3670372
FabOnDisk: Cell_D_0003 4587965
FabOnDisk: Cell_D_0003 5505558
FabOnDisk: Cell_D_0003 6423151
FabOnDisk: Cell_D_0001 6423138
FabOnDisk: Cell_D_0001 7340731
FabOnDisk: Cell_D_0001 8258324
FabOnDisk: Cell_D_0003 7340744
FabOnDisk: Cell_D_0003 8258337
FabOnDisk: Cell_D_0003 9175930
FabOnDisk: Cell_D_0003 10093523
FabOnDisk: Cell_D_0001 9175916
FabOnDisk: Cell_D_0001 10093509
FabOnDisk: Cell_D_0001 11011102
FabOnDisk: Cell_D_0003 11011116
FabOnDisk: Cell_D_0003 11928709
FabOnDisk: Cell_D_0003 12846302
FabOnDisk: Cell_D_0003 13763895
FabOnDisk: Cell_D_0001 11928694
FabOnDisk: Cell_D_0001 12846287
FabOnDisk: Cell_D_0001 13763880
FabOnDisk: Cell_D_0002 3670360
FabOnDisk: Cell_D_0002 4587953
FabOnDisk: Cell_D_0002 5505546
FabOnDisk: Cell_D_0002 6423139
FabOnDisk: Cell_D_0000 6423125
FabOnDisk: Cell_D_0000 7340718
FabOnDisk: Cell_D_0000 8258311
FabOnDisk: Cell_D_0002 7340732
FabOnDisk: Cell_D_0002 8258325
FabOnDisk: Cell_D_0002 9175918
FabOnDisk: Cell_D_0002 10093511
FabOnDisk: Cell_D_0000 9175903
FabOnDisk: Cell_D_0000 10093496
FabOnDisk: Cell_D_0000 11011089
FabOnDisk: Cell_D_0002 11011104
FabOnDisk: Cell_D_0002 11928696
FabOnDisk: Cell_D_0002 12846288
FabOnDisk: Cell_D_0002 13763880
FabOnDisk: Cell_D_0000 11928681
FabOnDisk: Cell_D_0000 12846273
FabOnDisk: Cell_D_0000 13763865

64,28
3.741957031023535e-03,0.000000000000000e+00,9.421896047753314e+00,3.033030520260510e+08,3.032911903017716e+08,1.520727576540502e+03,3.741957031023535e-03,0.000000000000000e+00,-1.000000000000000e+03,2.021941268678478e+08,1.186172427939234e+04,3.000953354276285e+05,7.572386960224384e-03,4.090581578419499e+08,0.000000000000000e+00,-6.313807973970142e-08,8.105148931087874e+10,8.105148931087874e+10,-2.426901203820647e+00,3.741957031023535e-03,1.000000000000000e+00,0.000000000000000e+00,2.507759890960931e+03,2.507759890960931e+03,-2.002910653905980e+03,9.421896047753314e+00,1.000000000000000e+03,1.000000000000000e+00,
3.741957031023535e-03,0.000000000000000e+00,9.421896047753314e+00,3.033030520260510e+08,3.032911903017716e+08,1.520727576540502e+03,3.741957031023535e-03,0.000000000000000e+00,-1.000000000000000e+03,2.021941268678478e+08,1.186172427939234e+04,3.000953354276285e+05,7.572386960224384e-03,4.090581578419499e+08,0.000000000000000e+00,-6.313807973970142e-08,8.105148931087874e+10,8.105148931087874e+10,-2.426901203820647e+00,3.741957031023535e-03,1.000000000000000e+00,0.000000000000000e+00,2.507759890960931e+03,2.507759890960931e+03,-2.002910653905980e+03,9.421896047753314e+00,1.000000000000000e+03,1.000000000000000e+00,
3.741957031023535e-03,0.000000000000000e+00,9.421896047753314e+00,3.033030520260510e+08,3.032911903017716e+08,1.520727576540502e+03,3.741957031023535e-03,0.000000000000000e+00,-1.000000000000000e+03,2.021941268678478e+08,1.186172427939234e+04,3.000953354276285e+05,7.572386960224384e-03,4.090581578419499e+08,0.000000000000000e+00,-6.313807973970142e-08,8.105148931087874e+10,8.105148931087874e+10,-2.426901203820647e+00,3.741957031023535e-03,1.000000000000000e+00,0.000000000000000e+00,2.507759890960931e+03,2.507759890960931e+03,-2.240371891106399e+03,9.421896047753314e+00,1.000000000000000e+03,1.000000000000000e+00,
3.741957031023535e-03,0.000000000000000e+00,9.421896047753314e+00,3.033030520260510e+08,3.032911903017716e+08,1.520727576540502e+03,3.741957031023535e-03,0.000000000000000e+00,-1.000000000000000e+03,2.021941268678478e+08,1.186172427939234e+04,3.000953354276285e+05,7.572386960224384e-03,4.090581578419499e+08,0.000000000000000e+00,-6.313807973970142e-08,8.105148931087874e+10,8.105148931087874e+10,-2.426901203820647e+00,3.741957031023535e-03,1.000000000000000e+00,0.000000000000000e+00,2.507759890960931e+03,2.507759890960931e+03,-2.431478517375765e+03,9.421896047753314e+00,1.000000000000000e+03,1.000000000000000e+00,
3.741957031023535e-03,0.000000000000000e+00,9.421896047753314e+00,3.033030520260510e+08,3.032911903017716e+08,1.520727576540502e+03,3.741957031023535e-03,0.000000000000000e+00,-1.000000000000000e+03,2.021941268678478e+08,1.186172427939234e+04,3.000953354276285e+05,7.572386960224384e-03,4.090581578419499e+08,0.000000000000000e+00,-6.313807973970142e-08,8.105148931087874e+10,8.105148931087874e+10,-2.426901203820647e+00,3.741957031023535e-03,1.000000000000000e+00,0.000000000000000e+00,2.507759890960931e+03,2.507759890960931e+03,-2.517897503201670e+03,9.421896047753314e+00,1.000000000000000e+03,1.000000000000000e+00,
3.741957031023535e-03,0.000000000000000e+00,9.421896047753314e+00,3.033030520260510e+08,3.032911903017716e+08,1.520727576540502e+03,3.741957031023535e-03,0.000000000000000e+00,-1.000000000000000e+03,2.021941268678478e+08,1.186172427939234e+04,3.000953354276285e+05,7.572386960224384e-03,4.090581578419499e+08,0.000000000000000e+00,-6.313807973970142e-08,8.105148931087874e+10,8.105148931087874e+10,-2.426901203820647e+00,3.741957031023535e-03,1.000000000000000e+00,0.000000000000000e+00,2.507759890960931e+03,2.507759890960931e+03,-2.517897503201670e+03,9.421896047753314e+00,1.000000000000000e+03,1.000000000000000e+00,
3.741957031023535e-03,0.000000000000000e+00,9.421896047753314e+00,3.033030520260510e+08,3.032911903017716e+08,1.520727576540502e+03,3.741957031023535e-03,0.000000000000000e+00,-1.000000000000000e+03,2.021941268678478e+08,1.186172427939234e+04,3.000953354276285e+05,7.572386960224384e-03,4.090581578419499e+08,0.000000000000000e+00,-6.313807973970142e-08,8.105148931087874e+10,8.105148931087874e+10,-2.426901203820647e+00,3.741957031023535e-03,1.000000000000000e+00,0.000000000000000e+00,2.507759890960931e+03,2.507759890960931e+03,-2.431478517375765e+03,9.421896047753314e+00,1.000000000000000e+03,1.000000000000000e+00,
3.741957031023535e-03,0.000000000000000e+00,9.421896047753314e+00,3.033030520260510e+08,3.032911903017716e+08,1.520727576540502e+03,3.741957031023535e-03,0.000000000000000e+00,-1.000000000000000e+03,2.021941268678478e+08,1.186172427939234e+04,3.000953354276285e+05,7.572386960224384e-03,4.090581578419499e+08,0.000000000000000e+00,-6.313807973970142e-08,8.105148931087874e+10,8.105148931087874e+10,-2.426901203820647e+00,3.741957031023535e-03,1.000000000000000e+00,0.000000000000000e+00,2.507759890960931e+03,2.507759890960931e+03,-2.240371891106399e+03,9.421896047753314e+00,1.000000000000000e+03,1.000000000000000e+00,
7.506090203979684e-08,0.000000000000000e+00,-7.508384552997738e-08,2.564006690336602e+03,2.564006690299071e+03,6.409081539005249e+02,7.506090203979684e-08,0.000000000000000e+00,-1.000000000000000e+03,1.709337793532714e+03,3.753058893439703e-08,1.948190551345084e+05,5.131928842245087e-06,8.048820069012564e+08,0.000000000000000e+00,-3.168599385733329e-12,3.415901781915237e+10,3.415901781915237e+10,-7.124586220784217e+00,7.506090203979684e-08,1.000000000000000e+00,0.000000000000000e+00,-1.000025979121491e+00,1.000001746645575e+00,-7.986871062694125e-01,7.506104507551327e-08,1.000000000000000e+03,1.000000000000000e+00,
7.508607850159252e-08,0.000000000000000e+00,-7.680364965948090e-08,2.566028332249610e+03,2.566028332212067e+03,6.411984238472550e+02,7.508607850159252e-08,0.000000000000000e+00,-1.000000000000000e+03,1.710685554808045e+03,3.681887749412416e-08,1.948631673172885e+05,4.670444087273269e-06,8.048942243585325e+08,0.000000000000000e+00,-1.513859909566484e-09,3.417448857923301e+10,3.417448857923301e+10,-7.124440576849257e+00,7.508607850159252e-08,1.000000000000000e+00,0.000000000000000e+00,-9.999950211927336e-01,9.587793720055101e-01,-7.052594544775875e-01,7.508570466247928e-08,1.000000000000000e+03,1.000000000000000e+00,
8.047290857325916e-08,0.000000000000000e+00,-7.768287062945978e-08,3.075621159231502e+03,3.075621159194756e+03,7.170898305113083e+02,8.047290857325916e-08,0.000000000000000e+00,-1.000000000000000e+03,2.050414106129838e+03,1.143981515192667e-13,2.060726310529543e+05,3.257289069103453e-09,8.083943933072902e+08,0.000000000000000e+00,-3.070449938655469e-08,3.821933634217831e+10,3.821933634217831e+10,-7.094350301463047e+00,8.047290857325916e-08,1.000000000000000e+00,0.000000000000000e+00,-9.556432924795850e-01,1.127416104818436e-03,-5.277053247686364e-01,2.029386506549679e-10,1.000000000000000e+03,1.000000000000000e+00,
2.186650630787680e-07,0.000000000000000e+00,3.789291558047217e-08,2.370158965809313e+04,2.370158965808985e+04,1.552577493927753e+03,2.186650630787680e-07,0.000000000000000e+00,-1.000000000000000e+03,1.580105977205990e+04,3.283270383873709e-09,3.032216295997769e+05,4.993451541621401e-07,7.242142731457062e+08,0.000000000000000e+00,-4.026968023596397e-04,8.274902099142982e+10,8.274902099142982e+10,-6.660220600246118e+00,2.186650630787680e-07,1.000000000000000e+00,0.000000000000000e+00,1.732920433056208e-01,1.732920433056208e-01,4.179714002286894e-02,3.789291558047217e-08,1.000000000000000e+03,1.000000000000000e+00,
2.844967105753203e-06,0.000000000000000e+00,7.378374784037984e-03,2.351285732877603e+05,2.351190054417308e+05,1.505165055632438e+03,2.844967105753203e-06,0.000000000000000e+00,-1.000000000000000e+03,1.567460036278205e+05,9.567846029508749e+00,2.985558585746807e+05,8.558535835898436e-03,6.372651304459653e+08,0.000000000000000e+00,-2.904239205043382e-06,8.022204062033826e+10,8.022204062033826e+10,-5.545922750665205e+00,2.844967105753203e-06,1.000000000000000e+00,0.000000000000000e+00,2.593483337335306e+03,2.593483337335306e+03,-8.287906912819075e+02,7.378374784037984e-03,1.000000000000000e+03,1.000000000000000e+00,
3.137703705319868e-05,0.000000000000000e+00,8.293662827055807e-02,2.516963530334617e+06,2.516853920171344e+06,1.501236934928659e+03,3.137703705319868e-05,0.000000000000000e+00,-1.000000000000000e+03,1.677902613447563e+06,1.096101632736466e+02,2.981660243824139e+05,8.569618988026552e-03,5.518342978139563e+08,0.000000000000000e+00,4.668318331680439e-07,8.001268028641281e+10,8.001268028641281e+10,-4.503388069423403e+00,3.137703705319868e-05,1.000000000000000e+00,0.000000000000000e+00,2.555169224131922e+03,2.555169224131922e+03,-1.410962035594642e+03,8.293662827055807e-02,1.000000000000000e+03,1.000000000000000e+00,
3.460165837705336e-04,0.000000000000000e+00,8.838100718448619e-01,2.768680419551706e+07,2.768567546313871e+07,1.501234241622155e+03,3.460165837705336e-04,0.000000000000000e+00,-1.000000000000000e+03,1.845711697542581e+07,1.128732378348132e+03,2.981657569186863e+05,8.395058161285085e-03,4.678264542057778e+08,0.000000000000000e+00,1.289551384744527e-07,8.001253673900385e+10,8.001253673900385e+10,-3.460903085983420e+00,3.460165837705336e-04,1.000000000000000e+00,0.000000000000000e+00,2.518158016816554e+03,2.518158016816554e+03,-1.775963591408840e+03,8.838100718448619e-01,1.000000000000000e+03,1.000000000000000e+00,
7.506090203979684e-08,0.000000000000000e+00,-7.508384552997738e-08,2.564006690336602e+03,2.564006690299071e+03,6.409081539005249e+02,7.506090203979684e-08,0.000000000000000e+00,-1.000000000000000e+03,1.709337793532714e+03,3.753058893439703e-08,1.948190551345084e+05,5.131928842245087e-06,8.048820069012564e+08,0.000000000000000e+00,-3.168599385733329e-12,3.415901781915237e+10,3.415901781915237e+10,-7.124586220784217e+00,7.506090203979684e-08,1.000000000000000e+00,0.000000000000000e+00,-1.000025979121491e+00,1.000001746645575e+00,-7.986871062694125e-01,7.506104507551327e-08,1.000000000000000e+03,1.000000000000000e+00,
7.508607850159252e-08,0.000000000000000e+00,-7.680364965948090e-08,2.566028332249610e+03,2.566028332212067e+03,6.411984238472550e+02,7.508607850159252e-08,0.000000000000000e+00,-1.000000000000000e+03,1.710685554808045e+03,3.681887749412416e-08,1.948631673172885e+05,4.670444087273269e-06,8.048942243585325e+08,0.000000000000000e+00,-1.513859909566484e-09,3.417448857923301e+10,3.417448857923301e+10,-7.124440576849257e+00,7.508607850159252e-08,1.000000000000000e+00,0.000000000000000e+00,-9.999950211927336e-01,9.587793720055101e-01,-7.052594544775875e-01,7.508570466247928e-08,1.000000000000000e+03,1.000000000000000e+00,
8.047290857325916e-08,0.000000000000000e+00,-7.768287062945978e-08,3.075621159231502e+03,3.075621159194756e+03,7.170898305113083e+02,8.047290857325916e-08,0.000000000000000e+00,-1.000000000000000e+03,2.050414106129838e+03,1.143981515192667e-13,2.060726310529543e+05,3.257289069103453e-09,8.083943933072902e+08,0.000000000000000e+00,-3.070449938655469e-08,3.821933634217831e+10,3.821933634217831e+10,-7.094350301463047e+00,8.047290857325916e-08,1.000000000000000e+00,0.000000000000000e+00,-9.556432924795850e-01,1.127416104818436e-03,-5.277053247686364e-01,2.029386506549679e-10,1.000000000000000e+03,1.000000000000000e+00,
2.186650630787680e-07,0.000000000000000e+00,3.789291558047217e-08,2.370158965809313e+04,2.370158965808985e+04,1.552577493927753e+03,2.186650630787680e-07,0.000000000000000e+00,-1.000000000000000e+03,1.580105977205990e+04,3.283270383873709e-09,3.032216295997769e+05,4.993451541621401e-07,7.242142731457062e+08,0.000000000000000e+00,-4.026968023596397e-04,8.274902099142982e+10,8.274902099142982e+10,-6.660220600246118e+00,2.186650630787680e-07,1.000000000000000e+00,0.000000000000000e+00,1.732920433056208e-01,1.732920433056208e-01,4.179714002286894e-02,3.789291558047217e-08,1.000000000000000e+03,1.000000000000000e+00,
2.844967105753203e-06,0.000000000000000e+00,7.378374784037984e-03,2.351285732877603e+05,2.351190054417308e+05,1.505165055632438e+03,2.844967105753203e-06,0.000000000000000e+00,-1.000000000000000e+03,1.567460036278205e+05,9.567846029508749e+00,2.985558585746807e+05,8.558535835898436e-03,6.372651304459653e+08,0.000000000000000e+00,-2.904239205043382e-06,8.022204062033826e+10,8.022204062033826e+10,-5.545922750665205e+00,2.844967105753203e-06,1.000000000000000e+00,0.000000000000000e+00,2.593483337335306e+03,2.593483337335306e+03,-8.287906912819075e+02,7.378374784037984e-03,1.000000000000000e+03,1.000000000000000e+00,
3.137703705319868e-05,0.000000000000000e+00,8.293662827055807e-02,2.516963530334617e+06,2.516853920171344e+06,1.501236934928659e+03,3.137703705319868e-05,0.000000000000000e+00,-1.000000000000000e+03,1.677902613447563e+06,1.096101632736466e+02,2.981660243824139e+05,8.569618988026552e-03,5.518342978139563e+08,0.000000000000000e+00,4.668318331680439e-07,8.001268028641281e+10,8.001268028641281e+10,-4.503388069423403e+00,3.137703705319868e-05,1.000000000000000e+00,0.000000000000000e+00,2.555169224131922e+03,2.555169224131922e+03,-1.410962035594642e+03,8.293662827055807e-02,1.000000000000000e+03,1.000000000000000e+00,
3.460165837705336e-04,0.000000000000000e+00,8.838100718448619e-01,2.768680419551706e+07,2.768567546313871e+07,1.501234241622155e+03,3.460165837705336e-04,0.000000000000000e+00,-1.000000000000000e+03,1.845711697542581e+07,1.128732378348132e+03,2.981657569186863e+05,8.395058161285085e-03,4.678264542057778e+08,0.000000000000000e+00,1.289551384744527e-07,8.001253673900385e+10,8.001253673900385e+10,-3.460903085983420e+00,3.460165837705336e-04,1.000000000000000e+00,0.000000000000000e+00,2.518158016816554e+03,2.518158016816554e+03,-1.775963591408840e+03,8.838100718448619e-01,1.000000000000000e+03,1.000000000000000e+00,
7.506090203979684e-08,0.000000000000000e+00,-7.508384552997738e-08,2.564006690336602e+03,2.564006690299071e+03,6.409081539005249e+02,7.506090203979684e-08,0.000000000000000e+00,-1.000000000000000e+03,1.709337793532714e+03,3.753058893439703e-08,1.948190551345084e+05,5.131928842245087e-06,8.048820069012564e+08,0.000000000000000e+00,-3.168599385733329e-12,3.415901781915237e+10,3.415901781915237e+10,-7.124586220784217e+00,7.506090203979684e-08,1.000000000000000e+00,0.000000000000000e+00,-1.000025979121491e+00,1.000001746645575e+00,-8.933779143795483e-01,7.506104507551327e-08,1.000000000000000e+03,1.000000000000000e+00,
7.508607850159252e-08,0.000000000000000e+00,-7.680364965948090e-08,2.566028332249610e+03,2.566028332212067e+03,6.411984238472550e+02,7.508607850159252e-08,0.000000000000000e+00,-1.000000000000000e+03,1.710685554808045e+03,3.681887749412416e-08,1.948631673172885e+05,4.670444087273269e-06,8.048942243585325e+08,0.000000000000000e+00,-1.513859909566484e-09,3.417448857923301e+10,3.417448857923301e+10,-7.124440576849257e+00,7.508607850159252e-08,1.000000000000000e+00,0.000000000000000e+00,-9.999950211927336e-01,9.587793720055101e-01,-8.303746371681006e-01,7.508570466247928e-08,1.000000000000000e+03,1.000000000000000e+00,
8.047290857325916e-08,0.000000000000000e+00,-7.768287062945978e-08,3.075621159231502e+03,3.075621159194756e+03,7.170898305113083e+02,8.047290857325916e-08,0.000000000000000e+00,-1.000000000000000e+03,2.050414106129838e+03,1.143981515192667e-13,2.060726310529543e+05,3.257289069103453e-09,8.083943933072902e+08,0.000000000000000e+00,-3.070449938655469e-08,3.821933634217831e+10,3.821933634217831e+10,-7.094350301463047e+00,8.047290857325916e-08,1.000000000000000e+00,0.000000000000000e+00,-9.556432924795850e-01,1.127416104818436e-03,-6.730971005926466e-01,2.029386506549679e-10,1.000000000000000e+03,1.000000000000000e+00,
2.186650630787680e-07,0.000000000000000e+00,3.789291558047217e-08,2.370158965809313e+04,2.370158965808985e+04,1.552577493927753e+03,2.186650630787680e-07,0.000000000000000e+00,-1.000000000000000e+03,1.580105977205990e+04,3.283270383873709e-09,3.032216295997769e+05,4.993451541621401e-07,7.242142731457062e+08,0.000000000000000e+00,-4.026968023596397e-04,8.274902099142982e+10,8.274902099142982e+10,-6.660220600246118e+00,2.186650630787680e-07,1.000000000000000e+00,0.000000000000000e+00,1.732920433056208e-01,1.732920433056208e-01,5.454200962324202e-02,3.789291558047217e-08,1.000000000000000e+03,1.000000000000000e+00,
2.844967105753203e-06,0.000000000000000e+00,7.378374784037984e-03,2.351285732877603e+05,2.351190054417308e+05,1.505165055632438e+03,2.844967105753203e-06,0.000000000000000e+00,-1.000000000000000e+03,1.567460036278205e+05,9.567846029508749e+00,2.985558585746807e+05,8.558535835898436e-03,6.372651304459653e+08,0.000000000000000e+00,-2.904239205043382e-06,8.022204062033826e+10,8.022204062033826e+10,-5.545922750665205e+00,2.844967105753203e-06,1.000000000000000e+00,0.000000000000000e+00,2.593483337335306e+03,2.593483337335306e+03,-1.172079904565919e+03,7.378374784037984e-03,1.000000000000000e+03,1.000000000000000e+00,
3.137703705319868e-05,0.000000000000000e+00,8.293662827055807e-02,2.516963530334617e+06,2.516853920171344e+06,1.501236934928659e+03,3.137703705319868e-05,0.000000000000000e+00,-1.000000000000000e+03,1.677902613447563e+06,1.096101632736466e+02,2.981660243824139e+05,8.569618988026552e-03,5.518342978139563e+08,0.000000000000000e+00,4.668318331680439e-07,8.001268028641281e+10,8.001268028641281e+10,-4.503388069423403e+00,3.137703705319868e-05,1.000000000000000e+00,0.000000000000000e+00,2.555169224131922e+03,2.555169224131922e+03,-1.799706030295295e+03,8.293662827055807e-02,1.000000000000000e+03,1.000000000000000e+00,
3.460165837705336e-04,0.000000000000000e+00,8.838100718448619e-01,2.768680419551706e+07,2.768567546313871e+07,1.501234241622155e+03,3.460165837705336e-04,0.000000000000000e+00,-1.000000000000000e+03,1.845711697542581e+07,1.128732378348132e+03,2.981657569186863e+05,8.395058161285085e-03,4.678264542057778e+08,0.000000000000000e+00,1.289551384744527e-07,8.001253673900385e+10,8.001253673900385e+10,-3.460903085983420e+00,3.460165837705336e-04,1.000000000000000e+00,0.000000000000000e+00,2.518158016816554e+03,2.518158016816554e+03,-2.091024960356257e+03,8.838100718448619e-01,1.000000000000000e+03,1.000000000000000e+00,
7.506090203979684e-08,0.000000000000000e+00,-7.508384552997738e-08,2.564006690336602e+03,2.564006690299071e+03,6.409081539005249e+02,7.506090203979684e-08,0.000000000000000e+00,-1.000000000000000e+03,1.709337793532714e+03,3.753058893439703e-08,1.948190551345084e+05,5.131928842245087e-06,8.048820069012564e+08,0.000000000000000e+00,-3.168599385733329e-12,3.415901781915237e+10,3.415901781915237e+10,-7.124586220784217e+00,7.506090203979684e-08,1.000000000000000e+00,0.000000000000000e+00,-1.000025979121491e+00,1.000001746645575e+00,-9.695842084677690e-01,7.506104507551327e-08,1.000000000000000e+03,1.000000000000000e+00,
7.508607850159252e-08,0.000000000000000e+00,-7.680364965948090e-08,2.566028332249610e+03,2.566028332212067e+03,6.411984238472550e+02,7.508607850159252e-08,0.000000000000000e+00,-1.000000000000000e+03,1.710685554808045e+03,3.681887749412416e-08,1.948631673172885e+05,4.670444087273269e-06,8.048942243585325e+08,0.000000000000000e+00,-1.513859909566484e-09,3.417448857923301e+10,3.417448857923301e+10,-7.124440576849257e+00,7.508607850159252e-08,1.000000000000000e+00,0.000000000000000e+00,-9.999950211927336e-01,9.587793720055101e-01,-9.476841795536728e-01,7.508570466247928e-08,1.000000000000000e+03,1.000000000000000e+00,
8.047290857325916e-08,0.000000000000000e+00,-7.768287062945978e-08,3.075621159231502e+03,3.075621159194756e+03,7.170898305113083e+02,8.047290857325916e-08,0.000000000000000e+00,-1.000000000000000e+03,2.050414106129838e+03,1.143981515192667e-13,2.060726310529543e+05,3.257289069103453e-09,8.083943933072902e+08,0.000000000000000e+00,-3.070449938655469e-08,3.821933634217831e+10,3.821933634217831e+10,-7.094350301463047e+00,8.047290857325916e-08,1.000000000000000e+00,0.000000000000000e+00,-9.556432924795850e-01,1.127416104818436e-03,-8.527374846904274e-01,2.029386506549679e-10,1.000000000000000e+03,1.000000000000000e+00,
2.186650630787680e-07,0.000000000000000e+00,3.789291558047217e-08,2.370158965809313e+04,2.370158965808985e+04,1.552577493927753e+03,2.186650630787680e-07,0.000000000000000e+00,-1.000000000000000e+03,1.580105977205990e+04,3.283270383873709e-09,3.032216295997769e+05,4.993451541621401e-07,7.242142731457062e+08,0.000000000000000e+00,-4.026968023596397e-04,8.274902099142982e+10,8.274902099142982e+10,-6.660220600246118e+00,2.186650630787680e-07,1.000000000000000e+00,0.000000000000000e+00,1.732920433056208e-01,1.732920433056208e-01,7.725513899010038e-02,3.789291558047217e-08,1.000000000000000e+03,1.000000000000000e+00,
2.844967105753203e-06,0.000000000000000e+00,7.378374784037984e-03,2.351285732877603e+05,2.351190054417308e+05,1.505165055632438e+03,2.844967105753203e-06,0.000000000000000e+00,-1.000000000000000e+03,1.567460036278205e+05,9.567846029508749e+00,2.985558585746807e+05,8.558535835898436e-03,6.372651304459653e+08,0.000000000000000e+00,-2.904239205043382e-06,8.022204062033826e+10,8.022204062033826e+10,-5.545922750665205e+00,2.844967105753203e-06,1.000000000000000e+00,0.000000000000000e+00,2.593483337335306e+03,2.593483337335306e+03,-1.856080392965796e+03,7.378374784037984e-03,1.000000000000000e+03,1.000000000000000e+00,
3.137703705319868e-05,0.000000000000000e+00,8.293662827055807e-02,2.516963530334617e+06,2.516853920171344e+06,1.501236934928659e+03,3.137703705319868e-05,0.000000000000000e+00,-1.000000000000000e+03,1.677902613447563e+06,1.096101632736466e+02,2.981660243824139e+05,8.569618988026552e-03,5.518342978139563e+08,0.000000000000000e+00,4.668318331680439e-07,8.001268028641281e+10,8.001268028641281e+10,-4.503388069423403e+00,3.137703705319868e-05,1.000000000000000e+00,0.000000000000000e+00,2.555169224131922e+03,2.555169224131922e+03,-2.280022885412752e+03,8.293662827055807e-02,1.000000000000000e+03,1.000000000000000e+00,
3.460165837705336e-04,0.000000000000000e+00,8.838100718448619e-01,2.768680419551706e+07,2.768567546313871e+07,1.501234241622155e+03,3.460165837705336e-04,0.000000000000000e+00,-1.000000000000000e+03,1.845711697542581e+07,1.128732378348132e+03,2.981657569186863e+05,8.395058161285085e-03,4.678264542057778e+08,0.000000000000000e+00,1.289551384744527e-07,8.001253673900385e+10,8.001253673900385e+10,-3.460903085983420e+00,3.460165837705336e-04,1.000000000000000e+00,0.000000000000000e+00,2.518158016816554e+03,2.518158016816554e+03,-2.386430395730295e+03,8.838100718448619e-01,1.000000000000000e+03,1.000000000000000e+00,
7.506090203979684e-08,0.000000000000000e+00,-7.508384552997738e-08,2.564006690336602e+03,2.564006690299071e+03,6.409081539005249e+02,7.506090203979684e-08,0.000000000000000e+00,-1.000000000000000e+03,1.709337793532714e+03,3.753058893439703e-08,1.948190551345084e+05,5.131928842245087e-06,8.048820069012564e+08,0.000000000000000e+00,-3.168599385733329e-12,3.415901781915237e+10,3.415901781915237e+10,-7.124586220784217e+00,7.506090203979684e-08,1.000000000000000e+00,0.000000000000000e+00,-1.000025979121491e+00,1.000001746645575e+00,-1.000022930740431e+00,7.506104507551327e-08,1.000000000000000e+03,1.000000000000000e+00,
7.508607850159252e-08,0.000000000000000e+00,-7.680364965948090e-08,2.566028332249610e+03,2.566028332212067e+03,6.411984238472550e+02,7.508607850159252e-08,0.000000000000000e+00,-1.000000000000000e+03,1.710685554808045e+03,3.681887749412416e-08,1.948631673172885e+05,4.670444087273269e-06,8.048942243585325e+08,0.000000000000000e+00,-1.513859909566484e-09,3.417448857923301e+10,3.417448857923301e+10,-7.124440576849257e+00,7.508607850159252e-08,1.000000000000000e+00,0.000000000000000e+00,-9.999950211927336e-01,9.587793720055101e-01,-9.999916126552552e-01,7.508570466247928e-08,1.000000000000000e+03,1.000000000000000e+00,
8.047290857325916e-08,0.000000000000000e+00,-7.768287062945978e-08,3.075621159231502e+03,3.075621159194756e+03,7.170898305113083e+02,8.047290857325916e-08,0.000000000000000e+00,-1.000000000000000e+03,2.050414106129838e+03,1.143981515192667e-13,2.060726310529543e+05,3.257289069103453e-09,8.083943933072902e+08,0.000000000000000e+00,-3.070449938655469e-08,3.821933634217831e+10,3.821933634217831e+10,-7.094350301463047e+00,8.047290857325916e-08,1.000000000000000e+00,0.000000000000000e+00,-9.556432924795850e-01,1.127416104818436e-03,-9.556359442883493e-01,2.029386506549679e-10,1.000000000000000e+03,1.000000000000000e+00,
2.186650630787680e-07,0.000000000000000e+00,3.789291558047217e-08,2.370158965809313e+04,2.370158965808985e+04,1.552577493927753e+03,2.186650630787680e-07,0.000000000000000e+00,-1.000000000000000e+03,1.580105977205990e+04,3.283270383873709e-09,3.032216295997769e+05,4.993451541621401e-07,7.242142731457062e+08,0.000000000000000e+00,-4.026968023596397e-04,8.274902099142982e+10,8.274902099142982e+10,-6.660220600246118e+00,2.186650630787680e-07,1.000000000000000e+00,0.000000000000000e+00,1.732920433056208e-01,1.732920433056208e-01,1.225359789470773e-01,3.789291558047217e-08,1.000000000000000e+03,1.000000000000000e+00,
2.844967105753203e-06,0.000000000000000e+00,7.378374784037984e-03,2.351285732877603e+05,2.351190054417308e+05,1.505165055632438e+03,2.844967105753203e-06,0.000000000000000e+00,-1.000000000000000e+03,1.567460036278205e+05,9.567846029508749e+00,2.985558585746807e+05,8.558535835898436e-03,6.372651304459653e+08,0.000000000000000e+00,-2.904239205043382e-06,8.022204062033826e+10,8.022204062033826e+10,-5.545922750665205e+00,2.844967105753203e-06,1.000000000000000e+00,0.000000000000000e+00,2.593483337335306e+03,2.593483337335306e+03,-2.691645193518030e+03,7.378374784037984e-03,1.000000000000000e+03,1.000000000000000e+00,
3.137703705319868e-05,0.000000000000000e+00,8.293662827055807e-02,2.516963530334617e+06,2.516853920171344e+06,1.501236934928659e+03,3.137703705319868e-05,0.000000000000000e+00,-1.000000000000000e+03,1.677902613447563e+06,1.096101632736466e+02,2.981660243824139e+05,8.569618988026552e-03,5.518342978139563e+08,0.000000000000000e+00,4.668318331680439e-07,8.001268028641281e+10,8.001268028641281e+10,-4.503388069423403e+00,3.137703705319868e-05,1.000000000000000e+00,0.000000000000000e+00,2.555169224131922e+03,2.555169224131922e+03,-2.643147480937107e+03,8.293662827055807e-02,1.000000000000000e+03,1.000000000000000e+00,
3.460165837705336e-04,0.000000000000000e+00,8.838100718448619e-01,2.768680419551706e+07,2.768567546313871e+07,1.501234241622155e+03,3.460165837705336e-04,0.000000000000000e+00,-1.000000000000000e+03,1.845711697542581e+07,1.128732378348132e+03,2.981657569186863e+05,8.395058161285085e-03,4.678264542057778e+08,0.000000000000000e+00,1.289551384744527e-07,8.001253673900385e+10,8.001253673900385e+10,-3.460903085983420e+00,3.460165837705336e-04,1.000000000000000e+00,0.000000000000000e+00,2.518158016816554e+03,2.518158016816554e+03,-2.554222609004576e+03,8.838100718448619e-01,1.000000000000000e+03,1.000000000000000e+00,
7.506090203979684e-08,0.000000000000000e+00,-7.508384552997738e-08,2.564006690336602e+03,2.564006690299071e+03,6.409081539005249e+02,7.506090203979684e-08,0.000000000000000e+00,-1.000000000000000e+03,1.709337793532714e+03,3.753058893439703e-08,1.948190551345084e+05,5.131928842245087e-06,8.048820069012564e+08,0.000000000000000e+00,-3.168599385733329e-12,3.415901781915237e+10,3.415901781915237e+10,-7.124586220784217e+00,7.506090203979684e-08,1.000000000000000e+00,0.000000000000000e+00,-1.000025979121491e+00,1.000001746645575e+00,-1.000022930740431e+00,7.506104507551327e-08,1.000000000000000e+03,1.000000000000000e+00,
7.508607850159252e-08,0.000000000000000e+00,-7.680364965948090e-08,2.566028332249610e+03,2.566028332212067e+03,6.411984238472550e+02,7.508607850159252e-08,0.000000000000000e+00,-1.000000000000000e+03,1.710685554808045e+03,3.681887749412416e-08,1.948631673172885e+05,4.670444087273269e-06,8.048942243585325e+08,0.000000000000000e+00,-1.513859909566484e-09,3.417448857923301e+10,3.417448857923301e+10,-7.124440576849257e+00,7.508607850159252e-08,1.000000000000000e+00,0.000000000000000e+00,-9.999950211927336e-01,9.587793720055101e-01,-9.999916126552552e-01,7.508570466247928e-08,1.000000000000000e+03,1.000000000000000e+00,
8.047290857325916e-08,0.000000000000000e+00,-7.768287062945978e-08,3.075621159231502e+03,3.075621159194756e+03,7.170898305113083e+02,8.047290857325916e-08,0.000000000000000e+00,-1.000000000000000e+03,2.050414106129838e+03,1.143981515192667e-13,2.060726310529543e+05,3.257289069103453e-09,8.083943933072902e+08,0.000000000000000e+00,-3.070449938655469e-08,3.821933634217831e+10,3.821933634217831e+10,-7.094350301463047e+00,8.047290857325916e-08,1.000000000000000e+00,0.000000000000000e+00,-9.556432924795850e-01,1.127416104818436e-03,-9.556359442883493e-01,2.029386506549679e-10,1.000000000000000e+03,1.000000000000000e+00,
2.186650630787680e-07,0.000000000000000e+00,3.789291558047217e-08,2.370158965809313e+04,2.370158965808985e+04,1.552577493927753e+03,2.186650630787680e-07,0.000000000000000e+00,-1.000000000000000e+03,1.580105977205990e+04,3.283270383873709e-09,3.032216295997769e+05,4.993451541621401e-07,7.242142731457062e+08,0.000000000000000e+00,-4.026968023596397e-04,8.274902099142982e+10,8.274902099142982e+10,-6.660220600246118e+00,2.186650630787680e-07,1.000000000000000e+00,0.000000000000000e+00,1.732920433056208e-01,1.732920433056208e-01,1.225359789470773e-01,3.789291558047217e-08,1.000000000000000e+03,1.000000000000000e+00,
2.844967105753203e-06,0.000000000000000e+00,7.378374784037984e-03,2.351285732877603e+05,2.351190054417308e+05,1.505165055632438e+03,2.844967105753203e-06,0.000000000000000e+00,-1.000000000000000e+03,1.567460036278205e+05,9.567846029508749e+00,2.985558585746807e+05,8.558535835898436e-03,6.372651304459653e+08,0.000000000000000e+00,-2.904239205043382e-06,8.022204062033826e+10,8.022204062033826e+10,-5.545922750665205e+00,2.844967105753203e-06,1.000000000000000e+00,0.000000000000000e+00,2.593483337335306e+03,2.593483337335306e+03,-2.691645193518030e+03,7.378374784037984e-03,1.000000000000000e+03,1.000000000000000e+00,
3.137703705319868e-05,0.000000000000000e+00,8.293662827055807e-02,2.516963530334617e+06,2.516853920171344e+06,1.501236934928659e+03,3.137703705319868e-05,0.000000000000000e+00,-1.000000000000000e+03,1.677902613447563e+06,1.096101632736466e+02,2.981660243824139e+05,8.569618988026552e-03,5.518342978139563e+08,0.000000000000000e+00,4.668318331680439e-07,8.001268028641281e+10,8.001268028641281e+10,-4.503388069423403e+00,3.137703705319868e-05,1.000000000000000e+00,0.000000000000000e+00,2.555169224131922e+03,2.555169224131922e+03,-2.643147480937107e+03,8.293662827055807e-02,1.000000000000000e+03,1.000000000000000e+00,
3.460165837705336e-04,0.000000000000000e+00,8.838100718448619e-01,2.768680419551706e+07,2.768567546313871e+07,1.501234241622155e+03,3.460165837705336e-04,0.000000000000000e+00,-1.000000000000000e+03,1.845711697542581e+07,1.128732378348132e+03,2.981657569186863e+05,8.395058161285085e-03,4.678264542057778e+08,0.000000000000000e+00,1.289551384744527e-07,8.001253673900385e+10,8.001253673900385e+10,-3.460903085983420e+00,3.460165837705336e-04,1.000000000000000e+00,0.000000000000000e+00,2.518158016816554e+03,2.518158016816554e+03,-2.554222609004576e+03,8.838100718448619e-01,1.000000000000000e+03,1.000000000000000e+00,
7.506090203979684e-08,0.000000000000000e+00,-7.508384552997738e-08,2.564006690336602e+03,2.564006690299071e+03,6.409081539005249e+02,7.506090203979684e-08,0.000000000000000e+00,-1.000000000000000e+03,1.709337793532714e+03,3.753058893439703e-08,1.948190551345084e+05,5.131928842245087e-06,8.048820069012564e+08,0.000000000000000e+00,-3.168599385733329e-12,3.415901781915237e+10,3.415901781915237e+10,-7.124586220784217e+00,7.506090203979684e-08,1.000000000000000e+00,0.000000000000000e+00,-1.000025979121491e+00,1.000001746645575e+00,-9.695842084677690e-01,7.506104507551327e-08,1.000000000000000e+03,1.000000000000000e+00,
7.508607850159252e-08,0.000000000000000e+00,-7.680364965948090e-08,2.566028332249610e+03,2.566028332212067e+03,6.411984238472550e+02,7.508607850159252e-08,0.000000000000000e+00,-1.000000000000000e+03,1.710685554808045e+03,3.681887749412416e-08,1.948631673172885e+05,4.670444087273269e-06,8.048942243585325e+08,0.000000000000000e+00,-1.513859909566484e-09,3.417448857923301e+10,3.417448857923301e+10,-7.124440576849257e+00,7.508607850159252e-08,1.000000000000000e+00,0.000000000000000e+00,-9.999950211927336e-01,9.587793720055101e-01,-9.476841795536728e-01,7.508570466247928e-08,1.000000000000000e+03,1.000000000000000e+00,
8.047290857325916e-08,0.000000000000000e+00,-7.768287062945978e-08,3.075621159231502e+03,3.075621159194756e+03,7.170898305113083e+02,8.047290857325916e-08,0.000000000000000e+00,-1.000000000000000e+03,2.050414106129838e+03,1.143981515192667e-13,2.060726310529543e+05,3.257289069103453e-09,8.083943933072902e+08,0.000000000000000e+00,-3.070449938655469e-08,3.821933634217831e+10,3.821933634217831e+10,-7.094350301463047e+00,8.047290857325916e-08,1.000000000000000e+00,0.000000000000000e+00,-9.556432924795850e-01,1.127416104818436e-03,-8.527374846904274e-01,2.029386506549679e-10,1.000000000000000e+03,1.000000000000000e+00,
2.186650630787680e-07,0.000000000000000e+00,3.789291558047217e-08,2.370158965809313e+04,2.370158965808985e+04,1.552577493927753e+03,2.186650630787680e-07,0.000000000000000e+00,-1.000000000000000e+03,1.580105977205990e+04,3.283270383873709e-09,3.032216295997769e+05,4.993451541621401e-07,7.242142731457062e+08,0.000000000000000e+00,-4.026968023596397e-04,8.274902099142982e+10,8.274902099142982e+10,-6.660220600246118e+00,2.186650630787680e-07,1.000000000000000e+00,0.000000000000000e+00,1.732920433056208e-01,1.732920433056208e-01,7.725513899010038e-02,3.789291558047217e-08,1.000000000000000e+03,1.000000000000000e+00,
2.844967105753203e-06,0.000000000000000e+00,7.378374784037984e-03,2.351285732877603e+05,2.351190054417308e+05,1.505165055632438e+03,2.844967105753203e-06,0.000000000000000e+00,-1.000000000000000e+03,1.567460036278205e+05,9.567846029508749e+00,2.985558585746807e+05,8.558535835898436e-03,6.372651304459653e+08,0.000000000000000e+00,-2.904239205043382e-06,8.022204062033826e+10,8.022204062033826e+10,-5.545922750665205e+00,2.844967105753203e-06,1.000000000000000e+00,0.000000000000000e+00,2.593483337335306e+03,2.593483337335306e+03,-1.856080392965796e+03,7.378374784037984e-03,1.000000000000000e+03,1.000000000000000e+00,
3.137703705319868e-05,0.000000000000000e+00,8.293662827055807e-02,2.516963530334617e+06,2.516853920171344e+06,1.501236934928659e+03,3.137703705319868e-05,0.000000000000000e+00,-1.000000000000000e+03,1.677902613447563e+06,1.096101632736466e+02,2.981660243824139e+05,8.569618988026552e-03,5.518342978139563e+08,0.000000000000000e+00,4.668318331680439e-07,8.001268028641281e+10,8.001268028641281e+10,-4.503388069423403e+00,3.137703705319868e-05,1.000000000000000e+00,0.000000000000000e+00,2.555169224131922e+03,2.555169224131922e+03,-2.280022885412752e+03,8.293662827055807e-02,1.000000000000000e+03,1.000000000000000e+00,
3.460165837705336e-04,0.000000000000000e+00,8.838100718448619e-01,2.768680419551706e+07,2.768567546313871e+07,1.501234241622155e+03,3.460165837705336e-04,0.000000000000000e+00,-1.000000000000000e+03,1.845711697542581e+07,1.128732378348132e+03,2.981657569186863e+05,8.395058161285085e-03,4.678264542057778e+08,0.000000000000000e+00,1.289551384744527e-07,8.001253673900385e+10,8.001253673900385e+10,-3.460903085983420e+00,3.460165837705336e-04,1.000000000000000e+00,0.000000000000000e+00,2.518158016816554e+03,2.518158016816554e+03,-2.386430395730295e+03,8.838100718448619e-01,1.000000000000000e+03,1.000000000000000e+00,
7.506090203979684e-08,0.000000000000000e+00,-7.508384552997738e-08,2.564006690336602e+03,2.564006690299071e+03,6.409081539005249e+02,7.506090203979684e-08,0.000000000000000e+00,-1.000000000000000e+03,1.709337793532714e+03,3.753058893439703e-08,1.948190551345084e+05,5.131928842245087e-06,8.048820069012564e+08,0.000000000000000e+00,-3.168599385733329e-12,3.415901781915237e+10,3.415901781915237e+10,-7.124586220784217e+00,7.506090203979684e-08,1.000000000000000e+00,0.000000000000000e+00,-1.000025979121491e+00,1.000001746645575e+00,-8.933779143795483e-01,7.506104507551327e-08,1.000000000000000e+03,1.000000000000000e+00,
7.508607850159252e-08,0.000000000000000e+00,-7.680364965948090e-08,2.566028332249610e+03,2.566028332212067e+03,6.411984238472550e+02,7.508607850159252e-08,0.000000000000000e+00,-1.000000000000000e+03,1.710685554808045e+03,3.681887749412416e-08,1.948631673172885e+05,4.670444087273269e-06,8.048942243585325e+08,0.000000000000000e+00,-1.513859909566484e-09,3.417448857923301e+10,3.417448857923301e+10,-7.124440576849257e+00,7.508607850159252e-08,1.000000000000000e+00,0.000000000000000e+00,-9.999950211927336e-01,9.587793720055101e-01,-8.303746371681006e-01,7.508570466247928e-08,1.000000000000000e+03,1.000000000000000e+00,
8.047290857325916e-08,0.000000000000000e+00,-7.768287062945978e-08,3.075621159231502e+03,3.075621159194756e+03,7.170898305113083e+02,8.047290857325916e-08,0.000000000000000e+00,-1.000000000000000e+03,2.050414106129838e+03,1.143981515192667e-13,2.060726310529543e+05,3.257289069103453e-09,8.083943933072902e+08,0.000000000000000e+00,-3.070449938655469e-08,3.821933634217831e+10,3.821933634217831e+10,-7.094350301463047e+00,8.047290857325916e-08,1.000000000000000e+00,0.000000000000000e+00,-9.556432924795850e-01,1.127416104818436e-03,-6.730971005926466e-01,2.029386506549679e-10,1.000000000000000e+03,1.000000000000000e+00,
2.186650630787680e-07,0.000000000000000e+00,3.789291558047217e-08,2.370158965809313e+04,2.370158965808985e+04,1.552577493927753e+03,2.186650630787680e-07,0.000000000000000e+00,-1.000000000000000e+03,1.580105977205990e+04,3.283270383873709e-09,3.032216295997769e+05,4.993451541621401e-07,7.242142731457062e+08,0.000000000000000e+00,-4.026968023596397e-04,8.274902099142982e+10,8.274902099142982e+10,-6.660220600246118e+00,2.186650630787680e-07,1.000000000000000e+00,0.000000000000000e+00,1.732920433056208e-01,1.732920433056208e-01,5.454200962324202e-02,3.789291558047217e-08,1.000000000000000e+03,1.000000000000000e+00,
2.844967105753203e-06,0.000000000000000e+00,7.378374784037984e-03,2.351285732877603e+05,2.351190054417308e+05,1.505165055632438e+03,2.844967105753203e-06,0.000000000000000e+00,-1.000000000000000e+03,1.567460036278205e+05,9.567846029508749e+00,2.985558585746807e+05,8.558535835898436e-03,6.372651304459653e+08,0.000000000000000e+00,-2.904239205043382e-06,8.022204062033826e+10,8.022204062033826e+10,-5.545922750665205e+00,2.844967105753203e-06,1.000000000000000e+00,0.000000000000000e+00,2.593483337335306e+03,2.593483337335306e+03,-1.172079904565919e+03,7.378374784037984e-03,1.000000000000000e+03,1.000000000000000e+00,
3.137703705319868e-05,0.000000000000000e+00,8.293662827055807e-02,2.516963530334617e+06,2.516853920171344e+06,1.501236934928659e+03,3.137703705319868e-05,0.000000000000000e+00,-1.000000000000000e+03,1.677902613447563e+06,1.096101632736466e+02,2.981660243824139e+05,8.569618988026552e-03,5.518342978139563e+08,0.000000000000000e+00,4.668318331680439e-07,8.001268028641281e+10,8.001268028641281e+10,-4.503388069423403e+00,3.137703705319868e-05,1.000000000000000e+00,0.000000000000000e+00,2.555169224131922e+03,2.555169224131922e+03,-1.799706030295295e+03,8.293662827055807e-02,1.000000000000000e+03,1.000000000000000e+00,
3.460165837705336e-04,0.000000000000000e+00,8.838100718448619e-01,2.768680419551706e+07,2.768567546313871e+07,1.501234241622155e+03,3.460165837705336e-04,0.000000000000000e+00,-1.000000000000000e+03,1.845711697542581e+07,1.128732378348132e+03,2.981657569186863e+05,8.395058161285085e-03,4.678264542057778e+08,0.000000000000000e+00,1.289551384744527e-07,8.001253673900385e+10,8.001253673900385e+10,-3.460903085983420e+00,3.460165837705336e-04,1.000000000000000e+00,0.000000000000000e+00,2.518158016816554e+03,2.518158016816554e+03,-2.091024960356257e+03,8.838100718448619e-01,1.000000000000000e+03,1.000000000000000e+00,

64,28
2.539230806531077e-02,0.000000000000000e+00,6.367781170511012e+01,2.506483376750356e+09,2.506403532419287e+09,1.854444209608094e+03,2.539230806531077e-02,0.000000000000000e+00,-1.000000000000000e+03,1.670935688279525e+09,7.984433106911884e+04,3.313907793330427e+05,8.390353662436843e-03,4.665923799178945e+08,2.500000000000000e-07,6.267106226726461e-04,9.883786376426523e+10,9.883786376426524e+10,-1.595297821596909e+00,2.539230806531077e-02,1.000000000000000e+00,0.000000000000000e+00,2.517905996685416e+03,2.517905996685416e+03,-1.515147683544114e+03,6.367781170511012e+01,1.000000000000000e+03,1.000000000000000e+00,
2.539230806531077e-02,0.000000000000000e+00,6.367781170511012e+01,2.506483376750356e+09,2.506403532419287e+09,1.854444209608094e+03,2.539230806531077e-02,0.000000000000000e+00,-1.000000000000000e+03,1.670935688279525e+09,7.984433106911884e+04,3.313907793330427e+05,8.390353662436843e-03,4.665923799178945e+08,2.500000000000000e-07,6.267106226726461e-04,9.883786376426523e+10,9.883786376426524e+10,-1.595297821596909e+00,2.539230806531077e-02,1.000000000000000e+00,0.000000000000000e+00,2.517905996685416e+03,2.517905996685416e+03,-1.515147683544114e+03,6.367781170511012e+01,1.000000000000000e+03,1.000000000000000e+00,
2.539230806531077e-02,0.000000000000000e+00,6.367781170511012e+01,2.506483376750356e+09,2.506403532419287e+09,1.854444209608094e+03,2.539230806531077e-02,0.000000000000000e+00,-1.000000000000000e+03,1.670935688279525e+09,7.984433106911884e+04,3.313907793330427e+05,8.390353662436843e-03,4.665923799178945e+08,2.500000000000000e-07,6.267106226726461e-04,9.883786376426523e+10,9.883786376426524e+10,-1.595297821596909e+00,2.539230806531077e-02,1.000000000000000e+00,0.000000000000000e+00,2.517905996685416e+03,2.517905996685416e+03,-1.785058884107897e+03,6.367781170511012e+01,1.000000000000000e+03,1.000000000000000e+00,
2.539230806531077e-02,0.000000000000000e+00,6.367781170511012e+01,2.506483376750356e+09,2.506403532419287e+09,1.854444209608094e+03,2.539230806531077e-02,0.000000000000000e+00,-1.000000000000000e+03,1.670935688279525e+09,7.984433106911884e+04,3.313907793330427e+05,8.390353662436843e-03,4.665923799178945e+08,2.500000000000000e-07,6.267106226726461e-04,9.883786376426523e+10,9.883786376426524e+10,-1.595297821596909e+00,2.539230806531077e-02,1.000000000000000e+00,0.000000000000000e+00,2.517905996685416e+03,2.517905996685416e+03,-2.099209203410195e+03,6.367781170511012e+01,1.000000000000000e+03,1.000000000000000e+00,
2.539230806531077e-02,0.000000000000000e+00,6.367781170511012e+01,2.506483376750356e+09,2.506403532419287e+09,1.854444209608094e+03,2.539230806531077e-02,0.000000000000000e+00,-1.000000000000000e+03,1.670935688279525e+09,7.984433106911884e+04,3.313907793330427e+05,8.390353662436843e-03,4.665923799178945e+08,2.500000000000000e-07,6.267106226726461e-04,9.883786376426523e+10,9.883786376426524e+10,-1.595297821596909e+00,2.539230806531077e-02,1.000000000000000e+00,0.000000000000000e+00,2.517905996685416e+03,2.517905996685416e+03,-2.391168068474095e+03,6.367781170511012e+01,1.000000000000000e+03,1.000000000000000e+00,
2.539230806531077e-02,0.000000000000000e+00,6.367781170511012e+01,2.506483376750356e+09,2.506403532419287e+09,1.854444209608094e+03,2.539230806531077e-02,0.000000000000000e+00,-1.000000000000000e+03,1.670935688279525e+09,7.984433106911884e+04,3.313907793330427e+05,8.390353662436843e-03,4.665923799178945e+08,2.500000000000000e-07,6.267106226726461e-04,9.883786376426523e+10,9.883786376426524e+10,-1.595297821596909e+00,2.539230806531077e-02,1.000000000000000e+00,0.000000000000000e+00,2.517905996685416e+03,2.517905996685416e+03,-2.391168068474095e+03,6.367781170511012e+01,1.000000000000000e+03,1.000000000000000e+00,
2.539230806531077e-02,0.000000000000000e+00,6.367781170511012e+01,2.506483376750356e+09,2.506403532419287e+09,1.854444209608094e+03,2.539230806531077e-02,0.000000000000000e+00,-1.000000000000000e+03,1.670935688279525e+09,7.984433106911884e+04,3.313907793330427e+05,8.390353662436843e-03,4.665923799178945e+08,2.500000000000000e-07,6.267106226726461e-04,9.883786376426523e+10,9.883786376426524e+10,-1.595297821596909e+00,2.539230806531077e-02,1.000000000000000e+00,0.000000000000000e+00,2.517905996685416e+03,2.517905996685416e+03,-2.099209203410195e+03,6.367781170511012e+01,1.000000000000000e+03,1.000000000000000e+00,
2.539230806531077e-02,0.000000000000000e+00,6.367781170511012e+01,2.506483376750356e+09,2.506403532419287e+09,1.854444209608094e+03,2.539230806531077e-02,0.000000000000000e+00,-1.000000000000000e+03,1.670935688279525e+09,7.984433106911884e+04,3.313907793330427e+05,8.390353662436843e-03,4.665923799178945e+08,2.500000000000000e-07,6.267106226726461e-04,9.883786376426523e+10,9.883786376426524e+10,-1.595297821596909e+00,2.539230806531077e-02,1.000000000000000e+00,0.000000000000000e+00,2.517905996685416e+03,2.517905996685416e+03,-1.785058884107897e+03,6.367781170511012e+01,1.000000000000000e+03,1.000000000000000e+00,
7.508369955467110e-08,0.000000000000000e+00,-7.506104507551327e-08,2.565834317508090e+03,2.565834317470548e+03,6.411702576512615e+02,7.508369955467110e-08,0.000000000000000e+00,-1.000000000000000e+03,1.710556211647032e+03,3.754199575278373e-08,1.948588873516536e+05,5.132981093302856e-06,8.048930088425997e+08,0.000000000000000e+00,5.107966401518560e-13,3.417298738193199e+10,3.417298738193199e+10,-7.124454336788629e+00,7.508369955467110e-08,1.000000000000000e+00,0.000000000000000e+00,-1.000001746645575e+00,1.000025979121491e+00,-6.017502763168719e-01,7.508384552997738e-08,1.000000000000000e+03,1.000000000000000e+00,
8.010565506726349e-08,0.000000000000000e+00,-7.508570466247928e-08,3.038272302625816e+03,3.038272302588997e+03,7.116294955278349e+02,8.010565506726349e-08,0.000000000000000e+00,-1.000000000000000e+03,2.025514868392665e+03,3.755293457835603e-08,2.052865539313781e+05,5.131780597430600e-06,8.081495275686560e+08,0.000000000000000e+00,-3.793558260523078e-12,3.792831230251855e+10,3.792831230251855e+10,-7.096336823768250e+00,8.010565506726349e-08,1.000000000000000e+00,0.000000000000000e+00,-9.587793720055101e-01,9.999950211927336e-01,-4.307894590223543e-01,7.680364965948090e-08,1.000000000000000e+03,1.000000000000000e+00,
2.103313925059890e-07,0.000000000000000e+00,2.371524921456999e-08,2.275840177625784e+04,2.275840177625681e+04,2.030149802144506e+03,2.103313925059890e-07,0.000000000000000e+00,-1.000000000000000e+03,1.517226785083788e+04,3.674610694575787e-08,3.467349158112096e+05,4.637410060698522e-06,8.451781217642624e+08,0.000000000000000e+00,1.425954777708466e-08,1.082025916583460e+11,1.082025916583460e+11,-6.677095902897849e+00,2.103313925059890e-07,1.000000000000000e+00,0.000000000000000e+00,1.172935464752126e-01,9.556432924795850e-01,3.778296549358891e-02,7.768287062945978e-08,1.000000000000000e+03,1.000000000000000e+00,
2.740153482577717e-06,0.000000000000000e+00,7.090153337875980e-03,2.267541909434674e+05,2.267450180495630e+05,2.067815329043455e+03,2.740153482577717e-06,0.000000000000000e+00,-1.000000000000000e+03,1.511633453663754e+05,9.172893904341381e+00,3.499366335371393e+05,8.533369689638809e-03,8.284344297628714e+08,0.000000000000000e+00,-3.644430282574591e-08,1.102100827421756e+11,1.102100827421756e+11,-5.562225110621314e+00,2.740153482577717e-06,1.000000000000000e+00,0.000000000000000e+00,2.587502263269622e+03,2.587502263269622e+03,4.007006336323188e+02,7.090153337875980e-03,1.000000000000000e+03,1.000000000000000e+00,
3.022188846116948e-05,0.000000000000000e+00,7.995633541256238e-02,2.424567331725078e+06,2.424461563755270e+06,1.550604031247965e+03,3.022188846116948e-05,0.000000000000000e+00,-1.000000000000000e+03,1.616307709170180e+06,1.057679698080454e+02,3.030288576297179e+05,9.004099783227972e-03,7.228127029366815e+08,0.000000000000000e+00,1.716406279567764e-06,8.264383970073465e+10,8.264383970073466e+10,-4.519678401590622e+00,3.022188846116948e-05,1.000000000000000e+00,0.000000000000000e+00,2.691800793436853e+03,2.691800793436853e+03,-5.075300139516552e+00,7.995633541256238e-02,1.000000000000000e+03,1.000000000000000e+00,
3.332820455683225e-04,0.000000000000000e+00,8.515920257919105e-01,2.666787773812776e+07,2.666678975725985e+07,1.505000003784841e+03,3.332820455683225e-04,0.000000000000000e+00,-1.000000000000000e+03,1.777785983817324e+07,1.087980867909824e+03,2.985394887596709e+05,8.853860196022779e-03,6.359264888272152e+08,0.000000000000000e+00,1.180815999298034e-06,8.021324371399713e+10,8.021324371399712e+10,-3.477188081840915e+00,3.332820455683225e-04,1.000000000000000e+00,0.000000000000000e+00,2.643226896470240e+03,2.643226896470240e+03,-6.469753584480161e+02,8.515920257919105e-01,1.000000000000000e+03,1.000000000000000e+00,
3.609235255465454e-03,0.000000000000000e+00,9.088624693127276e+00,2.922760597244743e+08,2.922646164279079e+08,1.519327752770808e+03,3.609235255465454e-03,0.000000000000000e+00,-1.000000000000000e+03,1.948430776186053e+08,1.144329656641767e+04,2.999571853390333e+05,8.566515051943965e-03,5.505018628387340e+08,0.000000000000000e+00,4.605666857889901e-07,8.097688173286362e+10,8.097688173286363e+10,-2.442584809040352e+00,3.609235255465454e-03,1.000000000000000e+00,0.000000000000000e+00,2.554241944747292e+03,2.554241944747292e+03,-1.147647245776965e+03,9.088624693127276e+00,1.000000000000000e+03,1.000000000000000e+00,
7.508369955467110e-08,0.000000000000000e+00,-7.506104507551327e-08,2.565834317508090e+03,2.565834317470548e+03,6.411702576512615e+02,7.508369955467110e-08,0.000000000000000e+00,-1.000000000000000e+03,1.710556211647032e+03,3.754199575278373e-08,1.948588873516536e+05,5.132981093302856e-06,8.048930088425997e+08,0.000000000000000e+00,5.107966401518560e-13,3.417298738193199e+10,3.417298738193199e+10,-7.124454336788629e+00,7.508369955467110e-08,1.000000000000000e+00,0.000000000000000e+00,-1.000001746645575e+00,1.000025979121491e+00,-6.017502763168719e-01,7.508384552997738e-08,1.000000000000000e+03,1.000000000000000e+00,
8.010565506726349e-08,0.000000000000000e+00,-7.508570466247928e-08,3.038272302625816e+03,3.038272302588997e+03,7.116294955278349e+02,8.010565506726349e-08,0.000000000000000e+00,-1.000000000000000e+03,2.025514868392665e+03,3.755293457835603e-08,2.052865539313781e+05,5.131780597430600e-06,8.081495275686560e+08,0.000000000000000e+00,-3.793558260523078e-12,3.792831230251855e+10,3.792831230251855e+10,-7.096336823768250e+00,8.010565506726349e-08,1.000000000000000e+00,0.000000000000000e+00,-9.587793720055101e-01,9.999950211927336e-01,-4.307894590223543e-01,7.680364965948090e-08,1.000000000000000e+03,1.000000000000000e+00,
2.103313925059890e-07,0.000000000000000e+00,2.371524921456999e-08,2.275840177625784e+04,2.275840177625681e+04,2.030149802144506e+03,2.103313925059890e-07,0.000000000000000e+00,-1.000000000000000e+03,1.517226785083788e+04,3.674610694575787e-08,3.467349158112096e+05,4.637410060698522e-06,8.451781217642624e+08,0.000000000000000e+00,1.425954777708466e-08,1.082025916583460e+11,1.082025916583460e+11,-6.677095902897849e+00,2.103313925059890e-07,1.000000000000000e+00,0.000000000000000e+00,1.172935464752126e-01,9.556432924795850e-01,3.778296549358891e-02,7.768287062945978e-08,1.000000000000000e+03,1.000000000000000e+00,
2.740153482577717e-06,0.000000000000000e+00,7.090153337875980e-03,2.267541909434674e+05,2.267450180495630e+05,2.067815329043455e+03,2.740153482577717e-06,0.000000000000000e+00,-1.000000000000000e+03,1.511633453663754e+05,9.172893904341381e+00,3.499366335371393e+05,8.533369689638809e-03,8.284344297628714e+08,0.000000000000000e+00,-3.644430282574591e-08,1.102100827421756e+11,1.102100827421756e+11,-5.562225110621314e+00,2.740153482577717e-06,1.000000000000000e+00,0.000000000000000e+00,2.587502263269622e+03,2.587502263269622e+03,4.007006336323188e+02,7.090153337875980e-03,1.000000000000000e+03,1.000000000000000e+00,
3.022188846116948e-05,0.000000000000000e+00,7.995633541256238e-02,2.424567331725078e+06,2.424461563755270e+06,1.550604031247965e+03,3.022188846116948e-05,0.000000000000000e+00,-1.000000000000000e+03,1.616307709170180e+06,1.057679698080454e+02,3.030288576297179e+05,9.004099783227972e-03,7.228127029366815e+08,0.000000000000000e+00,1.716406279567764e-06,8.264383970073465e+10,8.264383970073466e+10,-4.519678401590622e+00,3.022188846116948e-05,1.000000000000000e+00,0.000000000000000e+00,2.691800793436853e+03,2.691800793436853e+03,-5.075300139516552e+00,7.995633541256238e-02,1.000000000000000e+03,1.000000000000000e+00,
3.332820455683225e-04,0.000000000000000e+00,8.515920257919105e-01,2.666787773812776e+07,2.666678975725985e+07,1.505000003784841e+03,3.332820455683225e-04,0.000000000000000e+00,-1.000000000000000e+03,1.777785983817324e+07,1.087980867909824e+03,2.985394887596709e+05,8.853860196022779e-03,6.359264888272152e+08,0.000000000000000e+00,1.180815999298034e-06,8.021324371399713e+10,8.021324371399712e+10,-3.477188081840915e+00,3.332820455683225e-04,1.000000000000000e+00,0.000000000000000e+00,2.643226896470240e+03,2.643226896470240e+03,-6.469753584480161e+02,8.515920257919105e-01,1.000000000000000e+03,1.000000000000000e+00,
3.609235255465454e-03,0.000000000000000e+00,9.088624693127276e+00,2.922760597244743e+08,2.922646164279079e+08,1.519327752770808e+03,3.609235255465454e-03,0.000000000000000e+00,-1.000000000000000e+03,1.948430776186053e+08,1.144329656641767e+04,2.999571853390333e+05,8.566515051943965e-03,5.505018628387340e+08,0.000000000000000e+00,4.605666857889901e-07,8.097688173286362e+10,8.097688173286363e+10,-2.442584809040352e+00,3.609235255465454e-03,1.000000000000000e+00,0.000000000000000e+00,2.554241944747292e+03,2.554241944747292e+03,-1.147647245776965e+03,9.088624693127276e+00,1.000000000000000e+03,1.000000000000000e+00,
7.508369955467110e-08,0.000000000000000e+00,-7.506104507551327e-08,2.565834317508090e+03,2.565834317470548e+03,6.411702576512615e+02,7.508369955467110e-08,0.000000000000000e+00,-1.000000000000000e+03,1.710556211647032e+03,3.754199575278373e-08,1.948588873516536e+05,5.132981093302856e-06,8.048930088425997e+08,0.000000000000000e+00,5.107966401518560e-13,3.417298738193199e+10,3.417298738193199e+10,-7.124454336788629e+00,7.508369955467110e-08,1.000000000000000e+00,0.000000000000000e+00,-1.000001746645575e+00,1.000025979121491e+00,-7.089471794863091e-01,7.508384552997738e-08,1.000000000000000e+03,1.000000000000000e+00,
8.010565506726349e-08,0.000000000000000e+00,-7.508570466247928e-08,3.038272302625816e+03,3.038272302588997e+03,7.116294955278349e+02,8.010565506726349e-08,0.000000000000000e+00,-1.000000000000000e+03,2.025514868392665e+03,3.755293457835603e-08,2.052865539313781e+05,5.131780597430600e-06,8.081495275686560e+08,0.000000000000000e+00,-3.793558260523078e-12,3.792831230251855e+10,3.792831230251855e+10,-7.096336823768250e+00,8.010565506726349e-08,1.000000000000000e+00,0.000000000000000e+00,-9.587793720055101e-01,9.999950211927336e-01,-5.342312258928135e-01,7.680364965948090e-08,1.000000000000000e+03,1.000000000000000e+00,
2.103313925059890e-07,0.000000000000000e+00,2.371524921456999e-08,2.275840177625784e+04,2.275840177625681e+04,2.030149802144506e+03,2.103313925059890e-07,0.000000000000000e+00,-1.000000000000000e+03,1.517226785083788e+04,3.674610694575787e-08,3.467349158112096e+05,4.637410060698522e-06,8.451781217642624e+08,0.000000000000000e+00,1.425954777708466e-08,1.082025916583460e+11,1.082025916583460e+11,-6.677095902897849e+00,2.103313925059890e-07,1.000000000000000e+00,0.000000000000000e+00,1.172935464752126e-01,9.556432924795850e-01,5.326692817863215e-02,7.768287062945978e-08,1.000000000000000e+03,1.000000000000000e+00,
2.740153482577717e-06,0.000000000000000e+00,7.090153337875980e-03,2.267541909434674e+05,2.267450180495630e+05,2.067815329043455e+03,2.740153482577717e-06,0.000000000000000e+00,-1.000000000000000e+03,1.511633453663754e+05,9.172893904341381e+00,3.499366335371393e+05,8.533369689638809e-03,8.284344297628714e+08,0.000000000000000e+00,-3.644430282574591e-08,1.102100827421756e+11,1.102100827421756e+11,-5.562225110621314e+00,2.740153482577717e-06,1.000000000000000e+00,0.000000000000000e+00,2.587502263269622e+03,2.587502263269622e+03,5.791516955428456e+02,7.090153337875980e-03,1.000000000000000e+03,1.000000000000000e+00,
3.022188846116948e-05,0.000000000000000e+00,7.995633541256238e-02,2.424567331725078e+06,2.424461563755270e+06,1.550604031247965e+03,3.022188846116948e-05,0.000000000000000e+00,-1.000000000000000e+03,1.616307709170180e+06,1.057679698080454e+02,3.030288576297179e+05,9.004099783227972e-03,7.228127029366815e+08,0.000000000000000e+00,1.716406279567764e-06,8.264383970073465e+10,8.264383970073466e+10,-4.519678401590622e+00,3.022188846116948e-05,1.000000000000000e+00,0.000000000000000e+00,2.691800793436853e+03,2.691800793436853e+03,-6.771473883305844e+00,7.995633541256238e-02,1.000000000000000e+03,1.000000000000000e+00,
3.332820455683225e-04,0.000000000000000e+00,8.515920257919105e-01,2.666787773812776e+07,2.666678975725985e+07,1.505000003784841e+03,3.332820455683225e-04,0.000000000000000e+00,-1.000000000000000e+03,1.777785983817324e+07,1.087980867909824e+03,2.985394887596709e+05,8.853860196022779e-03,6.359264888272152e+08,0.000000000000000e+00,1.180815999298034e-06,8.021324371399713e+10,8.021324371399712e+10,-3.477188081840915e+00,3.332820455683225e-04,1.000000000000000e+00,0.000000000000000e+00,2.643226896470240e+03,2.643226896470240e+03,-8.437060710036310e+02,8.515920257919105e-01,1.000000000000000e+03,1.000000000000000e+00,
3.609235255465454e-03,0.000000000000000e+00,9.088624693127276e+00,2.922760597244743e+08,2.922646164279079e+08,1.519327752770808e+03,3.609235255465454e-03,0.000000000000000e+00,-1.000000000000000e+03,1.948430776186053e+08,1.144329656641767e+04,2.999571853390333e+05,8.566515051943965e-03,5.505018628387340e+08,0.000000000000000e+00,4.605666857889901e-07,8.097688173286362e+10,8.097688173286363e+10,-2.442584809040352e+00,3.609235255465454e-03,1.000000000000000e+00,0.000000000000000e+00,2.554241944747292e+03,2.554241944747292e+03,-1.423221906114755e+03,9.088624693127276e+00,1.000000000000000e+03,1.000000000000000e+00,
7.508369955467110e-08,0.000000000000000e+00,-7.506104507551327e-08,2.565834317508090e+03,2.565834317470548e+03,6.411702576512615e+02,7.508369955467110e-08,0.000000000000000e+00,-1.000000000000000e+03,1.710556211647032e+03,3.754199575278373e-08,1.948588873516536e+05,5.132981093302856e-06,8.048930088425997e+08,0.000000000000000e+00,5.107966401518560e-13,3.417298738193199e+10,3.417298738193199e+10,-7.124454336788629e+00,7.508369955467110e-08,1.000000000000000e+00,0.000000000000000e+00,-1.000001746645575e+00,1.000025979121491e+00,-8.337139223578709e-01,7.508384552997738e-08,1.000000000000000e+03,1.000000000000000e+00,
8.010565506726349e-08,0.000000000000000e+00,-7.508570466247928e-08,3.038272302625816e+03,3.038272302588997e+03,7.116294955278349e+02,8.010565506726349e-08,0.000000000000000e+00,-1.000000000000000e+03,2.025514868392665e+03,3.755293457835603e-08,2.052865539313781e+05,5.131780597430600e-06,8.081495275686560e+08,0.000000000000000e+00,-3.793558260523078e-12,3.792831230251855e+10,3.792831230251855e+10,-7.096336823768250e+00,8.010565506726349e-08,1.000000000000000e+00,0.000000000000000e+00,-9.587793720055101e-01,9.999950211927336e-01,-6.806024819309194e-01,7.680364965948090e-08,1.000000000000000e+03,1.000000000000000e+00,
2.103313925059890e-07,0.000000000000000e+00,2.371524921456999e-08,2.275840177625784e+04,2.275840177625681e+04,2.030149802144506e+03,2.103313925059890e-07,0.000000000000000e+00,-1.000000000000000e+03,1.517226785083788e+04,3.674610694575787e-08,3.467349158112096e+05,4.637410060698522e-06,8.451781217642624e+08,0.000000000000000e+00,1.425954777708466e-08,1.082025916583460e+11,1.082025916583460e+11,-6.677095902897849e+00,2.103313925059890e-07,1.000000000000000e+00,0.000000000000000e+00,1.172935464752126e-01,9.556432924795850e-01,8.357458230324055e-02,7.768287062945978e-08,1.000000000000000e+03,1.000000000000000e+00,
2.740153482577717e-06,0.000000000000000e+00,7.090153337875980e-03,2.267541909434674e+05,2.267450180495630e+05,2.067815329043455e+03,2.740153482577717e-06,0.000000000000000e+00,-1.000000000000000e+03,1.511633453663754e+05,9.172893904341381e+00,3.499366335371393e+05,8.533369689638809e-03,8.284344297628714e+08,0.000000000000000e+00,-3.644430282574591e-08,1.102100827421756e+11,1.102100827421756e+11,-5.562225110621314e+00,2.740153482577717e-06,1.000000000000000e+00,0.000000000000000e+00,2.587502263269622e+03,2.587502263269622e+03,1.013377144089413e+03,7.090153337875980e-03,1.000000000000000e+03,1.000000000000000e+00,
3.022188846116948e-05,0.000000000000000e+00,7.995633541256238e-02,2.424567331725078e+06,2.424461563755270e+06,1.550604031247965e+03,3.022188846116948e-05,0.000000000000000e+00,-1.000000000000000e+03,1.616307709170180e+06,1.057679698080454e+02,3.030288576297179e+05,9.004099783227972e-03,7.228127029366815e+08,0.000000000000000e+00,1.716406279567764e-06,8.264383970073465e+10,8.264383970073466e+10,-4.519678401590622e+00,3.022188846116948e-05,1.000000000000000e+00,0.000000000000000e+00,2.691800793436853e+03,2.691800793436853e+03,-1.017044468770027e+01,7.995633541256238e-02,1.000000000000000e+03,1.000000000000000e+00,
3.332820455683225e-04,0.000000000000000e+00,8.515920257919105e-01,2.666787773812776e+07,2.666678975725985e+07,1.505000003784841e+03,3.332820455683225e-04,0.000000000000000e+00,-1.000000000000000e+03,1.777785983817324e+07,1.087980867909824e+03,2.985394887596709e+05,8.853860196022779e-03,6.359264888272152e+08,0.000000000000000e+00,1.180815999298034e-06,8.021324371399713e+10,8.021324371399712e+10,-3.477188081840915e+00,3.332820455683225e-04,1.000000000000000e+00,0.000000000000000e+00,2.643226896470240e+03,2.643226896470240e+03,-1.193173263000702e+03,8.515920257919105e-01,1.000000000000000e+03,1.000000000000000e+00,
3.609235255465454e-03,0.000000000000000e+00,9.088624693127276e+00,2.922760597244743e+08,2.922646164279079e+08,1.519327752770808e+03,3.609235255465454e-03,0.000000000000000e+00,-1.000000000000000e+03,1.948430776186053e+08,1.144329656641767e+04,2.999571853390333e+05,8.566515051943965e-03,5.505018628387340e+08,0.000000000000000e+00,4.605666857889901e-07,8.097688173286362e+10,8.097688173286363e+10,-2.442584809040352e+00,3.609235255465454e-03,1.000000000000000e+00,0.000000000000000e+00,2.554241944747292e+03,2.554241944747292e+03,-1.813163129918772e+03,9.088624693127276e+00,1.000000000000000e+03,1.000000000000000e+00,
7.508369955467110e-08,0.000000000000000e+00,-7.506104507551327e-08,2.565834317508090e+03,2.565834317470548e+03,6.411702576512615e+02,7.508369955467110e-08,0.000000000000000e+00,-1.000000000000000e+03,1.710556211647032e+03,3.754199575278373e-08,1.948588873516536e+05,5.132981093302856e-06,8.048930088425997e+08,0.000000000000000e+00,5.107966401518560e-13,3.417298738193199e+10,3.417298738193199e+10,-7.124454336788629e+00,7.508369955467110e-08,1.000000000000000e+00,0.000000000000000e+00,-1.000001746645575e+00,1.000025979121491e+00,-9.496671918862977e-01,7.508384552997738e-08,1.000000000000000e+03,1.000000000000000e+00,
8.010565506726349e-08,0.000000000000000e+00,-7.508570466247928e-08,3.038272302625816e+03,3.038272302588997e+03,7.116294955278349e+02,8.010565506726349e-08,0.000000000000000e+00,-1.000000000000000e+03,2.025514868392665e+03,3.755293457835603e-08,2.052865539313781e+05,5.131780597430600e-06,8.081495275686560e+08,0.000000000000000e+00,-3.793558260523078e-12,3.792831230251855e+10,3.792831230251855e+10,-7.096336823768250e+00,8.010565506726349e-08,1.000000000000000e+00,0.000000000000000e+00,-9.587793720055101e-01,9.999950211927336e-01,-8.595556934111157e-01,7.680364965948090e-08,1.000000000000000e+03,1.000000000000000e+00,
2.103313925059890e-07,0.000000000000000e+00,2.371524921456999e-08,2.275840177625784e+04,2.275840177625681e+04,2.030149802144506e+03,2.103313925059890e-07,0.000000000000000e+00,-1.000000000000000e+03,1.517226785083788e+04,3.674610694575787e-08,3.467349158112096e+05,4.637410060698522e-06,8.451781217642624e+08,0.000000000000000e+00,1.425954777708466e-08,1.082025916583460e+11,1.082025916583460e+11,-6.677095902897849e+00,2.103313925059890e-07,1.000000000000000e+00,0.000000000000000e+00,1.172935464752126e-01,9.556432924795850e-01,1.172901291795842e-01,7.768287062945978e-08,1.000000000000000e+03,1.000000000000000e+00,
2.740153482577717e-06,0.000000000000000e+00,7.090153337875980e-03,2.267541909434674e+05,2.267450180495630e+05,2.067815329043455e+03,2.740153482577717e-06,0.000000000000000e+00,-1.000000000000000e+03,1.511633453663754e+05,9.172893904341381e+00,3.499366335371393e+05,8.533369689638809e-03,8.284344297628714e+08,0.000000000000000e+00,-3.644430282574591e-08,1.102100827421756e+11,1.102100827421756e+11,-5.562225110621314e+00,2.740153482577717e-06,1.000000000000000e+00,0.000000000000000e+00,2.587502263269622e+03,2.587502263269622e+03,2.543844523218331e+03,7.090153337875980e-03,1.000000000000000e+03,1.000000000000000e+00,
3.022188846116948e-05,0.000000000000000e+00,7.995633541256238e-02,2.424567331725078e+06,2.424461563755270e+06,1.550604031247965e+03,3.022188846116948e-05,0.000000000000000e+00,-1.000000000000000e+03,1.616307709170180e+06,1.057679698080454e+02,3.030288576297179e+05,9.004099783227972e-03,7.228127029366815e+08,0.000000000000000e+00,1.716406279567764e-06,8.264383970073465e+10,8.264383970073466e+10,-4.519678401590622e+00,3.022188846116948e-05,1.000000000000000e+00,0.000000000000000e+00,2.691800793436853e+03,2.691800793436853e+03,-2.042049561361717e+01,7.995633541256238e-02,1.000000000000000e+03,1.000000000000000e+00,
3.332820455683225e-04,0.000000000000000e+00,8.515920257919105e-01,2.666787773812776e+07,2.666678975725985e+07,1.505000003784841e+03,3.332820455683225e-04,0.000000000000000e+00,-1.000000000000000e+03,1.777785983817324e+07,1.087980867909824e+03,2.985394887596709e+05,8.853860196022779e-03,6.359264888272152e+08,0.000000000000000e+00,1.180815999298034e-06,8.021324371399713e+10,8.021324371399712e+10,-3.477188081840915e+00,3.332820455683225e-04,1.000000000000000e+00,0.000000000000000e+00,2.643226896470240e+03,2.643226896470240e+03,-1.883588084654250e+03,8.515920257919105e-01,1.000000000000000e+03,1.000000000000000e+00,
3.609235255465454e-03,0.000000000000000e+00,9.088624693127276e+00,2.922760597244743e+08,2.922646164279079e+08,1.519327752770808e+03,3.609235255465454e-03,0.000000000000000e+00,-1.000000000000000e+03,1.948430776186053e+08,1.144329656641767e+04,2.999571853390333e+05,8.566515051943965e-03,5.505018628387340e+08,0.000000000000000e+00,4.605666857889901e-07,8.097688173286362e+10,8.097688173286363e+10,-2.442584809040352e+00,3.609235255465454e-03,1.000000000000000e+00,0.000000000000000e+00,2.554241944747292e+03,2.554241944747292e+03,-2.289904507816630e+03,9.088624693127276e+00,1.000000000000000e+03,1.000000000000000e+00,
7.508369955467110e-08,0.000000000000000e+00,-7.506104507551327e-08,2.565834317508090e+03,2.565834317470548e+03,6.411702576512615e+02,7.508369955467110e-08,0.000000000000000e+00,-1.000000000000000e+03,1.710556211647032e+03,3.754199575278373e-08,1.948588873516536e+05,5.132981093302856e-06,8.048930088425997e+08,0.000000000000000e+00,5.107966401518560e-13,3.417298738193199e+10,3.417298738193199e+10,-7.124454336788629e+00,7.508369955467110e-08,1.000000000000000e+00,0.000000000000000e+00,-1.000001746645575e+00,1.000025979121491e+00,-9.496671918862977e-01,7.508384552997738e-08,1.000000000000000e+03,1.000000000000000e+00,
8.010565506726349e-08,0.000000000000000e+00,-7.508570466247928e-08,3.038272302625816e+03,3.038272302588997e+03,7.116294955278349e+02,8.010565506726349e-08,0.000000000000000e+00,-1.000000000000000e+03,2.025514868392665e+03,3.755293457835603e-08,2.052865539313781e+05,5.131780597430600e-06,8.081495275686560e+08,0.000000000000000e+00,-3.793558260523078e-12,3.792831230251855e+10,3.792831230251855e+10,-7.096336823768250e+00,8.010565506726349e-08,1.000000000000000e+00,0.000000000000000e+00,-9.587793720055101e-01,9.999950211927336e-01,-8.595556934111157e-01,7.680364965948090e-08,1.000000000000000e+03,1.000000000000000e+00,
2.103313925059890e-07,0.000000000000000e+00,2.371524921456999e-08,2.275840177625784e+04,2.275840177625681e+04,2.030149802144506e+03,2.103313925059890e-07,0.000000000000000e+00,-1.000000000000000e+03,1.517226785083788e+04,3.674610694575787e-08,3.467349158112096e+05,4.637410060698522e-06,8.451781217642624e+08,0.000000000000000e+00,1.425954777708466e-08,1.082025916583460e+11,1.082025916583460e+11,-6.677095902897849e+00,2.103313925059890e-07,1.000000000000000e+00,0.000000000000000e+00,1.172935464752126e-01,9.556432924795850e-01,1.172901291795842e-01,7.768287062945978e-08,1.000000000000000e+03,1.000000000000000e+00,
2.740153482577717e-06,0.000000000000000e+00,7.090153337875980e-03,2.267541909434674e+05,2.267450180495630e+05,2.067815329043455e+03,2.740153482577717e-06,0.000000000000000e+00,-1.000000000000000e+03,1.511633453663754e+05,9.172893904341381e+00,3.499366335371393e+05,8.533369689638809e-03,8.284344297628714e+08,0.000000000000000e+00,-3.644430282574591e-08,1.102100827421756e+11,1.102100827421756e+11,-5.562225110621314e+00,2.740153482577717e-06,1.000000000000000e+00,0.000000000000000e+00,2.587502263269622e+03,2.587502263269622e+03,2.543844523218331e+03,7.090153337875980e-03,1.000000000000000e+03,1.000000000000000e+00,
3.022188846116948e-05,0.000000000000000e+00,7.995633541256238e-02,2.424567331725078e+06,2.424461563755270e+06,1.550604031247965e+03,3.022188846116948e-05,0.000000000000000e+00,-1.000000000000000e+03,1.616307709170180e+06,1.057679698080454e+02,3.030288576297179e+05,9.004099783227972e-03,7.228127029366815e+08,0.000000000000000e+00,1.716406279567764e-06,8.264383970073465e+10,8.264383970073466e+10,-4.519678401590622e+00,3.022188846116948e-05,1.000000000000000e+00,0.000000000000000e+00,2.691800793436853e+03,2.691800793436853e+03,-2.042049561361717e+01,7.995633541256238e-02,1.000000000000000e+03,1.000000000000000e+00,
3.332820455683225e-04,0.000000000000000e+00,8.515920257919105e-01,2.666787773812776e+07,2.666678975725985e+07,1.505000003784841e+03,3.332820455683225e-04,0.000000000000000e+00,-1.000000000000000e+03,1.777785983817324e+07,1.087980867909824e+03,2.985394887596709e+05,8.853860196022779e-03,6.359264888272152e+08,0.000000000000000e+00,1.180815999298034e-06,8.021324371399713e+10,8.021324371399712e+10,-3.477188081840915e+00,3.332820455683225e-04,1.000000000000000e+00,0.000000000000000e+00,2.643226896470240e+03,2.643226896470240e+03,-1.883588084654250e+03,8.515920257919105e-01,1.000000000000000e+03,1.000000000000000e+00,
3.609235255465454e-03,0.000000000000000e+00,9.088624693127276e+00,2.922760597244743e+08,2.922646164279079e+08,1.519327752770808e+03,3.609235255465454e-03,0.000000000000000e+00,-1.000000000000000e+03,1.948430776186053e+08,1.144329656641767e+04,2.999571853390333e+05,8.566515051943965e-03,5.505018628387340e+08,0.000000000000000e+00,4.605666857889901e-07,8.097688173286362e+10,8.097688173286363e+10,-2.442584809040352e+00,3.609235255465454e-03,1.000000000000000e+00,0.000000000000000e+00,2.554241944747292e+03,2.554241944747292e+03,-2.289904507816630e+03,9.088624693127276e+00,1.000000000000000e+03,1.000000000000000e+00,
7.508369955467110e-08,0.000000000000000e+00,-7.506104507551327e-08,2.565834317508090e+03,2.565834317470548e+03,6.411702576512615e+02,7.508369955467110e-08,0.000000000000000e+00,-1.000000000000000e+03,1.710556211647032e+03,3.754199575278373e-08,1.948588873516536e+05,5.132981093302856e-06,8.048930088425997e+08,0.000000000000000e+00,5.107966401518560e-13,3.417298738193199e+10,3.417298738193199e+10,-7.124454336788629e+00,7.508369955467110e-08,1.000000000000000e+00,0.000000000000000e+00,-1.000001746645575e+00,1.000025979121491e+00,-8.337139223578709e-01,7.508384552997738e-08,1.000000000000000e+03,1.000000000000000e+00,
8.010565506726349e-08,0.000000000000000e+00,-7.508570466247928e-08,3.038272302625816e+03,3.038272302588997e+03,7.116294955278349e+02,8.010565506726349e-08,0.000000000000000e+00,-1.000000000000000e+03,2.025514868392665e+03,3.755293457835603e-08,2.052865539313781e+05,5.131780597430600e-06,8.081495275686560e+08,0.000000000000000e+00,-3.793558260523078e-12,3.792831230251855e+10,3.792831230251855e+10,-7.096336823768250e+00,8.010565506726349e-08,1.000000000000000e+00,0.000000000000000e+00,-9.587793720055101e-01,9.999950211927336e-01,-6.806024819309194e-01,7.680364965948090e-08,1.000000000000000e+03,1.000000000000000e+00,
2.103313925059890e-07,0.000000000000000e+00,2.371524921456999e-08,2.275840177625784e+04,2.275840177625681e+04,2.030149802144506e+03,2.103313925059890e-07,0.000000000000000e+00,-1.000000000000000e+03,1.517226785083788e+04,3.674610694575787e-08,3.467349158112096e+05,4.637410060698522e-06,8.451781217642624e+08,0.000000000000000e+00,1.425954777708466e-08,1.082025916583460e+11,1.082025916583460e+11,-6.677095902897849e+00,2.103313925059890e-07,1.000000000000000e+00,0.000000000000000e+00,1.172935464752126e-01,9.556432924795850e-01,8.357458230324055e-02,7.768287062945978e-08,1.000000000000000e+03,1.000000000000000e+00,
2.740153482577717e-06,0.000000000000000e+00,7.090153337875980e-03,2.267541909434674e+05,2.267450180495630e+05,2.067815329043455e+03,2.740153482577717e-06,0.000000000000000e+00,-1.000000000000000e+03,1.511633453663754e+05,9.172893904341381e+00,3.499366335371393e+05,8.533369689638809e-03,8.284344297628714e+08,0.000000000000000e+00,-3.644430282574591e-08,1.102100827421756e+11,1.102100827421756e+11,-5.562225110621314e+00,2.740153482577717e-06,1.000000000000000e+00,0.000000000000000e+00,2.587502263269622e+03,2.587502263269622e+03,1.013377144089413e+03,7.090153337875980e-03,1.000000000000000e+03,1.000000000000000e+00,
3.022188846116948e-05,0.000000000000000e+00,7.995633541256238e-02,2.424567331725078e+06,2.424461563755270e+06,1.550604031247965e+03,3.022188846116948e-05,0.000000000000000e+00,-1.000000000000000e+03,1.616307709170180e+06,1.057679698080454e+02,3.030288576297179e+05,9.004099783227972e-03,7.228127029366815e+08,0.000000000000000e+00,1.716406279567764e-06,8.264383970073465e+10,8.264383970073466e+10,-4.519678401590622e+00,3.022188846116948e-05,1.000000000000000e+00,0.000000000000000e+00,2.691800793436853e+03,2.691800793436853e+03,-1.017044468770027e+01,7.995633541256238e-02,1.000000000000000e+03,1.000000000000000e+00,
3.332820455683225e-04,0.000000000000000e+00,8.515920257919105e-01,2.666787773812776e+07,2.666678975725985e+07,1.505000003784841e+03,3.332820455683225e-04,0.000000000000000e+00,-1.000000000000000e+03,1.777785983817324e+07,1.087980867909824e+03,2.985394887596709e+05,8.853860196022779e-03,6.359264888272152e+08,0.000000000000000e+00,1.180815999298034e-06,8.021324371399713e+10,8.021324371399712e+10,-3.477188081840915e+00,3.332820455683225e-04,1.000000000000000e+00,0.000000000000000e+00,2.643226896470240e+03,2.643226896470240e+03,-1.193173263000702e+03,8.515920257919105e-01,1.000000000000000e+03,1.000000000000000e+00,
3.609235255465454e-03,0.000000000000000e+00,9.088624693127276e+00,2.922760597244743e+08,2.922646164279079e+08,1.519327752770808e+03,3.609235255465454e-03,0.000000000000000e+00,-1.000000000000000e+03,1.948430776186053e+08,1.144329656641767e+04,2.999571853390333e+05,8.566515051943965e-03,5.505018628387340e+08,0.000000000000000e+00,4.605666857889901e-07,8.097688173286362e+10,8.097688173286363e+10,-2.442584809040352e+00,3.609235255465454e-03,1.000000000000000e+00,0.000000000000000e+00,2.554241944747292e+03,2.554241944747292e+03,-1.813163129918772e+03,9.088624693127276e+00,1.000000000000000e+03,1.000000000000000e+00,
7.508369955467110e-08,0.000000000000000e+00,-7.506104507551327e-08,2.565834317508090e+03,2.565834317470548e+03,6.411702576512615e+02,7.508369955467110e-08,0.000000000000000e+00,-1.000000000000000e+03,1.710556211647032e+03,3.754199575278373e-08,1.948588873516536e+05,5.132981093302856e-06,8.048930088425997e+08,0.000000000000000e+00,5.107966401518560e-13,3.417298738193199e+10,3.417298738193199e+10,-7.124454336788629e+00,7.508369955467110e-08,1.000000000000000e+00,0.000000000000000e+00,-1.000001746645575e+00,1.000025979121491e+00,-7.089471794863091e-01,7.508384552997738e-08,1.000000000000000e+03,1.000000000000000e+00,
8.010565506726349e-08,0.000000000000000e+00,-7.508570466247928e-08,3.038272302625816e+03,3.038272302588997e+03,7.116294955278349e+02,8.010565506726349e-08,0.000000000000000e+00,-1.000000000000000e+03,2.025514868392665e+03,3.755293457835603e-08,2.052865539313781e+05,5.131780597430600e-06,8.081495275686560e+08,0.000000000000000e+00,-3.793558260523078e-12,3.792831230251855e+10,3.792831230251855e+10,-7.096336823768250e+00,8.010565506726349e-08,1.000000000000000e+00,0.000000000000000e+00,-9.587793720055101e-01,9.999950211927336e-01,-5.342312258928135e-01,7.680364965948090e-08,1.000000000000000e+03,1.000000000000000e+00,
2.103313925059890e-07,0.000000000000000e+00,2.371524921456999e-08,2.275840177625784e+04,2.275840177625681e+04,2.030149802144506e+03,2.103313925059890e-07,0.000000000000000e+00,-1.000000000000000e+03,1.517226785083788e+04,3.674610694575787e-08,3.467349158112096e+05,4.637410060698522e-06,8.451781217642624e+08,0.000000000000000e+00,1.425954777708466e-08,1.082025916583460e+11,1.082025916583460e+11,-6.677095902897849e+00,2.103313925059890e-07,1.000000000000000e+00,0.000000000000000e+00,1.172935464752126e-01,9.556432924795850e-01,5.326692817863215e-02,7.768287062945978e-08,1.000000000000000e+03,1.000000000000000e+00,
2.740153482577717e-06,0.000000000000000e+00,7.090153337875980e-03,2.267541909434674e+05,2.267450180495630e+05,2.067815329043455e+03,2.740153482577717e-06,0.000000000000000e+00,-1.000000000000000e+03,1.511633453663754e+05,9.172893904341381e+00,3.499366335371393e+05,8.533369689638809e-03,8.284344297628714e+08,0.000000000000000e+00,-3.644430282574591e-08,1.102100827421756e+11,1.102100827421756e+11,-5.562225110621314e+00,2.740153482577717e-06,1.000000000000000e+00,0.000000000000000e+00,2.587502263269622e+03,2.587502263269622e+03,5.791516955428456e+02,7.090153337875980e-03,1.000000000000000e+03,1.000000000000000e+00,
3.022188846116948e-05,0.000000000000000e+00,7.995633541256238e-02,2.424567331725078e+06,2.424461563755270e+06,1.550604031247965e+03,3.022188846116948e-05,0.000000000000000e+00,-1.000000000000000e+03,1.616307709170180e+06,1.057679698080454e+02,3.030288576297179e+05,9.004099783227972e-03,7.228127029366815e+08,0.000000000000000e+00,1.716406279567764e-06,8.264383970073465e+10,8.264383970073466e+10,-4.519678401590622e+00,3.022188846116948e-05,1.000000000000000e+00,0.000000000000000e+00,2.691800793436853e+03,2.691800793436853e+03,-6.771473883305844e+00,7.995633541256238e-02,1.000000000000000e+03,1.000000000000000e+00,
3.332820455683225e-04,0.000000000000000e+00,8.515920257919105e-01,2.666787773812776e+07,2.666678975725985e+07,1.505000003784841e+03,3.332820455683225e-04,0.000000000000000e+00,-1.000000000000000e+03,1.777785983817324e+07,1.087980867909824e+03,2.985394887596709e+05,8.853860196022779e-03,6.359264888272152e+08,0.000000000000000e+00,1.180815999298034e-06,8.021324371399713e+10,8.021324371399712e+10,-3.477188081840915e+00,3.332820455683225e-04,1.000000000000000e+00,0.000000000000000e+00,2.643226896470240e+03,2.643226896470240e+03,-8.437060710036310e+02,8.515920257919105e-01,1.000000000000000e+03,1.000000000000000e+00,
3.609235255465454e-03,0.000000000000000e+00,9.088624693127276e+00,2.922760597244743e+08,2.922646164279079e+08,1.519327752770808e+03,3.609235255465454e-03,0.000000000000000e+00,-1.000000000000000e+03,1.948430776186053e+08,1.144329656641767e+04,2.999571853390333e+05,8.566515051943965e-03,5.505018628387340e+08,0.000000000000000e+00,4.605666857889901e-07,8.097688173286362e+10,8.097688173286363e+10,-2.442584809040352e+00,3.609235255465454e-03,1.000000000000000e+00,0.000000000000000e+00,2.554241944747292e+03,2.554241944747292e+03,-1.423221906114755e+03,9.088624693127276e+00,1.000000000000000e+03,1.000000000000000e+00,

