1
0
7
0
(64 0
((0,0) (63,63) (0,0))
((448,0) (511,63) (0,0))
((384,0) (447,63) (0,0))
((320,0) (383,63) (0,0))
((256,0) (319,63) (0,0))
((192,0) (255,63) (0,0))
((128,0) (191,63) (0,0))
((64,0) (127,63) (0,0))
((0,448) (63,511) (0,0))
((0,384) (63,447) (0,0))
((0,320) (63,383) (0,0))
((0,256) (63,319) (0,0))
((0,192) (63,255) (0,0))
((0,128) (63,191) (0,0))
((0,64) (63,127) (0,0))
((448,448) (511,511) (0,0))
((448,384) (511,447) (0,0))
((448,320) (511,383) (0,0))
((448,256) (511,319) (0,0))
((448,192) (511,255) (0,0))
((448,128) (511,191) (0,0))
((448,64) (511,127) (0,0))
((384,448) (447,511) (0,0))
((384,384) (447,447) (0,0))
((384,320) (447,383) (0,0))
((384,256) (447,319) (0,0))
((384,192) (447,255) (0,0))
((384,128) (447,191) (0,0))
((384,64) (447,127) (0,0))
((320,448) (383,511) (0,0))
((320,384) (383,447) (0,0))
((320,320) (383,383) (0,0))
((320,256) (383,319) (0,0))
((320,192) (383,255) (0,0))
((320,128) (383,191) (0,0))
((320,64) (383,127) (0,0))
((256,448) (319,511) (0,0))
((256,384) (319,447) (0,0))
((256,320) (319,383) (0,0))
((256,256) (319,319) (0,0))
((256,192) (319,255) (0,0))
((256,128) (319,191) (0,0))
((256,64) (319,127) (0,0))
((192,448) (255,511) (0,0))
((192,384) (255,447) (0,0))
((192,320) (255,383) (0,0))
((192,256) (255,319) (0,0))
((192,192) (255,255) (0,0))
((192,128) (255,191) (0,0))
((192,64) (255,127) (0,0))
((128,448) (191,511) (0,0))
((128,384) (191,447) (0,0))
((128,320) (191,383) (0,0))
((128,256) (191,319) (0,0))
((128,192) (191,255) (0,0))
((128,128) (191,191) (0,0))
((128,64) (191,127) (0,0))
((64,448) (127,511) (0,0))
((64,384) (127,447) (0,0))
((64,320) (127,383) (0,0))
((64,256) (127,319) (0,0))
((64,192) (127,255) (0,0))
((64,128) (127,191) (0,0))
((64,64) (127,127) (0,0))
)
64
FabOnDisk: SD_0_New_MF_D_0000 0
FabOnDisk: SD_0_New_MF_D_0000 229458
FabOnDisk: SD_0_New_MF_D_0000 458919
FabOnDisk: SD_0_New_MF_D_0000 688380
FabOnDisk: SD_0_New_MF_D_0000 917841
FabOnDisk: SD_0_New_MF_D_0000 1147302
FabOnDisk: SD_0_New_MF_D_0000 1376763
FabOnDisk: SD_0_New_MF_D_0000 1606224
FabOnDisk: SD_0_New_MF_D_0000 1835684
FabOnDisk: SD_0_New_MF_D_0000 2065145
FabOnDisk: SD_0_New_MF_D_0000 2294606
FabOnDisk: SD_0_New_MF_D_0000 2524067
FabOnDisk: SD_0_New_MF_D_0000 2753528
FabOnDisk: SD_0_New_MF_D_0000 2982989
FabOnDisk: SD_0_New_MF_D_0000 3212450
FabOnDisk: SD_0_New_MF_D_0000 3441910
FabOnDisk: SD_0_New_MF_D_0000 3671374
FabOnDisk: SD_0_New_MF_D_0000 3900838
FabOnDisk: SD_0_New_MF_D_0000 4130302
FabOnDisk: SD_0_New_MF_D_0000 4359766
FabOnDisk: SD_0_New_MF_D_0000 4589230
FabOnDisk: SD_0_New_MF_D_0000 4818694
FabOnDisk: SD_0_New_MF_D_0000 5048157
FabOnDisk: SD_0_New_MF_D_0000 5277621
FabOnDisk: SD_0_New_MF_D_0000 5507085
FabOnDisk: SD_0_New_MF_D_0000 5736549
FabOnDisk: SD_0_New_MF_D_0000 5966013
FabOnDisk: SD_0_New_MF_D_0000 6195477
FabOnDisk: SD_0_New_MF_D_0000 6424941
FabOnDisk: SD_0_New_MF_D_0000 6654404
FabOnDisk: SD_0_New_MF_D_0000 6883868
FabOnDisk: SD_0_New_MF_D_0000 7113332
FabOnDisk: SD_0_New_MF_D_0000 7342796
FabOnDisk: SD_0_New_MF_D_0000 7572260
FabOnDisk: SD_0_New_MF_D_0000 7801724
FabOnDisk: SD_0_New_MF_D_0000 8031188
FabOnDisk: SD_0_New_MF_D_0000 8260651
FabOnDisk: SD_0_New_MF_D_0000 8490115
FabOnDisk: SD_0_New_MF_D_0000 8719579
FabOnDisk: SD_0_New_MF_D_0000 8949043
FabOnDisk: SD_0_New_MF_D_0000 9178507
FabOnDisk: SD_0_New_MF_D_0000 9407971
FabOnDisk: SD_0_New_MF_D_0000 9637435
FabOnDisk: SD_0_New_MF_D_0000 9866898
FabOnDisk: SD_0_New_MF_D_0000 10096362
FabOnDisk: SD_0_New_MF_D_0000 10325826
FabOnDisk: SD_0_New_MF_D_0000 10555290
FabOnDisk: SD_0_New_MF_D_0000 10784754
FabOnDisk: SD_0_New_MF_D_0000 11014218
FabOnDisk: SD_0_New_MF_D_0000 11243682
FabOnDisk: SD_0_New_MF_D_0000 11473145
FabOnDisk: SD_0_New_MF_D_0000 11702609
FabOnDisk: SD_0_New_MF_D_0000 11932073
FabOnDisk: SD_0_New_MF_D_0000 12161537
FabOnDisk: SD_0_New_MF_D_0000 12391001
FabOnDisk: SD_0_New_MF_D_0000 12620465
FabOnDisk: SD_0_New_MF_D_0000 12849929
FabOnDisk: SD_0_New_MF_D_0000 13079392
FabOnDisk: SD_0_New_MF_D_0000 13308855
FabOnDisk: SD_0_New_MF_D_0000 13538318
FabOnDisk: SD_0_New_MF_D_0000 13767781
FabOnDisk: SD_0_New_MF_D_0000 13997244
FabOnDisk: SD_0_New_MF_D_0000 14226707
FabOnDisk: SD_0_New_MF_D_0000 14456170

64,7
1.976724739897796e-03,0.000000000000000e+00,0.000000000000000e+00,1.586183398291604e+08,1.586183398291604e+08,1.505558462592468e+03,1.976724739897796e-03,
1.976724739897796e-03,0.000000000000000e+00,0.000000000000000e+00,1.586183398291604e+08,1.586183398291604e+08,1.505558462592468e+03,1.976724739897796e-03,
1.976724739897796e-03,-3.958536329676186e-207,-5.880600212293526e-207,1.586183398291604e+08,1.586183398291604e+08,1.505558462592468e+03,1.976724739897796e-03,
1.976724739897796e-03,-7.684992436970480e-100,-5.730427886527120e-100,1.586183398291604e+08,1.586183398291604e+08,1.505558462592468e+03,1.976724739897796e-03,
1.976724739897796e-03,-1.044586331562723e-63,-3.645140156260336e-65,1.586183398291604e+08,1.586183398291604e+08,1.505558462592468e+03,1.976724739897796e-03,
1.976724739897796e-03,-1.044586331562723e-63,4.000078638314408e-227,1.586183398291604e+08,1.586183398291604e+08,1.505558462592468e+03,1.976724739897796e-03,
1.976724739897796e-03,-7.684992436970480e-100,0.000000000000000e+00,1.586183398291604e+08,1.586183398291604e+08,1.505558462592468e+03,1.976724739897796e-03,
1.976724739897796e-03,-3.958536329676186e-207,0.000000000000000e+00,1.586183398291604e+08,1.586183398291604e+08,1.505558462592468e+03,1.976724739897796e-03,
7.506086956000001e-08,0.000000000000000e+00,0.000000000000000e+00,6.000872898597271e+03,6.000872898597271e+03,1.500000000000000e+03,7.506086956000001e-08,
7.506086956000001e-08,0.000000000000000e+00,0.000000000000000e+00,6.000872898597271e+03,6.000872898597271e+03,1.500000000000000e+03,7.506086956000001e-08,
7.506086956000001e-08,0.000000000000000e+00,0.000000000000000e+00,6.000872898597271e+03,6.000872898597271e+03,1.500000000000000e+03,7.506086956000001e-08,
1.357676283451903e-07,0.000000000000000e+00,0.000000000000000e+00,1.085418122943843e+04,1.085418122943843e+04,1.500000000000000e+03,1.357676283451903e-07,
1.475553688577455e-06,0.000000000000000e+00,0.000000000000000e+00,1.179657284790840e+05,1.179657284790840e+05,1.500000003000000e+03,1.475553688577455e-06,
1.629499732931648e-05,-2.470328229206233e-323,0.000000000000000e+00,1.302732475891129e+06,1.302732475891129e+06,1.500000377180992e+03,1.629499732931648e-05,
1.799644870412606e-04,0.000000000000000e+00,0.000000000000000e+00,1.438801773636930e+07,1.438801773636930e+07,1.500045987857228e+03,1.799644870412606e-04,
7.506086956000001e-08,0.000000000000000e+00,0.000000000000000e+00,6.000872898597271e+03,6.000872898597271e+03,1.500000000000000e+03,7.506086956000001e-08,
7.506086956000001e-08,0.000000000000000e+00,0.000000000000000e+00,6.000872898597271e+03,6.000872898597271e+03,1.500000000000000e+03,7.506086956000001e-08,
7.506086956000001e-08,0.000000000000000e+00,0.000000000000000e+00,6.000872898597271e+03,6.000872898597271e+03,1.500000000000000e+03,7.506086956000001e-08,
1.357676283451903e-07,0.000000000000000e+00,0.000000000000000e+00,1.085418122943843e+04,1.085418122943843e+04,1.500000000000000e+03,1.357676283451903e-07,
1.475553688577455e-06,0.000000000000000e+00,0.000000000000000e+00,1.179657284790840e+05,1.179657284790840e+05,1.500000003000000e+03,1.475553688577455e-06,
1.629499732931648e-05,-2.470328229206233e-323,-1.215401488769466e-321,1.302732475891129e+06,1.302732475891129e+06,1.500000377180992e+03,1.629499732931648e-05,
1.799644870412606e-04,0.000000000000000e+00,0.000000000000000e+00,1.438801773636930e+07,1.438801773636930e+07,1.500045987857228e+03,1.799644870412606e-04,
7.506086956000001e-08,0.000000000000000e+00,0.000000000000000e+00,6.000872898597271e+03,6.000872898597271e+03,1.500000000000000e+03,7.506086956000001e-08,
7.506086956000001e-08,0.000000000000000e+00,0.000000000000000e+00,6.000872898597271e+03,6.000872898597271e+03,1.500000000000000e+03,7.506086956000001e-08,
7.506086956000001e-08,0.000000000000000e+00,0.000000000000000e+00,6.000872898597271e+03,6.000872898597271e+03,1.500000000000000e+03,7.506086956000001e-08,
1.357676283451903e-07,0.000000000000000e+00,-1.254834733671927e-243,1.085418122943843e+04,1.085418122943843e+04,1.500000000000000e+03,1.357676283451903e-07,
1.475553688577455e-06,0.000000000000000e+00,-9.339854739598288e-160,1.179657284790840e+05,1.179657284790840e+05,1.500000003000000e+03,1.475553688577455e-06,
1.629499732931648e-05,-6.460979900263070e-145,-2.279927078698803e-143,1.302732475891129e+06,1.302732475891129e+06,1.500000377180992e+03,1.629499732931648e-05,
1.799644870412606e-04,-3.670352501066609e-148,-2.096179095053597e-147,1.438801773636930e+07,1.438801773636930e+07,1.500045987857228e+03,1.799644870412606e-04,
7.506086956000001e-08,0.000000000000000e+00,0.000000000000000e+00,6.000872898597271e+03,6.000872898597271e+03,1.500000000000000e+03,7.506086956000001e-08,
7.506086956000001e-08,0.000000000000000e+00,0.000000000000000e+00,6.000872898597271e+03,6.000872898597271e+03,1.500000000000000e+03,7.506086956000001e-08,
7.506086956000001e-08,0.000000000000000e+00,-1.170367569834231e-291,6.000872898597271e+03,6.000872898597271e+03,1.500000000000000e+03,7.506086956000001e-08,
1.357676283451903e-07,0.000000000000000e+00,-1.222790138969940e-136,1.085418122943843e+04,1.085418122943843e+04,1.500000000000000e+03,1.357676283451903e-07,
1.475553688577455e-06,1.242344819200317e-239,-9.101343761479097e-53,1.179657284790840e+05,1.179657284790840e+05,1.500000003000000e+03,1.475553688577455e-06,
1.629499732931648e-05,-1.254316685101696e-37,-2.221704798723144e-36,1.302732475891129e+06,1.302732475891129e+06,1.500000377180992e+03,1.629499732931648e-05,
1.799644870412606e-04,-7.125520359698079e-41,-2.042649169780116e-40,1.438801773636930e+07,1.438801773636930e+07,1.500045987857228e+03,1.799644870412606e-04,
7.506086956000001e-08,0.000000000000000e+00,0.000000000000000e+00,6.000872898597271e+03,6.000872898597271e+03,1.500000000000000e+03,7.506086956000001e-08,
7.506086956000001e-08,0.000000000000000e+00,0.000000000000000e+00,6.000872898597271e+03,6.000872898597271e+03,1.500000000000000e+03,7.506086956000001e-08,
7.506086956000001e-08,0.000000000000000e+00,-7.444738701656804e-257,6.000872898597271e+03,6.000872898597271e+03,1.500000000000000e+03,7.506086956000001e-08,
1.357676283451903e-07,3.703888610826742e-287,-7.778200034098826e-102,1.085418122943843e+04,1.085418122943843e+04,1.500000000000000e+03,1.357676283451903e-07,
1.475553688577455e-06,1.864477251708571e-133,-5.789388554892545e-18,1.179657284790840e+05,1.179657284790840e+05,1.500000003000000e+03,1.475553688577455e-06,
1.629499732931648e-05,-1.704936049650617e-01,-1.413232229345791e-01,1.302732475891129e+06,1.302732475891129e+06,1.500000377180992e+03,1.629499732931648e-05,
1.799644870412606e-04,-9.685398175807443e-05,-1.299334475776819e-05,1.438801773636930e+07,1.438801773636930e+07,1.500045987857228e+03,1.799644870412606e-04,
7.506086956000001e-08,0.000000000000000e+00,0.000000000000000e+00,6.000872898597271e+03,6.000872898597271e+03,1.500000000000000e+03,7.506086956000001e-08,
7.506086956000001e-08,0.000000000000000e+00,0.000000000000000e+00,6.000872898597271e+03,6.000872898597271e+03,1.500000000000000e+03,7.506086956000001e-08,
7.506086956000001e-08,0.000000000000000e+00,0.000000000000000e+00,6.000872898597271e+03,6.000872898597271e+03,1.500000000000000e+03,7.506086956000001e-08,
1.357676283451903e-07,3.703888610826742e-287,1.387592488421818e-287,1.085418122943843e+04,1.085418122943843e+04,1.500000000000000e+03,1.357676283451903e-07,
1.475553688577455e-06,1.864477251708571e-133,1.122220905056817e-133,1.179657284790840e+05,1.179657284790840e+05,1.500000003000000e+03,1.475553688577455e-06,
1.629499732931648e-05,-1.704936049650617e-01,6.456948864611918e-51,1.302732475891129e+06,1.302732475891129e+06,1.500000377180992e+03,1.629499732931648e-05,
1.799644870412606e-04,-9.685398175807443e-05,2.193015316298880e-97,1.438801773636930e+07,1.438801773636930e+07,1.500045987857228e+03,1.799644870412606e-04,
7.506086956000001e-08,0.000000000000000e+00,0.000000000000000e+00,6.000872898597271e+03,6.000872898597271e+03,1.500000000000000e+03,7.506086956000001e-08,
7.506086956000001e-08,0.000000000000000e+00,0.000000000000000e+00,6.000872898597271e+03,6.000872898597271e+03,1.500000000000000e+03,7.506086956000001e-08,
7.506086956000001e-08,0.000000000000000e+00,0.000000000000000e+00,6.000872898597271e+03,6.000872898597271e+03,1.500000000000000e+03,7.506086956000001e-08,
1.357676283451903e-07,0.000000000000000e+00,0.000000000000000e+00,1.085418122943843e+04,1.085418122943843e+04,1.500000000000000e+03,1.357676283451903e-07,
1.475553688577455e-06,1.242344819200317e-239,1.501411985289482e-239,1.179657284790840e+05,1.179657284790840e+05,1.500000003000000e+03,1.475553688577455e-06,
1.629499732931648e-05,-1.254316685101696e-37,8.638709517924831e-157,1.302732475891129e+06,1.302732475891129e+06,1.500000377180992e+03,1.629499732931648e-05,
1.799644870412606e-04,-7.125520359698079e-41,2.934020801945014e-203,1.438801773636930e+07,1.438801773636930e+07,1.500045987857228e+03,1.799644870412606e-04,
7.506086956000001e-08,0.000000000000000e+00,0.000000000000000e+00,6.000872898597271e+03,6.000872898597271e+03,1.500000000000000e+03,7.506086956000001e-08,
7.506086956000001e-08,0.000000000000000e+00,0.000000000000000e+00,6.000872898597271e+03,6.000872898597271e+03,1.500000000000000e+03,7.506086956000001e-08,
7.506086956000001e-08,0.000000000000000e+00,0.000000000000000e+00,6.000872898597271e+03,6.000872898597271e+03,1.500000000000000e+03,7.506086956000001e-08,
1.357676283451903e-07,0.000000000000000e+00,0.000000000000000e+00,1.085418122943843e+04,1.085418122943843e+04,1.500000000000000e+03,1.357676283451903e-07,
1.475553688577455e-06,0.000000000000000e+00,0.000000000000000e+00,1.179657284790840e+05,1.179657284790840e+05,1.500000003000000e+03,1.475553688577455e-06,
1.629499732931648e-05,-6.460979900263070e-145,0.000000000000000e+00,1.302732475891129e+06,1.302732475891129e+06,1.500000377180992e+03,1.629499732931648e-05,
1.799644870412606e-04,-3.670352501066609e-148,0.000000000000000e+00,1.438801773636930e+07,1.438801773636930e+07,1.500045987857228e+03,1.799644870412606e-04,

64,7
1.501851282910017e-02,0.000000000000000e+00,0.000000000000000e+00,1.477563775473450e+09,1.477563775473450e+09,1.845906620380945e+03,1.501851282910017e-02,
1.501851282910017e-02,0.000000000000000e+00,0.000000000000000e+00,1.477563775473450e+09,1.477563775473450e+09,1.845906620380945e+03,1.501851282910017e-02,
1.501851282910017e-02,0.000000000000000e+00,0.000000000000000e+00,1.477563775473450e+09,1.477563775473450e+09,1.845906620380945e+03,1.501851282910017e-02,
1.501851282910017e-02,0.000000000000000e+00,0.000000000000000e+00,1.477563775473450e+09,1.477563775473450e+09,1.845906620380945e+03,1.501851282910017e-02,
1.501851282910017e-02,-9.417507975244159e-227,-4.000078638314408e-227,1.477563775473450e+09,1.477563775473450e+09,1.845906620380945e+03,1.501851282910017e-02,
1.501851282910017e-02,-9.417507975244159e-227,3.645140156260336e-65,1.477563775473450e+09,1.477563775473450e+09,1.845906620380945e+03,1.501851282910017e-02,
1.501851282910017e-02,0.000000000000000e+00,5.730427886527120e-100,1.477563775473450e+09,1.477563775473450e+09,1.845906620380945e+03,1.501851282910017e-02,
1.501851282910017e-02,0.000000000000000e+00,5.880600212293526e-207,1.477563775473450e+09,1.477563775473450e+09,1.845906620380945e+03,1.501851282910017e-02,
7.506086956000001e-08,0.000000000000000e+00,0.000000000000000e+00,6.000872898597271e+03,6.000872898597271e+03,1.500000000000000e+03,7.506086956000001e-08,
7.506086956000001e-08,0.000000000000000e+00,0.000000000000000e+00,6.000872898597271e+03,6.000872898597271e+03,1.500000000000000e+03,7.506086956000001e-08,
1.309383705103957e-07,0.000000000000000e+00,0.000000000000000e+00,1.046809773971824e+04,1.046809773971824e+04,1.500000000000000e+03,1.309383705103957e-07,
1.421166876890032e-06,0.000000000000000e+00,0.000000000000000e+00,1.136176793975580e+05,1.136176793975580e+05,1.500000003000000e+03,1.421166876890032e-06,
1.569477444384605e-05,0.000000000000000e+00,0.000000000000000e+00,1.254746568997461e+06,1.254746568997461e+06,1.500000349376034e+03,1.569477444384605e-05,
1.733360903779412e-04,1.482196937523740e-323,1.215401488769466e-321,1.385805197271030e+07,1.385805197271030e+07,1.500042662895603e+03,1.733360903779412e-04,
1.904670734833715e-03,0.000000000000000e+00,0.000000000000000e+00,1.527960543034867e+08,1.527960543034867e+08,1.505159945495143e+03,1.904670734833715e-03,
7.506086956000001e-08,0.000000000000000e+00,0.000000000000000e+00,6.000872898597271e+03,6.000872898597271e+03,1.500000000000000e+03,7.506086956000001e-08,
7.506086956000001e-08,0.000000000000000e+00,0.000000000000000e+00,6.000872898597271e+03,6.000872898597271e+03,1.500000000000000e+03,7.506086956000001e-08,
1.309383705103957e-07,0.000000000000000e+00,0.000000000000000e+00,1.046809773971824e+04,1.046809773971824e+04,1.500000000000000e+03,1.309383705103957e-07,
1.421166876890032e-06,0.000000000000000e+00,0.000000000000000e+00,1.136176793975580e+05,1.136176793975580e+05,1.500000003000000e+03,1.421166876890032e-06,
1.569477444384605e-05,0.000000000000000e+00,0.000000000000000e+00,1.254746568997461e+06,1.254746568997461e+06,1.500000349376034e+03,1.569477444384605e-05,
1.733360903779412e-04,1.482196937523740e-323,0.000000000000000e+00,1.385805197271030e+07,1.385805197271030e+07,1.500042662895603e+03,1.733360903779412e-04,
1.904670734833715e-03,0.000000000000000e+00,0.000000000000000e+00,1.527960543034867e+08,1.527960543034867e+08,1.505159945495143e+03,1.904670734833715e-03,
7.506086956000001e-08,0.000000000000000e+00,0.000000000000000e+00,6.000872898597271e+03,6.000872898597271e+03,1.500000000000000e+03,7.506086956000001e-08,
7.506086956000001e-08,0.000000000000000e+00,0.000000000000000e+00,6.000872898597271e+03,6.000872898597271e+03,1.500000000000000e+03,7.506086956000001e-08,
1.309383705103957e-07,0.000000000000000e+00,0.000000000000000e+00,1.046809773971824e+04,1.046809773971824e+04,1.500000000000000e+03,1.309383705103957e-07,
1.421166876890032e-06,1.039999215066616e-243,0.000000000000000e+00,1.136176793975580e+05,1.136176793975580e+05,1.500000003000000e+03,1.421166876890032e-06,
1.569477444384605e-05,3.089057015042235e-160,-0.000000000000000e+00,1.254746568997461e+06,1.254746568997461e+06,1.500000349376034e+03,1.569477444384605e-05,
1.733360903779412e-04,4.436264757597602e-145,0.000000000000000e+00,1.385805197271030e+07,1.385805197271030e+07,1.500042662895603e+03,1.733360903779412e-04,
1.904670734833715e-03,0.000000000000000e+00,0.000000000000000e+00,1.527960543034867e+08,1.527960543034867e+08,1.505159945495143e+03,1.904670734833715e-03,
7.506086956000001e-08,0.000000000000000e+00,0.000000000000000e+00,6.000872898597271e+03,6.000872898597271e+03,1.500000000000000e+03,7.506086956000001e-08,
7.506086956000001e-08,0.000000000000000e+00,0.000000000000000e+00,6.000872898597271e+03,6.000872898597271e+03,1.500000000000000e+03,7.506086956000001e-08,
1.309383705103957e-07,3.093762335763356e-291,0.000000000000000e+00,1.046809773971824e+04,1.046809773971824e+04,1.500000000000000e+03,1.309383705103957e-07,
1.421166876890032e-06,2.019025578299203e-136,-0.000000000000000e+00,1.136176793975580e+05,1.136176793975580e+05,1.500000003000000e+03,1.421166876890032e-06,
1.569477444384605e-05,5.997009455238164e-53,-1.501411985289482e-239,1.254746568997461e+06,1.254746568997461e+06,1.500000349376034e+03,1.569477444384605e-05,
1.733360903779412e-04,8.612441132585621e-38,-8.638709517924831e-157,1.385805197271030e+07,1.385805197271030e+07,1.500042662895603e+03,1.733360903779412e-04,
1.904670734833715e-03,-1.967519831892539e-203,-2.934020801945014e-203,1.527960543034867e+08,1.527960543034867e+08,1.505159945495143e+03,1.904670734833715e-03,
7.506086956000001e-08,0.000000000000000e+00,0.000000000000000e+00,6.000872898597271e+03,6.000872898597271e+03,1.500000000000000e+03,7.506086956000001e-08,
7.506086956000001e-08,0.000000000000000e+00,0.000000000000000e+00,6.000872898597271e+03,6.000872898597271e+03,1.500000000000000e+03,7.506086956000001e-08,
1.309383705103957e-07,4.205211489207562e-255,0.000000000000000e+00,1.046809773971824e+04,1.046809773971824e+04,1.500000000000000e+03,1.309383705103957e-07,
1.421166876890032e-06,2.744370328877436e-100,-1.387592488421818e-287,1.136176793975580e+05,1.136176793975580e+05,1.500000003000000e+03,1.421166876890032e-06,
1.569477444384605e-05,8.151464244854596e-17,-1.122220905056817e-133,1.254746568997461e+06,1.254746568997461e+06,1.500000349376034e+03,1.569477444384605e-05,
1.733360903779412e-04,1.170650246213400e-01,-6.456948864611918e-51,1.385805197284360e+07,1.385805197271030e+07,1.500042662895603e+03,1.733360903779412e-04,
1.904670734833715e-03,-2.952800150292193e-97,-2.193015316298880e-97,1.527960543034867e+08,1.527960543034867e+08,1.505159945495143e+03,1.904670734833715e-03,
7.506086956000001e-08,0.000000000000000e+00,0.000000000000000e+00,6.000872898597271e+03,6.000872898597271e+03,1.500000000000000e+03,7.506086956000001e-08,
7.506086956000001e-08,0.000000000000000e+00,0.000000000000000e+00,6.000872898597271e+03,6.000872898597271e+03,1.500000000000000e+03,7.506086956000001e-08,
1.309383705103957e-07,4.205211489207562e-255,7.444738701656804e-257,1.046809773971824e+04,1.046809773971824e+04,1.500000000000000e+03,1.309383705103957e-07,
1.421166876890032e-06,2.744370328877436e-100,7.778200034098826e-102,1.136176793975580e+05,1.136176793975580e+05,1.500000003000000e+03,1.421166876890032e-06,
1.569477444384605e-05,8.151464244854596e-17,5.789388554892545e-18,1.254746568997461e+06,1.254746568997461e+06,1.500000349376034e+03,1.569477444384605e-05,
1.733360903779412e-04,1.170650246213400e-01,1.413232229345791e-01,1.385805197284360e+07,1.385805197271030e+07,1.500042662895603e+03,1.733360903779412e-04,
1.904670734833715e-03,-2.952800150292193e-97,1.299334475776819e-05,1.527960543034867e+08,1.527960543034867e+08,1.505159945495143e+03,1.904670734833715e-03,
7.506086956000001e-08,0.000000000000000e+00,0.000000000000000e+00,6.000872898597271e+03,6.000872898597271e+03,1.500000000000000e+03,7.506086956000001e-08,
7.506086956000001e-08,0.000000000000000e+00,0.000000000000000e+00,6.000872898597271e+03,6.000872898597271e+03,1.500000000000000e+03,7.506086956000001e-08,
1.309383705103957e-07,3.093762335763356e-291,1.170367569834231e-291,1.046809773971824e+04,1.046809773971824e+04,1.500000000000000e+03,1.309383705103957e-07,
1.421166876890032e-06,2.019025578299203e-136,1.222790138969940e-136,1.136176793975580e+05,1.136176793975580e+05,1.500000003000000e+03,1.421166876890032e-06,
1.569477444384605e-05,5.997009455238164e-53,9.101343761479097e-53,1.254746568997461e+06,1.254746568997461e+06,1.500000349376034e+03,1.569477444384605e-05,
1.733360903779412e-04,8.612441132585621e-38,2.221704798723144e-36,1.385805197271030e+07,1.385805197271030e+07,1.500042662895603e+03,1.733360903779412e-04,
1.904670734833715e-03,-1.967519831892539e-203,2.042649169780116e-40,1.527960543034867e+08,1.527960543034867e+08,1.505159945495143e+03,1.904670734833715e-03,
7.506086956000001e-08,0.000000000000000e+00,0.000000000000000e+00,6.000872898597271e+03,6.000872898597271e+03,1.500000000000000e+03,7.506086956000001e-08,
7.506086956000001e-08,0.000000000000000e+00,0.000000000000000e+00,6.000872898597271e+03,6.000872898597271e+03,1.500000000000000e+03,7.506086956000001e-08,
1.309383705103957e-07,0.000000000000000e+00,0.000000000000000e+00,1.046809773971824e+04,1.046809773971824e+04,1.500000000000000e+03,1.309383705103957e-07,
1.421166876890032e-06,1.039999215066616e-243,1.254834733671927e-243,1.136176793975580e+05,1.136176793975580e+05,1.500000003000000e+03,1.421166876890032e-06,
1.569477444384605e-05,3.089057015042235e-160,9.339854739598288e-160,1.254746568997461e+06,1.254746568997461e+06,1.500000349376034e+03,1.569477444384605e-05,
1.733360903779412e-04,4.436264757597602e-145,2.279927078698803e-143,1.385805197271030e+07,1.385805197271030e+07,1.500042662895603e+03,1.733360903779412e-04,
1.904670734833715e-03,0.000000000000000e+00,2.096179095053597e-147,1.527960543034867e+08,1.527960543034867e+08,1.505159945495143e+03,1.904670734833715e-03,

