1
0
28
0
(64 0
((0,0) (63,63) (0,0))
((448,0) (511,63) (0,0))
((384,0) (447,63) (0,0))
((320,0) (383,63) (0,0))
((256,0) (319,63) (0,0))
((192,0) (255,63) (0,0))
((128,0) (191,63) (0,0))
((64,0) (127,63) (0,0))
((0,448) (63,511) (0,0))
((0,384) (63,447) (0,0))
((0,320) (63,383) (0,0))
((0,256) (63,319) (0,0))
((0,192) (63,255) (0,0))
((0,128) (63,191) (0,0))
((0,64) (63,127) (0,0))
((448,448) (511,511) (0,0))
((448,384) (511,447) (0,0))
((448,320) (511,383) (0,0))
((448,256) (511,319) (0,0))
((448,192) (511,255) (0,0))
((448,128) (511,191) (0,0))
((448,64) (511,127) (0,0))
((384,448) (447,511) (0,0))
((384,384) (447,447) (0,0))
((384,320) (447,383) (0,0))
((384,256) (447,319) (0,0))
((384,192) (447,255) (0,0))
((384,128) (447,191) (0,0))
((384,64) (447,127) (0,0))
((320,448) (383,511) (0,0))
((320,384) (383,447) (0,0))
((320,320) (383,383) (0,0))
((320,256) (383,319) (0,0))
((320,192) (383,255) (0,0))
((320,128) (383,191) (0,0))
((320,64) (383,127) (0,0))
((256,448) (319,511) (0,0))
((256,384) (319,447) (0,0))
((256,320) (319,383) (0,0))
((256,256) (319,319) (0,0))
((256,192) (319,255) (0,0))
((256,128) (319,191) (0,0))
((256,64) (319,127) (0,0))
((192,448) (255,511) (0,0))
((192,384) (255,447) (0,0))
((192,320) (255,383) (0,0))
((192,256) (255,319) (0,0))
((192,192) (255,255) (0,0))
((192,128) (255,191) (0,0))
((192,64) (255,127) (0,0))
((128,448) (191,511) (0,0))
((128,384) (191,447) (0,0))
((128,320) (191,383) (0,0))
((128,256) (191,319) (0,0))
((128,192) (191,255) (0,0))
((128,128) (191,191) (0,0))
((128,64) (191,127) (0,0))
((64,448) (127,511) (0,0))
((64,384) (127,447) (0,0))
((64,320) (127,383) (0,0))
((64,256) (127,319) (0,0))
((64,192) (127,255) (0,0))
((64,128) (127,191) (0,0))
((64,64) (127,127) (0,0))
)
64
FabOnDisk: Cell_D_0000 0
FabOnDisk: Cell_D_0001 0
FabOnDisk: Cell_D_0001 917590
FabOnDisk: Cell_D_0001 1835180
FabOnDisk: Cell_D_0001 2752770
FabOnDisk: Cell_D_0000 917587
FabOnDisk: Cell_D_0000 1835177
FabOnDisk: Cell_D_0000 2752767
FabOnDisk: Cell_D_0002 0
FabOnDisk: Cell_D_0002 917590
FabOnDisk: Cell_D_0002 1835180
FabOnDisk: Cell_D_0002 2752770
FabOnDisk: Cell_D_0000 3670356
FabOnDisk: Cell_D_0000 4587946
FabOnDisk: Cell_D_0000 5505536
FabOnDisk: Cell_D_0003 0
FabOnDisk: Cell_D_0003 917593
FabOnDisk: Cell_D_0003 1835186
FabOnDisk: Cell_D_0003 2752779
FabOnDisk: Cell_D_0001 3670360
FabOnDisk: Cell_D_0001 4587953
FabOnDisk: Cell_D_0001 5505546
FabOnDisk: Cell_D_0003 3670372
FabOnDisk: Cell_D_0003 4587965
FabOnDisk: Cell_D_0003 5505558
FabOnDisk: Cell_D_0003 6423151
FabOnDisk: Cell_D_0001 6423138
FabOnDisk: Cell_D_0001 7340731
FabOnDisk: Cell_D_0001 8258324
FabOnDisk: Cell_D_0003 7340744
FabOnDisk: Cell_D_0003 8258337
FabOnDisk: Cell_D_0003 9175930
FabOnDisk: Cell_D_0003 10093523
FabOnDisk: Cell_D_0001 9175916
FabOnDisk: Cell_D_0001 10093509
FabOnDisk: Cell_D_0001 11011102
FabOnDisk: Cell_D_0003 11011116
FabOnDisk: Cell_D_0003 11928709
FabOnDisk: Cell_D_0003 12846302
FabOnDisk: Cell_D_0003 13763895
FabOnDisk: Cell_D_0001 11928694
FabOnDisk: Cell_D_0001 12846287
FabOnDisk: Cell_D_0001 13763880
FabOnDisk: Cell_D_0002 3670360
FabOnDisk: Cell_D_0002 4587953
FabOnDisk: Cell_D_0002 5505546
FabOnDisk: Cell_D_0002 6423139
FabOnDisk: Cell_D_0000 6423125
FabOnDisk: Cell_D_0000 7340718
FabOnDisk: Cell_D_0000 8258311
FabOnDisk: Cell_D_0002 7340732
FabOnDisk: Cell_D_0002 8258325
FabOnDisk: Cell_D_0002 9175918
FabOnDisk: Cell_D_0002 10093511
FabOnDisk: Cell_D_0000 9175903
FabOnDisk: Cell_D_0000 10093496
FabOnDisk: Cell_D_0000 11011089
FabOnDisk: Cell_D_0002 11011104
FabOnDisk: Cell_D_0002 11928696
FabOnDisk: Cell_D_0002 12846288
FabOnDisk: Cell_D_0002 13763880
FabOnDisk: Cell_D_0000 11928681
FabOnDisk: Cell_D_0000 12846273
FabOnDisk: Cell_D_0000 13763865

64,28
2.393798352027512e-03,0.000000000000000e+00,4.831029345578719e+00,1.924604827634789e+08,1.924556079074749e+08,1.508458716096628e+03,2.393798352027512e-03,0.000000000000000e+00,-1.000000000000000e+03,1.283037386049833e+08,4.874856004073000e+03,2.988823358155913e+05,6.199673273197941e-03,4.222317549572451e+08,0.000000000000000e+00,-6.168543968913127e-07,8.039758559632550e+10,8.039758559632552e+10,-2.620912436339873e+00,2.393798352027512e-03,1.000000000000000e+00,0.000000000000000e+00,2.018143817956474e+03,2.018143817956474e+03,-1.640857789916586e+03,4.831029345578719e+00,1.000000000000000e+03,1.000000000000000e+00,
2.393798352027512e-03,0.000000000000000e+00,4.831029345578719e+00,1.924604827634789e+08,1.924556079074749e+08,1.508458716096628e+03,2.393798352027512e-03,0.000000000000000e+00,-1.000000000000000e+03,1.283037386049833e+08,4.874856004073000e+03,2.988823358155913e+05,6.199673273197941e-03,4.222317549572451e+08,0.000000000000000e+00,-6.168543968913127e-07,8.039758559632550e+10,8.039758559632552e+10,-2.620912436339873e+00,2.393798352027512e-03,1.000000000000000e+00,0.000000000000000e+00,2.018143817956474e+03,2.018143817956474e+03,-1.640857789916586e+03,4.831029345578719e+00,1.000000000000000e+03,1.000000000000000e+00,
2.393798352027512e-03,0.000000000000000e+00,4.831029345578719e+00,1.924604827634789e+08,1.924556079074749e+08,1.508458716096628e+03,2.393798352027512e-03,0.000000000000000e+00,-1.000000000000000e+03,1.283037386049833e+08,4.874856004073000e+03,2.988823358155913e+05,6.199673273197941e-03,4.222317549572451e+08,0.000000000000000e+00,-6.168543968913127e-07,8.039758559632550e+10,8.039758559632552e+10,-2.620912436339873e+00,2.393798352027512e-03,1.000000000000000e+00,0.000000000000000e+00,2.018143817956474e+03,2.018143817956474e+03,-1.835394735488113e+03,4.831029345578719e+00,1.000000000000000e+03,1.000000000000000e+00,
2.393798352027512e-03,0.000000000000000e+00,4.831029345578719e+00,1.924604827634789e+08,1.924556079074749e+08,1.508458716096628e+03,2.393798352027512e-03,0.000000000000000e+00,-1.000000000000000e+03,1.283037386049833e+08,4.874856004073000e+03,2.988823358155913e+05,6.199673273197941e-03,4.222317549572451e+08,0.000000000000000e+00,-6.168543968913127e-07,8.039758559632550e+10,8.039758559632552e+10,-2.620912436339873e+00,2.393798352027512e-03,1.000000000000000e+00,0.000000000000000e+00,2.018143817956474e+03,2.018143817956474e+03,-1.991956285454029e+03,4.831029345578719e+00,1.000000000000000e+03,1.000000000000000e+00,
2.393798352027512e-03,0.000000000000000e+00,4.831029345578719e+00,1.924604827634789e+08,1.924556079074749e+08,1.508458716096628e+03,2.393798352027512e-03,0.000000000000000e+00,-1.000000000000000e+03,1.283037386049833e+08,4.874856004073000e+03,2.988823358155913e+05,6.199673273197941e-03,4.222317549572451e+08,0.000000000000000e+00,-6.168543968913127e-07,8.039758559632550e+10,8.039758559632552e+10,-2.620912436339873e+00,2.393798352027512e-03,1.000000000000000e+00,0.000000000000000e+00,2.018143817956474e+03,2.018143817956474e+03,-2.055492828012300e+03,4.831029345578719e+00,1.000000000000000e+03,1.000000000000000e+00,
2.393798352027512e-03,0.000000000000000e+00,4.831029345578719e+00,1.924604827634789e+08,1.924556079074749e+08,1.508458716096628e+03,2.393798352027512e-03,0.000000000000000e+00,-1.000000000000000e+03,1.283037386049833e+08,4.874856004073000e+03,2.988823358155913e+05,6.199673273197941e-03,4.222317549572451e+08,0.000000000000000e+00,-6.168543968913127e-07,8.039758559632550e+10,8.039758559632552e+10,-2.620912436339873e+00,2.393798352027512e-03,1.000000000000000e+00,0.000000000000000e+00,2.018143817956474e+03,2.018143817956474e+03,-2.055492828012300e+03,4.831029345578719e+00,1.000000000000000e+03,1.000000000000000e+00,
2.393798352027512e-03,0.000000000000000e+00,4.831029345578719e+00,1.924604827634789e+08,1.924556079074749e+08,1.508458716096628e+03,2.393798352027512e-03,0.000000000000000e+00,-1.000000000000000e+03,1.283037386049833e+08,4.874856004073000e+03,2.988823358155913e+05,6.199673273197941e-03,4.222317549572451e+08,0.000000000000000e+00,-6.168543968913127e-07,8.039758559632550e+10,8.039758559632552e+10,-2.620912436339873e+00,2.393798352027512e-03,1.000000000000000e+00,0.000000000000000e+00,2.018143817956474e+03,2.018143817956474e+03,-1.991956285454029e+03,4.831029345578719e+00,1.000000000000000e+03,1.000000000000000e+00,
2.393798352027512e-03,0.000000000000000e+00,4.831029345578719e+00,1.924604827634789e+08,1.924556079074749e+08,1.508458716096628e+03,2.393798352027512e-03,0.000000000000000e+00,-1.000000000000000e+03,1.283037386049833e+08,4.874856004073000e+03,2.988823358155913e+05,6.199673273197941e-03,4.222317549572451e+08,0.000000000000000e+00,-6.168543968913127e-07,8.039758559632550e+10,8.039758559632552e+10,-2.620912436339873e+00,2.393798352027512e-03,1.000000000000000e+00,0.000000000000000e+00,2.018143817956474e+03,2.018143817956474e+03,-1.835394735488113e+03,4.831029345578719e+00,1.000000000000000e+03,1.000000000000000e+00,
7.506086956004780e-08,0.000000000000000e+00,-7.506166945064353e-08,4.704009765605816e+03,4.704009765568286e+03,1.175831377797938e+03,7.506086956004780e-08,0.000000000000000e+00,-1.000000000000000e+03,3.136006510378857e+03,3.753043478232330e-08,2.638797457536884e+05,3.789604985310457e-06,8.372255248299679e+08,0.000000000000000e+00,8.160139230994900e-21,6.266926819712812e+10,6.266926819712812e+10,-7.124586408708669e+00,7.506086956004780e-08,1.000000000000000e+00,0.000000000000000e+00,-1.000009970486311e+00,1.000000000030634e+00,-7.986851776307241e-01,7.506086956234720e-08,1.000000000000000e+03,1.000000000000000e+00,
7.506093155903003e-08,0.000000000000000e+00,-7.655504077803857e-08,4.704016946250194e+03,4.704016946212663e+03,1.175832201480809e+03,7.506093155903003e-08,0.000000000000000e+00,-1.000000000000000e+03,3.136011297475109e+03,3.753134899078169e-08,2.638798381790108e+05,3.789648248318183e-06,8.372255328169618e+08,0.000000000000000e+00,9.734689749851811e-13,6.266931209764285e+10,6.266931209764285e+10,-7.124586049989073e+00,7.506093155903003e-08,1.000000000000000e+00,0.000000000000000e+00,-1.012822070482207e+00,1.000011766521574e+00,-7.052712643378694e-01,7.506181476510058e-08,1.000000000000000e+03,1.000000000000000e+00,
7.564318716622412e-08,0.000000000000000e+00,-7.835617539243364e-08,4.776782747342751e+03,4.776782747303914e+03,1.184830137524498e+03,7.564318716622412e-08,0.000000000000000e+00,-1.000000000000000e+03,3.184521831535943e+03,1.205736518318698e-08,2.648875707398739e+05,1.326529504433022e-06,8.304619452447878e+08,0.000000000000000e+00,-3.858406054185446e-08,6.314888261922448e+10,6.314888261922448e+10,-7.121230180784915e+00,7.564318716622412e-08,1.000000000000000e+00,0.000000000000000e+00,-1.015332034810265e+00,4.086144772485847e-01,-5.595664653295332e-01,5.120581331214442e-08,1.000000000000000e+03,1.000000000000000e+00,
1.496972061981914e-07,0.000000000000000e+00,-6.168640202666528e-08,1.276853864621248e+04,1.276853864620052e+04,1.529103484203297e+03,1.496972061981914e-07,0.000000000000000e+00,-1.000000000000000e+03,8.512359097467015e+03,2.238866653377940e-11,3.009206374993076e+05,4.351915632026609e-08,7.397414039409149e+08,0.000000000000000e+00,-2.587617192921502e-04,8.149790706569073e+10,8.149790706569073e+10,-6.824786304827496e+00,1.496972061981914e-07,1.000000000000000e+00,0.000000000000000e+00,-3.998047601748619e-01,1.349003785741110e-02,-1.252453303073957e-01,3.319288910887615e-09,1.000000000000000e+03,1.000000000000000e+00,
1.796138212695950e-06,0.000000000000000e+00,2.752695536385760e-03,1.462753988386663e+05,1.462732894985659e+05,1.502445354773217e+03,1.796138212695950e-06,0.000000000000000e+00,-1.000000000000000e+03,9.751552633237725e+04,2.109340100466082e+00,2.982860045313968e+05,4.761378444098198e-03,6.535270398046390e+08,0.000000000000000e+00,-3.590797055594862e-06,8.007708644937401e+10,8.007708644937402e+10,-5.745660247456208e+00,1.796138212695950e-06,1.000000000000000e+00,0.000000000000000e+00,1.421888986666441e+03,1.421888986666441e+03,-4.784932581668048e+02,2.752695536385760e-03,1.000000000000000e+03,1.000000000000000e+00,
1.980023802029120e-05,0.000000000000000e+00,3.037685426757570e-02,1.585471850160679e+06,1.585448548590408e+06,1.500590321491347e+03,1.980023802029120e-05,0.000000000000000e+00,-1.000000000000000e+03,1.056965699060272e+06,2.330157027021338e+01,2.981018043654304e+05,5.143429252536170e-03,5.681317418136756e+08,0.000000000000000e+00,-3.258532225336751e-06,7.997821718933282e+10,7.997821718933282e+10,-4.703329589017371e+00,1.980023802029120e-05,1.000000000000000e+00,0.000000000000000e+00,1.534166116409592e+03,1.534166116409592e+03,-1.023184097468292e+03,3.037685426757570e-02,1.000000000000000e+03,1.000000000000000e+00,
2.185888304012457e-04,0.000000000000000e+00,4.059239344970468e-01,1.748269844137756e+07,1.748232153684796e+07,1.500585906569933e+03,2.185888304012457e-04,0.000000000000000e+00,-1.000000000000000e+03,1.165488102456531e+07,3.769045296026793e+02,2.981013658390089e+05,6.229488367033789e-03,4.833257723757585e+08,0.000000000000000e+00,-2.034017184457696e-06,7.997798188357437e+10,7.997798188357437e+10,-3.660372033690246e+00,2.185888304012457e-04,1.000000000000000e+00,0.000000000000000e+00,1.857020478822844e+03,1.857020478822844e+03,-1.422436262562680e+03,4.059239344970468e-01,1.000000000000000e+03,1.000000000000000e+00,
7.506086956004780e-08,0.000000000000000e+00,-7.506166945064353e-08,4.704009765605816e+03,4.704009765568286e+03,1.175831377797938e+03,7.506086956004780e-08,0.000000000000000e+00,-1.000000000000000e+03,3.136006510378857e+03,3.753043478232330e-08,2.638797457536884e+05,3.789604985310457e-06,8.372255248299679e+08,0.000000000000000e+00,8.160139230994900e-21,6.266926819712812e+10,6.266926819712812e+10,-7.124586408708669e+00,7.506086956004780e-08,1.000000000000000e+00,0.000000000000000e+00,-1.000009970486311e+00,1.000000000030634e+00,-7.986851776307241e-01,7.506086956234720e-08,1.000000000000000e+03,1.000000000000000e+00,
7.506093155903003e-08,0.000000000000000e+00,-7.655504077803857e-08,4.704016946250194e+03,4.704016946212663e+03,1.175832201480809e+03,7.506093155903003e-08,0.000000000000000e+00,-1.000000000000000e+03,3.136011297475109e+03,3.753134899078169e-08,2.638798381790108e+05,3.789648248318183e-06,8.372255328169618e+08,0.000000000000000e+00,9.734689749851811e-13,6.266931209764285e+10,6.266931209764285e+10,-7.124586049989073e+00,7.506093155903003e-08,1.000000000000000e+00,0.000000000000000e+00,-1.012822070482207e+00,1.000011766521574e+00,-7.052712643378694e-01,7.506181476510058e-08,1.000000000000000e+03,1.000000000000000e+00,
7.564318716622412e-08,0.000000000000000e+00,-7.835617539243364e-08,4.776782747342751e+03,4.776782747303914e+03,1.184830137524498e+03,7.564318716622412e-08,0.000000000000000e+00,-1.000000000000000e+03,3.184521831535943e+03,1.205736518318698e-08,2.648875707398739e+05,1.326529504433022e-06,8.304619452447878e+08,0.000000000000000e+00,-3.858406054185446e-08,6.314888261922448e+10,6.314888261922448e+10,-7.121230180784915e+00,7.564318716622412e-08,1.000000000000000e+00,0.000000000000000e+00,-1.015332034810265e+00,4.086144772485847e-01,-5.595664653295332e-01,5.120581331214442e-08,1.000000000000000e+03,1.000000000000000e+00,
1.496972061981914e-07,0.000000000000000e+00,-6.168640202666528e-08,1.276853864621248e+04,1.276853864620052e+04,1.529103484203297e+03,1.496972061981914e-07,0.000000000000000e+00,-1.000000000000000e+03,8.512359097467015e+03,2.238866653377940e-11,3.009206374993076e+05,4.351915632026609e-08,7.397414039409149e+08,0.000000000000000e+00,-2.587617192921502e-04,8.149790706569073e+10,8.149790706569073e+10,-6.824786304827496e+00,1.496972061981914e-07,1.000000000000000e+00,0.000000000000000e+00,-3.998047601748619e-01,1.349003785741110e-02,-1.252453303073957e-01,3.319288910887615e-09,1.000000000000000e+03,1.000000000000000e+00,
1.796138212695950e-06,0.000000000000000e+00,2.752695536385760e-03,1.462753988386663e+05,1.462732894985659e+05,1.502445354773217e+03,1.796138212695950e-06,0.000000000000000e+00,-1.000000000000000e+03,9.751552633237725e+04,2.109340100466082e+00,2.982860045313968e+05,4.761378444098198e-03,6.535270398046390e+08,0.000000000000000e+00,-3.590797055594862e-06,8.007708644937401e+10,8.007708644937402e+10,-5.745660247456208e+00,1.796138212695950e-06,1.000000000000000e+00,0.000000000000000e+00,1.421888986666441e+03,1.421888986666441e+03,-4.784932581668048e+02,2.752695536385760e-03,1.000000000000000e+03,1.000000000000000e+00,
1.980023802029120e-05,0.000000000000000e+00,3.037685426757570e-02,1.585471850160679e+06,1.585448548590408e+06,1.500590321491347e+03,1.980023802029120e-05,0.000000000000000e+00,-1.000000000000000e+03,1.056965699060272e+06,2.330157027021338e+01,2.981018043654304e+05,5.143429252536170e-03,5.681317418136756e+08,0.000000000000000e+00,-3.258532225336751e-06,7.997821718933282e+10,7.997821718933282e+10,-4.703329589017371e+00,1.980023802029120e-05,1.000000000000000e+00,0.000000000000000e+00,1.534166116409592e+03,1.534166116409592e+03,-1.023184097468292e+03,3.037685426757570e-02,1.000000000000000e+03,1.000000000000000e+00,
2.185888304012457e-04,0.000000000000000e+00,4.059239344970468e-01,1.748269844137756e+07,1.748232153684796e+07,1.500585906569933e+03,2.185888304012457e-04,0.000000000000000e+00,-1.000000000000000e+03,1.165488102456531e+07,3.769045296026793e+02,2.981013658390089e+05,6.229488367033789e-03,4.833257723757585e+08,0.000000000000000e+00,-2.034017184457696e-06,7.997798188357437e+10,7.997798188357437e+10,-3.660372033690246e+00,2.185888304012457e-04,1.000000000000000e+00,0.000000000000000e+00,1.857020478822844e+03,1.857020478822844e+03,-1.422436262562680e+03,4.059239344970468e-01,1.000000000000000e+03,1.000000000000000e+00,
7.506086956004780e-08,0.000000000000000e+00,-7.506166945064353e-08,4.704009765605816e+03,4.704009765568286e+03,1.175831377797938e+03,7.506086956004780e-08,0.000000000000000e+00,-1.000000000000000e+03,3.136006510378857e+03,3.753043478232330e-08,2.638797457536884e+05,3.789604985310457e-06,8.372255248299679e+08,0.000000000000000e+00,8.160139230994900e-21,6.266926819712812e+10,6.266926819712812e+10,-7.124586408708669e+00,7.506086956004780e-08,1.000000000000000e+00,0.000000000000000e+00,-1.000009970486311e+00,1.000000000030634e+00,-8.933757570851641e-01,7.506086956234720e-08,1.000000000000000e+03,1.000000000000000e+00,
7.506093155903003e-08,0.000000000000000e+00,-7.655504077803857e-08,4.704016946250194e+03,4.704016946212663e+03,1.175832201480809e+03,7.506093155903003e-08,0.000000000000000e+00,-1.000000000000000e+03,3.136011297475109e+03,3.753134899078169e-08,2.638798381790108e+05,3.789648248318183e-06,8.372255328169618e+08,0.000000000000000e+00,9.734689749851811e-13,6.266931209764285e+10,6.266931209764285e+10,-7.124586049989073e+00,7.506093155903003e-08,1.000000000000000e+00,0.000000000000000e+00,-1.012822070482207e+00,1.000011766521574e+00,-8.303885421336906e-01,7.506181476510058e-08,1.000000000000000e+03,1.000000000000000e+00,
7.564318716622412e-08,0.000000000000000e+00,-7.835617539243364e-08,4.776782747342751e+03,4.776782747303914e+03,1.184830137524498e+03,7.564318716622412e-08,0.000000000000000e+00,-1.000000000000000e+03,3.184521831535943e+03,1.205736518318698e-08,2.648875707398739e+05,1.326529504433022e-06,8.304619452447878e+08,0.000000000000000e+00,-3.858406054185446e-08,6.314888261922448e+10,6.314888261922448e+10,-7.121230180784915e+00,7.564318716622412e-08,1.000000000000000e+00,0.000000000000000e+00,-1.015332034810265e+00,4.086144772485847e-01,-7.137365262844697e-01,5.120581331214442e-08,1.000000000000000e+03,1.000000000000000e+00,
1.496972061981914e-07,0.000000000000000e+00,-6.168640202666528e-08,1.276853864621248e+04,1.276853864620052e+04,1.529103484203297e+03,1.496972061981914e-07,0.000000000000000e+00,-1.000000000000000e+03,8.512359097467015e+03,2.238866653377940e-11,3.009206374993076e+05,4.351915632026609e-08,7.397414039409149e+08,0.000000000000000e+00,-2.587617192921502e-04,8.149790706569073e+10,8.149790706569073e+10,-6.824786304827496e+00,1.496972061981914e-07,1.000000000000000e+00,0.000000000000000e+00,-3.998047601748619e-01,1.349003785741110e-02,-1.771225670584748e-01,3.319288910887615e-09,1.000000000000000e+03,1.000000000000000e+00,
1.796138212695950e-06,0.000000000000000e+00,2.752695536385760e-03,1.462753988386663e+05,1.462732894985659e+05,1.502445354773217e+03,1.796138212695950e-06,0.000000000000000e+00,-1.000000000000000e+03,9.751552633237725e+04,2.109340100466082e+00,2.982860045313968e+05,4.761378444098198e-03,6.535270398046390e+08,0.000000000000000e+00,-3.590797055594862e-06,8.007708644937401e+10,8.007708644937402e+10,-5.745660247456208e+00,1.796138212695950e-06,1.000000000000000e+00,0.000000000000000e+00,1.421888986666441e+03,1.421888986666441e+03,-6.766875379598358e+02,2.752695536385760e-03,1.000000000000000e+03,1.000000000000000e+00,
1.980023802029120e-05,0.000000000000000e+00,3.037685426757570e-02,1.585471850160679e+06,1.585448548590408e+06,1.500590321491347e+03,1.980023802029120e-05,0.000000000000000e+00,-1.000000000000000e+03,1.056965699060272e+06,2.330157027021338e+01,2.981018043654304e+05,5.143429252536170e-03,5.681317418136756e+08,0.000000000000000e+00,-3.258532225336751e-06,7.997821718933282e+10,7.997821718933282e+10,-4.703329589017371e+00,1.980023802029120e-05,1.000000000000000e+00,0.000000000000000e+00,1.534166116409592e+03,1.534166116409592e+03,-1.305088686911319e+03,3.037685426757570e-02,1.000000000000000e+03,1.000000000000000e+00,
2.185888304012457e-04,0.000000000000000e+00,4.059239344970468e-01,1.748269844137756e+07,1.748232153684796e+07,1.500585906569933e+03,2.185888304012457e-04,0.000000000000000e+00,-1.000000000000000e+03,1.165488102456531e+07,3.769045296026793e+02,2.981013658390089e+05,6.229488367033789e-03,4.833257723757585e+08,0.000000000000000e+00,-2.034017184457696e-06,7.997798188357437e+10,7.997798188357437e+10,-3.660372033690246e+00,2.185888304012457e-04,1.000000000000000e+00,0.000000000000000e+00,1.857020478822844e+03,1.857020478822844e+03,-1.674780802896377e+03,4.059239344970468e-01,1.000000000000000e+03,1.000000000000000e+00,
7.506086956004780e-08,0.000000000000000e+00,-7.506166945064353e-08,4.704009765605816e+03,4.704009765568286e+03,1.175831377797938e+03,7.506086956004780e-08,0.000000000000000e+00,-1.000000000000000e+03,3.136006510378857e+03,3.753043478232330e-08,2.638797457536884e+05,3.789604985310457e-06,8.372255248299679e+08,0.000000000000000e+00,8.160139230994900e-21,6.266926819712812e+10,6.266926819712812e+10,-7.124586408708669e+00,7.506086956004780e-08,1.000000000000000e+00,0.000000000000000e+00,-1.000009970486311e+00,1.000000000030634e+00,-9.695818671533777e-01,7.506086956234720e-08,1.000000000000000e+03,1.000000000000000e+00,
7.506093155903003e-08,0.000000000000000e+00,-7.655504077803857e-08,4.704016946250194e+03,4.704016946212663e+03,1.175832201480809e+03,7.506093155903003e-08,0.000000000000000e+00,-1.000000000000000e+03,3.136011297475109e+03,3.753134899078169e-08,2.638798381790108e+05,3.789648248318183e-06,8.372255328169618e+08,0.000000000000000e+00,9.734689749851811e-13,6.266931209764285e+10,6.266931209764285e+10,-7.124586049989073e+00,7.506093155903003e-08,1.000000000000000e+00,0.000000000000000e+00,-1.012822070482207e+00,1.000011766521574e+00,-9.477000489159065e-01,7.506181476510058e-08,1.000000000000000e+03,1.000000000000000e+00,
7.564318716622412e-08,0.000000000000000e+00,-7.835617539243364e-08,4.776782747342751e+03,4.776782747303914e+03,1.184830137524498e+03,7.564318716622412e-08,0.000000000000000e+00,-1.000000000000000e+03,3.184521831535943e+03,1.205736518318698e-08,2.648875707398739e+05,1.326529504433022e-06,8.304619452447878e+08,0.000000000000000e+00,-3.858406054185446e-08,6.314888261922448e+10,6.314888261922448e+10,-7.121230180784915e+00,7.564318716622412e-08,1.000000000000000e+00,0.000000000000000e+00,-1.015332034810265e+00,4.086144772485847e-01,-9.042230156980579e-01,5.120581331214442e-08,1.000000000000000e+03,1.000000000000000e+00,
1.496972061981914e-07,0.000000000000000e+00,-6.168640202666528e-08,1.276853864621248e+04,1.276853864620052e+04,1.529103484203297e+03,1.496972061981914e-07,0.000000000000000e+00,-1.000000000000000e+03,8.512359097467015e+03,2.238866653377940e-11,3.009206374993076e+05,4.351915632026609e-08,7.397414039409149e+08,0.000000000000000e+00,-2.587617192921502e-04,8.149790706569073e+10,8.149790706569073e+10,-6.824786304827496e+00,1.496972061981914e-07,1.000000000000000e+00,0.000000000000000e+00,-3.998047601748619e-01,1.349003785741110e-02,-2.804874672693571e-01,3.319288910887615e-09,1.000000000000000e+03,1.000000000000000e+00,
1.796138212695950e-06,0.000000000000000e+00,2.752695536385760e-03,1.462753988386663e+05,1.462732894985659e+05,1.502445354773217e+03,1.796138212695950e-06,0.000000000000000e+00,-1.000000000000000e+03,9.751552633237725e+04,2.109340100466082e+00,2.982860045313968e+05,4.761378444098198e-03,6.535270398046390e+08,0.000000000000000e+00,-3.590797055594862e-06,8.007708644937401e+10,8.007708644937402e+10,-5.745660247456208e+00,1.796138212695950e-06,1.000000000000000e+00,0.000000000000000e+00,1.421888986666441e+03,1.421888986666441e+03,-1.071587753086429e+03,2.752695536385760e-03,1.000000000000000e+03,1.000000000000000e+00,
1.980023802029120e-05,0.000000000000000e+00,3.037685426757570e-02,1.585471850160679e+06,1.585448548590408e+06,1.500590321491347e+03,1.980023802029120e-05,0.000000000000000e+00,-1.000000000000000e+03,1.056965699060272e+06,2.330157027021338e+01,2.981018043654304e+05,5.143429252536170e-03,5.681317418136756e+08,0.000000000000000e+00,-3.258532225336751e-06,7.997821718933282e+10,7.997821718933282e+10,-4.703329589017371e+00,1.980023802029120e-05,1.000000000000000e+00,0.000000000000000e+00,1.534166116409592e+03,1.534166116409592e+03,-1.653398957141265e+03,3.037685426757570e-02,1.000000000000000e+03,1.000000000000000e+00,
2.185888304012457e-04,0.000000000000000e+00,4.059239344970468e-01,1.748269844137756e+07,1.748232153684796e+07,1.500585906569933e+03,2.185888304012457e-04,0.000000000000000e+00,-1.000000000000000e+03,1.165488102456531e+07,3.769045296026793e+02,2.981013658390089e+05,6.229488367033789e-03,4.833257723757585e+08,0.000000000000000e+00,-2.034017184457696e-06,7.997798188357437e+10,7.997798188357437e+10,-3.660372033690246e+00,2.185888304012457e-04,1.000000000000000e+00,0.000000000000000e+00,1.857020478822844e+03,1.857020478822844e+03,-1.911382164245691e+03,4.059239344970468e-01,1.000000000000000e+03,1.000000000000000e+00,
7.506086956004780e-08,0.000000000000000e+00,-7.506166945064353e-08,4.704009765605816e+03,4.704009765568286e+03,1.175831377797938e+03,7.506086956004780e-08,0.000000000000000e+00,-1.000000000000000e+03,3.136006510378857e+03,3.753043478232330e-08,2.638797457536884e+05,3.789604985310457e-06,8.372255248299679e+08,0.000000000000000e+00,8.160139230994900e-21,6.266926819712812e+10,6.266926819712812e+10,-7.124586408708669e+00,7.506086956004780e-08,1.000000000000000e+00,0.000000000000000e+00,-1.000009970486311e+00,1.000000000030634e+00,-1.000006597219620e+00,7.506086956234720e-08,1.000000000000000e+03,1.000000000000000e+00,
7.506093155903003e-08,0.000000000000000e+00,-7.655504077803857e-08,4.704016946250194e+03,4.704016946212663e+03,1.175832201480809e+03,7.506093155903003e-08,0.000000000000000e+00,-1.000000000000000e+03,3.136011297475109e+03,3.753134899078169e-08,2.638798381790108e+05,3.789648248318183e-06,8.372255328169618e+08,0.000000000000000e+00,9.734689749851811e-13,6.266931209764285e+10,6.266931209764285e+10,-7.124586049989073e+00,7.506093155903003e-08,1.000000000000000e+00,0.000000000000000e+00,-1.012822070482207e+00,1.000011766521574e+00,-1.012814403367112e+00,7.506181476510058e-08,1.000000000000000e+03,1.000000000000000e+00,
7.564318716622412e-08,0.000000000000000e+00,-7.835617539243364e-08,4.776782747342751e+03,4.776782747303914e+03,1.184830137524498e+03,7.564318716622412e-08,0.000000000000000e+00,-1.000000000000000e+03,3.184521831535943e+03,1.205736518318698e-08,2.648875707398739e+05,1.326529504433022e-06,8.304619452447878e+08,0.000000000000000e+00,-3.858406054185446e-08,6.314888261922448e+10,6.314888261922448e+10,-7.121230180784915e+00,7.564318716622412e-08,1.000000000000000e+00,0.000000000000000e+00,-1.015332034810265e+00,4.086144772485847e-01,-1.015323294267540e+00,5.120581331214442e-08,1.000000000000000e+03,1.000000000000000e+00,
1.496972061981914e-07,0.000000000000000e+00,-6.168640202666528e-08,1.276853864621248e+04,1.276853864620052e+04,1.529103484203297e+03,1.496972061981914e-07,0.000000000000000e+00,-1.000000000000000e+03,8.512359097467015e+03,2.238866653377940e-11,3.009206374993076e+05,4.351915632026609e-08,7.397414039409149e+08,0.000000000000000e+00,-2.587617192921502e-04,8.149790706569073e+10,8.149790706569073e+10,-6.824786304827496e+00,1.496972061981914e-07,1.000000000000000e+00,0.000000000000000e+00,-3.998047601748619e-01,1.349003785741110e-02,-3.997923667787996e-01,3.319288910887615e-09,1.000000000000000e+03,1.000000000000000e+00,
1.796138212695950e-06,0.000000000000000e+00,2.752695536385760e-03,1.462753988386663e+05,1.462732894985659e+05,1.502445354773217e+03,1.796138212695950e-06,0.000000000000000e+00,-1.000000000000000e+03,9.751552633237725e+04,2.109340100466082e+00,2.982860045313968e+05,4.761378444098198e-03,6.535270398046390e+08,0.000000000000000e+00,-3.590797055594862e-06,8.007708644937401e+10,8.007708644937402e+10,-5.745660247456208e+00,1.796138212695950e-06,1.000000000000000e+00,0.000000000000000e+00,1.421888986666441e+03,1.421888986666441e+03,-1.527385904933097e+03,2.752695536385760e-03,1.000000000000000e+03,1.000000000000000e+00,
1.980023802029120e-05,0.000000000000000e+00,3.037685426757570e-02,1.585471850160679e+06,1.585448548590408e+06,1.500590321491347e+03,1.980023802029120e-05,0.000000000000000e+00,-1.000000000000000e+03,1.056965699060272e+06,2.330157027021338e+01,2.981018043654304e+05,5.143429252536170e-03,5.681317418136756e+08,0.000000000000000e+00,-3.258532225336751e-06,7.997821718933282e+10,7.997821718933282e+10,-4.703329589017371e+00,1.980023802029120e-05,1.000000000000000e+00,0.000000000000000e+00,1.534166116409592e+03,1.534166116409592e+03,-1.852911947768633e+03,3.037685426757570e-02,1.000000000000000e+03,1.000000000000000e+00,
2.185888304012457e-04,0.000000000000000e+00,4.059239344970468e-01,1.748269844137756e+07,1.748232153684796e+07,1.500585906569933e+03,2.185888304012457e-04,0.000000000000000e+00,-1.000000000000000e+03,1.165488102456531e+07,3.769045296026793e+02,2.981013658390089e+05,6.229488367033789e-03,4.833257723757585e+08,0.000000000000000e+00,-2.034017184457696e-06,7.997798188357437e+10,7.997798188357437e+10,-3.660372033690246e+00,2.185888304012457e-04,1.000000000000000e+00,0.000000000000000e+00,1.857020478822844e+03,1.857020478822844e+03,-2.016880912504764e+03,4.059239344970468e-01,1.000000000000000e+03,1.000000000000000e+00,
7.506086956004780e-08,0.000000000000000e+00,-7.506166945064353e-08,4.704009765605816e+03,4.704009765568286e+03,1.175831377797938e+03,7.506086956004780e-08,0.000000000000000e+00,-1.000000000000000e+03,3.136006510378857e+03,3.753043478232330e-08,2.638797457536884e+05,3.789604985310457e-06,8.372255248299679e+08,0.000000000000000e+00,8.160139230994900e-21,6.266926819712812e+10,6.266926819712812e+10,-7.124586408708669e+00,7.506086956004780e-08,1.000000000000000e+00,0.000000000000000e+00,-1.000009970486311e+00,1.000000000030634e+00,-1.000006597219620e+00,7.506086956234720e-08,1.000000000000000e+03,1.000000000000000e+00,
7.506093155903003e-08,0.000000000000000e+00,-7.655504077803857e-08,4.704016946250194e+03,4.704016946212663e+03,1.175832201480809e+03,7.506093155903003e-08,0.000000000000000e+00,-1.000000000000000e+03,3.136011297475109e+03,3.753134899078169e-08,2.638798381790108e+05,3.789648248318183e-06,8.372255328169618e+08,0.000000000000000e+00,9.734689749851811e-13,6.266931209764285e+10,6.266931209764285e+10,-7.124586049989073e+00,7.506093155903003e-08,1.000000000000000e+00,0.000000000000000e+00,-1.012822070482207e+00,1.000011766521574e+00,-1.012814403367112e+00,7.506181476510058e-08,1.000000000000000e+03,1.000000000000000e+00,
7.564318716622412e-08,0.000000000000000e+00,-7.835617539243364e-08,4.776782747342751e+03,4.776782747303914e+03,1.184830137524498e+03,7.564318716622412e-08,0.000000000000000e+00,-1.000000000000000e+03,3.184521831535943e+03,1.205736518318698e-08,2.648875707398739e+05,1.326529504433022e-06,8.304619452447878e+08,0.000000000000000e+00,-3.858406054185446e-08,6.314888261922448e+10,6.314888261922448e+10,-7.121230180784915e+00,7.564318716622412e-08,1.000000000000000e+00,0.000000000000000e+00,-1.015332034810265e+00,4.086144772485847e-01,-1.015323294267540e+00,5.120581331214442e-08,1.000000000000000e+03,1.000000000000000e+00,
1.496972061981914e-07,0.000000000000000e+00,-6.168640202666528e-08,1.276853864621248e+04,1.276853864620052e+04,1.529103484203297e+03,1.496972061981914e-07,0.000000000000000e+00,-1.000000000000000e+03,8.512359097467015e+03,2.238866653377940e-11,3.009206374993076e+05,4.351915632026609e-08,7.397414039409149e+08,0.000000000000000e+00,-2.587617192921502e-04,8.149790706569073e+10,8.149790706569073e+10,-6.824786304827496e+00,1.496972061981914e-07,1.000000000000000e+00,0.000000000000000e+00,-3.998047601748619e-01,1.349003785741110e-02,-3.997923667787996e-01,3.319288910887615e-09,1.000000000000000e+03,1.000000000000000e+00,
1.796138212695950e-06,0.000000000000000e+00,2.752695536385760e-03,1.462753988386663e+05,1.462732894985659e+05,1.502445354773217e+03,1.796138212695950e-06,0.000000000000000e+00,-1.000000000000000e+03,9.751552633237725e+04,2.109340100466082e+00,2.982860045313968e+05,4.761378444098198e-03,6.535270398046390e+08,0.000000000000000e+00,-3.590797055594862e-06,8.007708644937401e+10,8.007708644937402e+10,-5.745660247456208e+00,1.796138212695950e-06,1.000000000000000e+00,0.000000000000000e+00,1.421888986666441e+03,1.421888986666441e+03,-1.527385904933097e+03,2.752695536385760e-03,1.000000000000000e+03,1.000000000000000e+00,
1.980023802029120e-05,0.000000000000000e+00,3.037685426757570e-02,1.585471850160679e+06,1.585448548590408e+06,1.500590321491347e+03,1.980023802029120e-05,0.000000000000000e+00,-1.000000000000000e+03,1.056965699060272e+06,2.330157027021338e+01,2.981018043654304e+05,5.143429252536170e-03,5.681317418136756e+08,0.000000000000000e+00,-3.258532225336751e-06,7.997821718933282e+10,7.997821718933282e+10,-4.703329589017371e+00,1.980023802029120e-05,1.000000000000000e+00,0.000000000000000e+00,1.534166116409592e+03,1.534166116409592e+03,-1.852911947768633e+03,3.037685426757570e-02,1.000000000000000e+03,1.000000000000000e+00,
2.185888304012457e-04,0.000000000000000e+00,4.059239344970468e-01,1.748269844137756e+07,1.748232153684796e+07,1.500585906569933e+03,2.185888304012457e-04,0.000000000000000e+00,-1.000000000000000e+03,1.165488102456531e+07,3.769045296026793e+02,2.981013658390089e+05,6.229488367033789e-03,4.833257723757585e+08,0.000000000000000e+00,-2.034017184457696e-06,7.997798188357437e+10,7.997798188357437e+10,-3.660372033690246e+00,2.185888304012457e-04,1.000000000000000e+00,0.000000000000000e+00,1.857020478822844e+03,1.857020478822844e+03,-2.016880912504764e+03,4.059239344970468e-01,1.000000000000000e+03,1.000000000000000e+00,
7.506086956004780e-08,0.000000000000000e+00,-7.506166945064353e-08,4.704009765605816e+03,4.704009765568286e+03,1.175831377797938e+03,7.506086956004780e-08,0.000000000000000e+00,-1.000000000000000e+03,3.136006510378857e+03,3.753043478232330e-08,2.638797457536884e+05,3.789604985310457e-06,8.372255248299679e+08,0.000000000000000e+00,8.160139230994900e-21,6.266926819712812e+10,6.266926819712812e+10,-7.124586408708669e+00,7.506086956004780e-08,1.000000000000000e+00,0.000000000000000e+00,-1.000009970486311e+00,1.000000000030634e+00,-9.695818671533777e-01,7.506086956234720e-08,1.000000000000000e+03,1.000000000000000e+00,
7.506093155903003e-08,0.000000000000000e+00,-7.655504077803857e-08,4.704016946250194e+03,4.704016946212663e+03,1.175832201480809e+03,7.506093155903003e-08,0.000000000000000e+00,-1.000000000000000e+03,3.136011297475109e+03,3.753134899078169e-08,2.638798381790108e+05,3.789648248318183e-06,8.372255328169618e+08,0.000000000000000e+00,9.734689749851811e-13,6.266931209764285e+10,6.266931209764285e+10,-7.124586049989073e+00,7.506093155903003e-08,1.000000000000000e+00,0.000000000000000e+00,-1.012822070482207e+00,1.000011766521574e+00,-9.477000489159065e-01,7.506181476510058e-08,1.000000000000000e+03,1.000000000000000e+00,
7.564318716622412e-08,0.000000000000000e+00,-7.835617539243364e-08,4.776782747342751e+03,4.776782747303914e+03,1.184830137524498e+03,7.564318716622412e-08,0.000000000000000e+00,-1.000000000000000e+03,3.184521831535943e+03,1.205736518318698e-08,2.648875707398739e+05,1.326529504433022e-06,8.304619452447878e+08,0.000000000000000e+00,-3.858406054185446e-08,6.314888261922448e+10,6.314888261922448e+10,-7.121230180784915e+00,7.564318716622412e-08,1.000000000000000e+00,0.000000000000000e+00,-1.015332034810265e+00,4.086144772485847e-01,-9.042230156980579e-01,5.120581331214442e-08,1.000000000000000e+03,1.000000000000000e+00,
1.496972061981914e-07,0.000000000000000e+00,-6.168640202666528e-08,1.276853864621248e+04,1.276853864620052e+04,1.529103484203297e+03,1.496972061981914e-07,0.000000000000000e+00,-1.000000000000000e+03,8.512359097467015e+03,2.238866653377940e-11,3.009206374993076e+05,4.351915632026609e-08,7.397414039409149e+08,0.000000000000000e+00,-2.587617192921502e-04,8.149790706569073e+10,8.149790706569073e+10,-6.824786304827496e+00,1.496972061981914e-07,1.000000000000000e+00,0.000000000000000e+00,-3.998047601748619e-01,1.349003785741110e-02,-2.804874672693571e-01,3.319288910887615e-09,1.000000000000000e+03,1.000000000000000e+00,
1.796138212695950e-06,0.000000000000000e+00,2.752695536385760e-03,1.462753988386663e+05,1.462732894985659e+05,1.502445354773217e+03,1.796138212695950e-06,0.000000000000000e+00,-1.000000000000000e+03,9.751552633237725e+04,2.109340100466082e+00,2.982860045313968e+05,4.761378444098198e-03,6.535270398046390e+08,0.000000000000000e+00,-3.590797055594862e-06,8.007708644937401e+10,8.007708644937402e+10,-5.745660247456208e+00,1.796138212695950e-06,1.000000000000000e+00,0.000000000000000e+00,1.421888986666441e+03,1.421888986666441e+03,-1.071587753086429e+03,2.752695536385760e-03,1.000000000000000e+03,1.000000000000000e+00,
1.980023802029120e-05,0.000000000000000e+00,3.037685426757570e-02,1.585471850160679e+06,1.585448548590408e+06,1.500590321491347e+03,1.980023802029120e-05,0.000000000000000e+00,-1.000000000000000e+03,1.056965699060272e+06,2.330157027021338e+01,2.981018043654304e+05,5.143429252536170e-03,5.681317418136756e+08,0.000000000000000e+00,-3.258532225336751e-06,7.997821718933282e+10,7.997821718933282e+10,-4.703329589017371e+00,1.980023802029120e-05,1.000000000000000e+00,0.000000000000000e+00,1.534166116409592e+03,1.534166116409592e+03,-1.653398957141265e+03,3.037685426757570e-02,1.000000000000000e+03,1.000000000000000e+00,
2.185888304012457e-04,0.000000000000000e+00,4.059239344970468e-01,1.748269844137756e+07,1.748232153684796e+07,1.500585906569933e+03,2.185888304012457e-04,0.000000000000000e+00,-1.000000000000000e+03,1.165488102456531e+07,3.769045296026793e+02,2.981013658390089e+05,6.229488367033789e-03,4.833257723757585e+08,0.000000000000000e+00,-2.034017184457696e-06,7.997798188357437e+10,7.997798188357437e+10,-3.660372033690246e+00,2.185888304012457e-04,1.000000000000000e+00,0.000000000000000e+00,1.857020478822844e+03,1.857020478822844e+03,-1.911382164245691e+03,4.059239344970468e-01,1.000000000000000e+03,1.000000000000000e+00,
7.506086956004780e-08,0.000000000000000e+00,-7.506166945064353e-08,4.704009765605816e+03,4.704009765568286e+03,1.175831377797938e+03,7.506086956004780e-08,0.000000000000000e+00,-1.000000000000000e+03,3.136006510378857e+03,3.753043478232330e-08,2.638797457536884e+05,3.789604985310457e-06,8.372255248299679e+08,0.000000000000000e+00,8.160139230994900e-21,6.266926819712812e+10,6.266926819712812e+10,-7.124586408708669e+00,7.506086956004780e-08,1.000000000000000e+00,0.000000000000000e+00,-1.000009970486311e+00,1.000000000030634e+00,-8.933757570851641e-01,7.506086956234720e-08,1.000000000000000e+03,1.000000000000000e+00,
7.506093155903003e-08,0.000000000000000e+00,-7.655504077803857e-08,4.704016946250194e+03,4.704016946212663e+03,1.175832201480809e+03,7.506093155903003e-08,0.000000000000000e+00,-1.000000000000000e+03,3.136011297475109e+03,3.753134899078169e-08,2.638798381790108e+05,3.789648248318183e-06,8.372255328169618e+08,0.000000000000000e+00,9.734689749851811e-13,6.266931209764285e+10,6.266931209764285e+10,-7.124586049989073e+00,7.506093155903003e-08,1.000000000000000e+00,0.000000000000000e+00,-1.012822070482207e+00,1.000011766521574e+00,-8.303885421336906e-01,7.506181476510058e-08,1.000000000000000e+03,1.000000000000000e+00,
7.564318716622412e-08,0.000000000000000e+00,-7.835617539243364e-08,4.776782747342751e+03,4.776782747303914e+03,1.184830137524498e+03,7.564318716622412e-08,0.000000000000000e+00,-1.000000000000000e+03,3.184521831535943e+03,1.205736518318698e-08,2.648875707398739e+05,1.326529504433022e-06,8.304619452447878e+08,0.000000000000000e+00,-3.858406054185446e-08,6.314888261922448e+10,6.314888261922448e+10,-7.121230180784915e+00,7.564318716622412e-08,1.000000000000000e+00,0.000000000000000e+00,-1.015332034810265e+00,4.086144772485847e-01,-7.137365262844697e-01,5.120581331214442e-08,1.000000000000000e+03,1.000000000000000e+00,
1.496972061981914e-07,0.000000000000000e+00,-6.168640202666528e-08,1.276853864621248e+04,1.276853864620052e+04,1.529103484203297e+03,1.496972061981914e-07,0.000000000000000e+00,-1.000000000000000e+03,8.512359097467015e+03,2.238866653377940e-11,3.009206374993076e+05,4.351915632026609e-08,7.397414039409149e+08,0.000000000000000e+00,-2.587617192921502e-04,8.149790706569073e+10,8.149790706569073e+10,-6.824786304827496e+00,1.496972061981914e-07,1.000000000000000e+00,0.000000000000000e+00,-3.998047601748619e-01,1.349003785741110e-02,-1.771225670584748e-01,3.319288910887615e-09,1.000000000000000e+03,1.000000000000000e+00,
1.796138212695950e-06,0.000000000000000e+00,2.752695536385760e-03,1.462753988386663e+05,1.462732894985659e+05,1.502445354773217e+03,1.796138212695950e-06,0.000000000000000e+00,-1.000000000000000e+03,9.751552633237725e+04,2.109340100466082e+00,2.982860045313968e+05,4.761378444098198e-03,6.535270398046390e+08,0.000000000000000e+00,-3.590797055594862e-06,8.007708644937401e+10,8.007708644937402e+10,-5.745660247456208e+00,1.796138212695950e-06,1.000000000000000e+00,0.000000000000000e+00,1.421888986666441e+03,1.421888986666441e+03,-6.766875379598358e+02,2.752695536385760e-03,1.000000000000000e+03,1.000000000000000e+00,
1.980023802029120e-05,0.000000000000000e+00,3.037685426757570e-02,1.585471850160679e+06,1.585448548590408e+06,1.500590321491347e+03,1.980023802029120e-05,0.000000000000000e+00,-1.000000000000000e+03,1.056965699060272e+06,2.330157027021338e+01,2.981018043654304e+05,5.143429252536170e-03,5.681317418136756e+08,0.000000000000000e+00,-3.258532225336751e-06,7.997821718933282e+10,7.997821718933282e+10,-4.703329589017371e+00,1.980023802029120e-05,1.000000000000000e+00,0.000000000000000e+00,1.534166116409592e+03,1.534166116409592e+03,-1.305088686911319e+03,3.037685426757570e-02,1.000000000000000e+03,1.000000000000000e+00,
2.185888304012457e-04,0.000000000000000e+00,4.059239344970468e-01,1.748269844137756e+07,1.748232153684796e+07,1.500585906569933e+03,2.185888304012457e-04,0.000000000000000e+00,-1.000000000000000e+03,1.165488102456531e+07,3.769045296026793e+02,2.981013658390089e+05,6.229488367033789e-03,4.833257723757585e+08,0.000000000000000e+00,-2.034017184457696e-06,7.997798188357437e+10,7.997798188357437e+10,-3.660372033690246e+00,2.185888304012457e-04,1.000000000000000e+00,0.000000000000000e+00,1.857020478822844e+03,1.857020478822844e+03,-1.674780802896377e+03,4.059239344970468e-01,1.000000000000000e+03,1.000000000000000e+00,

64,28
1.751934925071960e-02,0.000000000000000e+00,3.599260572040362e+01,1.728877670668012e+09,1.728840698185529e+09,1.853106375246487e+03,1.751934925071960e-02,0.000000000000000e+00,-1.000000000000000e+03,1.152560465457020e+09,3.697248248222522e+04,3.312712216893010e+05,6.768127123351323e-03,4.820337102017532e+08,2.500000000000000e-07,5.132858455313055e-04,9.876656008756979e+10,9.876656008756979e+10,-1.756482029564648e+00,1.751934925071960e-02,1.000000000000000e+00,0.000000000000000e+00,2.055496955487218e+03,2.055496955487218e+03,-1.214416239073623e+03,3.599260572040362e+01,1.000000000000000e+03,1.000000000000000e+00,
1.751934925071960e-02,0.000000000000000e+00,3.599260572040362e+01,1.728877670668012e+09,1.728840698185529e+09,1.853106375246487e+03,1.751934925071960e-02,0.000000000000000e+00,-1.000000000000000e+03,1.152560465457020e+09,3.697248248222522e+04,3.312712216893010e+05,6.768127123351323e-03,4.820337102017532e+08,2.500000000000000e-07,5.132858455313055e-04,9.876656008756979e+10,9.876656008756979e+10,-1.756482029564648e+00,1.751934925071960e-02,1.000000000000000e+00,0.000000000000000e+00,2.055496955487218e+03,2.055496955487218e+03,-1.214416239073623e+03,3.599260572040362e+01,1.000000000000000e+03,1.000000000000000e+00,
1.751934925071960e-02,0.000000000000000e+00,3.599260572040362e+01,1.728877670668012e+09,1.728840698185529e+09,1.853106375246487e+03,1.751934925071960e-02,0.000000000000000e+00,-1.000000000000000e+03,1.152560465457020e+09,3.697248248222522e+04,3.312712216893010e+05,6.768127123351323e-03,4.820337102017532e+08,2.500000000000000e-07,5.132858455313055e-04,9.876656008756979e+10,9.876656008756979e+10,-1.756482029564648e+00,1.751934925071960e-02,1.000000000000000e+00,0.000000000000000e+00,2.055496955487218e+03,2.055496955487218e+03,-1.430754585911067e+03,3.599260572040362e+01,1.000000000000000e+03,1.000000000000000e+00,
1.751934925071960e-02,0.000000000000000e+00,3.599260572040362e+01,1.728877670668012e+09,1.728840698185529e+09,1.853106375246487e+03,1.751934925071960e-02,0.000000000000000e+00,-1.000000000000000e+03,1.152560465457020e+09,3.697248248222522e+04,3.312712216893010e+05,6.768127123351323e-03,4.820337102017532e+08,2.500000000000000e-07,5.132858455313055e-04,9.876656008756979e+10,9.876656008756979e+10,-1.756482029564648e+00,1.751934925071960e-02,1.000000000000000e+00,0.000000000000000e+00,2.055496955487218e+03,2.055496955487218e+03,-1.682551327188774e+03,3.599260572040362e+01,1.000000000000000e+03,1.000000000000000e+00,
1.751934925071960e-02,0.000000000000000e+00,3.599260572040362e+01,1.728877670668012e+09,1.728840698185529e+09,1.853106375246487e+03,1.751934925071960e-02,0.000000000000000e+00,-1.000000000000000e+03,1.152560465457020e+09,3.697248248222522e+04,3.312712216893010e+05,6.768127123351323e-03,4.820337102017532e+08,2.500000000000000e-07,5.132858455313055e-04,9.876656008756979e+10,9.876656008756979e+10,-1.756482029564648e+00,1.751934925071960e-02,1.000000000000000e+00,0.000000000000000e+00,2.055496955487218e+03,2.055496955487218e+03,-1.916561246304874e+03,3.599260572040362e+01,1.000000000000000e+03,1.000000000000000e+00,
1.751934925071960e-02,0.000000000000000e+00,3.599260572040362e+01,1.728877670668012e+09,1.728840698185529e+09,1.853106375246487e+03,1.751934925071960e-02,0.000000000000000e+00,-1.000000000000000e+03,1.152560465457020e+09,3.697248248222522e+04,3.312712216893010e+05,6.768127123351323e-03,4.820337102017532e+08,2.500000000000000e-07,5.132858455313055e-04,9.876656008756979e+10,9.876656008756979e+10,-1.756482029564648e+00,1.751934925071960e-02,1.000000000000000e+00,0.000000000000000e+00,2.055496955487218e+03,2.055496955487218e+03,-1.916561246304874e+03,3.599260572040362e+01,1.000000000000000e+03,1.000000000000000e+00,
1.751934925071960e-02,0.000000000000000e+00,3.599260572040362e+01,1.728877670668012e+09,1.728840698185529e+09,1.853106375246487e+03,1.751934925071960e-02,0.000000000000000e+00,-1.000000000000000e+03,1.152560465457020e+09,3.697248248222522e+04,3.312712216893010e+05,6.768127123351323e-03,4.820337102017532e+08,2.500000000000000e-07,5.132858455313055e-04,9.876656008756979e+10,9.876656008756979e+10,-1.756482029564648e+00,1.751934925071960e-02,1.000000000000000e+00,0.000000000000000e+00,2.055496955487218e+03,2.055496955487218e+03,-1.682551327188774e+03,3.599260572040362e+01,1.000000000000000e+03,1.000000000000000e+00,
1.751934925071960e-02,0.000000000000000e+00,3.599260572040362e+01,1.728877670668012e+09,1.728840698185529e+09,1.853106375246487e+03,1.751934925071960e-02,0.000000000000000e+00,-1.000000000000000e+03,1.152560465457020e+09,3.697248248222522e+04,3.312712216893010e+05,6.768127123351323e-03,4.820337102017532e+08,2.500000000000000e-07,5.132858455313055e-04,9.876656008756979e+10,9.876656008756979e+10,-1.756482029564648e+00,1.751934925071960e-02,1.000000000000000e+00,0.000000000000000e+00,2.055496955487218e+03,2.055496955487218e+03,-1.430754585911067e+03,3.599260572040362e+01,1.000000000000000e+03,1.000000000000000e+00,
7.506092105675764e-08,0.000000000000000e+00,-7.506086956234720e-08,4.704015725606892e+03,4.704015725569361e+03,1.175832060883081e+03,7.506092105675764e-08,0.000000000000000e+00,-1.000000000000000e+03,3.136010483712908e+03,3.753120892599564e-08,2.638798224025648e+05,3.789641668625708e-06,8.372255314154843e+08,0.000000000000000e+00,8.327820480991122e-13,6.266930460408819e+10,6.266930460408818e+10,-7.124586110754096e+00,7.506092105675764e-08,1.000000000000000e+00,0.000000000000000e+00,-1.000000000030634e+00,1.000009970486311e+00,-6.017551061469014e-01,7.506166945064353e-08,1.000000000000000e+03,1.000000000000000e+00,
7.558587338207446e-08,0.000000000000000e+00,-7.506181476510058e-08,4.769483054662300e+03,4.769483054623532e+03,1.183916563429777e+03,7.558587338207446e-08,0.000000000000000e+00,-1.000000000000000e+03,3.179655369749021e+03,3.876831745333138e-08,2.647854290568717e+05,3.825067240632295e-06,8.373430959199489e+08,0.000000000000000e+00,2.914057837782314e-10,6.310019109674846e+10,6.310019109674847e+10,-7.121559364359746e+00,7.558587338207446e-08,1.000000000000000e+00,0.000000000000000e+00,-1.000011766521574e+00,1.012822070482207e+00,-4.550714007501854e-01,7.655504077803857e-08,1.000000000000000e+03,1.000000000000000e+00,
1.444291685109274e-07,0.000000000000000e+00,-5.120581331214442e-08,1.233363500218569e+04,1.233363500217364e+04,1.656295284074967e+03,1.444291685109274e-07,0.000000000000000e+00,-1.000000000000000e+03,8.222423334782425e+03,3.946830977216953e-08,3.131860554293871e+05,3.825758685168972e-06,8.460015413277800e+08,0.000000000000000e+00,2.509306256806565e-10,8.827695478387723e+10,8.827695478387723e+10,-6.840345089009551e+00,1.444291685109274e-07,1.000000000000000e+00,0.000000000000000e+00,-4.086144772485847e-01,1.015332034810265e+00,-1.000154387948996e-01,7.835617539243364e-08,1.000000000000000e+03,1.000000000000000e+00,
1.730084526772156e-06,0.000000000000000e+00,2.650898342758088e-03,1.410002988800229e+05,1.409982679786667e+05,1.667948285425675e+03,1.730084526772156e-06,0.000000000000000e+00,-1.000000000000000e+03,9.399884531911112e+04,2.030901356232705e+00,3.142858474936962e+05,5.091828627514668e-03,8.291265734392205e+08,0.000000000000000e+00,-4.336711075252589e-09,8.889803454134775e+10,8.889803454134776e+10,-5.761932678019212e+00,1.730084526772156e-06,1.000000000000000e+00,0.000000000000000e+00,1.532236316628938e+03,1.532236316628938e+03,2.066517549710750e+02,2.650898342758088e-03,1.000000000000000e+03,1.000000000000000e+00,
1.907126615544713e-05,0.000000000000000e+00,2.913008610754393e-02,1.527193675759856e+06,1.527171428628760e+06,1.527973061973919e+03,1.907126615544713e-05,0.000000000000000e+00,-1.000000000000000e+03,1.018114285752507e+06,2.224713109545058e+01,3.008093859477738e+05,5.120700368280888e-03,7.383706556166272e+08,0.000000000000000e+00,2.297465735009496e-06,8.143765800684904e+10,8.143765800684903e+10,-4.719620472865379e+00,1.907126615544713e-05,1.000000000000000e+00,0.000000000000000e+00,1.532563316635887e+03,1.532563316635887e+03,-2.999139690919262e+00,2.913008610754393e-02,1.000000000000000e+03,1.000000000000000e+00,
2.105392306971179e-04,0.000000000000000e+00,3.901136557186439e-01,1.683891374547507e+07,1.683855231956914e+07,1.502353606288862e+03,2.105392306971179e-04,0.000000000000000e+00,-1.000000000000000e+03,1.122570154637943e+07,3.614259059327132e+02,2.982768968102576e+05,6.215749681043126e-03,6.521909430594090e+08,0.000000000000000e+00,-2.060640035344932e-06,8.007219645368138e+10,8.007219645368137e+10,-3.676666968294685e+00,2.105392306971179e-04,1.000000000000000e+00,0.000000000000000e+00,1.852926195402805e+03,1.852926195402805e+03,-3.755136096747386e+02,3.901136557186439e-01,1.000000000000000e+03,1.000000000000000e+00,
2.306982709058266e-03,0.000000000000000e+00,4.652925251127212e+00,1.854091452747962e+08,1.854044530607394e+08,1.507878133846868e+03,2.306982709058266e-03,0.000000000000000e+00,-1.000000000000000e+03,1.236029687071596e+08,4.692214056822053e+03,2.988248127037072e+05,6.749398649088762e-03,5.667984970575205e+08,0.000000000000000e+00,-6.409267527204747e-07,8.036664181866512e+10,8.036664181866513e+10,-2.636955660523867e+00,2.306982709058266e-03,1.000000000000000e+00,0.000000000000000e+00,2.016887787176604e+03,2.016887787176604e+03,-8.343784512094496e+02,4.652925251127212e+00,1.000000000000000e+03,1.000000000000000e+00,
7.506092105675764e-08,0.000000000000000e+00,-7.506086956234720e-08,4.704015725606892e+03,4.704015725569361e+03,1.175832060883081e+03,7.506092105675764e-08,0.000000000000000e+00,-1.000000000000000e+03,3.136010483712908e+03,3.753120892599564e-08,2.638798224025648e+05,3.789641668625708e-06,8.372255314154843e+08,0.000000000000000e+00,8.327820480991122e-13,6.266930460408819e+10,6.266930460408818e+10,-7.124586110754096e+00,7.506092105675764e-08,1.000000000000000e+00,0.000000000000000e+00,-1.000000000030634e+00,1.000009970486311e+00,-6.017551061469014e-01,7.506166945064353e-08,1.000000000000000e+03,1.000000000000000e+00,
7.558587338207446e-08,0.000000000000000e+00,-7.506181476510058e-08,4.769483054662300e+03,4.769483054623532e+03,1.183916563429777e+03,7.558587338207446e-08,0.000000000000000e+00,-1.000000000000000e+03,3.179655369749021e+03,3.876831745333138e-08,2.647854290568717e+05,3.825067240632295e-06,8.373430959199489e+08,0.000000000000000e+00,2.914057837782314e-10,6.310019109674846e+10,6.310019109674847e+10,-7.121559364359746e+00,7.558587338207446e-08,1.000000000000000e+00,0.000000000000000e+00,-1.000011766521574e+00,1.012822070482207e+00,-4.550714007501854e-01,7.655504077803857e-08,1.000000000000000e+03,1.000000000000000e+00,
1.444291685109274e-07,0.000000000000000e+00,-5.120581331214442e-08,1.233363500218569e+04,1.233363500217364e+04,1.656295284074967e+03,1.444291685109274e-07,0.000000000000000e+00,-1.000000000000000e+03,8.222423334782425e+03,3.946830977216953e-08,3.131860554293871e+05,3.825758685168972e-06,8.460015413277800e+08,0.000000000000000e+00,2.509306256806565e-10,8.827695478387723e+10,8.827695478387723e+10,-6.840345089009551e+00,1.444291685109274e-07,1.000000000000000e+00,0.000000000000000e+00,-4.086144772485847e-01,1.015332034810265e+00,-1.000154387948996e-01,7.835617539243364e-08,1.000000000000000e+03,1.000000000000000e+00,
1.730084526772156e-06,0.000000000000000e+00,2.650898342758088e-03,1.410002988800229e+05,1.409982679786667e+05,1.667948285425675e+03,1.730084526772156e-06,0.000000000000000e+00,-1.000000000000000e+03,9.399884531911112e+04,2.030901356232705e+00,3.142858474936962e+05,5.091828627514668e-03,8.291265734392205e+08,0.000000000000000e+00,-4.336711075252589e-09,8.889803454134775e+10,8.889803454134776e+10,-5.761932678019212e+00,1.730084526772156e-06,1.000000000000000e+00,0.000000000000000e+00,1.532236316628938e+03,1.532236316628938e+03,2.066517549710750e+02,2.650898342758088e-03,1.000000000000000e+03,1.000000000000000e+00,
1.907126615544713e-05,0.000000000000000e+00,2.913008610754393e-02,1.527193675759856e+06,1.527171428628760e+06,1.527973061973919e+03,1.907126615544713e-05,0.000000000000000e+00,-1.000000000000000e+03,1.018114285752507e+06,2.224713109545058e+01,3.008093859477738e+05,5.120700368280888e-03,7.383706556166272e+08,0.000000000000000e+00,2.297465735009496e-06,8.143765800684904e+10,8.143765800684903e+10,-4.719620472865379e+00,1.907126615544713e-05,1.000000000000000e+00,0.000000000000000e+00,1.532563316635887e+03,1.532563316635887e+03,-2.999139690919262e+00,2.913008610754393e-02,1.000000000000000e+03,1.000000000000000e+00,
2.105392306971179e-04,0.000000000000000e+00,3.901136557186439e-01,1.683891374547507e+07,1.683855231956914e+07,1.502353606288862e+03,2.105392306971179e-04,0.000000000000000e+00,-1.000000000000000e+03,1.122570154637943e+07,3.614259059327132e+02,2.982768968102576e+05,6.215749681043126e-03,6.521909430594090e+08,0.000000000000000e+00,-2.060640035344932e-06,8.007219645368138e+10,8.007219645368137e+10,-3.676666968294685e+00,2.105392306971179e-04,1.000000000000000e+00,0.000000000000000e+00,1.852926195402805e+03,1.852926195402805e+03,-3.755136096747386e+02,3.901136557186439e-01,1.000000000000000e+03,1.000000000000000e+00,
2.306982709058266e-03,0.000000000000000e+00,4.652925251127212e+00,1.854091452747962e+08,1.854044530607394e+08,1.507878133846868e+03,2.306982709058266e-03,0.000000000000000e+00,-1.000000000000000e+03,1.236029687071596e+08,4.692214056822053e+03,2.988248127037072e+05,6.749398649088762e-03,5.667984970575205e+08,0.000000000000000e+00,-6.409267527204747e-07,8.036664181866512e+10,8.036664181866513e+10,-2.636955660523867e+00,2.306982709058266e-03,1.000000000000000e+00,0.000000000000000e+00,2.016887787176604e+03,2.016887787176604e+03,-8.343784512094496e+02,4.652925251127212e+00,1.000000000000000e+03,1.000000000000000e+00,
7.506092105675764e-08,0.000000000000000e+00,-7.506086956234720e-08,4.704015725606892e+03,4.704015725569361e+03,1.175832060883081e+03,7.506092105675764e-08,0.000000000000000e+00,-1.000000000000000e+03,3.136010483712908e+03,3.753120892599564e-08,2.638798224025648e+05,3.789641668625708e-06,8.372255314154843e+08,0.000000000000000e+00,8.327820480991122e-13,6.266930460408819e+10,6.266930460408818e+10,-7.124586110754096e+00,7.506092105675764e-08,1.000000000000000e+00,0.000000000000000e+00,-1.000000000030634e+00,1.000009970486311e+00,-7.089528697111608e-01,7.506166945064353e-08,1.000000000000000e+03,1.000000000000000e+00,
7.558587338207446e-08,0.000000000000000e+00,-7.506181476510058e-08,4.769483054662300e+03,4.769483054623532e+03,1.183916563429777e+03,7.558587338207446e-08,0.000000000000000e+00,-1.000000000000000e+03,3.179655369749021e+03,3.876831745333138e-08,2.647854290568717e+05,3.825067240632295e-06,8.373430959199489e+08,0.000000000000000e+00,2.914057837782314e-10,6.310019109674846e+10,6.310019109674847e+10,-7.121559364359746e+00,7.558587338207446e-08,1.000000000000000e+00,0.000000000000000e+00,-1.000011766521574e+00,1.012822070482207e+00,-5.643437813990612e-01,7.655504077803857e-08,1.000000000000000e+03,1.000000000000000e+00,
1.444291685109274e-07,0.000000000000000e+00,-5.120581331214442e-08,1.233363500218569e+04,1.233363500217364e+04,1.656295284074967e+03,1.444291685109274e-07,0.000000000000000e+00,-1.000000000000000e+03,8.222423334782425e+03,3.946830977216953e-08,3.131860554293871e+05,3.825758685168972e-06,8.460015413277800e+08,0.000000000000000e+00,2.509306256806565e-10,8.827695478387723e+10,8.827695478387723e+10,-6.840345089009551e+00,1.444291685109274e-07,1.000000000000000e+00,0.000000000000000e+00,-4.086144772485847e-01,1.015332034810265e+00,-1.304278931237364e-01,7.835617539243364e-08,1.000000000000000e+03,1.000000000000000e+00,
1.730084526772156e-06,0.000000000000000e+00,2.650898342758088e-03,1.410002988800229e+05,1.409982679786667e+05,1.667948285425675e+03,1.730084526772156e-06,0.000000000000000e+00,-1.000000000000000e+03,9.399884531911112e+04,2.030901356232705e+00,3.142858474936962e+05,5.091828627514668e-03,8.291265734392205e+08,0.000000000000000e+00,-4.336711075252589e-09,8.889803454134775e+10,8.889803454134776e+10,-5.761932678019212e+00,1.730084526772156e-06,1.000000000000000e+00,0.000000000000000e+00,1.532236316628938e+03,1.532236316628938e+03,3.024242480348062e+02,2.650898342758088e-03,1.000000000000000e+03,1.000000000000000e+00,
1.907126615544713e-05,0.000000000000000e+00,2.913008610754393e-02,1.527193675759856e+06,1.527171428628760e+06,1.527973061973919e+03,1.907126615544713e-05,0.000000000000000e+00,-1.000000000000000e+03,1.018114285752507e+06,2.224713109545058e+01,3.008093859477738e+05,5.120700368280888e-03,7.383706556166272e+08,0.000000000000000e+00,2.297465735009496e-06,8.143765800684904e+10,8.143765800684903e+10,-4.719620472865379e+00,1.907126615544713e-05,1.000000000000000e+00,0.000000000000000e+00,1.532563316635887e+03,1.532563316635887e+03,-4.001457161384793e+00,2.913008610754393e-02,1.000000000000000e+03,1.000000000000000e+00,
2.105392306971179e-04,0.000000000000000e+00,3.901136557186439e-01,1.683891374547507e+07,1.683855231956914e+07,1.502353606288862e+03,2.105392306971179e-04,0.000000000000000e+00,-1.000000000000000e+03,1.122570154637943e+07,3.614259059327132e+02,2.982768968102576e+05,6.215749681043126e-03,6.521909430594090e+08,0.000000000000000e+00,-2.060640035344932e-06,8.007219645368138e+10,8.007219645368137e+10,-3.676666968294685e+00,2.105392306971179e-04,1.000000000000000e+00,0.000000000000000e+00,1.852926195402805e+03,1.852926195402805e+03,-4.896988858850351e+02,3.901136557186439e-01,1.000000000000000e+03,1.000000000000000e+00,
2.306982709058266e-03,0.000000000000000e+00,4.652925251127212e+00,1.854091452747962e+08,1.854044530607394e+08,1.507878133846868e+03,2.306982709058266e-03,0.000000000000000e+00,-1.000000000000000e+03,1.236029687071596e+08,4.692214056822053e+03,2.988248127037072e+05,6.749398649088762e-03,5.667984970575205e+08,0.000000000000000e+00,-6.409267527204747e-07,8.036664181866512e+10,8.036664181866513e+10,-2.636955660523867e+00,2.306982709058266e-03,1.000000000000000e+00,0.000000000000000e+00,2.016887787176604e+03,2.016887787176604e+03,-1.034730570844911e+03,4.652925251127212e+00,1.000000000000000e+03,1.000000000000000e+00,
7.506092105675764e-08,0.000000000000000e+00,-7.506086956234720e-08,4.704015725606892e+03,4.704015725569361e+03,1.175832060883081e+03,7.506092105675764e-08,0.000000000000000e+00,-1.000000000000000e+03,3.136010483712908e+03,3.753120892599564e-08,2.638798224025648e+05,3.789641668625708e-06,8.372255314154843e+08,0.000000000000000e+00,8.327820480991122e-13,6.266930460408819e+10,6.266930460408818e+10,-7.124586110754096e+00,7.506092105675764e-08,1.000000000000000e+00,0.000000000000000e+00,-1.000000000030634e+00,1.000009970486311e+00,-8.337206139984012e-01,7.506166945064353e-08,1.000000000000000e+03,1.000000000000000e+00,
7.558587338207446e-08,0.000000000000000e+00,-7.506181476510058e-08,4.769483054662300e+03,4.769483054623532e+03,1.183916563429777e+03,7.558587338207446e-08,0.000000000000000e+00,-1.000000000000000e+03,3.179655369749021e+03,3.876831745333138e-08,2.647854290568717e+05,3.825067240632295e-06,8.373430959199489e+08,0.000000000000000e+00,2.914057837782314e-10,6.310019109674846e+10,6.310019109674847e+10,-7.121559364359746e+00,7.558587338207446e-08,1.000000000000000e+00,0.000000000000000e+00,-1.000011766521574e+00,1.012822070482207e+00,-7.189654210881801e-01,7.655504077803857e-08,1.000000000000000e+03,1.000000000000000e+00,
1.444291685109274e-07,0.000000000000000e+00,-5.120581331214442e-08,1.233363500218569e+04,1.233363500217364e+04,1.656295284074967e+03,1.444291685109274e-07,0.000000000000000e+00,-1.000000000000000e+03,8.222423334782425e+03,3.946830977216953e-08,3.131860554293871e+05,3.825758685168972e-06,8.460015413277800e+08,0.000000000000000e+00,2.509306256806565e-10,8.827695478387723e+10,8.827695478387723e+10,-6.840345089009551e+00,1.444291685109274e-07,1.000000000000000e+00,0.000000000000000e+00,-4.086144772485847e-01,1.015332034810265e+00,-1.844517660512195e-01,7.835617539243364e-08,1.000000000000000e+03,1.000000000000000e+00,
1.730084526772156e-06,0.000000000000000e+00,2.650898342758088e-03,1.410002988800229e+05,1.409982679786667e+05,1.667948285425675e+03,1.730084526772156e-06,0.000000000000000e+00,-1.000000000000000e+03,9.399884531911112e+04,2.030901356232705e+00,3.142858474936962e+05,5.091828627514668e-03,8.291265734392205e+08,0.000000000000000e+00,-4.336711075252589e-09,8.889803454134775e+10,8.889803454134776e+10,-5.761932678019212e+00,1.730084526772156e-06,1.000000000000000e+00,0.000000000000000e+00,1.532236316628938e+03,1.532236316628938e+03,5.400708255375700e+02,2.650898342758088e-03,1.000000000000000e+03,1.000000000000000e+00,
1.907126615544713e-05,0.000000000000000e+00,2.913008610754393e-02,1.527193675759856e+06,1.527171428628760e+06,1.527973061973919e+03,1.907126615544713e-05,0.000000000000000e+00,-1.000000000000000e+03,1.018114285752507e+06,2.224713109545058e+01,3.008093859477738e+05,5.120700368280888e-03,7.383706556166272e+08,0.000000000000000e+00,2.297465735009496e-06,8.143765800684904e+10,8.143765800684903e+10,-4.719620472865379e+00,1.907126615544713e-05,1.000000000000000e+00,0.000000000000000e+00,1.532563316635887e+03,1.532563316635887e+03,-6.010006009237982e+00,2.913008610754393e-02,1.000000000000000e+03,1.000000000000000e+00,
2.105392306971179e-04,0.000000000000000e+00,3.901136557186439e-01,1.683891374547507e+07,1.683855231956914e+07,1.502353606288862e+03,2.105392306971179e-04,0.000000000000000e+00,-1.000000000000000e+03,1.122570154637943e+07,3.614259059327132e+02,2.982768968102576e+05,6.215749681043126e-03,6.521909430594090e+08,0.000000000000000e+00,-2.060640035344932e-06,8.007219645368138e+10,8.007219645368137e+10,-3.676666968294685e+00,2.105392306971179e-04,1.000000000000000e+00,0.000000000000000e+00,1.852926195402805e+03,1.852926195402805e+03,-6.925345658165131e+02,3.901136557186439e-01,1.000000000000000e+03,1.000000000000000e+00,
2.306982709058266e-03,0.000000000000000e+00,4.652925251127212e+00,1.854091452747962e+08,1.854044530607394e+08,1.507878133846868e+03,2.306982709058266e-03,0.000000000000000e+00,-1.000000000000000e+03,1.236029687071596e+08,4.692214056822053e+03,2.988248127037072e+05,6.749398649088762e-03,5.667984970575205e+08,0.000000000000000e+00,-6.409267527204747e-07,8.036664181866512e+10,8.036664181866513e+10,-2.636955660523867e+00,2.306982709058266e-03,1.000000000000000e+00,0.000000000000000e+00,2.016887787176604e+03,2.016887787176604e+03,-1.318231058976213e+03,4.652925251127212e+00,1.000000000000000e+03,1.000000000000000e+00,
7.506092105675764e-08,0.000000000000000e+00,-7.506086956234720e-08,4.704015725606892e+03,4.704015725569361e+03,1.175832060883081e+03,7.506092105675764e-08,0.000000000000000e+00,-1.000000000000000e+03,3.136010483712908e+03,3.753120892599564e-08,2.638798224025648e+05,3.789641668625708e-06,8.372255314154843e+08,0.000000000000000e+00,8.327820480991122e-13,6.266930460408819e+10,6.266930460408818e+10,-7.124586110754096e+00,7.506092105675764e-08,1.000000000000000e+00,0.000000000000000e+00,-1.000000000030634e+00,1.000009970486311e+00,-9.496748142028996e-01,7.506166945064353e-08,1.000000000000000e+03,1.000000000000000e+00,
7.558587338207446e-08,0.000000000000000e+00,-7.506181476510058e-08,4.769483054662300e+03,4.769483054623532e+03,1.183916563429777e+03,7.558587338207446e-08,0.000000000000000e+00,-1.000000000000000e+03,3.179655369749021e+03,3.876831745333138e-08,2.647854290568717e+05,3.825067240632295e-06,8.373430959199489e+08,0.000000000000000e+00,2.914057837782314e-10,6.310019109674846e+10,6.310019109674847e+10,-7.121559364359746e+00,7.558587338207446e-08,1.000000000000000e+00,0.000000000000000e+00,-1.000011766521574e+00,1.012822070482207e+00,-9.080055354908196e-01,7.655504077803857e-08,1.000000000000000e+03,1.000000000000000e+00,
1.444291685109274e-07,0.000000000000000e+00,-5.120581331214442e-08,1.233363500218569e+04,1.233363500217364e+04,1.656295284074967e+03,1.444291685109274e-07,0.000000000000000e+00,-1.000000000000000e+03,8.222423334782425e+03,3.946830977216953e-08,3.131860554293871e+05,3.825758685168972e-06,8.460015413277800e+08,0.000000000000000e+00,2.509306256806565e-10,8.827695478387723e+10,8.827695478387723e+10,-6.840345089009551e+00,1.444291685109274e-07,1.000000000000000e+00,0.000000000000000e+00,-4.086144772485847e-01,1.015332034810265e+00,-2.911824791093279e-01,7.835617539243364e-08,1.000000000000000e+03,1.000000000000000e+00,
1.730084526772156e-06,0.000000000000000e+00,2.650898342758088e-03,1.410002988800229e+05,1.409982679786667e+05,1.667948285425675e+03,1.730084526772156e-06,0.000000000000000e+00,-1.000000000000000e+03,9.399884531911112e+04,2.030901356232705e+00,3.142858474936962e+05,5.091828627514668e-03,8.291265734392205e+08,0.000000000000000e+00,-4.336711075252589e-09,8.889803454134775e+10,8.889803454134776e+10,-5.761932678019212e+00,1.730084526772156e-06,1.000000000000000e+00,0.000000000000000e+00,1.532236316628938e+03,1.532236316628938e+03,1.517293304807205e+03,2.650898342758088e-03,1.000000000000000e+03,1.000000000000000e+00,
1.907126615544713e-05,0.000000000000000e+00,2.913008610754393e-02,1.527193675759856e+06,1.527171428628760e+06,1.527973061973919e+03,1.907126615544713e-05,0.000000000000000e+00,-1.000000000000000e+03,1.018114285752507e+06,2.224713109545058e+01,3.008093859477738e+05,5.120700368280888e-03,7.383706556166272e+08,0.000000000000000e+00,2.297465735009496e-06,8.143765800684904e+10,8.143765800684903e+10,-4.719620472865379e+00,1.907126615544713e-05,1.000000000000000e+00,0.000000000000000e+00,1.532563316635887e+03,1.532563316635887e+03,-1.206705361643415e+01,2.913008610754393e-02,1.000000000000000e+03,1.000000000000000e+00,
2.105392306971179e-04,0.000000000000000e+00,3.901136557186439e-01,1.683891374547507e+07,1.683855231956914e+07,1.502353606288862e+03,2.105392306971179e-04,0.000000000000000e+00,-1.000000000000000e+03,1.122570154637943e+07,3.614259059327132e+02,2.982768968102576e+05,6.215749681043126e-03,6.521909430594090e+08,0.000000000000000e+00,-2.060640035344932e-06,8.007219645368138e+10,8.007219645368137e+10,-3.676666968294685e+00,2.105392306971179e-04,1.000000000000000e+00,0.000000000000000e+00,1.852926195402805e+03,1.852926195402805e+03,-1.093261051712337e+03,3.901136557186439e-01,1.000000000000000e+03,1.000000000000000e+00,
2.306982709058266e-03,0.000000000000000e+00,4.652925251127212e+00,1.854091452747962e+08,1.854044530607394e+08,1.507878133846868e+03,2.306982709058266e-03,0.000000000000000e+00,-1.000000000000000e+03,1.236029687071596e+08,4.692214056822053e+03,2.988248127037072e+05,6.749398649088762e-03,5.667984970575205e+08,0.000000000000000e+00,-6.409267527204747e-07,8.036664181866512e+10,8.036664181866513e+10,-2.636955660523867e+00,2.306982709058266e-03,1.000000000000000e+00,0.000000000000000e+00,2.016887787176604e+03,2.016887787176604e+03,-1.664838201529474e+03,4.652925251127212e+00,1.000000000000000e+03,1.000000000000000e+00,
7.506092105675764e-08,0.000000000000000e+00,-7.506086956234720e-08,4.704015725606892e+03,4.704015725569361e+03,1.175832060883081e+03,7.506092105675764e-08,0.000000000000000e+00,-1.000000000000000e+03,3.136010483712908e+03,3.753120892599564e-08,2.638798224025648e+05,3.789641668625708e-06,8.372255314154843e+08,0.000000000000000e+00,8.327820480991122e-13,6.266930460408819e+10,6.266930460408818e+10,-7.124586110754096e+00,7.506092105675764e-08,1.000000000000000e+00,0.000000000000000e+00,-1.000000000030634e+00,1.000009970486311e+00,-9.496748142028996e-01,7.506166945064353e-08,1.000000000000000e+03,1.000000000000000e+00,
7.558587338207446e-08,0.000000000000000e+00,-7.506181476510058e-08,4.769483054662300e+03,4.769483054623532e+03,1.183916563429777e+03,7.558587338207446e-08,0.000000000000000e+00,-1.000000000000000e+03,3.179655369749021e+03,3.876831745333138e-08,2.647854290568717e+05,3.825067240632295e-06,8.373430959199489e+08,0.000000000000000e+00,2.914057837782314e-10,6.310019109674846e+10,6.310019109674847e+10,-7.121559364359746e+00,7.558587338207446e-08,1.000000000000000e+00,0.000000000000000e+00,-1.000011766521574e+00,1.012822070482207e+00,-9.080055354908196e-01,7.655504077803857e-08,1.000000000000000e+03,1.000000000000000e+00,
1.444291685109274e-07,0.000000000000000e+00,-5.120581331214442e-08,1.233363500218569e+04,1.233363500217364e+04,1.656295284074967e+03,1.444291685109274e-07,0.000000000000000e+00,-1.000000000000000e+03,8.222423334782425e+03,3.946830977216953e-08,3.131860554293871e+05,3.825758685168972e-06,8.460015413277800e+08,0.000000000000000e+00,2.509306256806565e-10,8.827695478387723e+10,8.827695478387723e+10,-6.840345089009551e+00,1.444291685109274e-07,1.000000000000000e+00,0.000000000000000e+00,-4.086144772485847e-01,1.015332034810265e+00,-2.911824791093279e-01,7.835617539243364e-08,1.000000000000000e+03,1.000000000000000e+00,
1.730084526772156e-06,0.000000000000000e+00,2.650898342758088e-03,1.410002988800229e+05,1.409982679786667e+05,1.667948285425675e+03,1.730084526772156e-06,0.000000000000000e+00,-1.000000000000000e+03,9.399884531911112e+04,2.030901356232705e+00,3.142858474936962e+05,5.091828627514668e-03,8.291265734392205e+08,0.000000000000000e+00,-4.336711075252589e-09,8.889803454134775e+10,8.889803454134776e+10,-5.761932678019212e+00,1.730084526772156e-06,1.000000000000000e+00,0.000000000000000e+00,1.532236316628938e+03,1.532236316628938e+03,1.517293304807205e+03,2.650898342758088e-03,1.000000000000000e+03,1.000000000000000e+00,
1.907126615544713e-05,0.000000000000000e+00,2.913008610754393e-02,1.527193675759856e+06,1.527171428628760e+06,1.527973061973919e+03,1.907126615544713e-05,0.000000000000000e+00,-1.000000000000000e+03,1.018114285752507e+06,2.224713109545058e+01,3.008093859477738e+05,5.120700368280888e-03,7.383706556166272e+08,0.000000000000000e+00,2.297465735009496e-06,8.143765800684904e+10,8.143765800684903e+10,-4.719620472865379e+00,1.907126615544713e-05,1.000000000000000e+00,0.000000000000000e+00,1.532563316635887e+03,1.532563316635887e+03,-1.206705361643415e+01,2.913008610754393e-02,1.000000000000000e+03,1.000000000000000e+00,
2.105392306971179e-04,0.000000000000000e+00,3.901136557186439e-01,1.683891374547507e+07,1.683855231956914e+07,1.502353606288862e+03,2.105392306971179e-04,0.000000000000000e+00,-1.000000000000000e+03,1.122570154637943e+07,3.614259059327132e+02,2.982768968102576e+05,6.215749681043126e-03,6.521909430594090e+08,0.000000000000000e+00,-2.060640035344932e-06,8.007219645368138e+10,8.007219645368137e+10,-3.676666968294685e+00,2.105392306971179e-04,1.000000000000000e+00,0.000000000000000e+00,1.852926195402805e+03,1.852926195402805e+03,-1.093261051712337e+03,3.901136557186439e-01,1.000000000000000e+03,1.000000000000000e+00,
2.306982709058266e-03,0.000000000000000e+00,4.652925251127212e+00,1.854091452747962e+08,1.854044530607394e+08,1.507878133846868e+03,2.306982709058266e-03,0.000000000000000e+00,-1.000000000000000e+03,1.236029687071596e+08,4.692214056822053e+03,2.988248127037072e+05,6.749398649088762e-03,5.667984970575205e+08,0.000000000000000e+00,-6.409267527204747e-07,8.036664181866512e+10,8.036664181866513e+10,-2.636955660523867e+00,2.306982709058266e-03,1.000000000000000e+00,0.000000000000000e+00,2.016887787176604e+03,2.016887787176604e+03,-1.664838201529474e+03,4.652925251127212e+00,1.000000000000000e+03,1.000000000000000e+00,
7.506092105675764e-08,0.000000000000000e+00,-7.506086956234720e-08,4.704015725606892e+03,4.704015725569361e+03,1.175832060883081e+03,7.506092105675764e-08,0.000000000000000e+00,-1.000000000000000e+03,3.136010483712908e+03,3.753120892599564e-08,2.638798224025648e+05,3.789641668625708e-06,8.372255314154843e+08,0.000000000000000e+00,8.327820480991122e-13,6.266930460408819e+10,6.266930460408818e+10,-7.124586110754096e+00,7.506092105675764e-08,1.000000000000000e+00,0.000000000000000e+00,-1.000000000030634e+00,1.000009970486311e+00,-8.337206139984012e-01,7.506166945064353e-08,1.000000000000000e+03,1.000000000000000e+00,
7.558587338207446e-08,0.000000000000000e+00,-7.506181476510058e-08,4.769483054662300e+03,4.769483054623532e+03,1.183916563429777e+03,7.558587338207446e-08,0.000000000000000e+00,-1.000000000000000e+03,3.179655369749021e+03,3.876831745333138e-08,2.647854290568717e+05,3.825067240632295e-06,8.373430959199489e+08,0.000000000000000e+00,2.914057837782314e-10,6.310019109674846e+10,6.310019109674847e+10,-7.121559364359746e+00,7.558587338207446e-08,1.000000000000000e+00,0.000000000000000e+00,-1.000011766521574e+00,1.012822070482207e+00,-7.189654210881801e-01,7.655504077803857e-08,1.000000000000000e+03,1.000000000000000e+00,
1.444291685109274e-07,0.000000000000000e+00,-5.120581331214442e-08,1.233363500218569e+04,1.233363500217364e+04,1.656295284074967e+03,1.444291685109274e-07,0.000000000000000e+00,-1.000000000000000e+03,8.222423334782425e+03,3.946830977216953e-08,3.131860554293871e+05,3.825758685168972e-06,8.460015413277800e+08,0.000000000000000e+00,2.509306256806565e-10,8.827695478387723e+10,8.827695478387723e+10,-6.840345089009551e+00,1.444291685109274e-07,1.000000000000000e+00,0.000000000000000e+00,-4.086144772485847e-01,1.015332034810265e+00,-1.844517660512195e-01,7.835617539243364e-08,1.000000000000000e+03,1.000000000000000e+00,
1.730084526772156e-06,0.000000000000000e+00,2.650898342758088e-03,1.410002988800229e+05,1.409982679786667e+05,1.667948285425675e+03,1.730084526772156e-06,0.000000000000000e+00,-1.000000000000000e+03,9.399884531911112e+04,2.030901356232705e+00,3.142858474936962e+05,5.091828627514668e-03,8.291265734392205e+08,0.000000000000000e+00,-4.336711075252589e-09,8.889803454134775e+10,8.889803454134776e+10,-5.761932678019212e+00,1.730084526772156e-06,1.000000000000000e+00,0.000000000000000e+00,1.532236316628938e+03,1.532236316628938e+03,5.400708255375700e+02,2.650898342758088e-03,1.000000000000000e+03,1.000000000000000e+00,
1.907126615544713e-05,0.000000000000000e+00,2.913008610754393e-02,1.527193675759856e+06,1.527171428628760e+06,1.527973061973919e+03,1.907126615544713e-05,0.000000000000000e+00,-1.000000000000000e+03,1.018114285752507e+06,2.224713109545058e+01,3.008093859477738e+05,5.120700368280888e-03,7.383706556166272e+08,0.000000000000000e+00,2.297465735009496e-06,8.143765800684904e+10,8.143765800684903e+10,-4.719620472865379e+00,1.907126615544713e-05,1.000000000000000e+00,0.000000000000000e+00,1.532563316635887e+03,1.532563316635887e+03,-6.010006009237982e+00,2.913008610754393e-02,1.000000000000000e+03,1.000000000000000e+00,
2.105392306971179e-04,0.000000000000000e+00,3.901136557186439e-01,1.683891374547507e+07,1.683855231956914e+07,1.502353606288862e+03,2.105392306971179e-04,0.000000000000000e+00,-1.000000000000000e+03,1.122570154637943e+07,3.614259059327132e+02,2.982768968102576e+05,6.215749681043126e-03,6.521909430594090e+08,0.000000000000000e+00,-2.060640035344932e-06,8.007219645368138e+10,8.007219645368137e+10,-3.676666968294685e+00,2.105392306971179e-04,1.000000000000000e+00,0.000000000000000e+00,1.852926195402805e+03,1.852926195402805e+03,-6.925345658165131e+02,3.901136557186439e-01,1.000000000000000e+03,1.000000000000000e+00,
2.306982709058266e-03,0.000000000000000e+00,4.652925251127212e+00,1.854091452747962e+08,1.854044530607394e+08,1.507878133846868e+03,2.306982709058266e-03,0.000000000000000e+00,-1.000000000000000e+03,1.236029687071596e+08,4.692214056822053e+03,2.988248127037072e+05,6.749398649088762e-03,5.667984970575205e+08,0.000000000000000e+00,-6.409267527204747e-07,8.036664181866512e+10,8.036664181866513e+10,-2.636955660523867e+00,2.306982709058266e-03,1.000000000000000e+00,0.000000000000000e+00,2.016887787176604e+03,2.016887787176604e+03,-1.318231058976213e+03,4.652925251127212e+00,1.000000000000000e+03,1.000000000000000e+00,
7.506092105675764e-08,0.000000000000000e+00,-7.506086956234720e-08,4.704015725606892e+03,4.704015725569361e+03,1.175832060883081e+03,7.506092105675764e-08,0.000000000000000e+00,-1.000000000000000e+03,3.136010483712908e+03,3.753120892599564e-08,2.638798224025648e+05,3.789641668625708e-06,8.372255314154843e+08,0.000000000000000e+00,8.327820480991122e-13,6.266930460408819e+10,6.266930460408818e+10,-7.124586110754096e+00,7.506092105675764e-08,1.000000000000000e+00,0.000000000000000e+00,-1.000000000030634e+00,1.000009970486311e+00,-7.089528697111608e-01,7.506166945064353e-08,1.000000000000000e+03,1.000000000000000e+00,
7.558587338207446e-08,0.000000000000000e+00,-7.506181476510058e-08,4.769483054662300e+03,4.769483054623532e+03,1.183916563429777e+03,7.558587338207446e-08,0.000000000000000e+00,-1.000000000000000e+03,3.179655369749021e+03,3.876831745333138e-08,2.647854290568717e+05,3.825067240632295e-06,8.373430959199489e+08,0.000000000000000e+00,2.914057837782314e-10,6.310019109674846e+10,6.310019109674847e+10,-7.121559364359746e+00,7.558587338207446e-08,1.000000000000000e+00,0.000000000000000e+00,-1.000011766521574e+00,1.012822070482207e+00,-5.643437813990612e-01,7.655504077803857e-08,1.000000000000000e+03,1.000000000000000e+00,
1.444291685109274e-07,0.000000000000000e+00,-5.120581331214442e-08,1.233363500218569e+04,1.233363500217364e+04,1.656295284074967e+03,1.444291685109274e-07,0.000000000000000e+00,-1.000000000000000e+03,8.222423334782425e+03,3.946830977216953e-08,3.131860554293871e+05,3.825758685168972e-06,8.460015413277800e+08,0.000000000000000e+00,2.509306256806565e-10,8.827695478387723e+10,8.827695478387723e+10,-6.840345089009551e+00,1.444291685109274e-07,1.000000000000000e+00,0.000000000000000e+00,-4.086144772485847e-01,1.015332034810265e+00,-1.304278931237364e-01,7.835617539243364e-08,1.000000000000000e+03,1.000000000000000e+00,
1.730084526772156e-06,0.000000000000000e+00,2.650898342758088e-03,1.410002988800229e+05,1.409982679786667e+05,1.667948285425675e+03,1.730084526772156e-06,0.000000000000000e+00,-1.000000000000000e+03,9.399884531911112e+04,2.030901356232705e+00,3.142858474936962e+05,5.091828627514668e-03,8.291265734392205e+08,0.000000000000000e+00,-4.336711075252589e-09,8.889803454134775e+10,8.889803454134776e+10,-5.761932678019212e+00,1.730084526772156e-06,1.000000000000000e+00,0.000000000000000e+00,1.532236316628938e+03,1.532236316628938e+03,3.024242480348062e+02,2.650898342758088e-03,1.000000000000000e+03,1.000000000000000e+00,
1.907126615544713e-05,0.000000000000000e+00,2.913008610754393e-02,1.527193675759856e+06,1.527171428628760e+06,1.527973061973919e+03,1.907126615544713e-05,0.000000000000000e+00,-1.000000000000000e+03,1.018114285752507e+06,2.224713109545058e+01,3.008093859477738e+05,5.120700368280888e-03,7.383706556166272e+08,0.000000000000000e+00,2.297465735009496e-06,8.143765800684904e+10,8.143765800684903e+10,-4.719620472865379e+00,1.907126615544713e-05,1.000000000000000e+00,0.000000000000000e+00,1.532563316635887e+03,1.532563316635887e+03,-4.001457161384793e+00,2.913008610754393e-02,1.000000000000000e+03,1.000000000000000e+00,
2.105392306971179e-04,0.000000000000000e+00,3.901136557186439e-01,1.683891374547507e+07,1.683855231956914e+07,1.502353606288862e+03,2.105392306971179e-04,0.000000000000000e+00,-1.000000000000000e+03,1.122570154637943e+07,3.614259059327132e+02,2.982768968102576e+05,6.215749681043126e-03,6.521909430594090e+08,0.000000000000000e+00,-2.060640035344932e-06,8.007219645368138e+10,8.007219645368137e+10,-3.676666968294685e+00,2.105392306971179e-04,1.000000000000000e+00,0.000000000000000e+00,1.852926195402805e+03,1.852926195402805e+03,-4.896988858850351e+02,3.901136557186439e-01,1.000000000000000e+03,1.000000000000000e+00,
2.306982709058266e-03,0.000000000000000e+00,4.652925251127212e+00,1.854091452747962e+08,1.854044530607394e+08,1.507878133846868e+03,2.306982709058266e-03,0.000000000000000e+00,-1.000000000000000e+03,1.236029687071596e+08,4.692214056822053e+03,2.988248127037072e+05,6.749398649088762e-03,5.667984970575205e+08,0.000000000000000e+00,-6.409267527204747e-07,8.036664181866512e+10,8.036664181866513e+10,-2.636955660523867e+00,2.306982709058266e-03,1.000000000000000e+00,0.000000000000000e+00,2.016887787176604e+03,2.016887787176604e+03,-1.034730570844911e+03,4.652925251127212e+00,1.000000000000000e+03,1.000000000000000e+00,

