1
0
28
0
(64 0
((0,0) (63,63) (0,0))
((448,0) (511,63) (0,0))
((384,0) (447,63) (0,0))
((320,0) (383,63) (0,0))
((256,0) (319,63) (0,0))
((192,0) (255,63) (0,0))
((128,0) (191,63) (0,0))
((64,0) (127,63) (0,0))
((0,448) (63,511) (0,0))
((0,384) (63,447) (0,0))
((0,320) (63,383) (0,0))
((0,256) (63,319) (0,0))
((0,192) (63,255) (0,0))
((0,128) (63,191) (0,0))
((0,64) (63,127) (0,0))
((448,448) (511,511) (0,0))
((448,384) (511,447) (0,0))
((448,320) (511,383) (0,0))
((448,256) (511,319) (0,0))
((448,192) (511,255) (0,0))
((448,128) (511,191) (0,0))
((448,64) (511,127) (0,0))
((384,448) (447,511) (0,0))
((384,384) (447,447) (0,0))
((384,320) (447,383) (0,0))
((384,256) (447,319) (0,0))
((384,192) (447,255) (0,0))
((384,128) (447,191) (0,0))
((384,64) (447,127) (0,0))
((320,448) (383,511) (0,0))
((320,384) (383,447) (0,0))
((320,320) (383,383) (0,0))
((320,256) (383,319) (0,0))
((320,192) (383,255) (0,0))
((320,128) (383,191) (0,0))
((320,64) (383,127) (0,0))
((256,448) (319,511) (0,0))
((256,384) (319,447) (0,0))
((256,320) (319,383) (0,0))
((256,256) (319,319) (0,0))
((256,192) (319,255) (0,0))
((256,128) (319,191) (0,0))
((256,64) (319,127) (0,0))
((192,448) (255,511) (0,0))
((192,384) (255,447) (0,0))
((192,320) (255,383) (0,0))
((192,256) (255,319) (0,0))
((192,192) (255,255) (0,0))
((192,128) (255,191) (0,0))
((192,64) (255,127) (0,0))
((128,448) (191,511) (0,0))
((128,384) (191,447) (0,0))
((128,320) (191,383) (0,0))
((128,256) (191,319) (0,0))
((128,192) (191,255) (0,0))
((128,128) (191,191) (0,0))
((128,64) (191,127) (0,0))
((64,448) (127,511) (0,0))
((64,384) (127,447) (0,0))
((64,320) (127,383) (0,0))
((64,256) (127,319) (0,0))
((64,192) (127,255) (0,0))
((64,128) (127,191) (0,0))
((64,64) (127,127) (0,0))
)
64
FabOnDisk: Cell_D_0000 0
FabOnDisk: Cell_D_0001 0
FabOnDisk: Cell_D_0001 917590
FabOnDisk: Cell_D_0001 1835180
FabOnDisk: Cell_D_0001 2752770
FabOnDisk: Cell_D_0000 917587
FabOnDisk: Cell_D_0000 1835177
FabOnDisk: Cell_D_0000 2752767
FabOnDisk: Cell_D_0002 0
FabOnDisk: Cell_D_0002 917590
FabOnDisk: Cell_D_0002 1835180
FabOnDisk: Cell_D_0002 2752770
FabOnDisk: Cell_D_0000 3670356
FabOnDisk: Cell_D_0000 4587946
FabOnDisk: Cell_D_0000 5505536
FabOnDisk: Cell_D_0003 0
FabOnDisk: Cell_D_0003 917593
FabOnDisk: Cell_D_0003 1835186
FabOnDisk: Cell_D_0003 2752779
FabOnDisk: Cell_D_0001 3670360
FabOnDisk: Cell_D_0001 4587953
FabOnDisk: Cell_D_0001 5505546
FabOnDisk: Cell_D_0003 3670372
FabOnDisk: Cell_D_0003 4587965
FabOnDisk: Cell_D_0003 5505558
FabOnDisk: Cell_D_0003 6423151
FabOnDisk: Cell_D_0001 6423138
FabOnDisk: Cell_D_0001 7340731
FabOnDisk: Cell_D_0001 8258324
FabOnDisk: Cell_D_0003 7340744
FabOnDisk: Cell_D_0003 8258337
FabOnDisk: Cell_D_0003 9175930
FabOnDisk: Cell_D_0003 10093523
FabOnDisk: Cell_D_0001 9175916
FabOnDisk: Cell_D_0001 10093509
FabOnDisk: Cell_D_0001 11011102
FabOnDisk: Cell_D_0003 11011116
FabOnDisk: Cell_D_0003 11928709
FabOnDisk: Cell_D_0003 12846302
FabOnDisk: Cell_D_0003 13763895
FabOnDisk: Cell_D_0001 11928694
FabOnDisk: Cell_D_0001 12846287
FabOnDisk: Cell_D_0001 13763880
FabOnDisk: Cell_D_0002 3670360
FabOnDisk: Cell_D_0002 4587953
FabOnDisk: Cell_D_0002 5505546
FabOnDisk: Cell_D_0002 6423139
FabOnDisk: Cell_D_0000 6423125
FabOnDisk: Cell_D_0000 7340718
FabOnDisk: Cell_D_0000 8258311
FabOnDisk: Cell_D_0002 7340732
FabOnDisk: Cell_D_0002 8258325
FabOnDisk: Cell_D_0002 9175918
FabOnDisk: Cell_D_0002 10093511
FabOnDisk: Cell_D_0000 9175903
FabOnDisk: Cell_D_0000 10093496
FabOnDisk: Cell_D_0000 11011089
FabOnDisk: Cell_D_0002 11011104
FabOnDisk: Cell_D_0002 11928696
FabOnDisk: Cell_D_0002 12846288
FabOnDisk: Cell_D_0002 13763880
FabOnDisk: Cell_D_0000 11928681
FabOnDisk: Cell_D_0000 12846273
FabOnDisk: Cell_D_0000 13763865

64,28
3.256535027454032e-03,0.000000000000000e+00,7.718030903682350e+00,2.630833549863796e+08,2.630742090689355e+08,1.515698921511277e+03,3.256535027454032e-03,0.000000000000000e+00,-1.000000000000000e+03,1.753828060459570e+08,9.145917444156317e+03,2.995987555209288e+05,7.164033724985006e-03,4.131909133109688e+08,0.000000000000000e+00,-1.243358933334093e-07,8.078347287872031e+10,8.078347287872031e+10,-2.487244246171554e+00,3.256535027454032e-03,1.000000000000000e+00,0.000000000000000e+00,2.370013170015349e+03,2.370013170015349e+03,-1.895841876579549e+03,7.718030903682350e+00,1.000000000000000e+03,1.000000000000000e+00,
3.256535027454032e-03,0.000000000000000e+00,7.718030903682350e+00,2.630833549863796e+08,2.630742090689355e+08,1.515698921511277e+03,3.256535027454032e-03,0.000000000000000e+00,-1.000000000000000e+03,1.753828060459570e+08,9.145917444156317e+03,2.995987555209288e+05,7.164033724985006e-03,4.131909133109688e+08,0.000000000000000e+00,-1.243358933334093e-07,8.078347287872031e+10,8.078347287872031e+10,-2.487244246171554e+00,3.256535027454032e-03,1.000000000000000e+00,0.000000000000000e+00,2.370013170015349e+03,2.370013170015349e+03,-1.895841876579549e+03,7.718030903682350e+00,1.000000000000000e+03,1.000000000000000e+00,
3.256535027454032e-03,0.000000000000000e+00,7.718030903682350e+00,2.630833549863796e+08,2.630742090689355e+08,1.515698921511277e+03,3.256535027454032e-03,0.000000000000000e+00,-1.000000000000000e+03,1.753828060459570e+08,9.145917444156317e+03,2.995987555209288e+05,7.164033724985006e-03,4.131909133109688e+08,0.000000000000000e+00,-1.243358933334093e-07,8.078347287872031e+10,8.078347287872031e+10,-2.487244246171554e+00,3.256535027454032e-03,1.000000000000000e+00,0.000000000000000e+00,2.370013170015349e+03,2.370013170015349e+03,-2.120609245344105e+03,7.718030903682350e+00,1.000000000000000e+03,1.000000000000000e+00,
3.256535027454032e-03,0.000000000000000e+00,7.718030903682350e+00,2.630833549863796e+08,2.630742090689355e+08,1.515698921511277e+03,3.256535027454032e-03,0.000000000000000e+00,-1.000000000000000e+03,1.753828060459570e+08,9.145917444156317e+03,2.995987555209288e+05,7.164033724985006e-03,4.131909133109688e+08,0.000000000000000e+00,-1.243358933334093e-07,8.078347287872031e+10,8.078347287872031e+10,-2.487244246171554e+00,3.256535027454032e-03,1.000000000000000e+00,0.000000000000000e+00,2.370013170015349e+03,2.370013170015349e+03,-2.301499962694250e+03,7.718030903682350e+00,1.000000000000000e+03,1.000000000000000e+00,
3.256535027454032e-03,0.000000000000000e+00,7.718030903682350e+00,2.630833549863796e+08,2.630742090689355e+08,1.515698921511277e+03,3.256535027454032e-03,0.000000000000000e+00,-1.000000000000000e+03,1.753828060459570e+08,9.145917444156317e+03,2.995987555209288e+05,7.164033724985006e-03,4.131909133109688e+08,0.000000000000000e+00,-1.243358933334093e-07,8.078347287872031e+10,8.078347287872031e+10,-2.487244246171554e+00,3.256535027454032e-03,1.000000000000000e+00,0.000000000000000e+00,2.370013170015349e+03,2.370013170015349e+03,-2.376105402591293e+03,7.718030903682350e+00,1.000000000000000e+03,1.000000000000000e+00,
3.256535027454032e-03,0.000000000000000e+00,7.718030903682350e+00,2.630833549863796e+08,2.630742090689355e+08,1.515698921511277e+03,3.256535027454032e-03,0.000000000000000e+00,-1.000000000000000e+03,1.753828060459570e+08,9.145917444156317e+03,2.995987555209288e+05,7.164033724985006e-03,4.131909133109688e+08,0.000000000000000e+00,-1.243358933334093e-07,8.078347287872031e+10,8.078347287872031e+10,-2.487244246171554e+00,3.256535027454032e-03,1.000000000000000e+00,0.000000000000000e+00,2.370013170015349e+03,2.370013170015349e+03,-2.376105402591293e+03,7.718030903682350e+00,1.000000000000000e+03,1.000000000000000e+00,
3.256535027454032e-03,0.000000000000000e+00,7.718030903682350e+00,2.630833549863796e+08,2.630742090689355e+08,1.515698921511277e+03,3.256535027454032e-03,0.000000000000000e+00,-1.000000000000000e+03,1.753828060459570e+08,9.145917444156317e+03,2.995987555209288e+05,7.164033724985006e-03,4.131909133109688e+08,0.000000000000000e+00,-1.243358933334093e-07,8.078347287872031e+10,8.078347287872031e+10,-2.487244246171554e+00,3.256535027454032e-03,1.000000000000000e+00,0.000000000000000e+00,2.370013170015349e+03,2.370013170015349e+03,-2.301499962694250e+03,7.718030903682350e+00,1.000000000000000e+03,1.000000000000000e+00,
3.256535027454032e-03,0.000000000000000e+00,7.718030903682350e+00,2.630833549863796e+08,2.630742090689355e+08,1.515698921511277e+03,3.256535027454032e-03,0.000000000000000e+00,-1.000000000000000e+03,1.753828060459570e+08,9.145917444156317e+03,2.995987555209288e+05,7.164033724985006e-03,4.131909133109688e+08,0.000000000000000e+00,-1.243358933334093e-07,8.078347287872031e+10,8.078347287872031e+10,-2.487244246171554e+00,3.256535027454032e-03,1.000000000000000e+00,0.000000000000000e+00,2.370013170015349e+03,2.370013170015349e+03,-2.120609245344105e+03,7.718030903682350e+00,1.000000000000000e+03,1.000000000000000e+00,
7.506087544989231e-08,0.000000000000000e+00,-7.508300042592796e-08,3.178847983928974e+03,3.178847983891444e+03,7.945963332757835e+02,7.506087544989231e-08,0.000000000000000e+00,-1.000000000000000e+03,2.119231989260963e+03,3.753048663836020e-08,2.169236046593483e+05,4.609920774720287e-06,8.163382864022707e+08,0.000000000000000e+00,-1.747429323462057e-14,4.235026523256470e+10,4.235026523256470e+10,-7.124586374630634e+00,7.506087544989231e-08,1.000000000000000e+00,0.000000000000000e+00,-1.000159244607367e+00,1.000000645536060e+00,-7.986857728695349e-01,7.506092479909108e-08,1.000000000000000e+03,1.000000000000000e+00,
7.507221763278212e-08,0.000000000000000e+00,-7.672656709978544e-08,3.179882223875511e+03,3.179882223837962e+03,7.947347660773559e+02,7.507221763278212e-08,0.000000000000000e+00,-1.000000000000000e+03,2.119921482558641e+03,3.754895114048145e-08,2.169424998097947e+05,4.385973920235218e-06,8.163422023312243e+08,0.000000000000000e+00,-9.520360329638155e-10,4.235764340135050e+10,4.235764340135049e+10,-7.124520754888177e+00,7.507221763278212e-08,1.000000000000000e+00,0.000000000000000e+00,-1.000457073247053e+00,9.798375270659017e-01,-7.053836022318677e-01,7.508505885861615e-08,1.000000000000000e+03,1.000000000000000e+00,
7.854748522295307e-08,0.000000000000000e+00,-7.780295005997346e-08,3.544101100605409e+03,3.544101100567855e+03,8.465726604616757e+02,7.854748522295307e-08,0.000000000000000e+00,-1.000000000000000e+03,2.362734067045237e+03,2.247328824531073e-09,2.239059599382345e+05,4.656858255699536e-07,8.181020473885463e+08,0.000000000000000e+00,-1.898956933350588e-08,4.512049100627605e+10,4.512049100627605e+10,-7.104867714777766e+00,7.854748522295307e-08,1.000000000000000e+00,0.000000000000000e+00,-9.778584390288982e-01,1.554377229025527e-01,-5.399725077404026e-01,2.891613158718200e-08,1.000000000000000e+03,1.000000000000000e+00,
1.933686624932149e-07,0.000000000000000e+00,-2.176627504179658e-08,1.941982335624817e+04,1.941982335624695e+04,1.548859097466146e+03,1.933686624932149e-07,0.000000000000000e+00,-1.000000000000000e+03,1.294654890416463e+04,8.390390228648041e-11,3.028583066309229e+05,8.120415412760402e-08,7.291950970923243e+08,0.000000000000000e+00,-3.390407270307481e-04,8.255083850581514e+10,8.255083850581512e+10,-6.713613906721553e+00,1.933686624932149e-07,1.000000000000000e+00,0.000000000000000e+00,-1.125636117101463e-01,2.724404160536393e-02,-3.526237837454627e-02,6.159431372323335e-09,1.000000000000000e+03,1.000000000000000e+00,
2.463931006560918e-06,0.000000000000000e+00,4.429765510555433e-03,2.031634410996277e+05,2.031594590842169e+05,1.504639941238035e+03,2.463931006560918e-06,0.000000000000000e+00,-1.000000000000000e+03,1.354396393894780e+05,3.982015410791756e+00,2.985037747003996e+05,5.939764095995137e-03,6.423624279993449e+08,0.000000000000000e+00,-5.151304111504714e-06,8.019405315934822e+10,8.019405315934821e+10,-5.608371457177006e+00,2.463931006560918e-06,1.000000000000000e+00,0.000000000000000e+00,1.797844784922922e+03,1.797844784922922e+03,-6.737457339729219e+02,4.429765510555433e-03,1.000000000000000e+03,1.000000000000000e+00,
2.716949823909674e-05,0.000000000000000e+00,5.852538726337241e-02,2.178671490890190e+06,2.178608456583774e+06,1.500983219819815e+03,2.716949823909674e-05,0.000000000000000e+00,-1.000000000000000e+03,1.452405637722516e+06,6.303430641569304e+01,2.981408276862442e+05,7.216641796213710e-03,5.569383470552832e+08,0.000000000000000e+00,-1.771018425313400e-06,7.999915782009489e+10,7.999915782009489e+10,-4.565918381972381e+00,2.716949823909674e-05,1.000000000000000e+00,0.000000000000000e+00,2.154084214155811e+03,2.154084214155811e+03,-1.281301790906303e+03,5.852538726337241e-02,1.000000000000000e+03,1.000000000000000e+00,
2.996427743538555e-04,0.000000000000000e+00,6.957143068564992e-01,2.397192268098350e+07,2.397111502193381e+07,1.500976685089022e+03,2.996427743538555e-04,0.000000000000000e+00,-1.000000000000000e+03,1.598074334795588e+07,8.076590496943368e+02,2.981401786875939e+05,7.787645367441883e-03,4.726103357873492e+08,0.000000000000000e+00,-7.170642163661114e-07,7.999880953308336e+10,7.999880953308337e+10,-3.523396190505739e+00,2.996427743538555e-04,1.000000000000000e+00,0.000000000000000e+00,2.321812392628941e+03,2.321812392628941e+03,-1.671354093464638e+03,6.957143068564992e-01,1.000000000000000e+03,1.000000000000000e+00,
7.506087544989231e-08,0.000000000000000e+00,-7.508300042592796e-08,3.178847983928974e+03,3.178847983891444e+03,7.945963332757835e+02,7.506087544989231e-08,0.000000000000000e+00,-1.000000000000000e+03,2.119231989260963e+03,3.753048663836020e-08,2.169236046593483e+05,4.609920774720287e-06,8.163382864022707e+08,0.000000000000000e+00,-1.747429323462057e-14,4.235026523256470e+10,4.235026523256470e+10,-7.124586374630634e+00,7.506087544989231e-08,1.000000000000000e+00,0.000000000000000e+00,-1.000159244607367e+00,1.000000645536060e+00,-7.986857728695349e-01,7.506092479909108e-08,1.000000000000000e+03,1.000000000000000e+00,
7.507221763278212e-08,0.000000000000000e+00,-7.672656709978544e-08,3.179882223875511e+03,3.179882223837962e+03,7.947347660773559e+02,7.507221763278212e-08,0.000000000000000e+00,-1.000000000000000e+03,2.119921482558641e+03,3.754895114048145e-08,2.169424998097947e+05,4.385973920235218e-06,8.163422023312243e+08,0.000000000000000e+00,-9.520360329638155e-10,4.235764340135050e+10,4.235764340135049e+10,-7.124520754888177e+00,7.507221763278212e-08,1.000000000000000e+00,0.000000000000000e+00,-1.000457073247053e+00,9.798375270659017e-01,-7.053836022318677e-01,7.508505885861615e-08,1.000000000000000e+03,1.000000000000000e+00,
7.854748522295307e-08,0.000000000000000e+00,-7.780295005997346e-08,3.544101100605409e+03,3.544101100567855e+03,8.465726604616757e+02,7.854748522295307e-08,0.000000000000000e+00,-1.000000000000000e+03,2.362734067045237e+03,2.247328824531073e-09,2.239059599382345e+05,4.656858255699536e-07,8.181020473885463e+08,0.000000000000000e+00,-1.898956933350588e-08,4.512049100627605e+10,4.512049100627605e+10,-7.104867714777766e+00,7.854748522295307e-08,1.000000000000000e+00,0.000000000000000e+00,-9.778584390288982e-01,1.554377229025527e-01,-5.399725077404026e-01,2.891613158718200e-08,1.000000000000000e+03,1.000000000000000e+00,
1.933686624932149e-07,0.000000000000000e+00,-2.176627504179658e-08,1.941982335624817e+04,1.941982335624695e+04,1.548859097466146e+03,1.933686624932149e-07,0.000000000000000e+00,-1.000000000000000e+03,1.294654890416463e+04,8.390390228648041e-11,3.028583066309229e+05,8.120415412760402e-08,7.291950970923243e+08,0.000000000000000e+00,-3.390407270307481e-04,8.255083850581514e+10,8.255083850581512e+10,-6.713613906721553e+00,1.933686624932149e-07,1.000000000000000e+00,0.000000000000000e+00,-1.125636117101463e-01,2.724404160536393e-02,-3.526237837454627e-02,6.159431372323335e-09,1.000000000000000e+03,1.000000000000000e+00,
2.463931006560918e-06,0.000000000000000e+00,4.429765510555433e-03,2.031634410996277e+05,2.031594590842169e+05,1.504639941238035e+03,2.463931006560918e-06,0.000000000000000e+00,-1.000000000000000e+03,1.354396393894780e+05,3.982015410791756e+00,2.985037747003996e+05,5.939764095995137e-03,6.423624279993449e+08,0.000000000000000e+00,-5.151304111504714e-06,8.019405315934822e+10,8.019405315934821e+10,-5.608371457177006e+00,2.463931006560918e-06,1.000000000000000e+00,0.000000000000000e+00,1.797844784922922e+03,1.797844784922922e+03,-6.737457339729219e+02,4.429765510555433e-03,1.000000000000000e+03,1.000000000000000e+00,
2.716949823909674e-05,0.000000000000000e+00,5.852538726337241e-02,2.178671490890190e+06,2.178608456583774e+06,1.500983219819815e+03,2.716949823909674e-05,0.000000000000000e+00,-1.000000000000000e+03,1.452405637722516e+06,6.303430641569304e+01,2.981408276862442e+05,7.216641796213710e-03,5.569383470552832e+08,0.000000000000000e+00,-1.771018425313400e-06,7.999915782009489e+10,7.999915782009489e+10,-4.565918381972381e+00,2.716949823909674e-05,1.000000000000000e+00,0.000000000000000e+00,2.154084214155811e+03,2.154084214155811e+03,-1.281301790906303e+03,5.852538726337241e-02,1.000000000000000e+03,1.000000000000000e+00,
2.996427743538555e-04,0.000000000000000e+00,6.957143068564992e-01,2.397192268098350e+07,2.397111502193381e+07,1.500976685089022e+03,2.996427743538555e-04,0.000000000000000e+00,-1.000000000000000e+03,1.598074334795588e+07,8.076590496943368e+02,2.981401786875939e+05,7.787645367441883e-03,4.726103357873492e+08,0.000000000000000e+00,-7.170642163661114e-07,7.999880953308336e+10,7.999880953308337e+10,-3.523396190505739e+00,2.996427743538555e-04,1.000000000000000e+00,0.000000000000000e+00,2.321812392628941e+03,2.321812392628941e+03,-1.671354093464638e+03,6.957143068564992e-01,1.000000000000000e+03,1.000000000000000e+00,
7.506087544989231e-08,0.000000000000000e+00,-7.508300042592796e-08,3.178847983928974e+03,3.178847983891444e+03,7.945963332757835e+02,7.506087544989231e-08,0.000000000000000e+00,-1.000000000000000e+03,2.119231989260963e+03,3.753048663836020e-08,2.169236046593483e+05,4.609920774720287e-06,8.163382864022707e+08,0.000000000000000e+00,-1.747429323462057e-14,4.235026523256470e+10,4.235026523256470e+10,-7.124586374630634e+00,7.506087544989231e-08,1.000000000000000e+00,0.000000000000000e+00,-1.000159244607367e+00,1.000000645536060e+00,-8.933764228943442e-01,7.506092479909108e-08,1.000000000000000e+03,1.000000000000000e+00,
7.507221763278212e-08,0.000000000000000e+00,-7.672656709978544e-08,3.179882223875511e+03,3.179882223837962e+03,7.947347660773559e+02,7.507221763278212e-08,0.000000000000000e+00,-1.000000000000000e+03,2.119921482558641e+03,3.754895114048145e-08,2.169424998097947e+05,4.385973920235218e-06,8.163422023312243e+08,0.000000000000000e+00,-9.520360329638155e-10,4.235764340135050e+10,4.235764340135049e+10,-7.124520754888177e+00,7.507221763278212e-08,1.000000000000000e+00,0.000000000000000e+00,-1.000457073247053e+00,9.798375270659017e-01,-8.305208091134196e-01,7.508505885861615e-08,1.000000000000000e+03,1.000000000000000e+00,
7.854748522295307e-08,0.000000000000000e+00,-7.780295005997346e-08,3.544101100605409e+03,3.544101100567855e+03,8.465726604616757e+02,7.854748522295307e-08,0.000000000000000e+00,-1.000000000000000e+03,2.362734067045237e+03,2.247328824531073e-09,2.239059599382345e+05,4.656858255699536e-07,8.181020473885463e+08,0.000000000000000e+00,-1.898956933350588e-08,4.512049100627605e+10,4.512049100627605e+10,-7.104867714777766e+00,7.854748522295307e-08,1.000000000000000e+00,0.000000000000000e+00,-9.778584390288982e-01,1.554377229025527e-01,-6.887441007330288e-01,2.891613158718200e-08,1.000000000000000e+03,1.000000000000000e+00,
1.933686624932149e-07,0.000000000000000e+00,-2.176627504179658e-08,1.941982335624817e+04,1.941982335624695e+04,1.548859097466146e+03,1.933686624932149e-07,0.000000000000000e+00,-1.000000000000000e+03,1.294654890416463e+04,8.390390228648041e-11,3.028583066309229e+05,8.120415412760402e-08,7.291950970923243e+08,0.000000000000000e+00,-3.390407270307481e-04,8.255083850581514e+10,8.255083850581512e+10,-6.713613906721553e+00,1.933686624932149e-07,1.000000000000000e+00,0.000000000000000e+00,-1.125636117101463e-01,2.724404160536393e-02,-4.986823032010538e-02,6.159431372323335e-09,1.000000000000000e+03,1.000000000000000e+00,
2.463931006560918e-06,0.000000000000000e+00,4.429765510555433e-03,2.031634410996277e+05,2.031594590842169e+05,1.504639941238035e+03,2.463931006560918e-06,0.000000000000000e+00,-1.000000000000000e+03,1.354396393894780e+05,3.982015410791756e+00,2.985037747003996e+05,5.939764095995137e-03,6.423624279993449e+08,0.000000000000000e+00,-5.151304111504714e-06,8.019405315934822e+10,8.019405315934821e+10,-5.608371457177006e+00,2.463931006560918e-06,1.000000000000000e+00,0.000000000000000e+00,1.797844784922922e+03,1.797844784922922e+03,-9.528145572620482e+02,4.429765510555433e-03,1.000000000000000e+03,1.000000000000000e+00,
2.716949823909674e-05,0.000000000000000e+00,5.852538726337241e-02,2.178671490890190e+06,2.178608456583774e+06,1.500983219819815e+03,2.716949823909674e-05,0.000000000000000e+00,-1.000000000000000e+03,1.452405637722516e+06,6.303430641569304e+01,2.981408276862442e+05,7.216641796213710e-03,5.569383470552832e+08,0.000000000000000e+00,-1.771018425313400e-06,7.999915782009489e+10,7.999915782009489e+10,-4.565918381972381e+00,2.716949823909674e-05,1.000000000000000e+00,0.000000000000000e+00,2.154084214155811e+03,2.154084214155811e+03,-1.634322186954093e+03,5.852538726337241e-02,1.000000000000000e+03,1.000000000000000e+00,
2.996427743538555e-04,0.000000000000000e+00,6.957143068564992e-01,2.397192268098350e+07,2.397111502193381e+07,1.500976685089022e+03,2.996427743538555e-04,0.000000000000000e+00,-1.000000000000000e+03,1.598074334795588e+07,8.076590496943368e+02,2.981401786875939e+05,7.787645367441883e-03,4.726103357873492e+08,0.000000000000000e+00,-7.170642163661114e-07,7.999880953308336e+10,7.999880953308337e+10,-3.523396190505739e+00,2.996427743538555e-04,1.000000000000000e+00,0.000000000000000e+00,2.321812392628941e+03,2.321812392628941e+03,-1.967857417761456e+03,6.957143068564992e-01,1.000000000000000e+03,1.000000000000000e+00,
7.506087544989231e-08,0.000000000000000e+00,-7.508300042592796e-08,3.178847983928974e+03,3.178847983891444e+03,7.945963332757835e+02,7.506087544989231e-08,0.000000000000000e+00,-1.000000000000000e+03,2.119231989260963e+03,3.753048663836020e-08,2.169236046593483e+05,4.609920774720287e-06,8.163382864022707e+08,0.000000000000000e+00,-1.747429323462057e-14,4.235026523256470e+10,4.235026523256470e+10,-7.124586374630634e+00,7.506087544989231e-08,1.000000000000000e+00,0.000000000000000e+00,-1.000159244607367e+00,1.000000645536060e+00,-9.695825897569439e-01,7.506092479909108e-08,1.000000000000000e+03,1.000000000000000e+00,
7.507221763278212e-08,0.000000000000000e+00,-7.672656709978544e-08,3.179882223875511e+03,3.179882223837962e+03,7.947347660773559e+02,7.507221763278212e-08,0.000000000000000e+00,-1.000000000000000e+03,2.119921482558641e+03,3.754895114048145e-08,2.169424998097947e+05,4.385973920235218e-06,8.163422023312243e+08,0.000000000000000e+00,-9.520360329638155e-10,4.235764340135050e+10,4.235764340135049e+10,-7.124520754888177e+00,7.507221763278212e-08,1.000000000000000e+00,0.000000000000000e+00,-1.000457073247053e+00,9.798375270659017e-01,-9.478510016528470e-01,7.508505885861615e-08,1.000000000000000e+03,1.000000000000000e+00,
7.854748522295307e-08,0.000000000000000e+00,-7.780295005997346e-08,3.544101100605409e+03,3.544101100567855e+03,8.465726604616757e+02,7.854748522295307e-08,0.000000000000000e+00,-1.000000000000000e+03,2.362734067045237e+03,2.247328824531073e-09,2.239059599382345e+05,4.656858255699536e-07,8.181020473885463e+08,0.000000000000000e+00,-1.898956933350588e-08,4.512049100627605e+10,4.512049100627605e+10,-7.104867714777766e+00,7.854748522295307e-08,1.000000000000000e+00,0.000000000000000e+00,-9.778584390288982e-01,1.554377229025527e-01,-8.725604545574976e-01,2.891613158718200e-08,1.000000000000000e+03,1.000000000000000e+00,
1.933686624932149e-07,0.000000000000000e+00,-2.176627504179658e-08,1.941982335624817e+04,1.941982335624695e+04,1.548859097466146e+03,1.933686624932149e-07,0.000000000000000e+00,-1.000000000000000e+03,1.294654890416463e+04,8.390390228648041e-11,3.028583066309229e+05,8.120415412760402e-08,7.291950970923243e+08,0.000000000000000e+00,-3.390407270307481e-04,8.255083850581514e+10,8.255083850581512e+10,-6.713613906721553e+00,1.933686624932149e-07,1.000000000000000e+00,0.000000000000000e+00,-1.125636117101463e-01,2.724404160536393e-02,-7.897025123328046e-02,6.159431372323335e-09,1.000000000000000e+03,1.000000000000000e+00,
2.463931006560918e-06,0.000000000000000e+00,4.429765510555433e-03,2.031634410996277e+05,2.031594590842169e+05,1.504639941238035e+03,2.463931006560918e-06,0.000000000000000e+00,-1.000000000000000e+03,1.354396393894780e+05,3.982015410791756e+00,2.985037747003996e+05,5.939764095995137e-03,6.423624279993449e+08,0.000000000000000e+00,-5.151304111504714e-06,8.019405315934822e+10,8.019405315934821e+10,-5.608371457177006e+00,2.463931006560918e-06,1.000000000000000e+00,0.000000000000000e+00,1.797844784922922e+03,1.797844784922922e+03,-1.508856530153923e+03,4.429765510555433e-03,1.000000000000000e+03,1.000000000000000e+00,
2.716949823909674e-05,0.000000000000000e+00,5.852538726337241e-02,2.178671490890190e+06,2.178608456583774e+06,1.500983219819815e+03,2.716949823909674e-05,0.000000000000000e+00,-1.000000000000000e+03,1.452405637722516e+06,6.303430641569304e+01,2.981408276862442e+05,7.216641796213710e-03,5.569383470552832e+08,0.000000000000000e+00,-1.771018425313400e-06,7.999915782009489e+10,7.999915782009489e+10,-4.565918381972381e+00,2.716949823909674e-05,1.000000000000000e+00,0.000000000000000e+00,2.154084214155811e+03,2.154084214155811e+03,-2.070500362651862e+03,5.852538726337241e-02,1.000000000000000e+03,1.000000000000000e+00,
2.996427743538555e-04,0.000000000000000e+00,6.957143068564992e-01,2.397192268098350e+07,2.397111502193381e+07,1.500976685089022e+03,2.996427743538555e-04,0.000000000000000e+00,-1.000000000000000e+03,1.598074334795588e+07,8.076590496943368e+02,2.981401786875939e+05,7.787645367441883e-03,4.726103357873492e+08,0.000000000000000e+00,-7.170642163661114e-07,7.999880953308336e+10,7.999880953308337e+10,-3.523396190505739e+00,2.996427743538555e-04,1.000000000000000e+00,0.000000000000000e+00,2.321812392628941e+03,2.321812392628941e+03,-2.245862600994090e+03,6.957143068564992e-01,1.000000000000000e+03,1.000000000000000e+00,
7.506087544989231e-08,0.000000000000000e+00,-7.508300042592796e-08,3.178847983928974e+03,3.178847983891444e+03,7.945963332757835e+02,7.506087544989231e-08,0.000000000000000e+00,-1.000000000000000e+03,2.119231989260963e+03,3.753048663836020e-08,2.169236046593483e+05,4.609920774720287e-06,8.163382864022707e+08,0.000000000000000e+00,-1.747429323462057e-14,4.235026523256470e+10,4.235026523256470e+10,-7.124586374630634e+00,7.506087544989231e-08,1.000000000000000e+00,0.000000000000000e+00,-1.000159244607367e+00,1.000000645536060e+00,-1.000155870837139e+00,7.506092479909108e-08,1.000000000000000e+03,1.000000000000000e+00,
7.507221763278212e-08,0.000000000000000e+00,-7.672656709978544e-08,3.179882223875511e+03,3.179882223837962e+03,7.947347660773559e+02,7.507221763278212e-08,0.000000000000000e+00,-1.000000000000000e+03,2.119921482558641e+03,3.754895114048145e-08,2.169424998097947e+05,4.385973920235218e-06,8.163422023312243e+08,0.000000000000000e+00,-9.520360329638155e-10,4.235764340135050e+10,4.235764340135049e+10,-7.124520754888177e+00,7.507221763278212e-08,1.000000000000000e+00,0.000000000000000e+00,-1.000457073247053e+00,9.798375270659017e-01,-1.000452720471911e+00,7.508505885861615e-08,1.000000000000000e+03,1.000000000000000e+00,
7.854748522295307e-08,0.000000000000000e+00,-7.780295005997346e-08,3.544101100605409e+03,3.544101100567855e+03,8.465726604616757e+02,7.854748522295307e-08,0.000000000000000e+00,-1.000000000000000e+03,2.362734067045237e+03,2.247328824531073e-09,2.239059599382345e+05,4.656858255699536e-07,8.181020473885463e+08,0.000000000000000e+00,-1.898956933350588e-08,4.512049100627605e+10,4.512049100627605e+10,-7.104867714777766e+00,7.854748522295307e-08,1.000000000000000e+00,0.000000000000000e+00,-9.778584390288982e-01,1.554377229025527e-01,-9.778509200195901e-01,2.891613158718200e-08,1.000000000000000e+03,1.000000000000000e+00,
1.933686624932149e-07,0.000000000000000e+00,-2.176627504179658e-08,1.941982335624817e+04,1.941982335624695e+04,1.548859097466146e+03,1.933686624932149e-07,0.000000000000000e+00,-1.000000000000000e+03,1.294654890416463e+04,8.390390228648041e-11,3.028583066309229e+05,8.120415412760402e-08,7.291950970923243e+08,0.000000000000000e+00,-3.390407270307481e-04,8.255083850581514e+10,8.255083850581512e+10,-6.713613906721553e+00,1.933686624932149e-07,1.000000000000000e+00,0.000000000000000e+00,-1.125636117101463e-01,2.724404160536393e-02,-1.125601223934571e-01,6.159431372323335e-09,1.000000000000000e+03,1.000000000000000e+00,
2.463931006560918e-06,0.000000000000000e+00,4.429765510555433e-03,2.031634410996277e+05,2.031594590842169e+05,1.504639941238035e+03,2.463931006560918e-06,0.000000000000000e+00,-1.000000000000000e+03,1.354396393894780e+05,3.982015410791756e+00,2.985037747003996e+05,5.939764095995137e-03,6.423624279993449e+08,0.000000000000000e+00,-5.151304111504714e-06,8.019405315934822e+10,8.019405315934821e+10,-5.608371457177006e+00,2.463931006560918e-06,1.000000000000000e+00,0.000000000000000e+00,1.797844784922922e+03,1.797844784922922e+03,-2.150646263066692e+03,4.429765510555433e-03,1.000000000000000e+03,1.000000000000000e+00,
2.716949823909674e-05,0.000000000000000e+00,5.852538726337241e-02,2.178671490890190e+06,2.178608456583774e+06,1.500983219819815e+03,2.716949823909674e-05,0.000000000000000e+00,-1.000000000000000e+03,1.452405637722516e+06,6.303430641569304e+01,2.981408276862442e+05,7.216641796213710e-03,5.569383470552832e+08,0.000000000000000e+00,-1.771018425313400e-06,7.999915782009489e+10,7.999915782009489e+10,-4.565918381972381e+00,2.716949823909674e-05,1.000000000000000e+00,0.000000000000000e+00,2.154084214155811e+03,2.154084214155811e+03,-2.320344308460296e+03,5.852538726337241e-02,1.000000000000000e+03,1.000000000000000e+00,
2.996427743538555e-04,0.000000000000000e+00,6.957143068564992e-01,2.397192268098350e+07,2.397111502193381e+07,1.500976685089022e+03,2.996427743538555e-04,0.000000000000000e+00,-1.000000000000000e+03,1.598074334795588e+07,8.076590496943368e+02,2.981401786875939e+05,7.787645367441883e-03,4.726103357873492e+08,0.000000000000000e+00,-7.170642163661114e-07,7.999880953308336e+10,7.999880953308337e+10,-3.523396190505739e+00,2.996427743538555e-04,1.000000000000000e+00,0.000000000000000e+00,2.321812392628941e+03,2.321812392628941e+03,-2.369822998657551e+03,6.957143068564992e-01,1.000000000000000e+03,1.000000000000000e+00,
7.506087544989231e-08,0.000000000000000e+00,-7.508300042592796e-08,3.178847983928974e+03,3.178847983891444e+03,7.945963332757835e+02,7.506087544989231e-08,0.000000000000000e+00,-1.000000000000000e+03,2.119231989260963e+03,3.753048663836020e-08,2.169236046593483e+05,4.609920774720287e-06,8.163382864022707e+08,0.000000000000000e+00,-1.747429323462057e-14,4.235026523256470e+10,4.235026523256470e+10,-7.124586374630634e+00,7.506087544989231e-08,1.000000000000000e+00,0.000000000000000e+00,-1.000159244607367e+00,1.000000645536060e+00,-1.000155870837139e+00,7.506092479909108e-08,1.000000000000000e+03,1.000000000000000e+00,
7.507221763278212e-08,0.000000000000000e+00,-7.672656709978544e-08,3.179882223875511e+03,3.179882223837962e+03,7.947347660773559e+02,7.507221763278212e-08,0.000000000000000e+00,-1.000000000000000e+03,2.119921482558641e+03,3.754895114048145e-08,2.169424998097947e+05,4.385973920235218e-06,8.163422023312243e+08,0.000000000000000e+00,-9.520360329638155e-10,4.235764340135050e+10,4.235764340135049e+10,-7.124520754888177e+00,7.507221763278212e-08,1.000000000000000e+00,0.000000000000000e+00,-1.000457073247053e+00,9.798375270659017e-01,-1.000452720471911e+00,7.508505885861615e-08,1.000000000000000e+03,1.000000000000000e+00,
7.854748522295307e-08,0.000000000000000e+00,-7.780295005997346e-08,3.544101100605409e+03,3.544101100567855e+03,8.465726604616757e+02,7.854748522295307e-08,0.000000000000000e+00,-1.000000000000000e+03,2.362734067045237e+03,2.247328824531073e-09,2.239059599382345e+05,4.656858255699536e-07,8.181020473885463e+08,0.000000000000000e+00,-1.898956933350588e-08,4.512049100627605e+10,4.512049100627605e+10,-7.104867714777766e+00,7.854748522295307e-08,1.000000000000000e+00,0.000000000000000e+00,-9.778584390288982e-01,1.554377229025527e-01,-9.778509200195901e-01,2.891613158718200e-08,1.000000000000000e+03,1.000000000000000e+00,
1.933686624932149e-07,0.000000000000000e+00,-2.176627504179658e-08,1.941982335624817e+04,1.941982335624695e+04,1.548859097466146e+03,1.933686624932149e-07,0.000000000000000e+00,-1.000000000000000e+03,1.294654890416463e+04,8.390390228648041e-11,3.028583066309229e+05,8.120415412760402e-08,7.291950970923243e+08,0.000000000000000e+00,-3.390407270307481e-04,8.255083850581514e+10,8.255083850581512e+10,-6.713613906721553e+00,1.933686624932149e-07,1.000000000000000e+00,0.000000000000000e+00,-1.125636117101463e-01,2.724404160536393e-02,-1.125601223934571e-01,6.159431372323335e-09,1.000000000000000e+03,1.000000000000000e+00,
2.463931006560918e-06,0.000000000000000e+00,4.429765510555433e-03,2.031634410996277e+05,2.031594590842169e+05,1.504639941238035e+03,2.463931006560918e-06,0.000000000000000e+00,-1.000000000000000e+03,1.354396393894780e+05,3.982015410791756e+00,2.985037747003996e+05,5.939764095995137e-03,6.423624279993449e+08,0.000000000000000e+00,-5.151304111504714e-06,8.019405315934822e+10,8.019405315934821e+10,-5.608371457177006e+00,2.463931006560918e-06,1.000000000000000e+00,0.000000000000000e+00,1.797844784922922e+03,1.797844784922922e+03,-2.150646263066692e+03,4.429765510555433e-03,1.000000000000000e+03,1.000000000000000e+00,
2.716949823909674e-05,0.000000000000000e+00,5.852538726337241e-02,2.178671490890190e+06,2.178608456583774e+06,1.500983219819815e+03,2.716949823909674e-05,0.000000000000000e+00,-1.000000000000000e+03,1.452405637722516e+06,6.303430641569304e+01,2.981408276862442e+05,7.216641796213710e-03,5.569383470552832e+08,0.000000000000000e+00,-1.771018425313400e-06,7.999915782009489e+10,7.999915782009489e+10,-4.565918381972381e+00,2.716949823909674e-05,1.000000000000000e+00,0.000000000000000e+00,2.154084214155811e+03,2.154084214155811e+03,-2.320344308460296e+03,5.852538726337241e-02,1.000000000000000e+03,1.000000000000000e+00,
2.996427743538555e-04,0.000000000000000e+00,6.957143068564992e-01,2.397192268098350e+07,2.397111502193381e+07,1.500976685089022e+03,2.996427743538555e-04,0.000000000000000e+00,-1.000000000000000e+03,1.598074334795588e+07,8.076590496943368e+02,2.981401786875939e+05,7.787645367441883e-03,4.726103357873492e+08,0.000000000000000e+00,-7.170642163661114e-07,7.999880953308336e+10,7.999880953308337e+10,-3.523396190505739e+00,2.996427743538555e-04,1.000000000000000e+00,0.000000000000000e+00,2.321812392628941e+03,2.321812392628941e+03,-2.369822998657551e+03,6.957143068564992e-01,1.000000000000000e+03,1.000000000000000e+00,
7.506087544989231e-08,0.000000000000000e+00,-7.508300042592796e-08,3.178847983928974e+03,3.178847983891444e+03,7.945963332757835e+02,7.506087544989231e-08,0.000000000000000e+00,-1.000000000000000e+03,2.119231989260963e+03,3.753048663836020e-08,2.169236046593483e+05,4.609920774720287e-06,8.163382864022707e+08,0.000000000000000e+00,-1.747429323462057e-14,4.235026523256470e+10,4.235026523256470e+10,-7.124586374630634e+00,7.506087544989231e-08,1.000000000000000e+00,0.000000000000000e+00,-1.000159244607367e+00,1.000000645536060e+00,-9.695825897569439e-01,7.506092479909108e-08,1.000000000000000e+03,1.000000000000000e+00,
7.507221763278212e-08,0.000000000000000e+00,-7.672656709978544e-08,3.179882223875511e+03,3.179882223837962e+03,7.947347660773559e+02,7.507221763278212e-08,0.000000000000000e+00,-1.000000000000000e+03,2.119921482558641e+03,3.754895114048145e-08,2.169424998097947e+05,4.385973920235218e-06,8.163422023312243e+08,0.000000000000000e+00,-9.520360329638155e-10,4.235764340135050e+10,4.235764340135049e+10,-7.124520754888177e+00,7.507221763278212e-08,1.000000000000000e+00,0.000000000000000e+00,-1.000457073247053e+00,9.798375270659017e-01,-9.478510016528470e-01,7.508505885861615e-08,1.000000000000000e+03,1.000000000000000e+00,
7.854748522295307e-08,0.000000000000000e+00,-7.780295005997346e-08,3.544101100605409e+03,3.544101100567855e+03,8.465726604616757e+02,7.854748522295307e-08,0.000000000000000e+00,-1.000000000000000e+03,2.362734067045237e+03,2.247328824531073e-09,2.239059599382345e+05,4.656858255699536e-07,8.181020473885463e+08,0.000000000000000e+00,-1.898956933350588e-08,4.512049100627605e+10,4.512049100627605e+10,-7.104867714777766e+00,7.854748522295307e-08,1.000000000000000e+00,0.000000000000000e+00,-9.778584390288982e-01,1.554377229025527e-01,-8.725604545574976e-01,2.891613158718200e-08,1.000000000000000e+03,1.000000000000000e+00,
1.933686624932149e-07,0.000000000000000e+00,-2.176627504179658e-08,1.941982335624817e+04,1.941982335624695e+04,1.548859097466146e+03,1.933686624932149e-07,0.000000000000000e+00,-1.000000000000000e+03,1.294654890416463e+04,8.390390228648041e-11,3.028583066309229e+05,8.120415412760402e-08,7.291950970923243e+08,0.000000000000000e+00,-3.390407270307481e-04,8.255083850581514e+10,8.255083850581512e+10,-6.713613906721553e+00,1.933686624932149e-07,1.000000000000000e+00,0.000000000000000e+00,-1.125636117101463e-01,2.724404160536393e-02,-7.897025123328046e-02,6.159431372323335e-09,1.000000000000000e+03,1.000000000000000e+00,
2.463931006560918e-06,0.000000000000000e+00,4.429765510555433e-03,2.031634410996277e+05,2.031594590842169e+05,1.504639941238035e+03,2.463931006560918e-06,0.000000000000000e+00,-1.000000000000000e+03,1.354396393894780e+05,3.982015410791756e+00,2.985037747003996e+05,5.939764095995137e-03,6.423624279993449e+08,0.000000000000000e+00,-5.151304111504714e-06,8.019405315934822e+10,8.019405315934821e+10,-5.608371457177006e+00,2.463931006560918e-06,1.000000000000000e+00,0.000000000000000e+00,1.797844784922922e+03,1.797844784922922e+03,-1.508856530153923e+03,4.429765510555433e-03,1.000000000000000e+03,1.000000000000000e+00,
2.716949823909674e-05,0.000000000000000e+00,5.852538726337241e-02,2.178671490890190e+06,2.178608456583774e+06,1.500983219819815e+03,2.716949823909674e-05,0.000000000000000e+00,-1.000000000000000e+03,1.452405637722516e+06,6.303430641569304e+01,2.981408276862442e+05,7.216641796213710e-03,5.569383470552832e+08,0.000000000000000e+00,-1.771018425313400e-06,7.999915782009489e+10,7.999915782009489e+10,-4.565918381972381e+00,2.716949823909674e-05,1.000000000000000e+00,0.000000000000000e+00,2.154084214155811e+03,2.154084214155811e+03,-2.070500362651862e+03,5.852538726337241e-02,1.000000000000000e+03,1.000000000000000e+00,
2.996427743538555e-04,0.000000000000000e+00,6.957143068564992e-01,2.397192268098350e+07,2.397111502193381e+07,1.500976685089022e+03,2.996427743538555e-04,0.000000000000000e+00,-1.000000000000000e+03,1.598074334795588e+07,8.076590496943368e+02,2.981401786875939e+05,7.787645367441883e-03,4.726103357873492e+08,0.000000000000000e+00,-7.170642163661114e-07,7.999880953308336e+10,7.999880953308337e+10,-3.523396190505739e+00,2.996427743538555e-04,1.000000000000000e+00,0.000000000000000e+00,2.321812392628941e+03,2.321812392628941e+03,-2.245862600994090e+03,6.957143068564992e-01,1.000000000000000e+03,1.000000000000000e+00,
7.506087544989231e-08,0.000000000000000e+00,-7.508300042592796e-08,3.178847983928974e+03,3.178847983891444e+03,7.945963332757835e+02,7.506087544989231e-08,0.000000000000000e+00,-1.000000000000000e+03,2.119231989260963e+03,3.753048663836020e-08,2.169236046593483e+05,4.609920774720287e-06,8.163382864022707e+08,0.000000000000000e+00,-1.747429323462057e-14,4.235026523256470e+10,4.235026523256470e+10,-7.124586374630634e+00,7.506087544989231e-08,1.000000000000000e+00,0.000000000000000e+00,-1.000159244607367e+00,1.000000645536060e+00,-8.933764228943442e-01,7.506092479909108e-08,1.000000000000000e+03,1.000000000000000e+00,
7.507221763278212e-08,0.000000000000000e+00,-7.672656709978544e-08,3.179882223875511e+03,3.179882223837962e+03,7.947347660773559e+02,7.507221763278212e-08,0.000000000000000e+00,-1.000000000000000e+03,2.119921482558641e+03,3.754895114048145e-08,2.169424998097947e+05,4.385973920235218e-06,8.163422023312243e+08,0.000000000000000e+00,-9.520360329638155e-10,4.235764340135050e+10,4.235764340135049e+10,-7.124520754888177e+00,7.507221763278212e-08,1.000000000000000e+00,0.000000000000000e+00,-1.000457073247053e+00,9.798375270659017e-01,-8.305208091134196e-01,7.508505885861615e-08,1.000000000000000e+03,1.000000000000000e+00,
7.854748522295307e-08,0.000000000000000e+00,-7.780295005997346e-08,3.544101100605409e+03,3.544101100567855e+03,8.465726604616757e+02,7.854748522295307e-08,0.000000000000000e+00,-1.000000000000000e+03,2.362734067045237e+03,2.247328824531073e-09,2.239059599382345e+05,4.656858255699536e-07,8.181020473885463e+08,0.000000000000000e+00,-1.898956933350588e-08,4.512049100627605e+10,4.512049100627605e+10,-7.104867714777766e+00,7.854748522295307e-08,1.000000000000000e+00,0.000000000000000e+00,-9.778584390288982e-01,1.554377229025527e-01,-6.887441007330288e-01,2.891613158718200e-08,1.000000000000000e+03,1.000000000000000e+00,
1.933686624932149e-07,0.000000000000000e+00,-2.176627504179658e-08,1.941982335624817e+04,1.941982335624695e+04,1.548859097466146e+03,1.933686624932149e-07,0.000000000000000e+00,-1.000000000000000e+03,1.294654890416463e+04,8.390390228648041e-11,3.028583066309229e+05,8.120415412760402e-08,7.291950970923243e+08,0.000000000000000e+00,-3.390407270307481e-04,8.255083850581514e+10,8.255083850581512e+10,-6.713613906721553e+00,1.933686624932149e-07,1.000000000000000e+00,0.000000000000000e+00,-1.125636117101463e-01,2.724404160536393e-02,-4.986823032010538e-02,6.159431372323335e-09,1.000000000000000e+03,1.000000000000000e+00,
2.463931006560918e-06,0.000000000000000e+00,4.429765510555433e-03,2.031634410996277e+05,2.031594590842169e+05,1.504639941238035e+03,2.463931006560918e-06,0.000000000000000e+00,-1.000000000000000e+03,1.354396393894780e+05,3.982015410791756e+00,2.985037747003996e+05,5.939764095995137e-03,6.423624279993449e+08,0.000000000000000e+00,-5.151304111504714e-06,8.019405315934822e+10,8.019405315934821e+10,-5.608371457177006e+00,2.463931006560918e-06,1.000000000000000e+00,0.000000000000000e+00,1.797844784922922e+03,1.797844784922922e+03,-9.528145572620482e+02,4.429765510555433e-03,1.000000000000000e+03,1.000000000000000e+00,
2.716949823909674e-05,0.000000000000000e+00,5.852538726337241e-02,2.178671490890190e+06,2.178608456583774e+06,1.500983219819815e+03,2.716949823909674e-05,0.000000000000000e+00,-1.000000000000000e+03,1.452405637722516e+06,6.303430641569304e+01,2.981408276862442e+05,7.216641796213710e-03,5.569383470552832e+08,0.000000000000000e+00,-1.771018425313400e-06,7.999915782009489e+10,7.999915782009489e+10,-4.565918381972381e+00,2.716949823909674e-05,1.000000000000000e+00,0.000000000000000e+00,2.154084214155811e+03,2.154084214155811e+03,-1.634322186954093e+03,5.852538726337241e-02,1.000000000000000e+03,1.000000000000000e+00,
2.996427743538555e-04,0.000000000000000e+00,6.957143068564992e-01,2.397192268098350e+07,2.397111502193381e+07,1.500976685089022e+03,2.996427743538555e-04,0.000000000000000e+00,-1.000000000000000e+03,1.598074334795588e+07,8.076590496943368e+02,2.981401786875939e+05,7.787645367441883e-03,4.726103357873492e+08,0.000000000000000e+00,-7.170642163661114e-07,7.999880953308336e+10,7.999880953308337e+10,-3.523396190505739e+00,2.996427743538555e-04,1.000000000000000e+00,0.000000000000000e+00,2.321812392628941e+03,2.321812392628941e+03,-1.967857417761456e+03,6.957143068564992e-01,1.000000000000000e+03,1.000000000000000e+00,

64,28
2.260150830516471e-02,0.000000000000000e+00,5.364928149438594e+01,2.230818962171968e+09,2.230755288425818e+09,1.853953153864764e+03,2.260150830516471e-02,0.000000000000000e+00,-1.000000000000000e+03,1.487170192283879e+09,6.367374615007770e+04,3.313469003856867e+05,7.910624214357891e-03,4.713528238476982e+08,2.500000000000000e-07,5.931723757263848e-04,9.881169155568196e+10,9.881169155568196e+10,-1.645862577367982e+00,2.260150830516471e-02,1.000000000000000e+00,0.000000000000000e+00,2.376110537646110e+03,2.376110537646110e+03,-1.426153307250113e+03,5.364928149438594e+01,1.000000000000000e+03,1.000000000000000e+00,
2.260150830516471e-02,0.000000000000000e+00,5.364928149438594e+01,2.230818962171968e+09,2.230755288425818e+09,1.853953153864764e+03,2.260150830516471e-02,0.000000000000000e+00,-1.000000000000000e+03,1.487170192283879e+09,6.367374615007770e+04,3.313469003856867e+05,7.910624214357891e-03,4.713528238476982e+08,2.500000000000000e-07,5.931723757263848e-04,9.881169155568196e+10,9.881169155568196e+10,-1.645862577367982e+00,2.260150830516471e-02,1.000000000000000e+00,0.000000000000000e+00,2.376110537646110e+03,2.376110537646110e+03,-1.426153307250113e+03,5.364928149438594e+01,1.000000000000000e+03,1.000000000000000e+00,
2.260150830516471e-02,0.000000000000000e+00,5.364928149438594e+01,2.230818962171968e+09,2.230755288425818e+09,1.853953153864764e+03,2.260150830516471e-02,0.000000000000000e+00,-1.000000000000000e+03,1.487170192283879e+09,6.367374615007770e+04,3.313469003856867e+05,7.910624214357891e-03,4.713528238476982e+08,2.500000000000000e-07,5.931723757263848e-04,9.881169155568196e+10,9.881169155568196e+10,-1.645862577367982e+00,2.260150830516471e-02,1.000000000000000e+00,0.000000000000000e+00,2.376110537646110e+03,2.376110537646110e+03,-1.680210885615992e+03,5.364928149438594e+01,1.000000000000000e+03,1.000000000000000e+00,
2.260150830516471e-02,0.000000000000000e+00,5.364928149438594e+01,2.230818962171968e+09,2.230755288425818e+09,1.853953153864764e+03,2.260150830516471e-02,0.000000000000000e+00,-1.000000000000000e+03,1.487170192283879e+09,6.367374615007770e+04,3.313469003856867e+05,7.910624214357891e-03,4.713528238476982e+08,2.500000000000000e-07,5.931723757263848e-04,9.881169155568196e+10,9.881169155568196e+10,-1.645862577367982e+00,2.260150830516471e-02,1.000000000000000e+00,0.000000000000000e+00,2.376110537646110e+03,2.376110537646110e+03,-1.975909134514517e+03,5.364928149438594e+01,1.000000000000000e+03,1.000000000000000e+00,
2.260150830516471e-02,0.000000000000000e+00,5.364928149438594e+01,2.230818962171968e+09,2.230755288425818e+09,1.853953153864764e+03,2.260150830516471e-02,0.000000000000000e+00,-1.000000000000000e+03,1.487170192283879e+09,6.367374615007770e+04,3.313469003856867e+05,7.910624214357891e-03,4.713528238476982e+08,2.500000000000000e-07,5.931723757263848e-04,9.881169155568196e+10,9.881169155568196e+10,-1.645862577367982e+00,2.260150830516471e-02,1.000000000000000e+00,0.000000000000000e+00,2.376110537646110e+03,2.376110537646110e+03,-2.250719376126022e+03,5.364928149438594e+01,1.000000000000000e+03,1.000000000000000e+00,
2.260150830516471e-02,0.000000000000000e+00,5.364928149438594e+01,2.230818962171968e+09,2.230755288425818e+09,1.853953153864764e+03,2.260150830516471e-02,0.000000000000000e+00,-1.000000000000000e+03,1.487170192283879e+09,6.367374615007770e+04,3.313469003856867e+05,7.910624214357891e-03,4.713528238476982e+08,2.500000000000000e-07,5.931723757263848e-04,9.881169155568196e+10,9.881169155568196e+10,-1.645862577367982e+00,2.260150830516471e-02,1.000000000000000e+00,0.000000000000000e+00,2.376110537646110e+03,2.376110537646110e+03,-2.250719376126022e+03,5.364928149438594e+01,1.000000000000000e+03,1.000000000000000e+00,
2.260150830516471e-02,0.000000000000000e+00,5.364928149438594e+01,2.230818962171968e+09,2.230755288425818e+09,1.853953153864764e+03,2.260150830516471e-02,0.000000000000000e+00,-1.000000000000000e+03,1.487170192283879e+09,6.367374615007770e+04,3.313469003856867e+05,7.910624214357891e-03,4.713528238476982e+08,2.500000000000000e-07,5.931723757263848e-04,9.881169155568196e+10,9.881169155568196e+10,-1.645862577367982e+00,2.260150830516471e-02,1.000000000000000e+00,0.000000000000000e+00,2.376110537646110e+03,2.376110537646110e+03,-1.975909134514517e+03,5.364928149438594e+01,1.000000000000000e+03,1.000000000000000e+00,
2.260150830516471e-02,0.000000000000000e+00,5.364928149438594e+01,2.230818962171968e+09,2.230755288425818e+09,1.853953153864764e+03,2.260150830516471e-02,0.000000000000000e+00,-1.000000000000000e+03,1.487170192283879e+09,6.367374615007770e+04,3.313469003856867e+05,7.910624214357891e-03,4.713528238476982e+08,2.500000000000000e-07,5.931723757263848e-04,9.881169155568196e+10,9.881169155568196e+10,-1.645862577367982e+00,2.260150830516471e-02,1.000000000000000e+00,0.000000000000000e+00,2.376110537646110e+03,2.376110537646110e+03,-1.680210885615992e+03,5.364928149438594e+01,1.000000000000000e+03,1.000000000000000e+00,
7.507104576672022e-08,0.000000000000000e+00,-7.506092479909108e-08,3.179774086657889e+03,3.179774086620341e+03,7.947201452536978e+02,7.507104576672022e-08,0.000000000000000e+00,-1.000000000000000e+03,2.119849391080228e+03,3.754747849442535e-08,2.169405042429984e+05,4.610292799389243e-06,8.163417764478165e+08,0.000000000000000e+00,5.757465451172728e-12,4.235686414308575e+10,4.235686414308575e+10,-7.124527534212840e+00,7.507104576672022e-08,1.000000000000000e+00,0.000000000000000e+00,-1.000000645536060e+00,1.000159244607367e+00,-6.018449317158577e-01,7.508300042592796e-08,1.000000000000000e+03,1.000000000000000e+00,
7.830539755865565e-08,0.000000000000000e+00,-7.508505885861615e-08,3.517306831542778e+03,3.517306831505188e+03,8.427698274933419e+02,7.830539755865565e-08,0.000000000000000e+00,-1.000000000000000e+03,2.344871221003459e+03,3.775923923898736e-08,2.234024973439316e+05,4.610326716924061e-06,8.179717727083803e+08,0.000000000000000e+00,8.081170027096629e-12,4.491780823755482e+10,4.491780823755482e+10,-7.106208301171328e+00,7.830539755865565e-08,1.000000000000000e+00,0.000000000000000e+00,-9.798375270659017e-01,1.000457073247053e+00,-4.402511052481169e-01,7.672656709978544e-08,1.000000000000000e+03,1.000000000000000e+00,
1.860303345109485e-07,0.000000000000000e+00,-2.891613158718200e-08,1.865318892336095e+04,1.865318892335870e+04,1.887215294420948e+03,1.860303345109485e-07,0.000000000000000e+00,-1.000000000000000e+03,1.243545928223913e+04,3.755383258041855e-08,3.343060668100383e+05,4.367272935917583e-06,8.447504623713448e+08,0.000000000000000e+00,3.822198176457056e-09,1.005844916753980e+11,1.005844916753980e+11,-6.730416233004889e+00,1.860303345109485e-07,1.000000000000000e+00,0.000000000000000e+00,-1.554377229025527e-01,9.778584390288982e-01,-3.804606279752824e-02,7.780295005997346e-08,1.000000000000000e+03,1.000000000000000e+00,
2.373197444839184e-06,0.000000000000000e+00,4.249285526559559e-03,1.959132432517942e+05,1.959094390113326e+05,1.943175012099250e+03,2.373197444839184e-06,0.000000000000000e+00,-1.000000000000000e+03,1.306062926742217e+05,3.804240461638479e+00,3.392262823006647e+05,5.912110630879846e-03,8.287359160463408e+08,0.000000000000000e+00,-1.210724123025175e-08,1.035670235431772e+11,1.035670235431772e+11,-5.624666127928061e+00,2.373197444839184e-06,1.000000000000000e+00,0.000000000000000e+00,1.790531814282947e+03,1.790531814282947e+03,3.171443621580382e+02,4.249285526559559e-03,1.000000000000000e+03,1.000000000000000e+00,
2.616927642466577e-05,0.000000000000000e+00,5.628260123286698e-02,2.098680868600490e+06,2.098620344741325e+06,1.547030681982183e+03,2.616927642466577e-05,0.000000000000000e+00,-1.000000000000000e+03,1.399080229827550e+06,6.052385916471469e+01,3.026794929675931e+05,7.204977338592935e-03,7.277989904859982e+08,0.000000000000000e+00,-6.511997766561990e-07,8.245338791680734e+10,8.245338791680733e+10,-4.582208285350920e+00,2.616927642466577e-05,1.000000000000000e+00,0.000000000000000e+00,2.150712932200830e+03,2.150712932200830e+03,-3.518280513467093e+00,5.628260123286698e-02,1.000000000000000e+03,1.000000000000000e+00,
2.886135498544640e-04,0.000000000000000e+00,6.696879571551948e-01,2.308961788311925e+07,2.308884092382509e+07,1.504485439956705e+03,2.886135498544640e-04,0.000000000000000e+00,-1.000000000000000e+03,1.539256061588340e+07,7.769592941579651e+02,2.984884486418566e+05,7.782772216536804e-03,6.410241931873151e+08,0.000000000000000e+00,-7.332740667668531e-07,8.018581857536000e+10,8.018581857536000e+10,-3.539683283468144e+00,2.886135498544640e-04,1.000000000000000e+00,0.000000000000000e+00,2.320362150331788e+03,2.320362150331788e+03,-5.272492529649015e+02,6.696879571551948e-01,1.000000000000000e+03,1.000000000000000e+00,
3.139978754153496e-03,0.000000000000000e+00,7.441219230689955e+00,2.534885844500654e+08,2.534797672337760e+08,1.514631595879232e+03,3.139978754153496e-03,0.000000000000000e+00,-1.000000000000000e+03,1.689865114891840e+08,8.817216289432763e+03,2.994932511426395e+05,7.923191302033625e-03,5.556056939136424e+08,0.000000000000000e+00,-9.426706979365917e-08,8.072658673198930e+10,8.072658673198932e+10,-2.503073290457077e+00,3.139978754153496e-03,1.000000000000000e+00,0.000000000000000e+00,2.369831076355810e+03,2.369831076355810e+03,-1.043214251136675e+03,7.441219230689955e+00,1.000000000000000e+03,1.000000000000000e+00,
7.507104576672022e-08,0.000000000000000e+00,-7.506092479909108e-08,3.179774086657889e+03,3.179774086620341e+03,7.947201452536978e+02,7.507104576672022e-08,0.000000000000000e+00,-1.000000000000000e+03,2.119849391080228e+03,3.754747849442535e-08,2.169405042429984e+05,4.610292799389243e-06,8.163417764478165e+08,0.000000000000000e+00,5.757465451172728e-12,4.235686414308575e+10,4.235686414308575e+10,-7.124527534212840e+00,7.507104576672022e-08,1.000000000000000e+00,0.000000000000000e+00,-1.000000645536060e+00,1.000159244607367e+00,-6.018449317158577e-01,7.508300042592796e-08,1.000000000000000e+03,1.000000000000000e+00,
7.830539755865565e-08,0.000000000000000e+00,-7.508505885861615e-08,3.517306831542778e+03,3.517306831505188e+03,8.427698274933419e+02,7.830539755865565e-08,0.000000000000000e+00,-1.000000000000000e+03,2.344871221003459e+03,3.775923923898736e-08,2.234024973439316e+05,4.610326716924061e-06,8.179717727083803e+08,0.000000000000000e+00,8.081170027096629e-12,4.491780823755482e+10,4.491780823755482e+10,-7.106208301171328e+00,7.830539755865565e-08,1.000000000000000e+00,0.000000000000000e+00,-9.798375270659017e-01,1.000457073247053e+00,-4.402511052481169e-01,7.672656709978544e-08,1.000000000000000e+03,1.000000000000000e+00,
1.860303345109485e-07,0.000000000000000e+00,-2.891613158718200e-08,1.865318892336095e+04,1.865318892335870e+04,1.887215294420948e+03,1.860303345109485e-07,0.000000000000000e+00,-1.000000000000000e+03,1.243545928223913e+04,3.755383258041855e-08,3.343060668100383e+05,4.367272935917583e-06,8.447504623713448e+08,0.000000000000000e+00,3.822198176457056e-09,1.005844916753980e+11,1.005844916753980e+11,-6.730416233004889e+00,1.860303345109485e-07,1.000000000000000e+00,0.000000000000000e+00,-1.554377229025527e-01,9.778584390288982e-01,-3.804606279752824e-02,7.780295005997346e-08,1.000000000000000e+03,1.000000000000000e+00,
2.373197444839184e-06,0.000000000000000e+00,4.249285526559559e-03,1.959132432517942e+05,1.959094390113326e+05,1.943175012099250e+03,2.373197444839184e-06,0.000000000000000e+00,-1.000000000000000e+03,1.306062926742217e+05,3.804240461638479e+00,3.392262823006647e+05,5.912110630879846e-03,8.287359160463408e+08,0.000000000000000e+00,-1.210724123025175e-08,1.035670235431772e+11,1.035670235431772e+11,-5.624666127928061e+00,2.373197444839184e-06,1.000000000000000e+00,0.000000000000000e+00,1.790531814282947e+03,1.790531814282947e+03,3.171443621580382e+02,4.249285526559559e-03,1.000000000000000e+03,1.000000000000000e+00,
2.616927642466577e-05,0.000000000000000e+00,5.628260123286698e-02,2.098680868600490e+06,2.098620344741325e+06,1.547030681982183e+03,2.616927642466577e-05,0.000000000000000e+00,-1.000000000000000e+03,1.399080229827550e+06,6.052385916471469e+01,3.026794929675931e+05,7.204977338592935e-03,7.277989904859982e+08,0.000000000000000e+00,-6.511997766561990e-07,8.245338791680734e+10,8.245338791680733e+10,-4.582208285350920e+00,2.616927642466577e-05,1.000000000000000e+00,0.000000000000000e+00,2.150712932200830e+03,2.150712932200830e+03,-3.518280513467093e+00,5.628260123286698e-02,1.000000000000000e+03,1.000000000000000e+00,
2.886135498544640e-04,0.000000000000000e+00,6.696879571551948e-01,2.308961788311925e+07,2.308884092382509e+07,1.504485439956705e+03,2.886135498544640e-04,0.000000000000000e+00,-1.000000000000000e+03,1.539256061588340e+07,7.769592941579651e+02,2.984884486418566e+05,7.782772216536804e-03,6.410241931873151e+08,0.000000000000000e+00,-7.332740667668531e-07,8.018581857536000e+10,8.018581857536000e+10,-3.539683283468144e+00,2.886135498544640e-04,1.000000000000000e+00,0.000000000000000e+00,2.320362150331788e+03,2.320362150331788e+03,-5.272492529649015e+02,6.696879571551948e-01,1.000000000000000e+03,1.000000000000000e+00,
3.139978754153496e-03,0.000000000000000e+00,7.441219230689955e+00,2.534885844500654e+08,2.534797672337760e+08,1.514631595879232e+03,3.139978754153496e-03,0.000000000000000e+00,-1.000000000000000e+03,1.689865114891840e+08,8.817216289432763e+03,2.994932511426395e+05,7.923191302033625e-03,5.556056939136424e+08,0.000000000000000e+00,-9.426706979365917e-08,8.072658673198930e+10,8.072658673198932e+10,-2.503073290457077e+00,3.139978754153496e-03,1.000000000000000e+00,0.000000000000000e+00,2.369831076355810e+03,2.369831076355810e+03,-1.043214251136675e+03,7.441219230689955e+00,1.000000000000000e+03,1.000000000000000e+00,
7.507104576672022e-08,0.000000000000000e+00,-7.506092479909108e-08,3.179774086657889e+03,3.179774086620341e+03,7.947201452536978e+02,7.507104576672022e-08,0.000000000000000e+00,-1.000000000000000e+03,2.119849391080228e+03,3.754747849442535e-08,2.169405042429984e+05,4.610292799389243e-06,8.163417764478165e+08,0.000000000000000e+00,5.757465451172728e-12,4.235686414308575e+10,4.235686414308575e+10,-7.124527534212840e+00,7.507104576672022e-08,1.000000000000000e+00,0.000000000000000e+00,-1.000000645536060e+00,1.000159244607367e+00,-7.090586969725077e-01,7.508300042592796e-08,1.000000000000000e+03,1.000000000000000e+00,
7.830539755865565e-08,0.000000000000000e+00,-7.508505885861615e-08,3.517306831542778e+03,3.517306831505188e+03,8.427698274933419e+02,7.830539755865565e-08,0.000000000000000e+00,-1.000000000000000e+03,2.344871221003459e+03,3.775923923898736e-08,2.234024973439316e+05,4.610326716924061e-06,8.179717727083803e+08,0.000000000000000e+00,8.081170027096629e-12,4.491780823755482e+10,4.491780823755482e+10,-7.106208301171328e+00,7.830539755865565e-08,1.000000000000000e+00,0.000000000000000e+00,-9.798375270659017e-01,1.000457073247053e+00,-5.459648158316771e-01,7.672656709978544e-08,1.000000000000000e+03,1.000000000000000e+00,
1.860303345109485e-07,0.000000000000000e+00,-2.891613158718200e-08,1.865318892336095e+04,1.865318892335870e+04,1.887215294420948e+03,1.860303345109485e-07,0.000000000000000e+00,-1.000000000000000e+03,1.243545928223913e+04,3.755383258041855e-08,3.343060668100383e+05,4.367272935917583e-06,8.447504623713448e+08,0.000000000000000e+00,3.822198176457056e-09,1.005844916753980e+11,1.005844916753980e+11,-6.730416233004889e+00,1.860303345109485e-07,1.000000000000000e+00,0.000000000000000e+00,-1.554377229025527e-01,9.778584390288982e-01,-4.961501816245625e-02,7.780295005997346e-08,1.000000000000000e+03,1.000000000000000e+00,
2.373197444839184e-06,0.000000000000000e+00,4.249285526559559e-03,1.959132432517942e+05,1.959094390113326e+05,1.943175012099250e+03,2.373197444839184e-06,0.000000000000000e+00,-1.000000000000000e+03,1.306062926742217e+05,3.804240461638479e+00,3.392262823006647e+05,5.912110630879846e-03,8.287359160463408e+08,0.000000000000000e+00,-1.210724123025175e-08,1.035670235431772e+11,1.035670235431772e+11,-5.624666127928061e+00,2.373197444839184e-06,1.000000000000000e+00,0.000000000000000e+00,1.790531814282947e+03,1.790531814282947e+03,4.601934414258878e+02,4.249285526559559e-03,1.000000000000000e+03,1.000000000000000e+00,
2.616927642466577e-05,0.000000000000000e+00,5.628260123286698e-02,2.098680868600490e+06,2.098620344741325e+06,1.547030681982183e+03,2.616927642466577e-05,0.000000000000000e+00,-1.000000000000000e+03,1.399080229827550e+06,6.052385916471469e+01,3.026794929675931e+05,7.204977338592935e-03,7.277989904859982e+08,0.000000000000000e+00,-6.511997766561990e-07,8.245338791680734e+10,8.245338791680733e+10,-4.582208285350920e+00,2.616927642466577e-05,1.000000000000000e+00,0.000000000000000e+00,2.150712932200830e+03,2.150712932200830e+03,-4.694095709846167e+00,5.628260123286698e-02,1.000000000000000e+03,1.000000000000000e+00,
2.886135498544640e-04,0.000000000000000e+00,6.696879571551948e-01,2.308961788311925e+07,2.308884092382509e+07,1.504485439956705e+03,2.886135498544640e-04,0.000000000000000e+00,-1.000000000000000e+03,1.539256061588340e+07,7.769592941579651e+02,2.984884486418566e+05,7.782772216536804e-03,6.410241931873151e+08,0.000000000000000e+00,-7.332740667668531e-07,8.018581857536000e+10,8.018581857536000e+10,-3.539683283468144e+00,2.886135498544640e-04,1.000000000000000e+00,0.000000000000000e+00,2.320362150331788e+03,2.320362150331788e+03,-6.875739390225314e+02,6.696879571551948e-01,1.000000000000000e+03,1.000000000000000e+00,
3.139978754153496e-03,0.000000000000000e+00,7.441219230689955e+00,2.534885844500654e+08,2.534797672337760e+08,1.514631595879232e+03,3.139978754153496e-03,0.000000000000000e+00,-1.000000000000000e+03,1.689865114891840e+08,8.817216289432763e+03,2.994932511426395e+05,7.923191302033625e-03,5.556056939136424e+08,0.000000000000000e+00,-9.426706979365917e-08,8.072658673198930e+10,8.072658673198932e+10,-2.503073290457077e+00,3.139978754153496e-03,1.000000000000000e+00,0.000000000000000e+00,2.369831076355810e+03,2.369831076355810e+03,-1.293712314870450e+03,7.441219230689955e+00,1.000000000000000e+03,1.000000000000000e+00,
7.507104576672022e-08,0.000000000000000e+00,-7.506092479909108e-08,3.179774086657889e+03,3.179774086620341e+03,7.947201452536978e+02,7.507104576672022e-08,0.000000000000000e+00,-1.000000000000000e+03,2.119849391080228e+03,3.754747849442535e-08,2.169405042429984e+05,4.610292799389243e-06,8.163417764478165e+08,0.000000000000000e+00,5.757465451172728e-12,4.235686414308575e+10,4.235686414308575e+10,-7.124527534212840e+00,7.507104576672022e-08,1.000000000000000e+00,0.000000000000000e+00,-1.000000645536060e+00,1.000159244607367e+00,-8.338450656694183e-01,7.508300042592796e-08,1.000000000000000e+03,1.000000000000000e+00,
7.830539755865565e-08,0.000000000000000e+00,-7.508505885861615e-08,3.517306831542778e+03,3.517306831505188e+03,8.427698274933419e+02,7.830539755865565e-08,0.000000000000000e+00,-1.000000000000000e+03,2.344871221003459e+03,3.775923923898736e-08,2.234024973439316e+05,4.610326716924061e-06,8.179717727083803e+08,0.000000000000000e+00,8.081170027096629e-12,4.491780823755482e+10,4.491780823755482e+10,-7.106208301171328e+00,7.830539755865565e-08,1.000000000000000e+00,0.000000000000000e+00,-9.798375270659017e-01,1.000457073247053e+00,-6.955508976117964e-01,7.672656709978544e-08,1.000000000000000e+03,1.000000000000000e+00,
1.860303345109485e-07,0.000000000000000e+00,-2.891613158718200e-08,1.865318892336095e+04,1.865318892335870e+04,1.887215294420948e+03,1.860303345109485e-07,0.000000000000000e+00,-1.000000000000000e+03,1.243545928223913e+04,3.755383258041855e-08,3.343060668100383e+05,4.367272935917583e-06,8.447504623713448e+08,0.000000000000000e+00,3.822198176457056e-09,1.005844916753980e+11,1.005844916753980e+11,-6.730416233004889e+00,1.860303345109485e-07,1.000000000000000e+00,0.000000000000000e+00,-1.554377229025527e-01,9.778584390288982e-01,-7.016580198873813e-02,7.780295005997346e-08,1.000000000000000e+03,1.000000000000000e+00,
2.373197444839184e-06,0.000000000000000e+00,4.249285526559559e-03,1.959132432517942e+05,1.959094390113326e+05,1.943175012099250e+03,2.373197444839184e-06,0.000000000000000e+00,-1.000000000000000e+03,1.306062926742217e+05,3.804240461638479e+00,3.392262823006647e+05,5.912110630879846e-03,8.287359160463408e+08,0.000000000000000e+00,-1.210724123025175e-08,1.035670235431772e+11,1.035670235431772e+11,-5.624666127928061e+00,2.373197444839184e-06,1.000000000000000e+00,0.000000000000000e+00,1.790531814282947e+03,1.790531814282947e+03,7.947509312437629e+02,4.249285526559559e-03,1.000000000000000e+03,1.000000000000000e+00,
2.616927642466577e-05,0.000000000000000e+00,5.628260123286698e-02,2.098680868600490e+06,2.098620344741325e+06,1.547030681982183e+03,2.616927642466577e-05,0.000000000000000e+00,-1.000000000000000e+03,1.399080229827550e+06,6.052385916471469e+01,3.026794929675931e+05,7.204977338592935e-03,7.277989904859982e+08,0.000000000000000e+00,-6.511997766561990e-07,8.245338791680734e+10,8.245338791680733e+10,-4.582208285350920e+00,2.616927642466577e-05,1.000000000000000e+00,0.000000000000000e+00,2.150712932200830e+03,2.150712932200830e+03,-7.050317493427935e+00,5.628260123286698e-02,1.000000000000000e+03,1.000000000000000e+00,
2.886135498544640e-04,0.000000000000000e+00,6.696879571551948e-01,2.308961788311925e+07,2.308884092382509e+07,1.504485439956705e+03,2.886135498544640e-04,0.000000000000000e+00,-1.000000000000000e+03,1.539256061588340e+07,7.769592941579651e+02,2.984884486418566e+05,7.782772216536804e-03,6.410241931873151e+08,0.000000000000000e+00,-7.332740667668531e-07,8.018581857536000e+10,8.018581857536000e+10,-3.539683283468144e+00,2.886135498544640e-04,1.000000000000000e+00,0.000000000000000e+00,2.320362150331788e+03,2.320362150331788e+03,-9.723704363082966e+02,6.696879571551948e-01,1.000000000000000e+03,1.000000000000000e+00,
3.139978754153496e-03,0.000000000000000e+00,7.441219230689955e+00,2.534885844500654e+08,2.534797672337760e+08,1.514631595879232e+03,3.139978754153496e-03,0.000000000000000e+00,-1.000000000000000e+03,1.689865114891840e+08,8.817216289432763e+03,2.994932511426395e+05,7.923191302033625e-03,5.556056939136424e+08,0.000000000000000e+00,-9.426706979365917e-08,8.072658673198930e+10,8.072658673198932e+10,-2.503073290457077e+00,3.139978754153496e-03,1.000000000000000e+00,0.000000000000000e+00,2.369831076355810e+03,2.369831076355810e+03,-1.648169874259812e+03,7.441219230689955e+00,1.000000000000000e+03,1.000000000000000e+00,
7.507104576672022e-08,0.000000000000000e+00,-7.506092479909108e-08,3.179774086657889e+03,3.179774086620341e+03,7.947201452536978e+02,7.507104576672022e-08,0.000000000000000e+00,-1.000000000000000e+03,2.119849391080228e+03,3.754747849442535e-08,2.169405042429984e+05,4.610292799389243e-06,8.163417764478165e+08,0.000000000000000e+00,5.757465451172728e-12,4.235686414308575e+10,4.235686414308575e+10,-7.124527534212840e+00,7.507104576672022e-08,1.000000000000000e+00,0.000000000000000e+00,-1.000000645536060e+00,1.000159244607367e+00,-9.498165746626578e-01,7.508300042592796e-08,1.000000000000000e+03,1.000000000000000e+00,
7.830539755865565e-08,0.000000000000000e+00,-7.508505885861615e-08,3.517306831542778e+03,3.517306831505188e+03,8.427698274933419e+02,7.830539755865565e-08,0.000000000000000e+00,-1.000000000000000e+03,2.344871221003459e+03,3.775923923898736e-08,2.234024973439316e+05,4.610326716924061e-06,8.179717727083803e+08,0.000000000000000e+00,8.081170027096629e-12,4.491780823755482e+10,4.491780823755482e+10,-7.106208301171328e+00,7.830539755865565e-08,1.000000000000000e+00,0.000000000000000e+00,-9.798375270659017e-01,1.000457073247053e+00,-8.784345487592777e-01,7.672656709978544e-08,1.000000000000000e+03,1.000000000000000e+00,
1.860303345109485e-07,0.000000000000000e+00,-2.891613158718200e-08,1.865318892336095e+04,1.865318892335870e+04,1.887215294420948e+03,1.860303345109485e-07,0.000000000000000e+00,-1.000000000000000e+03,1.243545928223913e+04,3.755383258041855e-08,3.343060668100383e+05,4.367272935917583e-06,8.447504623713448e+08,0.000000000000000e+00,3.822198176457056e-09,1.005844916753980e+11,1.005844916753980e+11,-6.730416233004889e+00,1.860303345109485e-07,1.000000000000000e+00,0.000000000000000e+00,-1.554377229025527e-01,9.778584390288982e-01,-1.107663678649820e-01,7.780295005997346e-08,1.000000000000000e+03,1.000000000000000e+00,
2.373197444839184e-06,0.000000000000000e+00,4.249285526559559e-03,1.959132432517942e+05,1.959094390113326e+05,1.943175012099250e+03,2.373197444839184e-06,0.000000000000000e+00,-1.000000000000000e+03,1.306062926742217e+05,3.804240461638479e+00,3.392262823006647e+05,5.912110630879846e-03,8.287359160463408e+08,0.000000000000000e+00,-1.210724123025175e-08,1.035670235431772e+11,1.035670235431772e+11,-5.624666127928061e+00,2.373197444839184e-06,1.000000000000000e+00,0.000000000000000e+00,1.790531814282947e+03,1.790531814282947e+03,1.750526382013556e+03,4.249285526559559e-03,1.000000000000000e+03,1.000000000000000e+00,
2.616927642466577e-05,0.000000000000000e+00,5.628260123286698e-02,2.098680868600490e+06,2.098620344741325e+06,1.547030681982183e+03,2.616927642466577e-05,0.000000000000000e+00,-1.000000000000000e+03,1.399080229827550e+06,6.052385916471469e+01,3.026794929675931e+05,7.204977338592935e-03,7.277989904859982e+08,0.000000000000000e+00,-6.511997766561990e-07,8.245338791680734e+10,8.245338791680733e+10,-4.582208285350920e+00,2.616927642466577e-05,1.000000000000000e+00,0.000000000000000e+00,2.150712932200830e+03,2.150712932200830e+03,-1.415581932452435e+01,5.628260123286698e-02,1.000000000000000e+03,1.000000000000000e+00,
2.886135498544640e-04,0.000000000000000e+00,6.696879571551948e-01,2.308961788311925e+07,2.308884092382509e+07,1.504485439956705e+03,2.886135498544640e-04,0.000000000000000e+00,-1.000000000000000e+03,1.539256061588340e+07,7.769592941579651e+02,2.984884486418566e+05,7.782772216536804e-03,6.410241931873151e+08,0.000000000000000e+00,-7.332740667668531e-07,8.018581857536000e+10,8.018581857536000e+10,-3.539683283468144e+00,2.886135498544640e-04,1.000000000000000e+00,0.000000000000000e+00,2.320362150331788e+03,2.320362150331788e+03,-1.535020457208556e+03,6.696879571551948e-01,1.000000000000000e+03,1.000000000000000e+00,
3.139978754153496e-03,0.000000000000000e+00,7.441219230689955e+00,2.534885844500654e+08,2.534797672337760e+08,1.514631595879232e+03,3.139978754153496e-03,0.000000000000000e+00,-1.000000000000000e+03,1.689865114891840e+08,8.817216289432763e+03,2.994932511426395e+05,7.923191302033625e-03,5.556056939136424e+08,0.000000000000000e+00,-9.426706979365917e-08,8.072658673198930e+10,8.072658673198932e+10,-2.503073290457077e+00,3.139978754153496e-03,1.000000000000000e+00,0.000000000000000e+00,2.369831076355810e+03,2.369831076355810e+03,-2.081528993413952e+03,7.441219230689955e+00,1.000000000000000e+03,1.000000000000000e+00,
7.507104576672022e-08,0.000000000000000e+00,-7.506092479909108e-08,3.179774086657889e+03,3.179774086620341e+03,7.947201452536978e+02,7.507104576672022e-08,0.000000000000000e+00,-1.000000000000000e+03,2.119849391080228e+03,3.754747849442535e-08,2.169405042429984e+05,4.610292799389243e-06,8.163417764478165e+08,0.000000000000000e+00,5.757465451172728e-12,4.235686414308575e+10,4.235686414308575e+10,-7.124527534212840e+00,7.507104576672022e-08,1.000000000000000e+00,0.000000000000000e+00,-1.000000645536060e+00,1.000159244607367e+00,-9.498165746626578e-01,7.508300042592796e-08,1.000000000000000e+03,1.000000000000000e+00,
7.830539755865565e-08,0.000000000000000e+00,-7.508505885861615e-08,3.517306831542778e+03,3.517306831505188e+03,8.427698274933419e+02,7.830539755865565e-08,0.000000000000000e+00,-1.000000000000000e+03,2.344871221003459e+03,3.775923923898736e-08,2.234024973439316e+05,4.610326716924061e-06,8.179717727083803e+08,0.000000000000000e+00,8.081170027096629e-12,4.491780823755482e+10,4.491780823755482e+10,-7.106208301171328e+00,7.830539755865565e-08,1.000000000000000e+00,0.000000000000000e+00,-9.798375270659017e-01,1.000457073247053e+00,-8.784345487592777e-01,7.672656709978544e-08,1.000000000000000e+03,1.000000000000000e+00,
1.860303345109485e-07,0.000000000000000e+00,-2.891613158718200e-08,1.865318892336095e+04,1.865318892335870e+04,1.887215294420948e+03,1.860303345109485e-07,0.000000000000000e+00,-1.000000000000000e+03,1.243545928223913e+04,3.755383258041855e-08,3.343060668100383e+05,4.367272935917583e-06,8.447504623713448e+08,0.000000000000000e+00,3.822198176457056e-09,1.005844916753980e+11,1.005844916753980e+11,-6.730416233004889e+00,1.860303345109485e-07,1.000000000000000e+00,0.000000000000000e+00,-1.554377229025527e-01,9.778584390288982e-01,-1.107663678649820e-01,7.780295005997346e-08,1.000000000000000e+03,1.000000000000000e+00,
2.373197444839184e-06,0.000000000000000e+00,4.249285526559559e-03,1.959132432517942e+05,1.959094390113326e+05,1.943175012099250e+03,2.373197444839184e-06,0.000000000000000e+00,-1.000000000000000e+03,1.306062926742217e+05,3.804240461638479e+00,3.392262823006647e+05,5.912110630879846e-03,8.287359160463408e+08,0.000000000000000e+00,-1.210724123025175e-08,1.035670235431772e+11,1.035670235431772e+11,-5.624666127928061e+00,2.373197444839184e-06,1.000000000000000e+00,0.000000000000000e+00,1.790531814282947e+03,1.790531814282947e+03,1.750526382013556e+03,4.249285526559559e-03,1.000000000000000e+03,1.000000000000000e+00,
2.616927642466577e-05,0.000000000000000e+00,5.628260123286698e-02,2.098680868600490e+06,2.098620344741325e+06,1.547030681982183e+03,2.616927642466577e-05,0.000000000000000e+00,-1.000000000000000e+03,1.399080229827550e+06,6.052385916471469e+01,3.026794929675931e+05,7.204977338592935e-03,7.277989904859982e+08,0.000000000000000e+00,-6.511997766561990e-07,8.245338791680734e+10,8.245338791680733e+10,-4.582208285350920e+00,2.616927642466577e-05,1.000000000000000e+00,0.000000000000000e+00,2.150712932200830e+03,2.150712932200830e+03,-1.415581932452435e+01,5.628260123286698e-02,1.000000000000000e+03,1.000000000000000e+00,
2.886135498544640e-04,0.000000000000000e+00,6.696879571551948e-01,2.308961788311925e+07,2.308884092382509e+07,1.504485439956705e+03,2.886135498544640e-04,0.000000000000000e+00,-1.000000000000000e+03,1.539256061588340e+07,7.769592941579651e+02,2.984884486418566e+05,7.782772216536804e-03,6.410241931873151e+08,0.000000000000000e+00,-7.332740667668531e-07,8.018581857536000e+10,8.018581857536000e+10,-3.539683283468144e+00,2.886135498544640e-04,1.000000000000000e+00,0.000000000000000e+00,2.320362150331788e+03,2.320362150331788e+03,-1.535020457208556e+03,6.696879571551948e-01,1.000000000000000e+03,1.000000000000000e+00,
3.139978754153496e-03,0.000000000000000e+00,7.441219230689955e+00,2.534885844500654e+08,2.534797672337760e+08,1.514631595879232e+03,3.139978754153496e-03,0.000000000000000e+00,-1.000000000000000e+03,1.689865114891840e+08,8.817216289432763e+03,2.994932511426395e+05,7.923191302033625e-03,5.556056939136424e+08,0.000000000000000e+00,-9.426706979365917e-08,8.072658673198930e+10,8.072658673198932e+10,-2.503073290457077e+00,3.139978754153496e-03,1.000000000000000e+00,0.000000000000000e+00,2.369831076355810e+03,2.369831076355810e+03,-2.081528993413952e+03,7.441219230689955e+00,1.000000000000000e+03,1.000000000000000e+00,
7.507104576672022e-08,0.000000000000000e+00,-7.506092479909108e-08,3.179774086657889e+03,3.179774086620341e+03,7.947201452536978e+02,7.507104576672022e-08,0.000000000000000e+00,-1.000000000000000e+03,2.119849391080228e+03,3.754747849442535e-08,2.169405042429984e+05,4.610292799389243e-06,8.163417764478165e+08,0.000000000000000e+00,5.757465451172728e-12,4.235686414308575e+10,4.235686414308575e+10,-7.124527534212840e+00,7.507104576672022e-08,1.000000000000000e+00,0.000000000000000e+00,-1.000000645536060e+00,1.000159244607367e+00,-8.338450656694183e-01,7.508300042592796e-08,1.000000000000000e+03,1.000000000000000e+00,
7.830539755865565e-08,0.000000000000000e+00,-7.508505885861615e-08,3.517306831542778e+03,3.517306831505188e+03,8.427698274933419e+02,7.830539755865565e-08,0.000000000000000e+00,-1.000000000000000e+03,2.344871221003459e+03,3.775923923898736e-08,2.234024973439316e+05,4.610326716924061e-06,8.179717727083803e+08,0.000000000000000e+00,8.081170027096629e-12,4.491780823755482e+10,4.491780823755482e+10,-7.106208301171328e+00,7.830539755865565e-08,1.000000000000000e+00,0.000000000000000e+00,-9.798375270659017e-01,1.000457073247053e+00,-6.955508976117964e-01,7.672656709978544e-08,1.000000000000000e+03,1.000000000000000e+00,
1.860303345109485e-07,0.000000000000000e+00,-2.891613158718200e-08,1.865318892336095e+04,1.865318892335870e+04,1.887215294420948e+03,1.860303345109485e-07,0.000000000000000e+00,-1.000000000000000e+03,1.243545928223913e+04,3.755383258041855e-08,3.343060668100383e+05,4.367272935917583e-06,8.447504623713448e+08,0.000000000000000e+00,3.822198176457056e-09,1.005844916753980e+11,1.005844916753980e+11,-6.730416233004889e+00,1.860303345109485e-07,1.000000000000000e+00,0.000000000000000e+00,-1.554377229025527e-01,9.778584390288982e-01,-7.016580198873813e-02,7.780295005997346e-08,1.000000000000000e+03,1.000000000000000e+00,
2.373197444839184e-06,0.000000000000000e+00,4.249285526559559e-03,1.959132432517942e+05,1.959094390113326e+05,1.943175012099250e+03,2.373197444839184e-06,0.000000000000000e+00,-1.000000000000000e+03,1.306062926742217e+05,3.804240461638479e+00,3.392262823006647e+05,5.912110630879846e-03,8.287359160463408e+08,0.000000000000000e+00,-1.210724123025175e-08,1.035670235431772e+11,1.035670235431772e+11,-5.624666127928061e+00,2.373197444839184e-06,1.000000000000000e+00,0.000000000000000e+00,1.790531814282947e+03,1.790531814282947e+03,7.947509312437629e+02,4.249285526559559e-03,1.000000000000000e+03,1.000000000000000e+00,
2.616927642466577e-05,0.000000000000000e+00,5.628260123286698e-02,2.098680868600490e+06,2.098620344741325e+06,1.547030681982183e+03,2.616927642466577e-05,0.000000000000000e+00,-1.000000000000000e+03,1.399080229827550e+06,6.052385916471469e+01,3.026794929675931e+05,7.204977338592935e-03,7.277989904859982e+08,0.000000000000000e+00,-6.511997766561990e-07,8.245338791680734e+10,8.245338791680733e+10,-4.582208285350920e+00,2.616927642466577e-05,1.000000000000000e+00,0.000000000000000e+00,2.150712932200830e+03,2.150712932200830e+03,-7.050317493427935e+00,5.628260123286698e-02,1.000000000000000e+03,1.000000000000000e+00,
2.886135498544640e-04,0.000000000000000e+00,6.696879571551948e-01,2.308961788311925e+07,2.308884092382509e+07,1.504485439956705e+03,2.886135498544640e-04,0.000000000000000e+00,-1.000000000000000e+03,1.539256061588340e+07,7.769592941579651e+02,2.984884486418566e+05,7.782772216536804e-03,6.410241931873151e+08,0.000000000000000e+00,-7.332740667668531e-07,8.018581857536000e+10,8.018581857536000e+10,-3.539683283468144e+00,2.886135498544640e-04,1.000000000000000e+00,0.000000000000000e+00,2.320362150331788e+03,2.320362150331788e+03,-9.723704363082966e+02,6.696879571551948e-01,1.000000000000000e+03,1.000000000000000e+00,
3.139978754153496e-03,0.000000000000000e+00,7.441219230689955e+00,2.534885844500654e+08,2.534797672337760e+08,1.514631595879232e+03,3.139978754153496e-03,0.000000000000000e+00,-1.000000000000000e+03,1.689865114891840e+08,8.817216289432763e+03,2.994932511426395e+05,7.923191302033625e-03,5.556056939136424e+08,0.000000000000000e+00,-9.426706979365917e-08,8.072658673198930e+10,8.072658673198932e+10,-2.503073290457077e+00,3.139978754153496e-03,1.000000000000000e+00,0.000000000000000e+00,2.369831076355810e+03,2.369831076355810e+03,-1.648169874259812e+03,7.441219230689955e+00,1.000000000000000e+03,1.000000000000000e+00,
7.507104576672022e-08,0.000000000000000e+00,-7.506092479909108e-08,3.179774086657889e+03,3.179774086620341e+03,7.947201452536978e+02,7.507104576672022e-08,0.000000000000000e+00,-1.000000000000000e+03,2.119849391080228e+03,3.754747849442535e-08,2.169405042429984e+05,4.610292799389243e-06,8.163417764478165e+08,0.000000000000000e+00,5.757465451172728e-12,4.235686414308575e+10,4.235686414308575e+10,-7.124527534212840e+00,7.507104576672022e-08,1.000000000000000e+00,0.000000000000000e+00,-1.000000645536060e+00,1.000159244607367e+00,-7.090586969725077e-01,7.508300042592796e-08,1.000000000000000e+03,1.000000000000000e+00,
7.830539755865565e-08,0.000000000000000e+00,-7.508505885861615e-08,3.517306831542778e+03,3.517306831505188e+03,8.427698274933419e+02,7.830539755865565e-08,0.000000000000000e+00,-1.000000000000000e+03,2.344871221003459e+03,3.775923923898736e-08,2.234024973439316e+05,4.610326716924061e-06,8.179717727083803e+08,0.000000000000000e+00,8.081170027096629e-12,4.491780823755482e+10,4.491780823755482e+10,-7.106208301171328e+00,7.830539755865565e-08,1.000000000000000e+00,0.000000000000000e+00,-9.798375270659017e-01,1.000457073247053e+00,-5.459648158316771e-01,7.672656709978544e-08,1.000000000000000e+03,1.000000000000000e+00,
1.860303345109485e-07,0.000000000000000e+00,-2.891613158718200e-08,1.865318892336095e+04,1.865318892335870e+04,1.887215294420948e+03,1.860303345109485e-07,0.000000000000000e+00,-1.000000000000000e+03,1.243545928223913e+04,3.755383258041855e-08,3.343060668100383e+05,4.367272935917583e-06,8.447504623713448e+08,0.000000000000000e+00,3.822198176457056e-09,1.005844916753980e+11,1.005844916753980e+11,-6.730416233004889e+00,1.860303345109485e-07,1.000000000000000e+00,0.000000000000000e+00,-1.554377229025527e-01,9.778584390288982e-01,-4.961501816245625e-02,7.780295005997346e-08,1.000000000000000e+03,1.000000000000000e+00,
2.373197444839184e-06,0.000000000000000e+00,4.249285526559559e-03,1.959132432517942e+05,1.959094390113326e+05,1.943175012099250e+03,2.373197444839184e-06,0.000000000000000e+00,-1.000000000000000e+03,1.306062926742217e+05,3.804240461638479e+00,3.392262823006647e+05,5.912110630879846e-03,8.287359160463408e+08,0.000000000000000e+00,-1.210724123025175e-08,1.035670235431772e+11,1.035670235431772e+11,-5.624666127928061e+00,2.373197444839184e-06,1.000000000000000e+00,0.000000000000000e+00,1.790531814282947e+03,1.790531814282947e+03,4.601934414258878e+02,4.249285526559559e-03,1.000000000000000e+03,1.000000000000000e+00,
2.616927642466577e-05,0.000000000000000e+00,5.628260123286698e-02,2.098680868600490e+06,2.098620344741325e+06,1.547030681982183e+03,2.616927642466577e-05,0.000000000000000e+00,-1.000000000000000e+03,1.399080229827550e+06,6.052385916471469e+01,3.026794929675931e+05,7.204977338592935e-03,7.277989904859982e+08,0.000000000000000e+00,-6.511997766561990e-07,8.245338791680734e+10,8.245338791680733e+10,-4.582208285350920e+00,2.616927642466577e-05,1.000000000000000e+00,0.000000000000000e+00,2.150712932200830e+03,2.150712932200830e+03,-4.694095709846167e+00,5.628260123286698e-02,1.000000000000000e+03,1.000000000000000e+00,
2.886135498544640e-04,0.000000000000000e+00,6.696879571551948e-01,2.308961788311925e+07,2.308884092382509e+07,1.504485439956705e+03,2.886135498544640e-04,0.000000000000000e+00,-1.000000000000000e+03,1.539256061588340e+07,7.769592941579651e+02,2.984884486418566e+05,7.782772216536804e-03,6.410241931873151e+08,0.000000000000000e+00,-7.332740667668531e-07,8.018581857536000e+10,8.018581857536000e+10,-3.539683283468144e+00,2.886135498544640e-04,1.000000000000000e+00,0.000000000000000e+00,2.320362150331788e+03,2.320362150331788e+03,-6.875739390225314e+02,6.696879571551948e-01,1.000000000000000e+03,1.000000000000000e+00,
3.139978754153496e-03,0.000000000000000e+00,7.441219230689955e+00,2.534885844500654e+08,2.534797672337760e+08,1.514631595879232e+03,3.139978754153496e-03,0.000000000000000e+00,-1.000000000000000e+03,1.689865114891840e+08,8.817216289432763e+03,2.994932511426395e+05,7.923191302033625e-03,5.556056939136424e+08,0.000000000000000e+00,-9.426706979365917e-08,8.072658673198930e+10,8.072658673198932e+10,-2.503073290457077e+00,3.139978754153496e-03,1.000000000000000e+00,0.000000000000000e+00,2.369831076355810e+03,2.369831076355810e+03,-1.293712314870450e+03,7.441219230689955e+00,1.000000000000000e+03,1.000000000000000e+00,

