1
0
28
0
(64 0
((0,0) (63,63) (0,0))
((448,0) (511,63) (0,0))
((384,0) (447,63) (0,0))
((320,0) (383,63) (0,0))
((256,0) (319,63) (0,0))
((192,0) (255,63) (0,0))
((128,0) (191,63) (0,0))
((64,0) (127,63) (0,0))
((0,448) (63,511) (0,0))
((0,384) (63,447) (0,0))
((0,320) (63,383) (0,0))
((0,256) (63,319) (0,0))
((0,192) (63,255) (0,0))
((0,128) (63,191) (0,0))
((0,64) (63,127) (0,0))
((448,448) (511,511) (0,0))
((448,384) (511,447) (0,0))
((448,320) (511,383) (0,0))
((448,256) (511,319) (0,0))
((448,192) (511,255) (0,0))
((448,128) (511,191) (0,0))
((448,64) (511,127) (0,0))
((384,448) (447,511) (0,0))
((384,384) (447,447) (0,0))
((384,320) (447,383) (0,0))
((384,256) (447,319) (0,0))
((384,192) (447,255) (0,0))
((384,128) (447,191) (0,0))
((384,64) (447,127) (0,0))
((320,448) (383,511) (0,0))
((320,384) (383,447) (0,0))
((320,320) (383,383) (0,0))
((320,256) (383,319) (0,0))
((320,192) (383,255) (0,0))
((320,128) (383,191) (0,0))
((320,64) (383,127) (0,0))
((256,448) (319,511) (0,0))
((256,384) (319,447) (0,0))
((256,320) (319,383) (0,0))
((256,256) (319,319) (0,0))
((256,192) (319,255) (0,0))
((256,128) (319,191) (0,0))
((256,64) (319,127) (0,0))
((192,448) (255,511) (0,0))
((192,384) (255,447) (0,0))
((192,320) (255,383) (0,0))
((192,256) (255,319) (0,0))
((192,192) (255,255) (0,0))
((192,128) (255,191) (0,0))
((192,64) (255,127) (0,0))
((128,448) (191,511) (0,0))
((128,384) (191,447) (0,0))
((128,320) (191,383) (0,0))
((128,256) (191,319) (0,0))
((128,192) (191,255) (0,0))
((128,128) (191,191) (0,0))
((128,64) (191,127) (0,0))
((64,448) (127,511) (0,0))
((64,384) (127,447) (0,0))
((64,320) (127,383) (0,0))
((64,256) (127,319) (0,0))
((64,192) (127,255) (0,0))
((64,128) (127,191) (0,0))
((64,64) (127,127) (0,0))
)
64
FabOnDisk: Cell_D_0000 0
FabOnDisk: Cell_D_0001 0
FabOnDisk: Cell_D_0001 917590
FabOnDisk: Cell_D_0001 1835180
FabOnDisk: Cell_D_0001 2752770
FabOnDisk: Cell_D_0000 917587
FabOnDisk: Cell_D_0000 1835177
FabOnDisk: Cell_D_0000 2752767
FabOnDisk: Cell_D_0002 0
FabOnDisk: Cell_D_0002 917590
FabOnDisk: Cell_D_0002 1835180
FabOnDisk: Cell_D_0002 2752770
FabOnDisk: Cell_D_0000 3670356
FabOnDisk: Cell_D_0000 4587946
FabOnDisk: Cell_D_0000 5505536
FabOnDisk: Cell_D_0003 0
FabOnDisk: Cell_D_0003 917593
FabOnDisk: Cell_D_0003 1835186
FabOnDisk: Cell_D_0003 2752779
FabOnDisk: Cell_D_0001 3670360
FabOnDisk: Cell_D_0001 4587953
FabOnDisk: Cell_D_0001 5505546
FabOnDisk: Cell_D_0003 3670372
FabOnDisk: Cell_D_0003 4587965
FabOnDisk: Cell_D_0003 5505558
FabOnDisk: Cell_D_0003 6423151
FabOnDisk: Cell_D_0001 6423138
FabOnDisk: Cell_D_0001 7340731
FabOnDisk: Cell_D_0001 8258324
FabOnDisk: Cell_D_0003 7340744
FabOnDisk: Cell_D_0003 8258337
FabOnDisk: Cell_D_0003 9175930
FabOnDisk: Cell_D_0003 10093523
FabOnDisk: Cell_D_0001 9175916
FabOnDisk: Cell_D_0001 10093509
FabOnDisk: Cell_D_0001 11011102
FabOnDisk: Cell_D_0003 11011116
FabOnDisk: Cell_D_0003 11928709
FabOnDisk: Cell_D_0003 12846302
FabOnDisk: Cell_D_0003 13763895
FabOnDisk: Cell_D_0001 11928694
FabOnDisk: Cell_D_0001 12846287
FabOnDisk: Cell_D_0001 13763880
FabOnDisk: Cell_D_0002 3670360
FabOnDisk: Cell_D_0002 4587953
FabOnDisk: Cell_D_0002 5505546
FabOnDisk: Cell_D_0002 6423139
FabOnDisk: Cell_D_0000 6423125
FabOnDisk: Cell_D_0000 7340718
FabOnDisk: Cell_D_0000 8258311
FabOnDisk: Cell_D_0002 7340732
FabOnDisk: Cell_D_0002 8258325
FabOnDisk: Cell_D_0002 9175918
FabOnDisk: Cell_D_0002 10093511
FabOnDisk: Cell_D_0000 9175903
FabOnDisk: Cell_D_0000 10093496
FabOnDisk: Cell_D_0000 11011089
FabOnDisk: Cell_D_0002 11011104
FabOnDisk: Cell_D_0002 11928696
FabOnDisk: Cell_D_0002 12846288
FabOnDisk: Cell_D_0002 13763880
FabOnDisk: Cell_D_0000 11928681
FabOnDisk: Cell_D_0000 12846273
FabOnDisk: Cell_D_0000 13763865

64,28
3.040463848997766e-03,0.000000000000000e+00,6.992574702789428e+00,2.453122361875851e+08,2.453041952926094e+08,1.513754871457686e+03,3.040463848997766e-03,0.000000000000000e+00,-1.000000000000000e+03,1.635361301950729e+08,8.040894975647938e+03,2.994065597465891e+05,6.976172912774400e-03,4.152225407628546e+08,0.000000000000000e+00,-1.908654118036566e-07,8.067985921735905e+10,8.067985921735904e+10,-2.517060155965871e+00,3.040463848997766e-03,1.000000000000000e+00,0.000000000000000e+00,2.299838133281671e+03,2.299838133281671e+03,-1.846642845498251e+03,6.992574702789428e+00,1.000000000000000e+03,1.000000000000000e+00,
3.040463848997766e-03,0.000000000000000e+00,6.992574702789428e+00,2.453122361875851e+08,2.453041952926094e+08,1.513754871457686e+03,3.040463848997766e-03,0.000000000000000e+00,-1.000000000000000e+03,1.635361301950729e+08,8.040894975647938e+03,2.994065597465891e+05,6.976172912774400e-03,4.152225407628546e+08,0.000000000000000e+00,-1.908654118036566e-07,8.067985921735905e+10,8.067985921735904e+10,-2.517060155965871e+00,3.040463848997766e-03,1.000000000000000e+00,0.000000000000000e+00,2.299838133281671e+03,2.299838133281671e+03,-1.846642845498251e+03,6.992574702789428e+00,1.000000000000000e+03,1.000000000000000e+00,
3.040463848997766e-03,0.000000000000000e+00,6.992574702789428e+00,2.453122361875851e+08,2.453041952926094e+08,1.513754871457686e+03,3.040463848997766e-03,0.000000000000000e+00,-1.000000000000000e+03,1.635361301950729e+08,8.040894975647938e+03,2.994065597465891e+05,6.976172912774400e-03,4.152225407628546e+08,0.000000000000000e+00,-1.908654118036566e-07,8.067985921735905e+10,8.067985921735904e+10,-2.517060155965871e+00,3.040463848997766e-03,1.000000000000000e+00,0.000000000000000e+00,2.299838133281671e+03,2.299838133281671e+03,-2.065577271706512e+03,6.992574702789428e+00,1.000000000000000e+03,1.000000000000000e+00,
3.040463848997766e-03,0.000000000000000e+00,6.992574702789428e+00,2.453122361875851e+08,2.453041952926094e+08,1.513754871457686e+03,3.040463848997766e-03,0.000000000000000e+00,-1.000000000000000e+03,1.635361301950729e+08,8.040894975647938e+03,2.994065597465891e+05,6.976172912774400e-03,4.152225407628546e+08,0.000000000000000e+00,-1.908654118036566e-07,8.067985921735905e+10,8.067985921735904e+10,-2.517060155965871e+00,3.040463848997766e-03,1.000000000000000e+00,0.000000000000000e+00,2.299838133281671e+03,2.299838133281671e+03,-2.241773690373222e+03,6.992574702789428e+00,1.000000000000000e+03,1.000000000000000e+00,
3.040463848997766e-03,0.000000000000000e+00,6.992574702789428e+00,2.453122361875851e+08,2.453041952926094e+08,1.513754871457686e+03,3.040463848997766e-03,0.000000000000000e+00,-1.000000000000000e+03,1.635361301950729e+08,8.040894975647938e+03,2.994065597465891e+05,6.976172912774400e-03,4.152225407628546e+08,0.000000000000000e+00,-1.908654118036566e-07,8.067985921735905e+10,8.067985921735904e+10,-2.517060155965871e+00,3.040463848997766e-03,1.000000000000000e+00,0.000000000000000e+00,2.299838133281671e+03,2.299838133281671e+03,-2.313430203526826e+03,6.992574702789428e+00,1.000000000000000e+03,1.000000000000000e+00,
3.040463848997766e-03,0.000000000000000e+00,6.992574702789428e+00,2.453122361875851e+08,2.453041952926094e+08,1.513754871457686e+03,3.040463848997766e-03,0.000000000000000e+00,-1.000000000000000e+03,1.635361301950729e+08,8.040894975647938e+03,2.994065597465891e+05,6.976172912774400e-03,4.152225407628546e+08,0.000000000000000e+00,-1.908654118036566e-07,8.067985921735905e+10,8.067985921735904e+10,-2.517060155965871e+00,3.040463848997766e-03,1.000000000000000e+00,0.000000000000000e+00,2.299838133281671e+03,2.299838133281671e+03,-2.313430203526826e+03,6.992574702789428e+00,1.000000000000000e+03,1.000000000000000e+00,
3.040463848997766e-03,0.000000000000000e+00,6.992574702789428e+00,2.453122361875851e+08,2.453041952926094e+08,1.513754871457686e+03,3.040463848997766e-03,0.000000000000000e+00,-1.000000000000000e+03,1.635361301950729e+08,8.040894975647938e+03,2.994065597465891e+05,6.976172912774400e-03,4.152225407628546e+08,0.000000000000000e+00,-1.908654118036566e-07,8.067985921735905e+10,8.067985921735904e+10,-2.517060155965871e+00,3.040463848997766e-03,1.000000000000000e+00,0.000000000000000e+00,2.299838133281671e+03,2.299838133281671e+03,-2.241773690373222e+03,6.992574702789428e+00,1.000000000000000e+03,1.000000000000000e+00,
3.040463848997766e-03,0.000000000000000e+00,6.992574702789428e+00,2.453122361875851e+08,2.453041952926094e+08,1.513754871457686e+03,3.040463848997766e-03,0.000000000000000e+00,-1.000000000000000e+03,1.635361301950729e+08,8.040894975647938e+03,2.994065597465891e+05,6.976172912774400e-03,4.152225407628546e+08,0.000000000000000e+00,-1.908654118036566e-07,8.067985921735905e+10,8.067985921735904e+10,-2.517060155965871e+00,3.040463848997766e-03,1.000000000000000e+00,0.000000000000000e+00,2.299838133281671e+03,2.299838133281671e+03,-2.065577271706512e+03,6.992574702789428e+00,1.000000000000000e+03,1.000000000000000e+00,
7.506087122313529e-08,0.000000000000000e+00,-7.507937256821086e-08,3.501364735834845e+03,3.501364735797315e+03,8.752138357326720e+02,7.506087122313529e-08,0.000000000000000e+00,-1.000000000000000e+03,2.334243157198210e+03,3.753045520911076e-08,2.276620391795217e+05,4.392476944087603e-06,8.214886721149397e+08,0.000000000000000e+00,-5.551967829919846e-15,4.664700367504025e+10,4.664700367504025e+10,-7.124586399086215e+00,7.506087122313529e-08,1.000000000000000e+00,0.000000000000000e+00,-1.000171334995774e+00,1.000000259921716e+00,-7.986854057850981e-01,7.506089090826594e-08,1.000000000000000e+03,1.000000000000000e+00,
7.506720973581144e-08,0.000000000000000e+00,-7.681676379307779e-08,3.501977637708142e+03,3.501977637670594e+03,8.752931248114514e+02,7.506720973581144e-08,0.000000000000000e+00,-1.000000000000000e+03,2.334651758447063e+03,3.754765967973294e-08,2.276723513477089e+05,4.259789358241315e-06,8.214904999951558e+08,0.000000000000000e+00,-6.677403481377131e-10,4.665122961137512e+10,4.665122961137513e+10,-7.124549726652080e+00,7.506720973581144e-08,1.000000000000000e+00,0.000000000000000e+00,-1.001549604933962e+00,9.904988615456913e-01,-7.053949996665940e-01,7.508126323214579e-08,1.000000000000000e+03,1.000000000000000e+00,
7.774601797234117e-08,0.000000000000000e+00,-7.809037233438377e-08,3.795894624349017e+03,3.795894624310987e+03,9.160652635826957e+02,7.774601797234117e-08,0.000000000000000e+00,-1.000000000000000e+03,2.530596416207325e+03,4.737291231462810e-09,2.329146156999165e+05,7.101791425304941e-07,8.226712133184785e+08,0.000000000000000e+00,-1.450677826134159e-08,4.882429638597581e+10,4.882429638597581e+10,-7.109321845605641e+00,7.774601797234117e-08,1.000000000000000e+00,0.000000000000000e+00,-9.891005973398771e-01,2.326539131304592e-01,-5.461804169564057e-01,4.072393339721224e-08,1.000000000000000e+03,1.000000000000000e+00,
1.818770720669583e-07,0.000000000000000e+00,-4.042611729544795e-08,1.758950488097857e+04,1.758950488097408e+04,1.546374954696064e+03,1.818770720669583e-07,0.000000000000000e+00,-1.000000000000000e+03,1.172633658731605e+04,9.750761469233654e-13,3.026153390239208e+05,9.018242463243665e-09,7.317158766855088e+08,0.000000000000000e+00,-3.301225165765004e-04,8.241843907130627e+10,8.241843907130629e+10,-6.740222045864546e+00,1.818770720669583e-07,1.000000000000000e+00,0.000000000000000e+00,-2.222716521440647e-01,2.969469452144094e-03,-6.963020269838274e-02,6.567342500993338e-10,1.000000000000000e+03,1.000000000000000e+00,
2.289761092651851e-06,0.000000000000000e+00,3.889743559778859e-03,1.885113852784019e+05,1.885080814173552e+05,1.504850403531152e+03,2.289761092651851e-06,0.000000000000000e+00,-1.000000000000000e+03,1.256720542782368e+05,3.303861046769386e+00,2.985246506556637e+05,5.616711960002752e-03,6.449154741438632e+08,0.000000000000000e+00,-3.572446373230378e-06,8.020527034417744e+10,8.020527034417744e+10,-5.640209828383087e+00,2.289761092651851e-06,1.000000000000000e+00,0.000000000000000e+00,1.698755198636908e+03,1.698755198636908e+03,-6.495928112462806e+02,3.889743559778859e-03,1.000000000000000e+03,1.000000000000000e+00,
2.529148700460116e-05,0.000000000000000e+00,5.255633151385609e-02,2.028361403040983e+06,2.028306796366775e+06,1.501124386733558e+03,2.529148700460116e-05,0.000000000000000e+00,-1.000000000000000e+03,1.352204530911184e+06,5.460667420804153e+01,2.981548473736114e+05,6.961331140923131e-03,5.594624674271224e+08,0.000000000000000e+00,-2.195481448473060e-06,8.000668171114336e+10,8.000668171114337e+10,-4.597025635704716e+00,2.529148700460116e-05,1.000000000000000e+00,0.000000000000000e+00,2.078024574209289e+03,2.078024574209289e+03,-1.243615988979160e+03,5.255633151385609e-02,1.000000000000000e+03,1.000000000000000e+00,
2.791372165129183e-04,0.000000000000000e+00,6.289403112727457e-01,2.233345493193677e+07,2.233274638092361e+07,1.501101601923258e+03,2.791372165129183e-04,0.000000000000000e+00,-1.000000000000000e+03,1.488849758728241e+07,7.085510131637209e+02,2.981525845939657e+05,7.557023056744064e-03,4.749909535522242e+08,0.000000000000000e+00,-5.250721030907926e-07,8.000546733005569e+10,8.000546733005569e+10,-3.554182256493557e+00,2.791372165129183e-04,1.000000000000000e+00,0.000000000000000e+00,2.253158210609437e+03,2.253158210609437e+03,-1.621718879069075e+03,6.289403112727457e-01,1.000000000000000e+03,1.000000000000000e+00,
7.506087122313529e-08,0.000000000000000e+00,-7.507937256821086e-08,3.501364735834845e+03,3.501364735797315e+03,8.752138357326720e+02,7.506087122313529e-08,0.000000000000000e+00,-1.000000000000000e+03,2.334243157198210e+03,3.753045520911076e-08,2.276620391795217e+05,4.392476944087603e-06,8.214886721149397e+08,0.000000000000000e+00,-5.551967829919846e-15,4.664700367504025e+10,4.664700367504025e+10,-7.124586399086215e+00,7.506087122313529e-08,1.000000000000000e+00,0.000000000000000e+00,-1.000171334995774e+00,1.000000259921716e+00,-7.986854057850981e-01,7.506089090826594e-08,1.000000000000000e+03,1.000000000000000e+00,
7.506720973581144e-08,0.000000000000000e+00,-7.681676379307779e-08,3.501977637708142e+03,3.501977637670594e+03,8.752931248114514e+02,7.506720973581144e-08,0.000000000000000e+00,-1.000000000000000e+03,2.334651758447063e+03,3.754765967973294e-08,2.276723513477089e+05,4.259789358241315e-06,8.214904999951558e+08,0.000000000000000e+00,-6.677403481377131e-10,4.665122961137512e+10,4.665122961137513e+10,-7.124549726652080e+00,7.506720973581144e-08,1.000000000000000e+00,0.000000000000000e+00,-1.001549604933962e+00,9.904988615456913e-01,-7.053949996665940e-01,7.508126323214579e-08,1.000000000000000e+03,1.000000000000000e+00,
7.774601797234117e-08,0.000000000000000e+00,-7.809037233438377e-08,3.795894624349017e+03,3.795894624310987e+03,9.160652635826957e+02,7.774601797234117e-08,0.000000000000000e+00,-1.000000000000000e+03,2.530596416207325e+03,4.737291231462810e-09,2.329146156999165e+05,7.101791425304941e-07,8.226712133184785e+08,0.000000000000000e+00,-1.450677826134159e-08,4.882429638597581e+10,4.882429638597581e+10,-7.109321845605641e+00,7.774601797234117e-08,1.000000000000000e+00,0.000000000000000e+00,-9.891005973398771e-01,2.326539131304592e-01,-5.461804169564057e-01,4.072393339721224e-08,1.000000000000000e+03,1.000000000000000e+00,
1.818770720669583e-07,0.000000000000000e+00,-4.042611729544795e-08,1.758950488097857e+04,1.758950488097408e+04,1.546374954696064e+03,1.818770720669583e-07,0.000000000000000e+00,-1.000000000000000e+03,1.172633658731605e+04,9.750761469233654e-13,3.026153390239208e+05,9.018242463243665e-09,7.317158766855088e+08,0.000000000000000e+00,-3.301225165765004e-04,8.241843907130627e+10,8.241843907130629e+10,-6.740222045864546e+00,1.818770720669583e-07,1.000000000000000e+00,0.000000000000000e+00,-2.222716521440647e-01,2.969469452144094e-03,-6.963020269838274e-02,6.567342500993338e-10,1.000000000000000e+03,1.000000000000000e+00,
2.289761092651851e-06,0.000000000000000e+00,3.889743559778859e-03,1.885113852784019e+05,1.885080814173552e+05,1.504850403531152e+03,2.289761092651851e-06,0.000000000000000e+00,-1.000000000000000e+03,1.256720542782368e+05,3.303861046769386e+00,2.985246506556637e+05,5.616711960002752e-03,6.449154741438632e+08,0.000000000000000e+00,-3.572446373230378e-06,8.020527034417744e+10,8.020527034417744e+10,-5.640209828383087e+00,2.289761092651851e-06,1.000000000000000e+00,0.000000000000000e+00,1.698755198636908e+03,1.698755198636908e+03,-6.495928112462806e+02,3.889743559778859e-03,1.000000000000000e+03,1.000000000000000e+00,
2.529148700460116e-05,0.000000000000000e+00,5.255633151385609e-02,2.028361403040983e+06,2.028306796366775e+06,1.501124386733558e+03,2.529148700460116e-05,0.000000000000000e+00,-1.000000000000000e+03,1.352204530911184e+06,5.460667420804153e+01,2.981548473736114e+05,6.961331140923131e-03,5.594624674271224e+08,0.000000000000000e+00,-2.195481448473060e-06,8.000668171114336e+10,8.000668171114337e+10,-4.597025635704716e+00,2.529148700460116e-05,1.000000000000000e+00,0.000000000000000e+00,2.078024574209289e+03,2.078024574209289e+03,-1.243615988979160e+03,5.255633151385609e-02,1.000000000000000e+03,1.000000000000000e+00,
2.791372165129183e-04,0.000000000000000e+00,6.289403112727457e-01,2.233345493193677e+07,2.233274638092361e+07,1.501101601923258e+03,2.791372165129183e-04,0.000000000000000e+00,-1.000000000000000e+03,1.488849758728241e+07,7.085510131637209e+02,2.981525845939657e+05,7.557023056744064e-03,4.749909535522242e+08,0.000000000000000e+00,-5.250721030907926e-07,8.000546733005569e+10,8.000546733005569e+10,-3.554182256493557e+00,2.791372165129183e-04,1.000000000000000e+00,0.000000000000000e+00,2.253158210609437e+03,2.253158210609437e+03,-1.621718879069075e+03,6.289403112727457e-01,1.000000000000000e+03,1.000000000000000e+00,
7.506087122313529e-08,0.000000000000000e+00,-7.507937256821086e-08,3.501364735834845e+03,3.501364735797315e+03,8.752138357326720e+02,7.506087122313529e-08,0.000000000000000e+00,-1.000000000000000e+03,2.334243157198210e+03,3.753045520911076e-08,2.276620391795217e+05,4.392476944087603e-06,8.214886721149397e+08,0.000000000000000e+00,-5.551967829919846e-15,4.664700367504025e+10,4.664700367504025e+10,-7.124586399086215e+00,7.506087122313529e-08,1.000000000000000e+00,0.000000000000000e+00,-1.000171334995774e+00,1.000000259921716e+00,-8.933760122890820e-01,7.506089090826594e-08,1.000000000000000e+03,1.000000000000000e+00,
7.506720973581144e-08,0.000000000000000e+00,-7.681676379307779e-08,3.501977637708142e+03,3.501977637670594e+03,8.752931248114514e+02,7.506720973581144e-08,0.000000000000000e+00,-1.000000000000000e+03,2.334651758447063e+03,3.754765967973294e-08,2.276723513477089e+05,4.259789358241315e-06,8.214904999951558e+08,0.000000000000000e+00,-6.677403481377131e-10,4.665122961137512e+10,4.665122961137513e+10,-7.124549726652080e+00,7.506720973581144e-08,1.000000000000000e+00,0.000000000000000e+00,-1.001549604933962e+00,9.904988615456913e-01,-8.305342284879000e-01,7.508126323214579e-08,1.000000000000000e+03,1.000000000000000e+00,
7.774601797234117e-08,0.000000000000000e+00,-7.809037233438377e-08,3.795894624349017e+03,3.795894624310987e+03,9.160652635826957e+02,7.774601797234117e-08,0.000000000000000e+00,-1.000000000000000e+03,2.530596416207325e+03,4.737291231462810e-09,2.329146156999165e+05,7.101791425304941e-07,8.226712133184785e+08,0.000000000000000e+00,-1.450677826134159e-08,4.882429638597581e+10,4.882429638597581e+10,-7.109321845605641e+00,7.774601797234117e-08,1.000000000000000e+00,0.000000000000000e+00,-9.891005973398771e-01,2.326539131304592e-01,-6.966623943296797e-01,4.072393339721224e-08,1.000000000000000e+03,1.000000000000000e+00,
1.818770720669583e-07,0.000000000000000e+00,-4.042611729544795e-08,1.758950488097857e+04,1.758950488097408e+04,1.546374954696064e+03,1.818770720669583e-07,0.000000000000000e+00,-1.000000000000000e+03,1.172633658731605e+04,9.750761469233654e-13,3.026153390239208e+05,9.018242463243665e-09,7.317158766855088e+08,0.000000000000000e+00,-3.301225165765004e-04,8.241843907130627e+10,8.241843907130629e+10,-6.740222045864546e+00,1.818770720669583e-07,1.000000000000000e+00,0.000000000000000e+00,-2.222716521440647e-01,2.969469452144094e-03,-9.847137786670221e-02,6.567342500993338e-10,1.000000000000000e+03,1.000000000000000e+00,
2.289761092651851e-06,0.000000000000000e+00,3.889743559778859e-03,1.885113852784019e+05,1.885080814173552e+05,1.504850403531152e+03,2.289761092651851e-06,0.000000000000000e+00,-1.000000000000000e+03,1.256720542782368e+05,3.303861046769386e+00,2.985246506556637e+05,5.616711960002752e-03,6.449154741438632e+08,0.000000000000000e+00,-3.572446373230378e-06,8.020527034417744e+10,8.020527034417744e+10,-5.640209828383087e+00,2.289761092651851e-06,1.000000000000000e+00,0.000000000000000e+00,1.698755198636908e+03,1.698755198636908e+03,-9.186573741973549e+02,3.889743559778859e-03,1.000000000000000e+03,1.000000000000000e+00,
2.529148700460116e-05,0.000000000000000e+00,5.255633151385609e-02,2.028361403040983e+06,2.028306796366775e+06,1.501124386733558e+03,2.529148700460116e-05,0.000000000000000e+00,-1.000000000000000e+03,1.352204530911184e+06,5.460667420804153e+01,2.981548473736114e+05,6.961331140923131e-03,5.594624674271224e+08,0.000000000000000e+00,-2.195481448473060e-06,8.000668171114336e+10,8.000668171114337e+10,-4.597025635704716e+00,2.529148700460116e-05,1.000000000000000e+00,0.000000000000000e+00,2.078024574209289e+03,2.078024574209289e+03,-1.586253306804381e+03,5.255633151385609e-02,1.000000000000000e+03,1.000000000000000e+00,
2.791372165129183e-04,0.000000000000000e+00,6.289403112727457e-01,2.233345493193677e+07,2.233274638092361e+07,1.501101601923258e+03,2.791372165129183e-04,0.000000000000000e+00,-1.000000000000000e+03,1.488849758728241e+07,7.085510131637209e+02,2.981525845939657e+05,7.557023056744064e-03,4.749909535522242e+08,0.000000000000000e+00,-5.250721030907926e-07,8.000546733005569e+10,8.000546733005569e+10,-3.554182256493557e+00,2.791372165129183e-04,1.000000000000000e+00,0.000000000000000e+00,2.253158210609437e+03,2.253158210609437e+03,-1.909416764633300e+03,6.289403112727457e-01,1.000000000000000e+03,1.000000000000000e+00,
7.506087122313529e-08,0.000000000000000e+00,-7.507937256821086e-08,3.501364735834845e+03,3.501364735797315e+03,8.752138357326720e+02,7.506087122313529e-08,0.000000000000000e+00,-1.000000000000000e+03,2.334243157198210e+03,3.753045520911076e-08,2.276620391795217e+05,4.392476944087603e-06,8.214886721149397e+08,0.000000000000000e+00,-5.551967829919846e-15,4.664700367504025e+10,4.664700367504025e+10,-7.124586399086215e+00,7.506087122313529e-08,1.000000000000000e+00,0.000000000000000e+00,-1.000171334995774e+00,1.000000259921716e+00,-9.695821441265207e-01,7.506089090826594e-08,1.000000000000000e+03,1.000000000000000e+00,
7.506720973581144e-08,0.000000000000000e+00,-7.681676379307779e-08,3.501977637708142e+03,3.501977637670594e+03,8.752931248114514e+02,7.506720973581144e-08,0.000000000000000e+00,-1.000000000000000e+03,2.334651758447063e+03,3.754765967973294e-08,2.276723513477089e+05,4.259789358241315e-06,8.214904999951558e+08,0.000000000000000e+00,-6.677403481377131e-10,4.665122961137512e+10,4.665122961137513e+10,-7.124549726652080e+00,7.506720973581144e-08,1.000000000000000e+00,0.000000000000000e+00,-1.001549604933962e+00,9.904988615456913e-01,-9.478663168230430e-01,7.508126323214579e-08,1.000000000000000e+03,1.000000000000000e+00,
7.774601797234117e-08,0.000000000000000e+00,-7.809037233438377e-08,3.795894624349017e+03,3.795894624310987e+03,9.160652635826957e+02,7.774601797234117e-08,0.000000000000000e+00,-1.000000000000000e+03,2.530596416207325e+03,4.737291231462810e-09,2.329146156999165e+05,7.101791425304941e-07,8.226712133184785e+08,0.000000000000000e+00,-1.450677826134159e-08,4.882429638597581e+10,4.882429638597581e+10,-7.109321845605641e+00,7.774601797234117e-08,1.000000000000000e+00,0.000000000000000e+00,-9.891005973398771e-01,2.326539131304592e-01,-8.825920321095375e-01,4.072393339721224e-08,1.000000000000000e+03,1.000000000000000e+00,
1.818770720669583e-07,0.000000000000000e+00,-4.042611729544795e-08,1.758950488097857e+04,1.758950488097408e+04,1.546374954696064e+03,1.818770720669583e-07,0.000000000000000e+00,-1.000000000000000e+03,1.172633658731605e+04,9.750761469233654e-13,3.026153390239208e+05,9.018242463243665e-09,7.317158766855088e+08,0.000000000000000e+00,-3.301225165765004e-04,8.241843907130627e+10,8.241843907130629e+10,-6.740222045864546e+00,1.818770720669583e-07,1.000000000000000e+00,0.000000000000000e+00,-2.222716521440647e-01,2.969469452144094e-03,-1.559371447413403e-01,6.567342500993338e-10,1.000000000000000e+03,1.000000000000000e+00,
2.289761092651851e-06,0.000000000000000e+00,3.889743559778859e-03,1.885113852784019e+05,1.885080814173552e+05,1.504850403531152e+03,2.289761092651851e-06,0.000000000000000e+00,-1.000000000000000e+03,1.256720542782368e+05,3.303861046769386e+00,2.985246506556637e+05,5.616711960002752e-03,6.449154741438632e+08,0.000000000000000e+00,-3.572446373230378e-06,8.020527034417744e+10,8.020527034417744e+10,-5.640209828383087e+00,2.289761092651851e-06,1.000000000000000e+00,0.000000000000000e+00,1.698755198636908e+03,1.698755198636908e+03,-1.454765953634056e+03,3.889743559778859e-03,1.000000000000000e+03,1.000000000000000e+00,
2.529148700460116e-05,0.000000000000000e+00,5.255633151385609e-02,2.028361403040983e+06,2.028306796366775e+06,1.501124386733558e+03,2.529148700460116e-05,0.000000000000000e+00,-1.000000000000000e+03,1.352204530911184e+06,5.460667420804153e+01,2.981548473736114e+05,6.961331140923131e-03,5.594624674271224e+08,0.000000000000000e+00,-2.195481448473060e-06,8.000668171114336e+10,8.000668171114337e+10,-4.597025635704716e+00,2.529148700460116e-05,1.000000000000000e+00,0.000000000000000e+00,2.078024574209289e+03,2.078024574209289e+03,-2.009602557692280e+03,5.255633151385609e-02,1.000000000000000e+03,1.000000000000000e+00,
2.791372165129183e-04,0.000000000000000e+00,6.289403112727457e-01,2.233345493193677e+07,2.233274638092361e+07,1.501101601923258e+03,2.791372165129183e-04,0.000000000000000e+00,-1.000000000000000e+03,1.488849758728241e+07,7.085510131637209e+02,2.981525845939657e+05,7.557023056744064e-03,4.749909535522242e+08,0.000000000000000e+00,-5.250721030907926e-07,8.000546733005569e+10,8.000546733005569e+10,-3.554182256493557e+00,2.791372165129183e-04,1.000000000000000e+00,0.000000000000000e+00,2.253158210609437e+03,2.253158210609437e+03,-2.179165859627789e+03,6.289403112727457e-01,1.000000000000000e+03,1.000000000000000e+00,
7.506087122313529e-08,0.000000000000000e+00,-7.507937256821086e-08,3.501364735834845e+03,3.501364735797315e+03,8.752138357326720e+02,7.506087122313529e-08,0.000000000000000e+00,-1.000000000000000e+03,2.334243157198210e+03,3.753045520911076e-08,2.276620391795217e+05,4.392476944087603e-06,8.214886721149397e+08,0.000000000000000e+00,-5.551967829919846e-15,4.664700367504025e+10,4.664700367504025e+10,-7.124586399086215e+00,7.506087122313529e-08,1.000000000000000e+00,0.000000000000000e+00,-1.000171334995774e+00,1.000000259921716e+00,-1.000167961184762e+00,7.506089090826594e-08,1.000000000000000e+03,1.000000000000000e+00,
7.506720973581144e-08,0.000000000000000e+00,-7.681676379307779e-08,3.501977637708142e+03,3.501977637670594e+03,8.752931248114514e+02,7.506720973581144e-08,0.000000000000000e+00,-1.000000000000000e+03,2.334651758447063e+03,3.754765967973294e-08,2.276723513477089e+05,4.259789358241315e-06,8.214904999951558e+08,0.000000000000000e+00,-6.677403481377131e-10,4.665122961137512e+10,4.665122961137513e+10,-7.124549726652080e+00,7.506720973581144e-08,1.000000000000000e+00,0.000000000000000e+00,-1.001549604933962e+00,9.904988615456913e-01,-1.001544360216490e+00,7.508126323214579e-08,1.000000000000000e+03,1.000000000000000e+00,
7.774601797234117e-08,0.000000000000000e+00,-7.809037233438377e-08,3.795894624349017e+03,3.795894624310987e+03,9.160652635826957e+02,7.774601797234117e-08,0.000000000000000e+00,-1.000000000000000e+03,2.530596416207325e+03,4.737291231462810e-09,2.329146156999165e+05,7.101791425304941e-07,8.226712133184785e+08,0.000000000000000e+00,-1.450677826134159e-08,4.882429638597581e+10,4.882429638597581e+10,-7.109321845605641e+00,7.774601797234117e-08,1.000000000000000e+00,0.000000000000000e+00,-9.891005973398771e-01,2.326539131304592e-01,-9.890929918866731e-01,4.072393339721224e-08,1.000000000000000e+03,1.000000000000000e+00,
1.818770720669583e-07,0.000000000000000e+00,-4.042611729544795e-08,1.758950488097857e+04,1.758950488097408e+04,1.546374954696064e+03,1.818770720669583e-07,0.000000000000000e+00,-1.000000000000000e+03,1.172633658731605e+04,9.750761469233654e-13,3.026153390239208e+05,9.018242463243665e-09,7.317158766855088e+08,0.000000000000000e+00,-3.301225165765004e-04,8.241843907130627e+10,8.241843907130629e+10,-6.740222045864546e+00,1.818770720669583e-07,1.000000000000000e+00,0.000000000000000e+00,-2.222716521440647e-01,2.969469452144094e-03,-2.222647620294567e-01,6.567342500993338e-10,1.000000000000000e+03,1.000000000000000e+00,
2.289761092651851e-06,0.000000000000000e+00,3.889743559778859e-03,1.885113852784019e+05,1.885080814173552e+05,1.504850403531152e+03,2.289761092651851e-06,0.000000000000000e+00,-1.000000000000000e+03,1.256720542782368e+05,3.303861046769386e+00,2.985246506556637e+05,5.616711960002752e-03,6.449154741438632e+08,0.000000000000000e+00,-3.572446373230378e-06,8.020527034417744e+10,8.020527034417744e+10,-5.640209828383087e+00,2.289761092651851e-06,1.000000000000000e+00,0.000000000000000e+00,1.698755198636908e+03,1.698755198636908e+03,-2.073548345580988e+03,3.889743559778859e-03,1.000000000000000e+03,1.000000000000000e+00,
2.529148700460116e-05,0.000000000000000e+00,5.255633151385609e-02,2.028361403040983e+06,2.028306796366775e+06,1.501124386733558e+03,2.529148700460116e-05,0.000000000000000e+00,-1.000000000000000e+03,1.352204530911184e+06,5.460667420804153e+01,2.981548473736114e+05,6.961331140923131e-03,5.594624674271224e+08,0.000000000000000e+00,-2.195481448473060e-06,8.000668171114336e+10,8.000668171114337e+10,-4.597025635704716e+00,2.529148700460116e-05,1.000000000000000e+00,0.000000000000000e+00,2.078024574209289e+03,2.078024574209289e+03,-2.252098063405448e+03,5.255633151385609e-02,1.000000000000000e+03,1.000000000000000e+00,
2.791372165129183e-04,0.000000000000000e+00,6.289403112727457e-01,2.233345493193677e+07,2.233274638092361e+07,1.501101601923258e+03,2.791372165129183e-04,0.000000000000000e+00,-1.000000000000000e+03,1.488849758728241e+07,7.085510131637209e+02,2.981525845939657e+05,7.557023056744064e-03,4.749909535522242e+08,0.000000000000000e+00,-5.250721030907926e-07,8.000546733005569e+10,8.000546733005569e+10,-3.554182256493557e+00,2.791372165129183e-04,1.000000000000000e+00,0.000000000000000e+00,2.253158210609437e+03,2.253158210609437e+03,-2.299444930312938e+03,6.289403112727457e-01,1.000000000000000e+03,1.000000000000000e+00,
7.506087122313529e-08,0.000000000000000e+00,-7.507937256821086e-08,3.501364735834845e+03,3.501364735797315e+03,8.752138357326720e+02,7.506087122313529e-08,0.000000000000000e+00,-1.000000000000000e+03,2.334243157198210e+03,3.753045520911076e-08,2.276620391795217e+05,4.392476944087603e-06,8.214886721149397e+08,0.000000000000000e+00,-5.551967829919846e-15,4.664700367504025e+10,4.664700367504025e+10,-7.124586399086215e+00,7.506087122313529e-08,1.000000000000000e+00,0.000000000000000e+00,-1.000171334995774e+00,1.000000259921716e+00,-1.000167961184762e+00,7.506089090826594e-08,1.000000000000000e+03,1.000000000000000e+00,
7.506720973581144e-08,0.000000000000000e+00,-7.681676379307779e-08,3.501977637708142e+03,3.501977637670594e+03,8.752931248114514e+02,7.506720973581144e-08,0.000000000000000e+00,-1.000000000000000e+03,2.334651758447063e+03,3.754765967973294e-08,2.276723513477089e+05,4.259789358241315e-06,8.214904999951558e+08,0.000000000000000e+00,-6.677403481377131e-10,4.665122961137512e+10,4.665122961137513e+10,-7.124549726652080e+00,7.506720973581144e-08,1.000000000000000e+00,0.000000000000000e+00,-1.001549604933962e+00,9.904988615456913e-01,-1.001544360216490e+00,7.508126323214579e-08,1.000000000000000e+03,1.000000000000000e+00,
7.774601797234117e-08,0.000000000000000e+00,-7.809037233438377e-08,3.795894624349017e+03,3.795894624310987e+03,9.160652635826957e+02,7.774601797234117e-08,0.000000000000000e+00,-1.000000000000000e+03,2.530596416207325e+03,4.737291231462810e-09,2.329146156999165e+05,7.101791425304941e-07,8.226712133184785e+08,0.000000000000000e+00,-1.450677826134159e-08,4.882429638597581e+10,4.882429638597581e+10,-7.109321845605641e+00,7.774601797234117e-08,1.000000000000000e+00,0.000000000000000e+00,-9.891005973398771e-01,2.326539131304592e-01,-9.890929918866731e-01,4.072393339721224e-08,1.000000000000000e+03,1.000000000000000e+00,
1.818770720669583e-07,0.000000000000000e+00,-4.042611729544795e-08,1.758950488097857e+04,1.758950488097408e+04,1.546374954696064e+03,1.818770720669583e-07,0.000000000000000e+00,-1.000000000000000e+03,1.172633658731605e+04,9.750761469233654e-13,3.026153390239208e+05,9.018242463243665e-09,7.317158766855088e+08,0.000000000000000e+00,-3.301225165765004e-04,8.241843907130627e+10,8.241843907130629e+10,-6.740222045864546e+00,1.818770720669583e-07,1.000000000000000e+00,0.000000000000000e+00,-2.222716521440647e-01,2.969469452144094e-03,-2.222647620294567e-01,6.567342500993338e-10,1.000000000000000e+03,1.000000000000000e+00,
2.289761092651851e-06,0.000000000000000e+00,3.889743559778859e-03,1.885113852784019e+05,1.885080814173552e+05,1.504850403531152e+03,2.289761092651851e-06,0.000000000000000e+00,-1.000000000000000e+03,1.256720542782368e+05,3.303861046769386e+00,2.985246506556637e+05,5.616711960002752e-03,6.449154741438632e+08,0.000000000000000e+00,-3.572446373230378e-06,8.020527034417744e+10,8.020527034417744e+10,-5.640209828383087e+00,2.289761092651851e-06,1.000000000000000e+00,0.000000000000000e+00,1.698755198636908e+03,1.698755198636908e+03,-2.073548345580988e+03,3.889743559778859e-03,1.000000000000000e+03,1.000000000000000e+00,
2.529148700460116e-05,0.000000000000000e+00,5.255633151385609e-02,2.028361403040983e+06,2.028306796366775e+06,1.501124386733558e+03,2.529148700460116e-05,0.000000000000000e+00,-1.000000000000000e+03,1.352204530911184e+06,5.460667420804153e+01,2.981548473736114e+05,6.961331140923131e-03,5.594624674271224e+08,0.000000000000000e+00,-2.195481448473060e-06,8.000668171114336e+10,8.000668171114337e+10,-4.597025635704716e+00,2.529148700460116e-05,1.000000000000000e+00,0.000000000000000e+00,2.078024574209289e+03,2.078024574209289e+03,-2.252098063405448e+03,5.255633151385609e-02,1.000000000000000e+03,1.000000000000000e+00,
2.791372165129183e-04,0.000000000000000e+00,6.289403112727457e-01,2.233345493193677e+07,2.233274638092361e+07,1.501101601923258e+03,2.791372165129183e-04,0.000000000000000e+00,-1.000000000000000e+03,1.488849758728241e+07,7.085510131637209e+02,2.981525845939657e+05,7.557023056744064e-03,4.749909535522242e+08,0.000000000000000e+00,-5.250721030907926e-07,8.000546733005569e+10,8.000546733005569e+10,-3.554182256493557e+00,2.791372165129183e-04,1.000000000000000e+00,0.000000000000000e+00,2.253158210609437e+03,2.253158210609437e+03,-2.299444930312938e+03,6.289403112727457e-01,1.000000000000000e+03,1.000000000000000e+00,
7.506087122313529e-08,0.000000000000000e+00,-7.507937256821086e-08,3.501364735834845e+03,3.501364735797315e+03,8.752138357326720e+02,7.506087122313529e-08,0.000000000000000e+00,-1.000000000000000e+03,2.334243157198210e+03,3.753045520911076e-08,2.276620391795217e+05,4.392476944087603e-06,8.214886721149397e+08,0.000000000000000e+00,-5.551967829919846e-15,4.664700367504025e+10,4.664700367504025e+10,-7.124586399086215e+00,7.506087122313529e-08,1.000000000000000e+00,0.000000000000000e+00,-1.000171334995774e+00,1.000000259921716e+00,-9.695821441265207e-01,7.506089090826594e-08,1.000000000000000e+03,1.000000000000000e+00,
7.506720973581144e-08,0.000000000000000e+00,-7.681676379307779e-08,3.501977637708142e+03,3.501977637670594e+03,8.752931248114514e+02,7.506720973581144e-08,0.000000000000000e+00,-1.000000000000000e+03,2.334651758447063e+03,3.754765967973294e-08,2.276723513477089e+05,4.259789358241315e-06,8.214904999951558e+08,0.000000000000000e+00,-6.677403481377131e-10,4.665122961137512e+10,4.665122961137513e+10,-7.124549726652080e+00,7.506720973581144e-08,1.000000000000000e+00,0.000000000000000e+00,-1.001549604933962e+00,9.904988615456913e-01,-9.478663168230430e-01,7.508126323214579e-08,1.000000000000000e+03,1.000000000000000e+00,
7.774601797234117e-08,0.000000000000000e+00,-7.809037233438377e-08,3.795894624349017e+03,3.795894624310987e+03,9.160652635826957e+02,7.774601797234117e-08,0.000000000000000e+00,-1.000000000000000e+03,2.530596416207325e+03,4.737291231462810e-09,2.329146156999165e+05,7.101791425304941e-07,8.226712133184785e+08,0.000000000000000e+00,-1.450677826134159e-08,4.882429638597581e+10,4.882429638597581e+10,-7.109321845605641e+00,7.774601797234117e-08,1.000000000000000e+00,0.000000000000000e+00,-9.891005973398771e-01,2.326539131304592e-01,-8.825920321095375e-01,4.072393339721224e-08,1.000000000000000e+03,1.000000000000000e+00,
1.818770720669583e-07,0.000000000000000e+00,-4.042611729544795e-08,1.758950488097857e+04,1.758950488097408e+04,1.546374954696064e+03,1.818770720669583e-07,0.000000000000000e+00,-1.000000000000000e+03,1.172633658731605e+04,9.750761469233654e-13,3.026153390239208e+05,9.018242463243665e-09,7.317158766855088e+08,0.000000000000000e+00,-3.301225165765004e-04,8.241843907130627e+10,8.241843907130629e+10,-6.740222045864546e+00,1.818770720669583e-07,1.000000000000000e+00,0.000000000000000e+00,-2.222716521440647e-01,2.969469452144094e-03,-1.559371447413403e-01,6.567342500993338e-10,1.000000000000000e+03,1.000000000000000e+00,
2.289761092651851e-06,0.000000000000000e+00,3.889743559778859e-03,1.885113852784019e+05,1.885080814173552e+05,1.504850403531152e+03,2.289761092651851e-06,0.000000000000000e+00,-1.000000000000000e+03,1.256720542782368e+05,3.303861046769386e+00,2.985246506556637e+05,5.616711960002752e-03,6.449154741438632e+08,0.000000000000000e+00,-3.572446373230378e-06,8.020527034417744e+10,8.020527034417744e+10,-5.640209828383087e+00,2.289761092651851e-06,1.000000000000000e+00,0.000000000000000e+00,1.698755198636908e+03,1.698755198636908e+03,-1.454765953634056e+03,3.889743559778859e-03,1.000000000000000e+03,1.000000000000000e+00,
2.529148700460116e-05,0.000000000000000e+00,5.255633151385609e-02,2.028361403040983e+06,2.028306796366775e+06,1.501124386733558e+03,2.529148700460116e-05,0.000000000000000e+00,-1.000000000000000e+03,1.352204530911184e+06,5.460667420804153e+01,2.981548473736114e+05,6.961331140923131e-03,5.594624674271224e+08,0.000000000000000e+00,-2.195481448473060e-06,8.000668171114336e+10,8.000668171114337e+10,-4.597025635704716e+00,2.529148700460116e-05,1.000000000000000e+00,0.000000000000000e+00,2.078024574209289e+03,2.078024574209289e+03,-2.009602557692280e+03,5.255633151385609e-02,1.000000000000000e+03,1.000000000000000e+00,
2.791372165129183e-04,0.000000000000000e+00,6.289403112727457e-01,2.233345493193677e+07,2.233274638092361e+07,1.501101601923258e+03,2.791372165129183e-04,0.000000000000000e+00,-1.000000000000000e+03,1.488849758728241e+07,7.085510131637209e+02,2.981525845939657e+05,7.557023056744064e-03,4.749909535522242e+08,0.000000000000000e+00,-5.250721030907926e-07,8.000546733005569e+10,8.000546733005569e+10,-3.554182256493557e+00,2.791372165129183e-04,1.000000000000000e+00,0.000000000000000e+00,2.253158210609437e+03,2.253158210609437e+03,-2.179165859627789e+03,6.289403112727457e-01,1.000000000000000e+03,1.000000000000000e+00,
7.506087122313529e-08,0.000000000000000e+00,-7.507937256821086e-08,3.501364735834845e+03,3.501364735797315e+03,8.752138357326720e+02,7.506087122313529e-08,0.000000000000000e+00,-1.000000000000000e+03,2.334243157198210e+03,3.753045520911076e-08,2.276620391795217e+05,4.392476944087603e-06,8.214886721149397e+08,0.000000000000000e+00,-5.551967829919846e-15,4.664700367504025e+10,4.664700367504025e+10,-7.124586399086215e+00,7.506087122313529e-08,1.000000000000000e+00,0.000000000000000e+00,-1.000171334995774e+00,1.000000259921716e+00,-8.933760122890820e-01,7.506089090826594e-08,1.000000000000000e+03,1.000000000000000e+00,
7.506720973581144e-08,0.000000000000000e+00,-7.681676379307779e-08,3.501977637708142e+03,3.501977637670594e+03,8.752931248114514e+02,7.506720973581144e-08,0.000000000000000e+00,-1.000000000000000e+03,2.334651758447063e+03,3.754765967973294e-08,2.276723513477089e+05,4.259789358241315e-06,8.214904999951558e+08,0.000000000000000e+00,-6.677403481377131e-10,4.665122961137512e+10,4.665122961137513e+10,-7.124549726652080e+00,7.506720973581144e-08,1.000000000000000e+00,0.000000000000000e+00,-1.001549604933962e+00,9.904988615456913e-01,-8.305342284879000e-01,7.508126323214579e-08,1.000000000000000e+03,1.000000000000000e+00,
7.774601797234117e-08,0.000000000000000e+00,-7.809037233438377e-08,3.795894624349017e+03,3.795894624310987e+03,9.160652635826957e+02,7.774601797234117e-08,0.000000000000000e+00,-1.000000000000000e+03,2.530596416207325e+03,4.737291231462810e-09,2.329146156999165e+05,7.101791425304941e-07,8.226712133184785e+08,0.000000000000000e+00,-1.450677826134159e-08,4.882429638597581e+10,4.882429638597581e+10,-7.109321845605641e+00,7.774601797234117e-08,1.000000000000000e+00,0.000000000000000e+00,-9.891005973398771e-01,2.326539131304592e-01,-6.966623943296797e-01,4.072393339721224e-08,1.000000000000000e+03,1.000000000000000e+00,
1.818770720669583e-07,0.000000000000000e+00,-4.042611729544795e-08,1.758950488097857e+04,1.758950488097408e+04,1.546374954696064e+03,1.818770720669583e-07,0.000000000000000e+00,-1.000000000000000e+03,1.172633658731605e+04,9.750761469233654e-13,3.026153390239208e+05,9.018242463243665e-09,7.317158766855088e+08,0.000000000000000e+00,-3.301225165765004e-04,8.241843907130627e+10,8.241843907130629e+10,-6.740222045864546e+00,1.818770720669583e-07,1.000000000000000e+00,0.000000000000000e+00,-2.222716521440647e-01,2.969469452144094e-03,-9.847137786670221e-02,6.567342500993338e-10,1.000000000000000e+03,1.000000000000000e+00,
2.289761092651851e-06,0.000000000000000e+00,3.889743559778859e-03,1.885113852784019e+05,1.885080814173552e+05,1.504850403531152e+03,2.289761092651851e-06,0.000000000000000e+00,-1.000000000000000e+03,1.256720542782368e+05,3.303861046769386e+00,2.985246506556637e+05,5.616711960002752e-03,6.449154741438632e+08,0.000000000000000e+00,-3.572446373230378e-06,8.020527034417744e+10,8.020527034417744e+10,-5.640209828383087e+00,2.289761092651851e-06,1.000000000000000e+00,0.000000000000000e+00,1.698755198636908e+03,1.698755198636908e+03,-9.186573741973549e+02,3.889743559778859e-03,1.000000000000000e+03,1.000000000000000e+00,
2.529148700460116e-05,0.000000000000000e+00,5.255633151385609e-02,2.028361403040983e+06,2.028306796366775e+06,1.501124386733558e+03,2.529148700460116e-05,0.000000000000000e+00,-1.000000000000000e+03,1.352204530911184e+06,5.460667420804153e+01,2.981548473736114e+05,6.961331140923131e-03,5.594624674271224e+08,0.000000000000000e+00,-2.195481448473060e-06,8.000668171114336e+10,8.000668171114337e+10,-4.597025635704716e+00,2.529148700460116e-05,1.000000000000000e+00,0.000000000000000e+00,2.078024574209289e+03,2.078024574209289e+03,-1.586253306804381e+03,5.255633151385609e-02,1.000000000000000e+03,1.000000000000000e+00,
2.791372165129183e-04,0.000000000000000e+00,6.289403112727457e-01,2.233345493193677e+07,2.233274638092361e+07,1.501101601923258e+03,2.791372165129183e-04,0.000000000000000e+00,-1.000000000000000e+03,1.488849758728241e+07,7.085510131637209e+02,2.981525845939657e+05,7.557023056744064e-03,4.749909535522242e+08,0.000000000000000e+00,-5.250721030907926e-07,8.000546733005569e+10,8.000546733005569e+10,-3.554182256493557e+00,2.791372165129183e-04,1.000000000000000e+00,0.000000000000000e+00,2.253158210609437e+03,2.253158210609437e+03,-1.909416764633300e+03,6.289403112727457e-01,1.000000000000000e+03,1.000000000000000e+00,

64,28
2.134540565112844e-02,0.000000000000000e+00,4.935278847674644e+01,2.106832196947278e+09,2.106775142568218e+09,1.853606562363080e+03,2.134540565112844e-02,0.000000000000000e+00,-1.000000000000000e+03,1.404516761712146e+09,5.705437906029468e+04,3.313159267369200e+05,7.681321796116297e-03,4.737238143376827e+08,2.500000000000000e-07,5.777685482337754e-04,9.879321897858974e+10,9.879321897858974e+10,-1.670695587387434e+00,2.134540565112844e-02,1.000000000000000e+00,0.000000000000000e+00,2.313435121005293e+03,2.313435121005293e+03,-1.383925541602936e+03,4.935278847674644e+01,1.000000000000000e+03,1.000000000000000e+00,
2.134540565112844e-02,0.000000000000000e+00,4.935278847674644e+01,2.106832196947278e+09,2.106775142568218e+09,1.853606562363080e+03,2.134540565112844e-02,0.000000000000000e+00,-1.000000000000000e+03,1.404516761712146e+09,5.705437906029468e+04,3.313159267369200e+05,7.681321796116297e-03,4.737238143376827e+08,2.500000000000000e-07,5.777685482337754e-04,9.879321897858974e+10,9.879321897858974e+10,-1.670695587387434e+00,2.134540565112844e-02,1.000000000000000e+00,0.000000000000000e+00,2.313435121005293e+03,2.313435121005293e+03,-1.383925541602936e+03,4.935278847674644e+01,1.000000000000000e+03,1.000000000000000e+00,
2.134540565112844e-02,0.000000000000000e+00,4.935278847674644e+01,2.106832196947278e+09,2.106775142568218e+09,1.853606562363080e+03,2.134540565112844e-02,0.000000000000000e+00,-1.000000000000000e+03,1.404516761712146e+09,5.705437906029468e+04,3.313159267369200e+05,7.681321796116297e-03,4.737238143376827e+08,2.500000000000000e-07,5.777685482337754e-04,9.879321897858974e+10,9.879321897858974e+10,-1.670695587387434e+00,2.134540565112844e-02,1.000000000000000e+00,0.000000000000000e+00,2.313435121005293e+03,2.313435121005293e+03,-1.630460587976227e+03,4.935278847674644e+01,1.000000000000000e+03,1.000000000000000e+00,
2.134540565112844e-02,0.000000000000000e+00,4.935278847674644e+01,2.106832196947278e+09,2.106775142568218e+09,1.853606562363080e+03,2.134540565112844e-02,0.000000000000000e+00,-1.000000000000000e+03,1.404516761712146e+09,5.705437906029468e+04,3.313159267369200e+05,7.681321796116297e-03,4.737238143376827e+08,2.500000000000000e-07,5.777685482337754e-04,9.879321897858974e+10,9.879321897858974e+10,-1.670695587387434e+00,2.134540565112844e-02,1.000000000000000e+00,0.000000000000000e+00,2.313435121005293e+03,2.313435121005293e+03,-1.917403343132747e+03,4.935278847674644e+01,1.000000000000000e+03,1.000000000000000e+00,
2.134540565112844e-02,0.000000000000000e+00,4.935278847674644e+01,2.106832196947278e+09,2.106775142568218e+09,1.853606562363080e+03,2.134540565112844e-02,0.000000000000000e+00,-1.000000000000000e+03,1.404516761712146e+09,5.705437906029468e+04,3.313159267369200e+05,7.681321796116297e-03,4.737238143376827e+08,2.500000000000000e-07,5.777685482337754e-04,9.879321897858974e+10,9.879321897858974e+10,-1.670695587387434e+00,2.134540565112844e-02,1.000000000000000e+00,0.000000000000000e+00,2.313435121005293e+03,2.313435121005293e+03,-2.184076575615415e+03,4.935278847674644e+01,1.000000000000000e+03,1.000000000000000e+00,
2.134540565112844e-02,0.000000000000000e+00,4.935278847674644e+01,2.106832196947278e+09,2.106775142568218e+09,1.853606562363080e+03,2.134540565112844e-02,0.000000000000000e+00,-1.000000000000000e+03,1.404516761712146e+09,5.705437906029468e+04,3.313159267369200e+05,7.681321796116297e-03,4.737238143376827e+08,2.500000000000000e-07,5.777685482337754e-04,9.879321897858974e+10,9.879321897858974e+10,-1.670695587387434e+00,2.134540565112844e-02,1.000000000000000e+00,0.000000000000000e+00,2.313435121005293e+03,2.313435121005293e+03,-2.184076575615415e+03,4.935278847674644e+01,1.000000000000000e+03,1.000000000000000e+00,
2.134540565112844e-02,0.000000000000000e+00,4.935278847674644e+01,2.106832196947278e+09,2.106775142568218e+09,1.853606562363080e+03,2.134540565112844e-02,0.000000000000000e+00,-1.000000000000000e+03,1.404516761712146e+09,5.705437906029468e+04,3.313159267369200e+05,7.681321796116297e-03,4.737238143376827e+08,2.500000000000000e-07,5.777685482337754e-04,9.879321897858974e+10,9.879321897858974e+10,-1.670695587387434e+00,2.134540565112844e-02,1.000000000000000e+00,0.000000000000000e+00,2.313435121005293e+03,2.313435121005293e+03,-1.917403343132747e+03,4.935278847674644e+01,1.000000000000000e+03,1.000000000000000e+00,
2.134540565112844e-02,0.000000000000000e+00,4.935278847674644e+01,2.106832196947278e+09,2.106775142568218e+09,1.853606562363080e+03,2.134540565112844e-02,0.000000000000000e+00,-1.000000000000000e+03,1.404516761712146e+09,5.705437906029468e+04,3.313159267369200e+05,7.681321796116297e-03,4.737238143376827e+08,2.500000000000000e-07,5.777685482337754e-04,9.879321897858974e+10,9.879321897858974e+10,-1.670695587387434e+00,2.134540565112844e-02,1.000000000000000e+00,0.000000000000000e+00,2.313435121005293e+03,2.313435121005293e+03,-1.630460587976227e+03,4.935278847674644e+01,1.000000000000000e+03,1.000000000000000e+00,
7.506651104785772e-08,0.000000000000000e+00,-7.506089090826594e-08,3.501909398774017e+03,3.501909398736471e+03,8.752842157067792e+02,7.506651104785772e-08,0.000000000000000e+00,-1.000000000000000e+03,2.334606265824314e+03,3.754611814609626e-08,2.276711926718818e+05,4.393051765829741e-06,8.214902882189771e+08,0.000000000000000e+00,7.648622676992290e-12,4.665075477537344e+10,4.665075477537343e+10,-7.124553768866198e+00,7.506651104785772e-08,1.000000000000000e+00,0.000000000000000e+00,-1.000000259921716e+00,1.000171334995774e+00,-6.018522070962778e-01,7.507937256821086e-08,1.000000000000000e+03,1.000000000000000e+00,
7.755361139255006e-08,0.000000000000000e+00,-7.508126323214579e-08,3.773777132276021e+03,3.773777132237978e+03,9.129871066033209e+02,7.755361139255006e-08,0.000000000000000e+00,-1.000000000000000e+03,2.515851421491985e+03,3.806105810598860e-08,2.325229672752236e+05,4.394276814771329e-06,8.225798643339269e+08,0.000000000000000e+00,2.627648647873793e-11,4.866023727942723e+10,4.866023727942724e+10,-7.110397973848592e+00,7.755361139255006e-08,1.000000000000000e+00,0.000000000000000e+00,-9.904988615456913e-01,1.001549604933962e+00,-4.450413527723185e-01,7.681676379307779e-08,1.000000000000000e+03,1.000000000000000e+00,
1.750408271636358e-07,0.000000000000000e+00,-4.072393339721224e-08,1.690700819053338e+04,1.690700819052865e+04,1.825065607469544e+03,1.750408271636358e-07,0.000000000000000e+00,-1.000000000000000e+03,1.127133879368577e+04,3.803024182707572e-08,3.287553089374281e+05,4.246623142852566e-06,8.447773197380376e+08,0.000000000000000e+00,-7.329280617177636e-10,9.727204783908939e+10,9.727204783908939e+10,-6.756860643062877e+00,1.750408271636358e-07,1.000000000000000e+00,0.000000000000000e+00,-2.326539131304592e-01,9.891005973398771e-01,-5.694605674712160e-02,7.809037233438377e-08,1.000000000000000e+03,1.000000000000000e+00,
2.205350213001314e-06,0.000000000000000e+00,3.730551924874009e-03,1.817646774463158e+05,1.817615221611411e+05,1.876396172551530e+03,2.205350213001314e-06,0.000000000000000e+00,-1.000000000000000e+03,1.211743481074274e+05,3.155285174693676e+00,3.333464262261128e+05,5.589907037871942e-03,8.289022346794086e+08,0.000000000000000e+00,-1.247278102533809e-08,1.000078558899491e+11,1.000078558899491e+11,-5.656522434088743e+00,2.205350213001314e-06,1.000000000000000e+00,0.000000000000000e+00,1.691591613377819e+03,1.691591613377819e+03,2.991045025579251e+02,3.730551924874009e-03,1.000000000000000e+03,1.000000000000000e+00,
2.436002867930515e-05,0.000000000000000e+00,5.051326300775227e-02,1.953855058285529e+06,1.953802685815585e+06,1.544650480161703e+03,2.436002867930515e-05,0.000000000000000e+00,-1.000000000000000e+03,1.302535123877057e+06,5.237246994413508e+01,3.024465578320445e+05,6.946202332563075e-03,7.303217881159213e+08,0.000000000000000e+00,-2.218649527643151e-06,8.232652831000700e+10,8.232652831000699e+10,-4.613322204739629e+00,2.436002867930515e-05,1.000000000000000e+00,0.000000000000000e+00,2.073612624711948e+03,2.073612624711948e+03,-3.324367800066450e+00,5.051326300775227e-02,1.000000000000000e+03,1.000000000000000e+00,
2.688601879120734e-04,0.000000000000000e+00,6.055041644035023e-01,2.151129331170026e+07,2.151061147907946e+07,1.504699246976963e+03,2.688601879120734e-04,0.000000000000000e+00,-1.000000000000000e+03,1.434040765271964e+07,6.818326208078936e+02,2.985096574408506e+05,7.553509192783973e-03,6.435768132187456e+08,0.000000000000000e+00,-4.382603130945881e-07,8.019721402690857e+10,8.019721402690855e+10,-3.570473502165605e+00,2.688601879120734e-04,1.000000000000000e+00,0.000000000000000e+00,2.252115380509676e+03,2.252115380509676e+03,-5.086323446383627e+02,6.055041644035023e-01,1.000000000000000e+03,1.000000000000000e+00,
2.931240468015123e-03,0.000000000000000e+00,6.740249008211241e+00,2.363544421508875e+08,2.363466927087676e+08,1.512824341320151e+03,2.931240468015123e-03,0.000000000000000e+00,-1.000000000000000e+03,1.575644618058451e+08,7.749442119884486e+03,2.993145205195999e+05,7.685202131331110e-03,5.581293666333702e+08,0.000000000000000e+00,-1.945748384737271e-07,8.063026397449020e+10,8.063026397449020e+10,-2.532948552203584e+00,2.931240468015123e-03,1.000000000000000e+00,0.000000000000000e+00,2.299452768122901e+03,2.299452768122901e+03,-1.012367219175672e+03,6.740249008211241e+00,1.000000000000000e+03,1.000000000000000e+00,
7.506651104785772e-08,0.000000000000000e+00,-7.506089090826594e-08,3.501909398774017e+03,3.501909398736471e+03,8.752842157067792e+02,7.506651104785772e-08,0.000000000000000e+00,-1.000000000000000e+03,2.334606265824314e+03,3.754611814609626e-08,2.276711926718818e+05,4.393051765829741e-06,8.214902882189771e+08,0.000000000000000e+00,7.648622676992290e-12,4.665075477537344e+10,4.665075477537343e+10,-7.124553768866198e+00,7.506651104785772e-08,1.000000000000000e+00,0.000000000000000e+00,-1.000000259921716e+00,1.000171334995774e+00,-6.018522070962778e-01,7.507937256821086e-08,1.000000000000000e+03,1.000000000000000e+00,
7.755361139255006e-08,0.000000000000000e+00,-7.508126323214579e-08,3.773777132276021e+03,3.773777132237978e+03,9.129871066033209e+02,7.755361139255006e-08,0.000000000000000e+00,-1.000000000000000e+03,2.515851421491985e+03,3.806105810598860e-08,2.325229672752236e+05,4.394276814771329e-06,8.225798643339269e+08,0.000000000000000e+00,2.627648647873793e-11,4.866023727942723e+10,4.866023727942724e+10,-7.110397973848592e+00,7.755361139255006e-08,1.000000000000000e+00,0.000000000000000e+00,-9.904988615456913e-01,1.001549604933962e+00,-4.450413527723185e-01,7.681676379307779e-08,1.000000000000000e+03,1.000000000000000e+00,
1.750408271636358e-07,0.000000000000000e+00,-4.072393339721224e-08,1.690700819053338e+04,1.690700819052865e+04,1.825065607469544e+03,1.750408271636358e-07,0.000000000000000e+00,-1.000000000000000e+03,1.127133879368577e+04,3.803024182707572e-08,3.287553089374281e+05,4.246623142852566e-06,8.447773197380376e+08,0.000000000000000e+00,-7.329280617177636e-10,9.727204783908939e+10,9.727204783908939e+10,-6.756860643062877e+00,1.750408271636358e-07,1.000000000000000e+00,0.000000000000000e+00,-2.326539131304592e-01,9.891005973398771e-01,-5.694605674712160e-02,7.809037233438377e-08,1.000000000000000e+03,1.000000000000000e+00,
2.205350213001314e-06,0.000000000000000e+00,3.730551924874009e-03,1.817646774463158e+05,1.817615221611411e+05,1.876396172551530e+03,2.205350213001314e-06,0.000000000000000e+00,-1.000000000000000e+03,1.211743481074274e+05,3.155285174693676e+00,3.333464262261128e+05,5.589907037871942e-03,8.289022346794086e+08,0.000000000000000e+00,-1.247278102533809e-08,1.000078558899491e+11,1.000078558899491e+11,-5.656522434088743e+00,2.205350213001314e-06,1.000000000000000e+00,0.000000000000000e+00,1.691591613377819e+03,1.691591613377819e+03,2.991045025579251e+02,3.730551924874009e-03,1.000000000000000e+03,1.000000000000000e+00,
2.436002867930515e-05,0.000000000000000e+00,5.051326300775227e-02,1.953855058285529e+06,1.953802685815585e+06,1.544650480161703e+03,2.436002867930515e-05,0.000000000000000e+00,-1.000000000000000e+03,1.302535123877057e+06,5.237246994413508e+01,3.024465578320445e+05,6.946202332563075e-03,7.303217881159213e+08,0.000000000000000e+00,-2.218649527643151e-06,8.232652831000700e+10,8.232652831000699e+10,-4.613322204739629e+00,2.436002867930515e-05,1.000000000000000e+00,0.000000000000000e+00,2.073612624711948e+03,2.073612624711948e+03,-3.324367800066450e+00,5.051326300775227e-02,1.000000000000000e+03,1.000000000000000e+00,
2.688601879120734e-04,0.000000000000000e+00,6.055041644035023e-01,2.151129331170026e+07,2.151061147907946e+07,1.504699246976963e+03,2.688601879120734e-04,0.000000000000000e+00,-1.000000000000000e+03,1.434040765271964e+07,6.818326208078936e+02,2.985096574408506e+05,7.553509192783973e-03,6.435768132187456e+08,0.000000000000000e+00,-4.382603130945881e-07,8.019721402690857e+10,8.019721402690855e+10,-3.570473502165605e+00,2.688601879120734e-04,1.000000000000000e+00,0.000000000000000e+00,2.252115380509676e+03,2.252115380509676e+03,-5.086323446383627e+02,6.055041644035023e-01,1.000000000000000e+03,1.000000000000000e+00,
2.931240468015123e-03,0.000000000000000e+00,6.740249008211241e+00,2.363544421508875e+08,2.363466927087676e+08,1.512824341320151e+03,2.931240468015123e-03,0.000000000000000e+00,-1.000000000000000e+03,1.575644618058451e+08,7.749442119884486e+03,2.993145205195999e+05,7.685202131331110e-03,5.581293666333702e+08,0.000000000000000e+00,-1.945748384737271e-07,8.063026397449020e+10,8.063026397449020e+10,-2.532948552203584e+00,2.931240468015123e-03,1.000000000000000e+00,0.000000000000000e+00,2.299452768122901e+03,2.299452768122901e+03,-1.012367219175672e+03,6.740249008211241e+00,1.000000000000000e+03,1.000000000000000e+00,
7.506651104785772e-08,0.000000000000000e+00,-7.506089090826594e-08,3.501909398774017e+03,3.501909398736471e+03,8.752842157067792e+02,7.506651104785772e-08,0.000000000000000e+00,-1.000000000000000e+03,2.334606265824314e+03,3.754611814609626e-08,2.276711926718818e+05,4.393051765829741e-06,8.214902882189771e+08,0.000000000000000e+00,7.648622676992290e-12,4.665075477537344e+10,4.665075477537343e+10,-7.124553768866198e+00,7.506651104785772e-08,1.000000000000000e+00,0.000000000000000e+00,-1.000000259921716e+00,1.000171334995774e+00,-7.090672684026033e-01,7.507937256821086e-08,1.000000000000000e+03,1.000000000000000e+00,
7.755361139255006e-08,0.000000000000000e+00,-7.508126323214579e-08,3.773777132276021e+03,3.773777132237978e+03,9.129871066033209e+02,7.755361139255006e-08,0.000000000000000e+00,-1.000000000000000e+03,2.515851421491985e+03,3.806105810598860e-08,2.325229672752236e+05,4.394276814771329e-06,8.225798643339269e+08,0.000000000000000e+00,2.627648647873793e-11,4.866023727942723e+10,4.866023727942724e+10,-7.110397973848592e+00,7.755361139255006e-08,1.000000000000000e+00,0.000000000000000e+00,-9.904988615456913e-01,1.001549604933962e+00,-5.519053042851132e-01,7.681676379307779e-08,1.000000000000000e+03,1.000000000000000e+00,
1.750408271636358e-07,0.000000000000000e+00,-4.072393339721224e-08,1.690700819053338e+04,1.690700819052865e+04,1.825065607469544e+03,1.750408271636358e-07,0.000000000000000e+00,-1.000000000000000e+03,1.127133879368577e+04,3.803024182707572e-08,3.287553089374281e+05,4.246623142852566e-06,8.447773197380376e+08,0.000000000000000e+00,-7.329280617177636e-10,9.727204783908939e+10,9.727204783908939e+10,-6.756860643062877e+00,1.750408271636358e-07,1.000000000000000e+00,0.000000000000000e+00,-2.326539131304592e-01,9.891005973398771e-01,-7.426207686258303e-02,7.809037233438377e-08,1.000000000000000e+03,1.000000000000000e+00,
2.205350213001314e-06,0.000000000000000e+00,3.730551924874009e-03,1.817646774463158e+05,1.817615221611411e+05,1.876396172551530e+03,2.205350213001314e-06,0.000000000000000e+00,-1.000000000000000e+03,1.211743481074274e+05,3.155285174693676e+00,3.333464262261128e+05,5.589907037871942e-03,8.289022346794086e+08,0.000000000000000e+00,-1.247278102533809e-08,1.000078558899491e+11,1.000078558899491e+11,-5.656522434088743e+00,2.205350213001314e-06,1.000000000000000e+00,0.000000000000000e+00,1.691591613377819e+03,1.691591613377819e+03,4.351172563428198e+02,3.730551924874009e-03,1.000000000000000e+03,1.000000000000000e+00,
2.436002867930515e-05,0.000000000000000e+00,5.051326300775227e-02,1.953855058285529e+06,1.953802685815585e+06,1.544650480161703e+03,2.436002867930515e-05,0.000000000000000e+00,-1.000000000000000e+03,1.302535123877057e+06,5.237246994413508e+01,3.024465578320445e+05,6.946202332563075e-03,7.303217881159213e+08,0.000000000000000e+00,-2.218649527643151e-06,8.232652831000700e+10,8.232652831000699e+10,-4.613322204739629e+00,2.436002867930515e-05,1.000000000000000e+00,0.000000000000000e+00,2.073612624711948e+03,2.073612624711948e+03,-4.435377045267149e+00,5.051326300775227e-02,1.000000000000000e+03,1.000000000000000e+00,
2.688601879120734e-04,0.000000000000000e+00,6.055041644035023e-01,2.151129331170026e+07,2.151061147907946e+07,1.504699246976963e+03,2.688601879120734e-04,0.000000000000000e+00,-1.000000000000000e+03,1.434040765271964e+07,6.818326208078936e+02,2.985096574408506e+05,7.553509192783973e-03,6.435768132187456e+08,0.000000000000000e+00,-4.382603130945881e-07,8.019721402690857e+10,8.019721402690855e+10,-3.570473502165605e+00,2.688601879120734e-04,1.000000000000000e+00,0.000000000000000e+00,2.252115380509676e+03,2.252115380509676e+03,-6.632960459415680e+02,6.055041644035023e-01,1.000000000000000e+03,1.000000000000000e+00,
2.931240468015123e-03,0.000000000000000e+00,6.740249008211241e+00,2.363544421508875e+08,2.363466927087676e+08,1.512824341320151e+03,2.931240468015123e-03,0.000000000000000e+00,-1.000000000000000e+03,1.575644618058451e+08,7.749442119884486e+03,2.993145205195999e+05,7.685202131331110e-03,5.581293666333702e+08,0.000000000000000e+00,-1.945748384737271e-07,8.063026397449020e+10,8.063026397449020e+10,-2.532948552203584e+00,2.931240468015123e-03,1.000000000000000e+00,0.000000000000000e+00,2.299452768122901e+03,2.299452768122901e+03,-1.255458250490416e+03,6.740249008211241e+00,1.000000000000000e+03,1.000000000000000e+00,
7.506651104785772e-08,0.000000000000000e+00,-7.506089090826594e-08,3.501909398774017e+03,3.501909398736471e+03,8.752842157067792e+02,7.506651104785772e-08,0.000000000000000e+00,-1.000000000000000e+03,2.334606265824314e+03,3.754611814609626e-08,2.276711926718818e+05,4.393051765829741e-06,8.214902882189771e+08,0.000000000000000e+00,7.648622676992290e-12,4.665075477537344e+10,4.665075477537343e+10,-7.124553768866198e+00,7.506651104785772e-08,1.000000000000000e+00,0.000000000000000e+00,-1.000000259921716e+00,1.000171334995774e+00,-8.338551455749629e-01,7.507937256821086e-08,1.000000000000000e+03,1.000000000000000e+00,
7.755361139255006e-08,0.000000000000000e+00,-7.508126323214579e-08,3.773777132276021e+03,3.773777132237978e+03,9.129871066033209e+02,7.755361139255006e-08,0.000000000000000e+00,-1.000000000000000e+03,2.515851421491985e+03,3.806105810598860e-08,2.325229672752236e+05,4.394276814771329e-06,8.225798643339269e+08,0.000000000000000e+00,2.627648647873793e-11,4.866023727942723e+10,4.866023727942724e+10,-7.110397973848592e+00,7.755361139255006e-08,1.000000000000000e+00,0.000000000000000e+00,-9.904988615456913e-01,1.001549604933962e+00,-7.031189898335374e-01,7.681676379307779e-08,1.000000000000000e+03,1.000000000000000e+00,
1.750408271636358e-07,0.000000000000000e+00,-4.072393339721224e-08,1.690700819053338e+04,1.690700819052865e+04,1.825065607469544e+03,1.750408271636358e-07,0.000000000000000e+00,-1.000000000000000e+03,1.127133879368577e+04,3.803024182707572e-08,3.287553089374281e+05,4.246623142852566e-06,8.447773197380376e+08,0.000000000000000e+00,-7.329280617177636e-10,9.727204783908939e+10,9.727204783908939e+10,-6.756860643062877e+00,1.750408271636358e-07,1.000000000000000e+00,0.000000000000000e+00,-2.326539131304592e-01,9.891005973398771e-01,-1.050217932673330e-01,7.809037233438377e-08,1.000000000000000e+03,1.000000000000000e+00,
2.205350213001314e-06,0.000000000000000e+00,3.730551924874009e-03,1.817646774463158e+05,1.817615221611411e+05,1.876396172551530e+03,2.205350213001314e-06,0.000000000000000e+00,-1.000000000000000e+03,1.211743481074274e+05,3.155285174693676e+00,3.333464262261128e+05,5.589907037871942e-03,8.289022346794086e+08,0.000000000000000e+00,-1.247278102533809e-08,1.000078558899491e+11,1.000078558899491e+11,-5.656522434088743e+00,2.205350213001314e-06,1.000000000000000e+00,0.000000000000000e+00,1.691591613377819e+03,1.691591613377819e+03,7.587538713445023e+02,3.730551924874009e-03,1.000000000000000e+03,1.000000000000000e+00,
2.436002867930515e-05,0.000000000000000e+00,5.051326300775227e-02,1.953855058285529e+06,1.953802685815585e+06,1.544650480161703e+03,2.436002867930515e-05,0.000000000000000e+00,-1.000000000000000e+03,1.302535123877057e+06,5.237246994413508e+01,3.024465578320445e+05,6.946202332563075e-03,7.303217881159213e+08,0.000000000000000e+00,-2.218649527643151e-06,8.232652831000700e+10,8.232652831000699e+10,-4.613322204739629e+00,2.436002867930515e-05,1.000000000000000e+00,0.000000000000000e+00,2.073612624711948e+03,2.073612624711948e+03,-6.661733868485711e+00,5.051326300775227e-02,1.000000000000000e+03,1.000000000000000e+00,
2.688601879120734e-04,0.000000000000000e+00,6.055041644035023e-01,2.151129331170026e+07,2.151061147907946e+07,1.504699246976963e+03,2.688601879120734e-04,0.000000000000000e+00,-1.000000000000000e+03,1.434040765271964e+07,6.818326208078936e+02,2.985096574408506e+05,7.553509192783973e-03,6.435768132187456e+08,0.000000000000000e+00,-4.382603130945881e-07,8.019721402690857e+10,8.019721402690855e+10,-3.570473502165605e+00,2.688601879120734e-04,1.000000000000000e+00,0.000000000000000e+00,2.252115380509676e+03,2.252115380509676e+03,-9.380365208586464e+02,6.055041644035023e-01,1.000000000000000e+03,1.000000000000000e+00,
2.931240468015123e-03,0.000000000000000e+00,6.740249008211241e+00,2.363544421508875e+08,2.363466927087676e+08,1.512824341320151e+03,2.931240468015123e-03,0.000000000000000e+00,-1.000000000000000e+03,1.575644618058451e+08,7.749442119884486e+03,2.993145205195999e+05,7.685202131331110e-03,5.581293666333702e+08,0.000000000000000e+00,-1.945748384737271e-07,8.063026397449020e+10,8.063026397449020e+10,-2.532948552203584e+00,2.931240468015123e-03,1.000000000000000e+00,0.000000000000000e+00,2.299452768122901e+03,2.299452768122901e+03,-1.599434776236507e+03,6.740249008211241e+00,1.000000000000000e+03,1.000000000000000e+00,
7.506651104785772e-08,0.000000000000000e+00,-7.506089090826594e-08,3.501909398774017e+03,3.501909398736471e+03,8.752842157067792e+02,7.506651104785772e-08,0.000000000000000e+00,-1.000000000000000e+03,2.334606265824314e+03,3.754611814609626e-08,2.276711926718818e+05,4.393051765829741e-06,8.214902882189771e+08,0.000000000000000e+00,7.648622676992290e-12,4.665075477537344e+10,4.665075477537343e+10,-7.124553768866198e+00,7.506651104785772e-08,1.000000000000000e+00,0.000000000000000e+00,-1.000000259921716e+00,1.000171334995774e+00,-9.498280564855424e-01,7.507937256821086e-08,1.000000000000000e+03,1.000000000000000e+00,
7.755361139255006e-08,0.000000000000000e+00,-7.508126323214579e-08,3.773777132276021e+03,3.773777132237978e+03,9.129871066033209e+02,7.755361139255006e-08,0.000000000000000e+00,-1.000000000000000e+03,2.515851421491985e+03,3.806105810598860e-08,2.325229672752236e+05,4.394276814771329e-06,8.225798643339269e+08,0.000000000000000e+00,2.627648647873793e-11,4.866023727942723e+10,4.866023727942724e+10,-7.110397973848592e+00,7.755361139255006e-08,1.000000000000000e+00,0.000000000000000e+00,-9.904988615456913e-01,1.001549604933962e+00,-8.879925461662252e-01,7.681676379307779e-08,1.000000000000000e+03,1.000000000000000e+00,
1.750408271636358e-07,0.000000000000000e+00,-4.072393339721224e-08,1.690700819053338e+04,1.690700819052865e+04,1.825065607469544e+03,1.750408271636358e-07,0.000000000000000e+00,-1.000000000000000e+03,1.127133879368577e+04,3.803024182707572e-08,3.287553089374281e+05,4.246623142852566e-06,8.447773197380376e+08,0.000000000000000e+00,-7.329280617177636e-10,9.727204783908939e+10,9.727204783908939e+10,-6.756860643062877e+00,1.750408271636358e-07,1.000000000000000e+00,0.000000000000000e+00,-2.326539131304592e-01,9.891005973398771e-01,-1.657913436057727e-01,7.809037233438377e-08,1.000000000000000e+03,1.000000000000000e+00,
2.205350213001314e-06,0.000000000000000e+00,3.730551924874009e-03,1.817646774463158e+05,1.817615221611411e+05,1.876396172551530e+03,2.205350213001314e-06,0.000000000000000e+00,-1.000000000000000e+03,1.211743481074274e+05,3.155285174693676e+00,3.333464262261128e+05,5.589907037871942e-03,8.289022346794086e+08,0.000000000000000e+00,-1.247278102533809e-08,1.000078558899491e+11,1.000078558899491e+11,-5.656522434088743e+00,2.205350213001314e-06,1.000000000000000e+00,0.000000000000000e+00,1.691591613377819e+03,1.691591613377819e+03,1.653084315605343e+03,3.730551924874009e-03,1.000000000000000e+03,1.000000000000000e+00,
2.436002867930515e-05,0.000000000000000e+00,5.051326300775227e-02,1.953855058285529e+06,1.953802685815585e+06,1.544650480161703e+03,2.436002867930515e-05,0.000000000000000e+00,-1.000000000000000e+03,1.302535123877057e+06,5.237246994413508e+01,3.024465578320445e+05,6.946202332563075e-03,7.303217881159213e+08,0.000000000000000e+00,-2.218649527643151e-06,8.232652831000700e+10,8.232652831000699e+10,-4.613322204739629e+00,2.436002867930515e-05,1.000000000000000e+00,0.000000000000000e+00,2.073612624711948e+03,2.073612624711948e+03,-1.337561054778793e+01,5.051326300775227e-02,1.000000000000000e+03,1.000000000000000e+00,
2.688601879120734e-04,0.000000000000000e+00,6.055041644035023e-01,2.151129331170026e+07,2.151061147907946e+07,1.504699246976963e+03,2.688601879120734e-04,0.000000000000000e+00,-1.000000000000000e+03,1.434040765271964e+07,6.818326208078936e+02,2.985096574408506e+05,7.553509192783973e-03,6.435768132187456e+08,0.000000000000000e+00,-4.382603130945881e-07,8.019721402690857e+10,8.019721402690855e+10,-3.570473502165605e+00,2.688601879120734e-04,1.000000000000000e+00,0.000000000000000e+00,2.252115380509676e+03,2.252115380509676e+03,-1.480819649961294e+03,6.055041644035023e-01,1.000000000000000e+03,1.000000000000000e+00,
2.931240468015123e-03,0.000000000000000e+00,6.740249008211241e+00,2.363544421508875e+08,2.363466927087676e+08,1.512824341320151e+03,2.931240468015123e-03,0.000000000000000e+00,-1.000000000000000e+03,1.575644618058451e+08,7.749442119884486e+03,2.993145205195999e+05,7.685202131331110e-03,5.581293666333702e+08,0.000000000000000e+00,-1.945748384737271e-07,8.063026397449020e+10,8.063026397449020e+10,-2.532948552203584e+00,2.931240468015123e-03,1.000000000000000e+00,0.000000000000000e+00,2.299452768122901e+03,2.299452768122901e+03,-2.019979804148532e+03,6.740249008211241e+00,1.000000000000000e+03,1.000000000000000e+00,
7.506651104785772e-08,0.000000000000000e+00,-7.506089090826594e-08,3.501909398774017e+03,3.501909398736471e+03,8.752842157067792e+02,7.506651104785772e-08,0.000000000000000e+00,-1.000000000000000e+03,2.334606265824314e+03,3.754611814609626e-08,2.276711926718818e+05,4.393051765829741e-06,8.214902882189771e+08,0.000000000000000e+00,7.648622676992290e-12,4.665075477537344e+10,4.665075477537343e+10,-7.124553768866198e+00,7.506651104785772e-08,1.000000000000000e+00,0.000000000000000e+00,-1.000000259921716e+00,1.000171334995774e+00,-9.498280564855424e-01,7.507937256821086e-08,1.000000000000000e+03,1.000000000000000e+00,
7.755361139255006e-08,0.000000000000000e+00,-7.508126323214579e-08,3.773777132276021e+03,3.773777132237978e+03,9.129871066033209e+02,7.755361139255006e-08,0.000000000000000e+00,-1.000000000000000e+03,2.515851421491985e+03,3.806105810598860e-08,2.325229672752236e+05,4.394276814771329e-06,8.225798643339269e+08,0.000000000000000e+00,2.627648647873793e-11,4.866023727942723e+10,4.866023727942724e+10,-7.110397973848592e+00,7.755361139255006e-08,1.000000000000000e+00,0.000000000000000e+00,-9.904988615456913e-01,1.001549604933962e+00,-8.879925461662252e-01,7.681676379307779e-08,1.000000000000000e+03,1.000000000000000e+00,
1.750408271636358e-07,0.000000000000000e+00,-4.072393339721224e-08,1.690700819053338e+04,1.690700819052865e+04,1.825065607469544e+03,1.750408271636358e-07,0.000000000000000e+00,-1.000000000000000e+03,1.127133879368577e+04,3.803024182707572e-08,3.287553089374281e+05,4.246623142852566e-06,8.447773197380376e+08,0.000000000000000e+00,-7.329280617177636e-10,9.727204783908939e+10,9.727204783908939e+10,-6.756860643062877e+00,1.750408271636358e-07,1.000000000000000e+00,0.000000000000000e+00,-2.326539131304592e-01,9.891005973398771e-01,-1.657913436057727e-01,7.809037233438377e-08,1.000000000000000e+03,1.000000000000000e+00,
2.205350213001314e-06,0.000000000000000e+00,3.730551924874009e-03,1.817646774463158e+05,1.817615221611411e+05,1.876396172551530e+03,2.205350213001314e-06,0.000000000000000e+00,-1.000000000000000e+03,1.211743481074274e+05,3.155285174693676e+00,3.333464262261128e+05,5.589907037871942e-03,8.289022346794086e+08,0.000000000000000e+00,-1.247278102533809e-08,1.000078558899491e+11,1.000078558899491e+11,-5.656522434088743e+00,2.205350213001314e-06,1.000000000000000e+00,0.000000000000000e+00,1.691591613377819e+03,1.691591613377819e+03,1.653084315605343e+03,3.730551924874009e-03,1.000000000000000e+03,1.000000000000000e+00,
2.436002867930515e-05,0.000000000000000e+00,5.051326300775227e-02,1.953855058285529e+06,1.953802685815585e+06,1.544650480161703e+03,2.436002867930515e-05,0.000000000000000e+00,-1.000000000000000e+03,1.302535123877057e+06,5.237246994413508e+01,3.024465578320445e+05,6.946202332563075e-03,7.303217881159213e+08,0.000000000000000e+00,-2.218649527643151e-06,8.232652831000700e+10,8.232652831000699e+10,-4.613322204739629e+00,2.436002867930515e-05,1.000000000000000e+00,0.000000000000000e+00,2.073612624711948e+03,2.073612624711948e+03,-1.337561054778793e+01,5.051326300775227e-02,1.000000000000000e+03,1.000000000000000e+00,
2.688601879120734e-04,0.000000000000000e+00,6.055041644035023e-01,2.151129331170026e+07,2.151061147907946e+07,1.504699246976963e+03,2.688601879120734e-04,0.000000000000000e+00,-1.000000000000000e+03,1.434040765271964e+07,6.818326208078936e+02,2.985096574408506e+05,7.553509192783973e-03,6.435768132187456e+08,0.000000000000000e+00,-4.382603130945881e-07,8.019721402690857e+10,8.019721402690855e+10,-3.570473502165605e+00,2.688601879120734e-04,1.000000000000000e+00,0.000000000000000e+00,2.252115380509676e+03,2.252115380509676e+03,-1.480819649961294e+03,6.055041644035023e-01,1.000000000000000e+03,1.000000000000000e+00,
2.931240468015123e-03,0.000000000000000e+00,6.740249008211241e+00,2.363544421508875e+08,2.363466927087676e+08,1.512824341320151e+03,2.931240468015123e-03,0.000000000000000e+00,-1.000000000000000e+03,1.575644618058451e+08,7.749442119884486e+03,2.993145205195999e+05,7.685202131331110e-03,5.581293666333702e+08,0.000000000000000e+00,-1.945748384737271e-07,8.063026397449020e+10,8.063026397449020e+10,-2.532948552203584e+00,2.931240468015123e-03,1.000000000000000e+00,0.000000000000000e+00,2.299452768122901e+03,2.299452768122901e+03,-2.019979804148532e+03,6.740249008211241e+00,1.000000000000000e+03,1.000000000000000e+00,
7.506651104785772e-08,0.000000000000000e+00,-7.506089090826594e-08,3.501909398774017e+03,3.501909398736471e+03,8.752842157067792e+02,7.506651104785772e-08,0.000000000000000e+00,-1.000000000000000e+03,2.334606265824314e+03,3.754611814609626e-08,2.276711926718818e+05,4.393051765829741e-06,8.214902882189771e+08,0.000000000000000e+00,7.648622676992290e-12,4.665075477537344e+10,4.665075477537343e+10,-7.124553768866198e+00,7.506651104785772e-08,1.000000000000000e+00,0.000000000000000e+00,-1.000000259921716e+00,1.000171334995774e+00,-8.338551455749629e-01,7.507937256821086e-08,1.000000000000000e+03,1.000000000000000e+00,
7.755361139255006e-08,0.000000000000000e+00,-7.508126323214579e-08,3.773777132276021e+03,3.773777132237978e+03,9.129871066033209e+02,7.755361139255006e-08,0.000000000000000e+00,-1.000000000000000e+03,2.515851421491985e+03,3.806105810598860e-08,2.325229672752236e+05,4.394276814771329e-06,8.225798643339269e+08,0.000000000000000e+00,2.627648647873793e-11,4.866023727942723e+10,4.866023727942724e+10,-7.110397973848592e+00,7.755361139255006e-08,1.000000000000000e+00,0.000000000000000e+00,-9.904988615456913e-01,1.001549604933962e+00,-7.031189898335374e-01,7.681676379307779e-08,1.000000000000000e+03,1.000000000000000e+00,
1.750408271636358e-07,0.000000000000000e+00,-4.072393339721224e-08,1.690700819053338e+04,1.690700819052865e+04,1.825065607469544e+03,1.750408271636358e-07,0.000000000000000e+00,-1.000000000000000e+03,1.127133879368577e+04,3.803024182707572e-08,3.287553089374281e+05,4.246623142852566e-06,8.447773197380376e+08,0.000000000000000e+00,-7.329280617177636e-10,9.727204783908939e+10,9.727204783908939e+10,-6.756860643062877e+00,1.750408271636358e-07,1.000000000000000e+00,0.000000000000000e+00,-2.326539131304592e-01,9.891005973398771e-01,-1.050217932673330e-01,7.809037233438377e-08,1.000000000000000e+03,1.000000000000000e+00,
2.205350213001314e-06,0.000000000000000e+00,3.730551924874009e-03,1.817646774463158e+05,1.817615221611411e+05,1.876396172551530e+03,2.205350213001314e-06,0.000000000000000e+00,-1.000000000000000e+03,1.211743481074274e+05,3.155285174693676e+00,3.333464262261128e+05,5.589907037871942e-03,8.289022346794086e+08,0.000000000000000e+00,-1.247278102533809e-08,1.000078558899491e+11,1.000078558899491e+11,-5.656522434088743e+00,2.205350213001314e-06,1.000000000000000e+00,0.000000000000000e+00,1.691591613377819e+03,1.691591613377819e+03,7.587538713445023e+02,3.730551924874009e-03,1.000000000000000e+03,1.000000000000000e+00,
2.436002867930515e-05,0.000000000000000e+00,5.051326300775227e-02,1.953855058285529e+06,1.953802685815585e+06,1.544650480161703e+03,2.436002867930515e-05,0.000000000000000e+00,-1.000000000000000e+03,1.302535123877057e+06,5.237246994413508e+01,3.024465578320445e+05,6.946202332563075e-03,7.303217881159213e+08,0.000000000000000e+00,-2.218649527643151e-06,8.232652831000700e+10,8.232652831000699e+10,-4.613322204739629e+00,2.436002867930515e-05,1.000000000000000e+00,0.000000000000000e+00,2.073612624711948e+03,2.073612624711948e+03,-6.661733868485711e+00,5.051326300775227e-02,1.000000000000000e+03,1.000000000000000e+00,
2.688601879120734e-04,0.000000000000000e+00,6.055041644035023e-01,2.151129331170026e+07,2.151061147907946e+07,1.504699246976963e+03,2.688601879120734e-04,0.000000000000000e+00,-1.000000000000000e+03,1.434040765271964e+07,6.818326208078936e+02,2.985096574408506e+05,7.553509192783973e-03,6.435768132187456e+08,0.000000000000000e+00,-4.382603130945881e-07,8.019721402690857e+10,8.019721402690855e+10,-3.570473502165605e+00,2.688601879120734e-04,1.000000000000000e+00,0.000000000000000e+00,2.252115380509676e+03,2.252115380509676e+03,-9.380365208586464e+02,6.055041644035023e-01,1.000000000000000e+03,1.000000000000000e+00,
2.931240468015123e-03,0.000000000000000e+00,6.740249008211241e+00,2.363544421508875e+08,2.363466927087676e+08,1.512824341320151e+03,2.931240468015123e-03,0.000000000000000e+00,-1.000000000000000e+03,1.575644618058451e+08,7.749442119884486e+03,2.993145205195999e+05,7.685202131331110e-03,5.581293666333702e+08,0.000000000000000e+00,-1.945748384737271e-07,8.063026397449020e+10,8.063026397449020e+10,-2.532948552203584e+00,2.931240468015123e-03,1.000000000000000e+00,0.000000000000000e+00,2.299452768122901e+03,2.299452768122901e+03,-1.599434776236507e+03,6.740249008211241e+00,1.000000000000000e+03,1.000000000000000e+00,
7.506651104785772e-08,0.000000000000000e+00,-7.506089090826594e-08,3.501909398774017e+03,3.501909398736471e+03,8.752842157067792e+02,7.506651104785772e-08,0.000000000000000e+00,-1.000000000000000e+03,2.334606265824314e+03,3.754611814609626e-08,2.276711926718818e+05,4.393051765829741e-06,8.214902882189771e+08,0.000000000000000e+00,7.648622676992290e-12,4.665075477537344e+10,4.665075477537343e+10,-7.124553768866198e+00,7.506651104785772e-08,1.000000000000000e+00,0.000000000000000e+00,-1.000000259921716e+00,1.000171334995774e+00,-7.090672684026033e-01,7.507937256821086e-08,1.000000000000000e+03,1.000000000000000e+00,
7.755361139255006e-08,0.000000000000000e+00,-7.508126323214579e-08,3.773777132276021e+03,3.773777132237978e+03,9.129871066033209e+02,7.755361139255006e-08,0.000000000000000e+00,-1.000000000000000e+03,2.515851421491985e+03,3.806105810598860e-08,2.325229672752236e+05,4.394276814771329e-06,8.225798643339269e+08,0.000000000000000e+00,2.627648647873793e-11,4.866023727942723e+10,4.866023727942724e+10,-7.110397973848592e+00,7.755361139255006e-08,1.000000000000000e+00,0.000000000000000e+00,-9.904988615456913e-01,1.001549604933962e+00,-5.519053042851132e-01,7.681676379307779e-08,1.000000000000000e+03,1.000000000000000e+00,
1.750408271636358e-07,0.000000000000000e+00,-4.072393339721224e-08,1.690700819053338e+04,1.690700819052865e+04,1.825065607469544e+03,1.750408271636358e-07,0.000000000000000e+00,-1.000000000000000e+03,1.127133879368577e+04,3.803024182707572e-08,3.287553089374281e+05,4.246623142852566e-06,8.447773197380376e+08,0.000000000000000e+00,-7.329280617177636e-10,9.727204783908939e+10,9.727204783908939e+10,-6.756860643062877e+00,1.750408271636358e-07,1.000000000000000e+00,0.000000000000000e+00,-2.326539131304592e-01,9.891005973398771e-01,-7.426207686258303e-02,7.809037233438377e-08,1.000000000000000e+03,1.000000000000000e+00,
2.205350213001314e-06,0.000000000000000e+00,3.730551924874009e-03,1.817646774463158e+05,1.817615221611411e+05,1.876396172551530e+03,2.205350213001314e-06,0.000000000000000e+00,-1.000000000000000e+03,1.211743481074274e+05,3.155285174693676e+00,3.333464262261128e+05,5.589907037871942e-03,8.289022346794086e+08,0.000000000000000e+00,-1.247278102533809e-08,1.000078558899491e+11,1.000078558899491e+11,-5.656522434088743e+00,2.205350213001314e-06,1.000000000000000e+00,0.000000000000000e+00,1.691591613377819e+03,1.691591613377819e+03,4.351172563428198e+02,3.730551924874009e-03,1.000000000000000e+03,1.000000000000000e+00,
2.436002867930515e-05,0.000000000000000e+00,5.051326300775227e-02,1.953855058285529e+06,1.953802685815585e+06,1.544650480161703e+03,2.436002867930515e-05,0.000000000000000e+00,-1.000000000000000e+03,1.302535123877057e+06,5.237246994413508e+01,3.024465578320445e+05,6.946202332563075e-03,7.303217881159213e+08,0.000000000000000e+00,-2.218649527643151e-06,8.232652831000700e+10,8.232652831000699e+10,-4.613322204739629e+00,2.436002867930515e-05,1.000000000000000e+00,0.000000000000000e+00,2.073612624711948e+03,2.073612624711948e+03,-4.435377045267149e+00,5.051326300775227e-02,1.000000000000000e+03,1.000000000000000e+00,
2.688601879120734e-04,0.000000000000000e+00,6.055041644035023e-01,2.151129331170026e+07,2.151061147907946e+07,1.504699246976963e+03,2.688601879120734e-04,0.000000000000000e+00,-1.000000000000000e+03,1.434040765271964e+07,6.818326208078936e+02,2.985096574408506e+05,7.553509192783973e-03,6.435768132187456e+08,0.000000000000000e+00,-4.382603130945881e-07,8.019721402690857e+10,8.019721402690855e+10,-3.570473502165605e+00,2.688601879120734e-04,1.000000000000000e+00,0.000000000000000e+00,2.252115380509676e+03,2.252115380509676e+03,-6.632960459415680e+02,6.055041644035023e-01,1.000000000000000e+03,1.000000000000000e+00,
2.931240468015123e-03,0.000000000000000e+00,6.740249008211241e+00,2.363544421508875e+08,2.363466927087676e+08,1.512824341320151e+03,2.931240468015123e-03,0.000000000000000e+00,-1.000000000000000e+03,1.575644618058451e+08,7.749442119884486e+03,2.993145205195999e+05,7.685202131331110e-03,5.581293666333702e+08,0.000000000000000e+00,-1.945748384737271e-07,8.063026397449020e+10,8.063026397449020e+10,-2.532948552203584e+00,2.931240468015123e-03,1.000000000000000e+00,0.000000000000000e+00,2.299452768122901e+03,2.299452768122901e+03,-1.255458250490416e+03,6.740249008211241e+00,1.000000000000000e+03,1.000000000000000e+00,

