1
0
28
0
(64 0
((0,0) (63,63) (0,0))
((448,0) (511,63) (0,0))
((384,0) (447,63) (0,0))
((320,0) (383,63) (0,0))
((256,0) (319,63) (0,0))
((192,0) (255,63) (0,0))
((128,0) (191,63) (0,0))
((64,0) (127,63) (0,0))
((0,448) (63,511) (0,0))
((0,384) (63,447) (0,0))
((0,320) (63,383) (0,0))
((0,256) (63,319) (0,0))
((0,192) (63,255) (0,0))
((0,128) (63,191) (0,0))
((0,64) (63,127) (0,0))
((448,448) (511,511) (0,0))
((448,384) (511,447) (0,0))
((448,320) (511,383) (0,0))
((448,256) (511,319) (0,0))
((448,192) (511,255) (0,0))
((448,128) (511,191) (0,0))
((448,64) (511,127) (0,0))
((384,448) (447,511) (0,0))
((384,384) (447,447) (0,0))
((384,320) (447,383) (0,0))
((384,256) (447,319) (0,0))
((384,192) (447,255) (0,0))
((384,128) (447,191) (0,0))
((384,64) (447,127) (0,0))
((320,448) (383,511) (0,0))
((320,384) (383,447) (0,0))
((320,320) (383,383) (0,0))
((320,256) (383,319) (0,0))
((320,192) (383,255) (0,0))
((320,128) (383,191) (0,0))
((320,64) (383,127) (0,0))
((256,448) (319,511) (0,0))
((256,384) (319,447) (0,0))
((256,320) (319,383) (0,0))
((256,256) (319,319) (0,0))
((256,192) (319,255) (0,0))
((256,128) (319,191) (0,0))
((256,64) (319,127) (0,0))
((192,448) (255,511) (0,0))
((192,384) (255,447) (0,0))
((192,320) (255,383) (0,0))
((192,256) (255,319) (0,0))
((192,192) (255,255) (0,0))
((192,128) (255,191) (0,0))
((192,64) (255,127) (0,0))
((128,448) (191,511) (0,0))
((128,384) (191,447) (0,0))
((128,320) (191,383) (0,0))
((128,256) (191,319) (0,0))
((128,192) (191,255) (0,0))
((128,128) (191,191) (0,0))
((128,64) (191,127) (0,0))
((64,448) (127,511) (0,0))
((64,384) (127,447) (0,0))
((64,320) (127,383) (0,0))
((64,256) (127,319) (0,0))
((64,192) (127,255) (0,0))
((64,128) (127,191) (0,0))
((64,64) (127,127) (0,0))
)
64
FabOnDisk: Cell_D_0000 0
FabOnDisk: Cell_D_0001 0
FabOnDisk: Cell_D_0001 917590
FabOnDisk: Cell_D_0001 1835180
FabOnDisk: Cell_D_0001 2752770
FabOnDisk: Cell_D_0000 917587
FabOnDisk: Cell_D_0000 1835177
FabOnDisk: Cell_D_0000 2752767
FabOnDisk: Cell_D_0002 0
FabOnDisk: Cell_D_0002 917590
FabOnDisk: Cell_D_0002 1835180
FabOnDisk: Cell_D_0002 2752770
FabOnDisk: Cell_D_0000 3670356
FabOnDisk: Cell_D_0000 4587946
FabOnDisk: Cell_D_0000 5505536
FabOnDisk: Cell_D_0003 0
FabOnDisk: Cell_D_0003 917593
FabOnDisk: Cell_D_0003 1835186
FabOnDisk: Cell_D_0003 2752779
FabOnDisk: Cell_D_0001 3670360
FabOnDisk: Cell_D_0001 4587953
FabOnDisk: Cell_D_0001 5505546
FabOnDisk: Cell_D_0003 3670372
FabOnDisk: Cell_D_0003 4587965
FabOnDisk: Cell_D_0003 5505558
FabOnDisk: Cell_D_0003 6423151
FabOnDisk: Cell_D_0001 6423138
FabOnDisk: Cell_D_0001 7340731
FabOnDisk: Cell_D_0001 8258324
FabOnDisk: Cell_D_0003 7340744
FabOnDisk: Cell_D_0003 8258337
FabOnDisk: Cell_D_0003 9175930
FabOnDisk: Cell_D_0003 10093523
FabOnDisk: Cell_D_0001 9175916
FabOnDisk: Cell_D_0001 10093509
FabOnDisk: Cell_D_0001 11011102
FabOnDisk: Cell_D_0003 11011116
FabOnDisk: Cell_D_0003 11928709
FabOnDisk: Cell_D_0003 12846302
FabOnDisk: Cell_D_0003 13763895
FabOnDisk: Cell_D_0001 11928694
FabOnDisk: Cell_D_0001 12846287
FabOnDisk: Cell_D_0001 13763880
FabOnDisk: Cell_D_0002 3670360
FabOnDisk: Cell_D_0002 4587953
FabOnDisk: Cell_D_0002 5505546
FabOnDisk: Cell_D_0002 6423139
FabOnDisk: Cell_D_0000 6423125
FabOnDisk: Cell_D_0000 7340718
FabOnDisk: Cell_D_0000 8258311
FabOnDisk: Cell_D_0002 7340732
FabOnDisk: Cell_D_0002 8258325
FabOnDisk: Cell_D_0002 9175918
FabOnDisk: Cell_D_0002 10093511
FabOnDisk: Cell_D_0000 9175903
FabOnDisk: Cell_D_0000 10093496
FabOnDisk: Cell_D_0000 11011089
FabOnDisk: Cell_D_0002 11011104
FabOnDisk: Cell_D_0002 11928696
FabOnDisk: Cell_D_0002 12846288
FabOnDisk: Cell_D_0002 13763880
FabOnDisk: Cell_D_0000 11928681
FabOnDisk: Cell_D_0000 12846273
FabOnDisk: Cell_D_0000 13763865

64,28
1.989118987607294e-03,0.000000000000000e+00,1.688729806352272e+00,1.597232557587395e+08,1.597225389066114e+08,1.506592718042871e+03,1.989118987607294e-03,0.000000000000000e+00,-1.000000000000000e+03,1.064816926044076e+08,7.168521281607726e+02,2.986974164558660e+05,2.438545103801842e-03,4.274047004681789e+08,0.000000000000000e+00,1.177559237810328e-07,8.029813193766812e+10,8.029813193766814e+10,-2.701339236928037e+00,1.989118987607294e-03,1.000000000000000e+00,0.000000000000000e+00,8.066995645447498e+02,8.066995645447498e+02,-6.442989849833139e+02,1.688729806352272e+00,1.000000000000000e+03,1.000000000000000e+00,
1.989118987607294e-03,0.000000000000000e+00,1.688729806352272e+00,1.597232557587395e+08,1.597225389066114e+08,1.506592718042871e+03,1.989118987607294e-03,0.000000000000000e+00,-1.000000000000000e+03,1.064816926044076e+08,7.168521281607726e+02,2.986974164558660e+05,2.438545103801842e-03,4.274047004681789e+08,0.000000000000000e+00,1.177559237810328e-07,8.029813193766812e+10,8.029813193766814e+10,-2.701339236928037e+00,1.989118987607294e-03,1.000000000000000e+00,0.000000000000000e+00,8.066995645447498e+02,8.066995645447498e+02,-6.442989849833139e+02,1.688729806352272e+00,1.000000000000000e+03,1.000000000000000e+00,
1.989118987607294e-03,0.000000000000000e+00,1.688729806352272e+00,1.597232557587395e+08,1.597225389066114e+08,1.506592718042871e+03,1.989118987607294e-03,0.000000000000000e+00,-1.000000000000000e+03,1.064816926044076e+08,7.168521281607726e+02,2.986974164558660e+05,2.438545103801842e-03,4.274047004681789e+08,0.000000000000000e+00,1.177559237810328e-07,8.029813193766812e+10,8.029813193766814e+10,-2.701339236928037e+00,1.989118987607294e-03,1.000000000000000e+00,0.000000000000000e+00,8.066995645447498e+02,8.066995645447498e+02,-7.206984622311262e+02,1.688729806352272e+00,1.000000000000000e+03,1.000000000000000e+00,
1.989118987607294e-03,0.000000000000000e+00,1.688729806352272e+00,1.597232557587395e+08,1.597225389066114e+08,1.506592718042871e+03,1.989118987607294e-03,0.000000000000000e+00,-1.000000000000000e+03,1.064816926044076e+08,7.168521281607726e+02,2.986974164558660e+05,2.438545103801842e-03,4.274047004681789e+08,0.000000000000000e+00,1.177559237810328e-07,8.029813193766812e+10,8.029813193766814e+10,-2.701339236928037e+00,1.989118987607294e-03,1.000000000000000e+00,0.000000000000000e+00,8.066995645447498e+02,8.066995645447498e+02,-8.049975983272823e+02,1.688729806352272e+00,1.000000000000000e+03,1.000000000000000e+00,
1.989118987607294e-03,0.000000000000000e+00,1.688729806352272e+00,1.597232557587395e+08,1.597225389066114e+08,1.506592718042871e+03,1.989118987607294e-03,0.000000000000000e+00,-1.000000000000000e+03,1.064816926044076e+08,7.168521281607726e+02,2.986974164558660e+05,2.438545103801842e-03,4.274047004681789e+08,0.000000000000000e+00,1.177559237810328e-07,8.029813193766812e+10,8.029813193766814e+10,-2.701339236928037e+00,1.989118987607294e-03,1.000000000000000e+00,0.000000000000000e+00,8.066995645447498e+02,8.066995645447498e+02,-8.489809410066633e+02,1.688729806352272e+00,1.000000000000000e+03,1.000000000000000e+00,
1.989118987607294e-03,0.000000000000000e+00,1.688729806352272e+00,1.597232557587395e+08,1.597225389066114e+08,1.506592718042871e+03,1.989118987607294e-03,0.000000000000000e+00,-1.000000000000000e+03,1.064816926044076e+08,7.168521281607726e+02,2.986974164558660e+05,2.438545103801842e-03,4.274047004681789e+08,0.000000000000000e+00,1.177559237810328e-07,8.029813193766812e+10,8.029813193766814e+10,-2.701339236928037e+00,1.989118987607294e-03,1.000000000000000e+00,0.000000000000000e+00,8.066995645447498e+02,8.066995645447498e+02,-8.489809410066633e+02,1.688729806352272e+00,1.000000000000000e+03,1.000000000000000e+00,
1.989118987607294e-03,0.000000000000000e+00,1.688729806352272e+00,1.597232557587395e+08,1.597225389066114e+08,1.506592718042871e+03,1.989118987607294e-03,0.000000000000000e+00,-1.000000000000000e+03,1.064816926044076e+08,7.168521281607726e+02,2.986974164558660e+05,2.438545103801842e-03,4.274047004681789e+08,0.000000000000000e+00,1.177559237810328e-07,8.029813193766812e+10,8.029813193766814e+10,-2.701339236928037e+00,1.989118987607294e-03,1.000000000000000e+00,0.000000000000000e+00,8.066995645447498e+02,8.066995645447498e+02,-8.049975983272823e+02,1.688729806352272e+00,1.000000000000000e+03,1.000000000000000e+00,
1.989118987607294e-03,0.000000000000000e+00,1.688729806352272e+00,1.597232557587395e+08,1.597225389066114e+08,1.506592718042871e+03,1.989118987607294e-03,0.000000000000000e+00,-1.000000000000000e+03,1.064816926044076e+08,7.168521281607726e+02,2.986974164558660e+05,2.438545103801842e-03,4.274047004681789e+08,0.000000000000000e+00,1.177559237810328e-07,8.029813193766812e+10,8.029813193766814e+10,-2.701339236928037e+00,1.989118987607294e-03,1.000000000000000e+00,0.000000000000000e+00,8.066995645447498e+02,8.066995645447498e+02,-7.206984622311262e+02,1.688729806352272e+00,1.000000000000000e+03,1.000000000000000e+00,
7.506086956000001e-08,0.000000000000000e+00,-7.506086955999999e-08,5.800605361010084e+03,5.800605360972554e+03,1.449940398419821e+03,7.506086956000001e-08,0.000000000000000e+00,-1.000000000000000e+03,3.867070240648370e+03,3.753043477999999e-08,2.930276549043556e+05,3.412647179415200e-06,8.483939264142255e+08,0.000000000000000e+00,0.000000000000000e+00,7.727868588487151e+10,7.727868588487151e+10,-7.124586408708945e+00,7.506086956000001e-08,1.000000000000000e+00,0.000000000000000e+00,-9.999999999999998e-01,9.999999999999998e-01,-7.986851776062570e-01,7.506086955999999e-08,1.000000000000000e+03,1.000000000000000e+00,
7.506086955999997e-08,0.000000000000000e+00,-7.506203691731827e-08,5.800605361010084e+03,5.800605360972554e+03,1.449940398419821e+03,7.506086955999997e-08,0.000000000000000e+00,-1.000000000000000e+03,3.867070240648370e+03,3.753043477992575e-08,2.930276549043556e+05,3.412647179411821e-06,8.483939264142255e+08,0.000000000000000e+00,-2.464417558911691e-19,7.727868588487151e+10,7.727868588487151e+10,-7.124586408708945e+00,7.506086955999997e-08,1.000000000000000e+00,0.000000000000000e+00,-1.000015454018162e+00,9.999999999990110e-01,-7.052629658459665e-01,7.506086955992573e-08,1.000000000000000e+03,1.000000000000000e+00,
7.506088140976797e-08,0.000000000000000e+00,-1.007429853489534e-07,5.800606938151353e+03,5.800606938113820e+03,1.449940563747434e+03,7.506088140976797e-08,0.000000000000000e+00,-1.000000000000000e+03,3.867071292075880e+03,4.061074731491387e-09,2.930276716104084e+05,8.327692074885903e-07,8.304299579026418e+08,0.000000000000000e+00,-6.156598738028579e-08,7.727869469647560e+10,7.727869469647560e+10,-7.124586340147410e+00,7.506088140976797e-08,1.000000000000000e+00,0.000000000000000e+00,-1.289337538377750e+00,2.485409279688157e-01,-5.522122403476968e-01,3.267932380135741e-08,1.000000000000000e+03,1.000000000000000e+00,
1.362158626175581e-07,0.000000000000000e+00,-2.945564965283356e-08,1.091304665365170e+04,1.091304665364851e+04,1.499565530708161e+03,1.362158626175581e-07,0.000000000000000e+00,-1.000000000000000e+03,7.275364435765676e+03,1.061158846427248e-11,2.979999963795861e+05,2.545435530702754e-08,7.456870938642110e+08,0.000000000000000e+00,-2.557903271570476e-06,7.992359805800999e+10,7.992359805800999e+10,-6.865772314991981e+00,1.362158626175581e-07,1.000000000000000e+00,0.000000000000000e+00,-2.162424337871260e-01,7.587112463310943e-03,-6.774145218855906e-02,2.797266684944245e-09,1.000000000000000e+03,1.000000000000000e+00,
1.477108088396963e-06,0.000000000000000e+00,1.363100774676338e-04,1.181294824830414e+05,1.181294761935771e+05,1.500122630973065e+03,1.477108088396963e-06,0.000000000000000e+00,-1.000000000000000e+03,7.875298412905140e+04,6.289464313812278e-03,2.980553458982770e+05,3.095736174745356e-04,6.603292612037731e+08,0.000000000000000e+00,-1.082983193498325e-06,7.995329029668742e+10,7.995329029668741e+10,-5.830587723728806e+00,1.477108088396963e-06,1.000000000000000e+00,0.000000000000000e+00,9.228172165488908e+01,9.228172165488908e+01,-3.841192199326973e+01,1.363100774676338e-04,1.000000000000000e+03,1.000000000000000e+00,
1.631284509757459e-05,0.000000000000000e+00,2.001491885762492e-03,1.304264546848100e+06,1.304264424062352e+06,1.500106769871300e+03,1.631284509757459e-05,0.000000000000000e+00,-1.000000000000000e+03,8.695096160415680e+05,1.227857478205536e-01,2.980537701942074e+05,4.041906184109552e-04,5.749477037343380e+08,0.000000000000000e+00,-2.126128827836106e-05,7.995244493428322e+10,7.995244493428322e+10,-4.787470287738360e+00,1.631284509757459e-05,1.000000000000000e+00,0.000000000000000e+00,1.204707859976741e+02,1.204707859976741e+02,-4.128497965391834e+02,2.001491885762492e-03,1.000000000000000e+03,1.000000000000000e+00,
1.806640691869240e-04,0.000000000000000e+00,1.370900772049839e-01,1.446087756500549e+07,1.446082555220252e+07,1.501798690342134e+03,1.806640691869240e-04,0.000000000000000e+00,-1.000000000000000e+03,9.640550368135015e+06,5.201280296809757e+01,2.982218052882347e+05,2.544455373396864e-03,4.898540216706777e+08,0.000000000000000e+00,-5.436303256133243e-06,8.004262063443636e+10,8.004262063443636e+10,-3.743128212162245e+00,1.806640691869240e-04,1.000000000000000e+00,0.000000000000000e+00,7.588120749297622e+02,7.588120749297622e+02,-5.995715384201513e+02,1.370900772049839e-01,1.000000000000000e+03,1.000000000000000e+00,
7.506086956000001e-08,0.000000000000000e+00,-7.506086955999999e-08,5.800605361010084e+03,5.800605360972554e+03,1.449940398419821e+03,7.506086956000001e-08,0.000000000000000e+00,-1.000000000000000e+03,3.867070240648370e+03,3.753043477999999e-08,2.930276549043556e+05,3.412647179415200e-06,8.483939264142255e+08,0.000000000000000e+00,0.000000000000000e+00,7.727868588487151e+10,7.727868588487151e+10,-7.124586408708945e+00,7.506086956000001e-08,1.000000000000000e+00,0.000000000000000e+00,-9.999999999999998e-01,9.999999999999998e-01,-7.986851776062570e-01,7.506086955999999e-08,1.000000000000000e+03,1.000000000000000e+00,
7.506086955999997e-08,0.000000000000000e+00,-7.506203691731827e-08,5.800605361010084e+03,5.800605360972554e+03,1.449940398419821e+03,7.506086955999997e-08,0.000000000000000e+00,-1.000000000000000e+03,3.867070240648370e+03,3.753043477992575e-08,2.930276549043556e+05,3.412647179411821e-06,8.483939264142255e+08,0.000000000000000e+00,-2.464417558911691e-19,7.727868588487151e+10,7.727868588487151e+10,-7.124586408708945e+00,7.506086955999997e-08,1.000000000000000e+00,0.000000000000000e+00,-1.000015454018162e+00,9.999999999990110e-01,-7.052629658459665e-01,7.506086955992573e-08,1.000000000000000e+03,1.000000000000000e+00,
7.506088140976797e-08,0.000000000000000e+00,-1.007429853489534e-07,5.800606938151353e+03,5.800606938113820e+03,1.449940563747434e+03,7.506088140976797e-08,0.000000000000000e+00,-1.000000000000000e+03,3.867071292075880e+03,4.061074731491387e-09,2.930276716104084e+05,8.327692074885903e-07,8.304299579026418e+08,0.000000000000000e+00,-6.156598738028579e-08,7.727869469647560e+10,7.727869469647560e+10,-7.124586340147410e+00,7.506088140976797e-08,1.000000000000000e+00,0.000000000000000e+00,-1.289337538377750e+00,2.485409279688157e-01,-5.522122403476968e-01,3.267932380135741e-08,1.000000000000000e+03,1.000000000000000e+00,
1.362158626175581e-07,0.000000000000000e+00,-2.945564965283356e-08,1.091304665365170e+04,1.091304665364851e+04,1.499565530708161e+03,1.362158626175581e-07,0.000000000000000e+00,-1.000000000000000e+03,7.275364435765676e+03,1.061158846427248e-11,2.979999963795861e+05,2.545435530702754e-08,7.456870938642110e+08,0.000000000000000e+00,-2.557903271570476e-06,7.992359805800999e+10,7.992359805800999e+10,-6.865772314991981e+00,1.362158626175581e-07,1.000000000000000e+00,0.000000000000000e+00,-2.162424337871260e-01,7.587112463310943e-03,-6.774145218855906e-02,2.797266684944245e-09,1.000000000000000e+03,1.000000000000000e+00,
1.477108088396963e-06,0.000000000000000e+00,1.363100774676338e-04,1.181294824830414e+05,1.181294761935771e+05,1.500122630973065e+03,1.477108088396963e-06,0.000000000000000e+00,-1.000000000000000e+03,7.875298412905140e+04,6.289464313812278e-03,2.980553458982770e+05,3.095736174745356e-04,6.603292612037731e+08,0.000000000000000e+00,-1.082983193498325e-06,7.995329029668742e+10,7.995329029668741e+10,-5.830587723728806e+00,1.477108088396963e-06,1.000000000000000e+00,0.000000000000000e+00,9.228172165488908e+01,9.228172165488908e+01,-3.841192199326973e+01,1.363100774676338e-04,1.000000000000000e+03,1.000000000000000e+00,
1.631284509757459e-05,0.000000000000000e+00,2.001491885762492e-03,1.304264546848100e+06,1.304264424062352e+06,1.500106769871300e+03,1.631284509757459e-05,0.000000000000000e+00,-1.000000000000000e+03,8.695096160415680e+05,1.227857478205536e-01,2.980537701942074e+05,4.041906184109552e-04,5.749477037343380e+08,0.000000000000000e+00,-2.126128827836106e-05,7.995244493428322e+10,7.995244493428322e+10,-4.787470287738360e+00,1.631284509757459e-05,1.000000000000000e+00,0.000000000000000e+00,1.204707859976741e+02,1.204707859976741e+02,-4.128497965391834e+02,2.001491885762492e-03,1.000000000000000e+03,1.000000000000000e+00,
1.806640691869240e-04,0.000000000000000e+00,1.370900772049839e-01,1.446087756500549e+07,1.446082555220252e+07,1.501798690342134e+03,1.806640691869240e-04,0.000000000000000e+00,-1.000000000000000e+03,9.640550368135015e+06,5.201280296809757e+01,2.982218052882347e+05,2.544455373396864e-03,4.898540216706777e+08,0.000000000000000e+00,-5.436303256133243e-06,8.004262063443636e+10,8.004262063443636e+10,-3.743128212162245e+00,1.806640691869240e-04,1.000000000000000e+00,0.000000000000000e+00,7.588120749297622e+02,7.588120749297622e+02,-5.995715384201513e+02,1.370900772049839e-01,1.000000000000000e+03,1.000000000000000e+00,
7.506086956000001e-08,0.000000000000000e+00,-7.506086955999999e-08,5.800605361010084e+03,5.800605360972554e+03,1.449940398419821e+03,7.506086956000001e-08,0.000000000000000e+00,-1.000000000000000e+03,3.867070240648370e+03,3.753043477999999e-08,2.930276549043556e+05,3.412647179415200e-06,8.483939264142255e+08,0.000000000000000e+00,0.000000000000000e+00,7.727868588487151e+10,7.727868588487151e+10,-7.124586408708945e+00,7.506086956000001e-08,1.000000000000000e+00,0.000000000000000e+00,-9.999999999999998e-01,9.999999999999998e-01,-8.933757570577963e-01,7.506086955999999e-08,1.000000000000000e+03,1.000000000000000e+00,
7.506086955999997e-08,0.000000000000000e+00,-7.506203691731827e-08,5.800605361010084e+03,5.800605360972554e+03,1.449940398419821e+03,7.506086955999997e-08,0.000000000000000e+00,-1.000000000000000e+03,3.867070240648370e+03,3.753043477992575e-08,2.930276549043556e+05,3.412647179411821e-06,8.483939264142255e+08,0.000000000000000e+00,-2.464417558911691e-19,7.727868588487151e+10,7.727868588487151e+10,-7.124586408708945e+00,7.506086955999997e-08,1.000000000000000e+00,0.000000000000000e+00,-1.000015454018162e+00,9.999999999990110e-01,-8.303787714639616e-01,7.506086955992573e-08,1.000000000000000e+03,1.000000000000000e+00,
7.506088140976797e-08,0.000000000000000e+00,-1.007429853489534e-07,5.800606938151353e+03,5.800606938113820e+03,1.449940563747434e+03,7.506088140976797e-08,0.000000000000000e+00,-1.000000000000000e+03,3.867071292075880e+03,4.061074731491387e-09,2.930276716104084e+05,8.327692074885903e-07,8.304299579026418e+08,0.000000000000000e+00,-6.156598738028579e-08,7.727869469647560e+10,7.727869469647560e+10,-7.124586340147410e+00,7.506088140976797e-08,1.000000000000000e+00,0.000000000000000e+00,-1.289337538377750e+00,2.485409279688157e-01,-7.278756410651497e-01,3.267932380135741e-08,1.000000000000000e+03,1.000000000000000e+00,
1.362158626175581e-07,0.000000000000000e+00,-2.945564965283356e-08,1.091304665365170e+04,1.091304665364851e+04,1.499565530708161e+03,1.362158626175581e-07,0.000000000000000e+00,-1.000000000000000e+03,7.275364435765676e+03,1.061158846427248e-11,2.979999963795861e+05,2.545435530702754e-08,7.456870938642110e+08,0.000000000000000e+00,-2.557903271570476e-06,7.992359805800999e+10,7.992359805800999e+10,-6.865772314991981e+00,1.362158626175581e-07,1.000000000000000e+00,0.000000000000000e+00,-2.162424337871260e-01,7.587112463310943e-03,-9.580029753171572e-02,2.797266684944245e-09,1.000000000000000e+03,1.000000000000000e+00,
1.477108088396963e-06,0.000000000000000e+00,1.363100774676338e-04,1.181294824830414e+05,1.181294761935771e+05,1.500122630973065e+03,1.477108088396963e-06,0.000000000000000e+00,-1.000000000000000e+03,7.875298412905140e+04,6.289464313812278e-03,2.980553458982770e+05,3.095736174745356e-04,6.603292612037731e+08,0.000000000000000e+00,-1.082983193498325e-06,7.995329029668742e+10,7.995329029668741e+10,-5.830587723728806e+00,1.477108088396963e-06,1.000000000000000e+00,0.000000000000000e+00,9.228172165488908e+01,9.228172165488908e+01,-5.432233052042236e+01,1.363100774676338e-04,1.000000000000000e+03,1.000000000000000e+00,
1.631284509757459e-05,0.000000000000000e+00,2.001491885762492e-03,1.304264546848100e+06,1.304264424062352e+06,1.500106769871300e+03,1.631284509757459e-05,0.000000000000000e+00,-1.000000000000000e+03,8.695096160415680e+05,1.227857478205536e-01,2.980537701942074e+05,4.041906184109552e-04,5.749477037343380e+08,0.000000000000000e+00,-2.126128827836106e-05,7.995244493428322e+10,7.995244493428322e+10,-4.787470287738360e+00,1.631284509757459e-05,1.000000000000000e+00,0.000000000000000e+00,1.204707859976741e+02,1.204707859976741e+02,-5.265969244343398e+02,2.001491885762492e-03,1.000000000000000e+03,1.000000000000000e+00,
1.806640691869240e-04,0.000000000000000e+00,1.370900772049839e-01,1.446087756500549e+07,1.446082555220252e+07,1.501798690342134e+03,1.806640691869240e-04,0.000000000000000e+00,-1.000000000000000e+03,9.640550368135015e+06,5.201280296809757e+01,2.982218052882347e+05,2.544455373396864e-03,4.898540216706777e+08,0.000000000000000e+00,-5.436303256133243e-06,8.004262063443636e+10,8.004262063443636e+10,-3.743128212162245e+00,1.806640691869240e-04,1.000000000000000e+00,0.000000000000000e+00,7.588120749297622e+02,7.588120749297622e+02,-7.059373617908369e+02,1.370900772049839e-01,1.000000000000000e+03,1.000000000000000e+00,
7.506086956000001e-08,0.000000000000000e+00,-7.506086955999999e-08,5.800605361010084e+03,5.800605360972554e+03,1.449940398419821e+03,7.506086956000001e-08,0.000000000000000e+00,-1.000000000000000e+03,3.867070240648370e+03,3.753043477999999e-08,2.930276549043556e+05,3.412647179415200e-06,8.483939264142255e+08,0.000000000000000e+00,0.000000000000000e+00,7.727868588487151e+10,7.727868588487151e+10,-7.124586408708945e+00,7.506086956000001e-08,1.000000000000000e+00,0.000000000000000e+00,-9.999999999999998e-01,9.999999999999998e-01,-9.695818671236753e-01,7.506086955999999e-08,1.000000000000000e+03,1.000000000000000e+00,
7.506086955999997e-08,0.000000000000000e+00,-7.506203691731827e-08,5.800605361010084e+03,5.800605360972554e+03,1.449940398419821e+03,7.506086955999997e-08,0.000000000000000e+00,-1.000000000000000e+03,3.867070240648370e+03,3.753043477992575e-08,2.930276549043556e+05,3.412647179411821e-06,8.483939264142255e+08,0.000000000000000e+00,-2.464417558911691e-19,7.727868588487151e+10,7.727868588487151e+10,-7.124586408708945e+00,7.506086955999997e-08,1.000000000000000e+00,0.000000000000000e+00,-1.000015454018162e+00,9.999999999990110e-01,-9.476888979140438e-01,7.506086955992573e-08,1.000000000000000e+03,1.000000000000000e+00,
7.506088140976797e-08,0.000000000000000e+00,-1.007429853489534e-07,5.800606938151353e+03,5.800606938113820e+03,1.449940563747434e+03,7.506088140976797e-08,0.000000000000000e+00,-1.000000000000000e+03,3.867071292075880e+03,4.061074731491387e-09,2.930276716104084e+05,8.327692074885903e-07,8.304299579026418e+08,0.000000000000000e+00,-6.156598738028579e-08,7.727869469647560e+10,7.727869469647560e+10,-7.124586340147410e+00,7.506088140976797e-08,1.000000000000000e+00,0.000000000000000e+00,-1.289337538377750e+00,2.485409279688157e-01,-1.037408228398534e+00,3.267932380135741e-08,1.000000000000000e+03,1.000000000000000e+00,
1.362158626175581e-07,0.000000000000000e+00,-2.945564965283356e-08,1.091304665365170e+04,1.091304665364851e+04,1.499565530708161e+03,1.362158626175581e-07,0.000000000000000e+00,-1.000000000000000e+03,7.275364435765676e+03,1.061158846427248e-11,2.979999963795861e+05,2.545435530702754e-08,7.456870938642110e+08,0.000000000000000e+00,-2.557903271570476e-06,7.992359805800999e+10,7.992359805800999e+10,-6.865772314991981e+00,1.362158626175581e-07,1.000000000000000e+00,0.000000000000000e+00,-2.162424337871260e-01,7.587112463310943e-03,-1.517072796796737e-01,2.797266684944245e-09,1.000000000000000e+03,1.000000000000000e+00,
1.477108088396963e-06,0.000000000000000e+00,1.363100774676338e-04,1.181294824830414e+05,1.181294761935771e+05,1.500122630973065e+03,1.477108088396963e-06,0.000000000000000e+00,-1.000000000000000e+03,7.875298412905140e+04,6.289464313812278e-03,2.980553458982770e+05,3.095736174745356e-04,6.603292612037731e+08,0.000000000000000e+00,-1.082983193498325e-06,7.995329029668742e+10,7.995329029668741e+10,-5.830587723728806e+00,1.477108088396963e-06,1.000000000000000e+00,0.000000000000000e+00,9.228172165488908e+01,9.228172165488908e+01,-8.602366799941395e+01,1.363100774676338e-04,1.000000000000000e+03,1.000000000000000e+00,
1.631284509757459e-05,0.000000000000000e+00,2.001491885762492e-03,1.304264546848100e+06,1.304264424062352e+06,1.500106769871300e+03,1.631284509757459e-05,0.000000000000000e+00,-1.000000000000000e+03,8.695096160415680e+05,1.227857478205536e-01,2.980537701942074e+05,4.041906184109552e-04,5.749477037343380e+08,0.000000000000000e+00,-2.126128827836106e-05,7.995244493428322e+10,7.995244493428322e+10,-4.787470287738360e+00,1.631284509757459e-05,1.000000000000000e+00,0.000000000000000e+00,1.204707859976741e+02,1.204707859976741e+02,-6.671384208793601e+02,2.001491885762492e-03,1.000000000000000e+03,1.000000000000000e+00,
1.806640691869240e-04,0.000000000000000e+00,1.370900772049839e-01,1.446087756500549e+07,1.446082555220252e+07,1.501798690342134e+03,1.806640691869240e-04,0.000000000000000e+00,-1.000000000000000e+03,9.640550368135015e+06,5.201280296809757e+01,2.982218052882347e+05,2.544455373396864e-03,4.898540216706777e+08,0.000000000000000e+00,-5.436303256133243e-06,8.004262063443636e+10,8.004262063443636e+10,-3.743128212162245e+00,1.806640691869240e-04,1.000000000000000e+00,0.000000000000000e+00,7.588120749297622e+02,7.588120749297622e+02,-8.171623066093807e+02,1.370900772049839e-01,1.000000000000000e+03,1.000000000000000e+00,
7.506086956000001e-08,0.000000000000000e+00,-7.506086955999999e-08,5.800605361010084e+03,5.800605360972554e+03,1.449940398419821e+03,7.506086956000001e-08,0.000000000000000e+00,-1.000000000000000e+03,3.867070240648370e+03,3.753043477999999e-08,2.930276549043556e+05,3.412647179415200e-06,8.483939264142255e+08,0.000000000000000e+00,0.000000000000000e+00,7.727868588487151e+10,7.727868588487151e+10,-7.124586408708945e+00,7.506086956000001e-08,1.000000000000000e+00,0.000000000000000e+00,-9.999999999999998e-01,9.999999999999998e-01,-9.999980851844014e-01,7.506086955999999e-08,1.000000000000000e+03,1.000000000000000e+00,
7.506086955999997e-08,0.000000000000000e+00,-7.506203691731827e-08,5.800605361010084e+03,5.800605360972554e+03,1.449940398419821e+03,7.506086955999997e-08,0.000000000000000e+00,-1.000000000000000e+03,3.867070240648370e+03,3.753043477992575e-08,2.930276549043556e+05,3.412647179411821e-06,8.483939264142255e+08,0.000000000000000e+00,-2.464417558911691e-19,7.727868588487151e+10,7.727868588487151e+10,-7.124586408708945e+00,7.506086955999997e-08,1.000000000000000e+00,0.000000000000000e+00,-1.000015454018162e+00,9.999999999990110e-01,-1.000007883849811e+00,7.506086955992573e-08,1.000000000000000e+03,1.000000000000000e+00,
7.506088140976797e-08,0.000000000000000e+00,-1.007429853489534e-07,5.800606938151353e+03,5.800606938113820e+03,1.449940563747434e+03,7.506088140976797e-08,0.000000000000000e+00,-1.000000000000000e+03,3.867071292075880e+03,4.061074731491387e-09,2.930276716104084e+05,8.327692074885903e-07,8.304299579026418e+08,0.000000000000000e+00,-6.156598738028579e-08,7.727869469647560e+10,7.727869469647560e+10,-7.124586340147410e+00,7.506088140976797e-08,1.000000000000000e+00,0.000000000000000e+00,-1.289337538377750e+00,2.485409279688157e-01,-1.289315998980687e+00,3.267932380135741e-08,1.000000000000000e+03,1.000000000000000e+00,
1.362158626175581e-07,0.000000000000000e+00,-2.945564965283356e-08,1.091304665365170e+04,1.091304665364851e+04,1.499565530708161e+03,1.362158626175581e-07,0.000000000000000e+00,-1.000000000000000e+03,7.275364435765676e+03,1.061158846427248e-11,2.979999963795861e+05,2.545435530702754e-08,7.456870938642110e+08,0.000000000000000e+00,-2.557903271570476e-06,7.992359805800999e+10,7.992359805800999e+10,-6.865772314991981e+00,1.362158626175581e-07,1.000000000000000e+00,0.000000000000000e+00,-2.162424337871260e-01,7.587112463310943e-03,-2.162357305699702e-01,2.797266684944245e-09,1.000000000000000e+03,1.000000000000000e+00,
1.477108088396963e-06,0.000000000000000e+00,1.363100774676338e-04,1.181294824830414e+05,1.181294761935771e+05,1.500122630973065e+03,1.477108088396963e-06,0.000000000000000e+00,-1.000000000000000e+03,7.875298412905140e+04,6.289464313812278e-03,2.980553458982770e+05,3.095736174745356e-04,6.603292612037731e+08,0.000000000000000e+00,-1.082983193498325e-06,7.995329029668742e+10,7.995329029668741e+10,-5.830587723728806e+00,1.477108088396963e-06,1.000000000000000e+00,0.000000000000000e+00,9.228172165488908e+01,9.228172165488908e+01,-1.226136987983585e+02,1.363100774676338e-04,1.000000000000000e+03,1.000000000000000e+00,
1.631284509757459e-05,0.000000000000000e+00,2.001491885762492e-03,1.304264546848100e+06,1.304264424062352e+06,1.500106769871300e+03,1.631284509757459e-05,0.000000000000000e+00,-1.000000000000000e+03,8.695096160415680e+05,1.227857478205536e-01,2.980537701942074e+05,4.041906184109552e-04,5.749477037343380e+08,0.000000000000000e+00,-2.126128827836106e-05,7.995244493428322e+10,7.995244493428322e+10,-4.787470287738360e+00,1.631284509757459e-05,1.000000000000000e+00,0.000000000000000e+00,1.204707859976741e+02,1.204707859976741e+02,-7.476409402121388e+02,2.001491885762492e-03,1.000000000000000e+03,1.000000000000000e+00,
1.806640691869240e-04,0.000000000000000e+00,1.370900772049839e-01,1.446087756500549e+07,1.446082555220252e+07,1.501798690342134e+03,1.806640691869240e-04,0.000000000000000e+00,-1.000000000000000e+03,9.640550368135015e+06,5.201280296809757e+01,2.982218052882347e+05,2.544455373396864e-03,4.898540216706777e+08,0.000000000000000e+00,-5.436303256133243e-06,8.004262063443636e+10,8.004262063443636e+10,-3.743128212162245e+00,1.806640691869240e-04,1.000000000000000e+00,0.000000000000000e+00,7.588120749297622e+02,7.588120749297622e+02,-8.786104169229293e+02,1.370900772049839e-01,1.000000000000000e+03,1.000000000000000e+00,
7.506086956000001e-08,0.000000000000000e+00,-7.506086955999999e-08,5.800605361010084e+03,5.800605360972554e+03,1.449940398419821e+03,7.506086956000001e-08,0.000000000000000e+00,-1.000000000000000e+03,3.867070240648370e+03,3.753043477999999e-08,2.930276549043556e+05,3.412647179415200e-06,8.483939264142255e+08,0.000000000000000e+00,0.000000000000000e+00,7.727868588487151e+10,7.727868588487151e+10,-7.124586408708945e+00,7.506086956000001e-08,1.000000000000000e+00,0.000000000000000e+00,-9.999999999999998e-01,9.999999999999998e-01,-9.999980851844014e-01,7.506086955999999e-08,1.000000000000000e+03,1.000000000000000e+00,
7.506086955999997e-08,0.000000000000000e+00,-7.506203691731827e-08,5.800605361010084e+03,5.800605360972554e+03,1.449940398419821e+03,7.506086955999997e-08,0.000000000000000e+00,-1.000000000000000e+03,3.867070240648370e+03,3.753043477992575e-08,2.930276549043556e+05,3.412647179411821e-06,8.483939264142255e+08,0.000000000000000e+00,-2.464417558911691e-19,7.727868588487151e+10,7.727868588487151e+10,-7.124586408708945e+00,7.506086955999997e-08,1.000000000000000e+00,0.000000000000000e+00,-1.000015454018162e+00,9.999999999990110e-01,-1.000007883849811e+00,7.506086955992573e-08,1.000000000000000e+03,1.000000000000000e+00,
7.506088140976797e-08,0.000000000000000e+00,-1.007429853489534e-07,5.800606938151353e+03,5.800606938113820e+03,1.449940563747434e+03,7.506088140976797e-08,0.000000000000000e+00,-1.000000000000000e+03,3.867071292075880e+03,4.061074731491387e-09,2.930276716104084e+05,8.327692074885903e-07,8.304299579026418e+08,0.000000000000000e+00,-6.156598738028579e-08,7.727869469647560e+10,7.727869469647560e+10,-7.124586340147410e+00,7.506088140976797e-08,1.000000000000000e+00,0.000000000000000e+00,-1.289337538377750e+00,2.485409279688157e-01,-1.289315998980687e+00,3.267932380135741e-08,1.000000000000000e+03,1.000000000000000e+00,
1.362158626175581e-07,0.000000000000000e+00,-2.945564965283356e-08,1.091304665365170e+04,1.091304665364851e+04,1.499565530708161e+03,1.362158626175581e-07,0.000000000000000e+00,-1.000000000000000e+03,7.275364435765676e+03,1.061158846427248e-11,2.979999963795861e+05,2.545435530702754e-08,7.456870938642110e+08,0.000000000000000e+00,-2.557903271570476e-06,7.992359805800999e+10,7.992359805800999e+10,-6.865772314991981e+00,1.362158626175581e-07,1.000000000000000e+00,0.000000000000000e+00,-2.162424337871260e-01,7.587112463310943e-03,-2.162357305699702e-01,2.797266684944245e-09,1.000000000000000e+03,1.000000000000000e+00,
1.477108088396963e-06,0.000000000000000e+00,1.363100774676338e-04,1.181294824830414e+05,1.181294761935771e+05,1.500122630973065e+03,1.477108088396963e-06,0.000000000000000e+00,-1.000000000000000e+03,7.875298412905140e+04,6.289464313812278e-03,2.980553458982770e+05,3.095736174745356e-04,6.603292612037731e+08,0.000000000000000e+00,-1.082983193498325e-06,7.995329029668742e+10,7.995329029668741e+10,-5.830587723728806e+00,1.477108088396963e-06,1.000000000000000e+00,0.000000000000000e+00,9.228172165488908e+01,9.228172165488908e+01,-1.226136987983585e+02,1.363100774676338e-04,1.000000000000000e+03,1.000000000000000e+00,
1.631284509757459e-05,0.000000000000000e+00,2.001491885762492e-03,1.304264546848100e+06,1.304264424062352e+06,1.500106769871300e+03,1.631284509757459e-05,0.000000000000000e+00,-1.000000000000000e+03,8.695096160415680e+05,1.227857478205536e-01,2.980537701942074e+05,4.041906184109552e-04,5.749477037343380e+08,0.000000000000000e+00,-2.126128827836106e-05,7.995244493428322e+10,7.995244493428322e+10,-4.787470287738360e+00,1.631284509757459e-05,1.000000000000000e+00,0.000000000000000e+00,1.204707859976741e+02,1.204707859976741e+02,-7.476409402121388e+02,2.001491885762492e-03,1.000000000000000e+03,1.000000000000000e+00,
1.806640691869240e-04,0.000000000000000e+00,1.370900772049839e-01,1.446087756500549e+07,1.446082555220252e+07,1.501798690342134e+03,1.806640691869240e-04,0.000000000000000e+00,-1.000000000000000e+03,9.640550368135015e+06,5.201280296809757e+01,2.982218052882347e+05,2.544455373396864e-03,4.898540216706777e+08,0.000000000000000e+00,-5.436303256133243e-06,8.004262063443636e+10,8.004262063443636e+10,-3.743128212162245e+00,1.806640691869240e-04,1.000000000000000e+00,0.000000000000000e+00,7.588120749297622e+02,7.588120749297622e+02,-8.786104169229293e+02,1.370900772049839e-01,1.000000000000000e+03,1.000000000000000e+00,
7.506086956000001e-08,0.000000000000000e+00,-7.506086955999999e-08,5.800605361010084e+03,5.800605360972554e+03,1.449940398419821e+03,7.506086956000001e-08,0.000000000000000e+00,-1.000000000000000e+03,3.867070240648370e+03,3.753043477999999e-08,2.930276549043556e+05,3.412647179415200e-06,8.483939264142255e+08,0.000000000000000e+00,0.000000000000000e+00,7.727868588487151e+10,7.727868588487151e+10,-7.124586408708945e+00,7.506086956000001e-08,1.000000000000000e+00,0.000000000000000e+00,-9.999999999999998e-01,9.999999999999998e-01,-9.695818671236753e-01,7.506086955999999e-08,1.000000000000000e+03,1.000000000000000e+00,
7.506086955999997e-08,0.000000000000000e+00,-7.506203691731827e-08,5.800605361010084e+03,5.800605360972554e+03,1.449940398419821e+03,7.506086955999997e-08,0.000000000000000e+00,-1.000000000000000e+03,3.867070240648370e+03,3.753043477992575e-08,2.930276549043556e+05,3.412647179411821e-06,8.483939264142255e+08,0.000000000000000e+00,-2.464417558911691e-19,7.727868588487151e+10,7.727868588487151e+10,-7.124586408708945e+00,7.506086955999997e-08,1.000000000000000e+00,0.000000000000000e+00,-1.000015454018162e+00,9.999999999990110e-01,-9.476888979140438e-01,7.506086955992573e-08,1.000000000000000e+03,1.000000000000000e+00,
7.506088140976797e-08,0.000000000000000e+00,-1.007429853489534e-07,5.800606938151353e+03,5.800606938113820e+03,1.449940563747434e+03,7.506088140976797e-08,0.000000000000000e+00,-1.000000000000000e+03,3.867071292075880e+03,4.061074731491387e-09,2.930276716104084e+05,8.327692074885903e-07,8.304299579026418e+08,0.000000000000000e+00,-6.156598738028579e-08,7.727869469647560e+10,7.727869469647560e+10,-7.124586340147410e+00,7.506088140976797e-08,1.000000000000000e+00,0.000000000000000e+00,-1.289337538377750e+00,2.485409279688157e-01,-1.037408228398534e+00,3.267932380135741e-08,1.000000000000000e+03,1.000000000000000e+00,
1.362158626175581e-07,0.000000000000000e+00,-2.945564965283356e-08,1.091304665365170e+04,1.091304665364851e+04,1.499565530708161e+03,1.362158626175581e-07,0.000000000000000e+00,-1.000000000000000e+03,7.275364435765676e+03,1.061158846427248e-11,2.979999963795861e+05,2.545435530702754e-08,7.456870938642110e+08,0.000000000000000e+00,-2.557903271570476e-06,7.992359805800999e+10,7.992359805800999e+10,-6.865772314991981e+00,1.362158626175581e-07,1.000000000000000e+00,0.000000000000000e+00,-2.162424337871260e-01,7.587112463310943e-03,-1.517072796796737e-01,2.797266684944245e-09,1.000000000000000e+03,1.000000000000000e+00,
1.477108088396963e-06,0.000000000000000e+00,1.363100774676338e-04,1.181294824830414e+05,1.181294761935771e+05,1.500122630973065e+03,1.477108088396963e-06,0.000000000000000e+00,-1.000000000000000e+03,7.875298412905140e+04,6.289464313812278e-03,2.980553458982770e+05,3.095736174745356e-04,6.603292612037731e+08,0.000000000000000e+00,-1.082983193498325e-06,7.995329029668742e+10,7.995329029668741e+10,-5.830587723728806e+00,1.477108088396963e-06,1.000000000000000e+00,0.000000000000000e+00,9.228172165488908e+01,9.228172165488908e+01,-8.602366799941395e+01,1.363100774676338e-04,1.000000000000000e+03,1.000000000000000e+00,
1.631284509757459e-05,0.000000000000000e+00,2.001491885762492e-03,1.304264546848100e+06,1.304264424062352e+06,1.500106769871300e+03,1.631284509757459e-05,0.000000000000000e+00,-1.000000000000000e+03,8.695096160415680e+05,1.227857478205536e-01,2.980537701942074e+05,4.041906184109552e-04,5.749477037343380e+08,0.000000000000000e+00,-2.126128827836106e-05,7.995244493428322e+10,7.995244493428322e+10,-4.787470287738360e+00,1.631284509757459e-05,1.000000000000000e+00,0.000000000000000e+00,1.204707859976741e+02,1.204707859976741e+02,-6.671384208793601e+02,2.001491885762492e-03,1.000000000000000e+03,1.000000000000000e+00,
1.806640691869240e-04,0.000000000000000e+00,1.370900772049839e-01,1.446087756500549e+07,1.446082555220252e+07,1.501798690342134e+03,1.806640691869240e-04,0.000000000000000e+00,-1.000000000000000e+03,9.640550368135015e+06,5.201280296809757e+01,2.982218052882347e+05,2.544455373396864e-03,4.898540216706777e+08,0.000000000000000e+00,-5.436303256133243e-06,8.004262063443636e+10,8.004262063443636e+10,-3.743128212162245e+00,1.806640691869240e-04,1.000000000000000e+00,0.000000000000000e+00,7.588120749297622e+02,7.588120749297622e+02,-8.171623066093807e+02,1.370900772049839e-01,1.000000000000000e+03,1.000000000000000e+00,
7.506086956000001e-08,0.000000000000000e+00,-7.506086955999999e-08,5.800605361010084e+03,5.800605360972554e+03,1.449940398419821e+03,7.506086956000001e-08,0.000000000000000e+00,-1.000000000000000e+03,3.867070240648370e+03,3.753043477999999e-08,2.930276549043556e+05,3.412647179415200e-06,8.483939264142255e+08,0.000000000000000e+00,0.000000000000000e+00,7.727868588487151e+10,7.727868588487151e+10,-7.124586408708945e+00,7.506086956000001e-08,1.000000000000000e+00,0.000000000000000e+00,-9.999999999999998e-01,9.999999999999998e-01,-8.933757570577963e-01,7.506086955999999e-08,1.000000000000000e+03,1.000000000000000e+00,
7.506086955999997e-08,0.000000000000000e+00,-7.506203691731827e-08,5.800605361010084e+03,5.800605360972554e+03,1.449940398419821e+03,7.506086955999997e-08,0.000000000000000e+00,-1.000000000000000e+03,3.867070240648370e+03,3.753043477992575e-08,2.930276549043556e+05,3.412647179411821e-06,8.483939264142255e+08,0.000000000000000e+00,-2.464417558911691e-19,7.727868588487151e+10,7.727868588487151e+10,-7.124586408708945e+00,7.506086955999997e-08,1.000000000000000e+00,0.000000000000000e+00,-1.000015454018162e+00,9.999999999990110e-01,-8.303787714639616e-01,7.506086955992573e-08,1.000000000000000e+03,1.000000000000000e+00,
7.506088140976797e-08,0.000000000000000e+00,-1.007429853489534e-07,5.800606938151353e+03,5.800606938113820e+03,1.449940563747434e+03,7.506088140976797e-08,0.000000000000000e+00,-1.000000000000000e+03,3.867071292075880e+03,4.061074731491387e-09,2.930276716104084e+05,8.327692074885903e-07,8.304299579026418e+08,0.000000000000000e+00,-6.156598738028579e-08,7.727869469647560e+10,7.727869469647560e+10,-7.124586340147410e+00,7.506088140976797e-08,1.000000000000000e+00,0.000000000000000e+00,-1.289337538377750e+00,2.485409279688157e-01,-7.278756410651497e-01,3.267932380135741e-08,1.000000000000000e+03,1.000000000000000e+00,
1.362158626175581e-07,0.000000000000000e+00,-2.945564965283356e-08,1.091304665365170e+04,1.091304665364851e+04,1.499565530708161e+03,1.362158626175581e-07,0.000000000000000e+00,-1.000000000000000e+03,7.275364435765676e+03,1.061158846427248e-11,2.979999963795861e+05,2.545435530702754e-08,7.456870938642110e+08,0.000000000000000e+00,-2.557903271570476e-06,7.992359805800999e+10,7.992359805800999e+10,-6.865772314991981e+00,1.362158626175581e-07,1.000000000000000e+00,0.000000000000000e+00,-2.162424337871260e-01,7.587112463310943e-03,-9.580029753171572e-02,2.797266684944245e-09,1.000000000000000e+03,1.000000000000000e+00,
1.477108088396963e-06,0.000000000000000e+00,1.363100774676338e-04,1.181294824830414e+05,1.181294761935771e+05,1.500122630973065e+03,1.477108088396963e-06,0.000000000000000e+00,-1.000000000000000e+03,7.875298412905140e+04,6.289464313812278e-03,2.980553458982770e+05,3.095736174745356e-04,6.603292612037731e+08,0.000000000000000e+00,-1.082983193498325e-06,7.995329029668742e+10,7.995329029668741e+10,-5.830587723728806e+00,1.477108088396963e-06,1.000000000000000e+00,0.000000000000000e+00,9.228172165488908e+01,9.228172165488908e+01,-5.432233052042236e+01,1.363100774676338e-04,1.000000000000000e+03,1.000000000000000e+00,
1.631284509757459e-05,0.000000000000000e+00,2.001491885762492e-03,1.304264546848100e+06,1.304264424062352e+06,1.500106769871300e+03,1.631284509757459e-05,0.000000000000000e+00,-1.000000000000000e+03,8.695096160415680e+05,1.227857478205536e-01,2.980537701942074e+05,4.041906184109552e-04,5.749477037343380e+08,0.000000000000000e+00,-2.126128827836106e-05,7.995244493428322e+10,7.995244493428322e+10,-4.787470287738360e+00,1.631284509757459e-05,1.000000000000000e+00,0.000000000000000e+00,1.204707859976741e+02,1.204707859976741e+02,-5.265969244343398e+02,2.001491885762492e-03,1.000000000000000e+03,1.000000000000000e+00,
1.806640691869240e-04,0.000000000000000e+00,1.370900772049839e-01,1.446087756500549e+07,1.446082555220252e+07,1.501798690342134e+03,1.806640691869240e-04,0.000000000000000e+00,-1.000000000000000e+03,9.640550368135015e+06,5.201280296809757e+01,2.982218052882347e+05,2.544455373396864e-03,4.898540216706777e+08,0.000000000000000e+00,-5.436303256133243e-06,8.004262063443636e+10,8.004262063443636e+10,-3.743128212162245e+00,1.806640691869240e-04,1.000000000000000e+00,0.000000000000000e+00,7.588120749297622e+02,7.588120749297622e+02,-7.059373617908369e+02,1.370900772049839e-01,1.000000000000000e+03,1.000000000000000e+00,

64,28
1.510226618842555e-02,0.000000000000000e+00,1.218299155784179e+01,1.487469688086259e+09,1.487464774079267e+09,1.847970316276476e+03,1.510226618842555e-02,0.000000000000000e+00,-1.000000000000000e+03,9.916431827195112e+08,4.914006992281668e+03,3.308118284492894e+05,2.842287070642746e-03,4.885478736880333e+08,2.500000000000000e-07,2.015886551195016e-04,9.849281925776587e+10,9.849281925776587e+10,-1.820957879244424e+00,1.510226618842555e-02,1.000000000000000e+00,0.000000000000000e+00,8.489838048268998e+02,8.489838048268998e+02,-5.108752459159653e+02,1.218299155784179e+01,1.000000000000000e+03,1.000000000000000e+00,
1.510226618842555e-02,0.000000000000000e+00,1.218299155784179e+01,1.487469688086259e+09,1.487464774079267e+09,1.847970316276476e+03,1.510226618842555e-02,0.000000000000000e+00,-1.000000000000000e+03,9.916431827195112e+08,4.914006992281668e+03,3.308118284492894e+05,2.842287070642746e-03,4.885478736880333e+08,2.500000000000000e-07,2.015886551195016e-04,9.849281925776587e+10,9.849281925776587e+10,-1.820957879244424e+00,1.510226618842555e-02,1.000000000000000e+00,0.000000000000000e+00,8.489838048268998e+02,8.489838048268998e+02,-5.108752459159653e+02,1.218299155784179e+01,1.000000000000000e+03,1.000000000000000e+00,
1.510226618842555e-02,0.000000000000000e+00,1.218299155784179e+01,1.487469688086259e+09,1.487464774079267e+09,1.847970316276476e+03,1.510226618842555e-02,0.000000000000000e+00,-1.000000000000000e+03,9.916431827195112e+08,4.914006992281668e+03,3.308118284492894e+05,2.842287070642746e-03,4.885478736880333e+08,2.500000000000000e-07,2.015886551195016e-04,9.849281925776587e+10,9.849281925776587e+10,-1.820957879244424e+00,1.510226618842555e-02,1.000000000000000e+00,0.000000000000000e+00,8.489838048268998e+02,8.489838048268998e+02,-6.018835036990962e+02,1.218299155784179e+01,1.000000000000000e+03,1.000000000000000e+00,
1.510226618842555e-02,0.000000000000000e+00,1.218299155784179e+01,1.487469688086259e+09,1.487464774079267e+09,1.847970316276476e+03,1.510226618842555e-02,0.000000000000000e+00,-1.000000000000000e+03,9.916431827195112e+08,4.914006992281668e+03,3.308118284492894e+05,2.842287070642746e-03,4.885478736880333e+08,2.500000000000000e-07,2.015886551195016e-04,9.849281925776587e+10,9.849281925776587e+10,-1.820957879244424e+00,1.510226618842555e-02,1.000000000000000e+00,0.000000000000000e+00,8.489838048268998e+02,8.489838048268998e+02,-7.078082418425956e+02,1.218299155784179e+01,1.000000000000000e+03,1.000000000000000e+00,
1.510226618842555e-02,0.000000000000000e+00,1.218299155784179e+01,1.487469688086259e+09,1.487464774079267e+09,1.847970316276476e+03,1.510226618842555e-02,0.000000000000000e+00,-1.000000000000000e+03,9.916431827195112e+08,4.914006992281668e+03,3.308118284492894e+05,2.842287070642746e-03,4.885478736880333e+08,2.500000000000000e-07,2.015886551195016e-04,9.849281925776587e+10,9.849281925776587e+10,-1.820957879244424e+00,1.510226618842555e-02,1.000000000000000e+00,0.000000000000000e+00,8.489838048268998e+02,8.489838048268998e+02,-7.828831489071415e+02,1.218299155784179e+01,1.000000000000000e+03,1.000000000000000e+00,
1.510226618842555e-02,0.000000000000000e+00,1.218299155784179e+01,1.487469688086259e+09,1.487464774079267e+09,1.847970316276476e+03,1.510226618842555e-02,0.000000000000000e+00,-1.000000000000000e+03,9.916431827195112e+08,4.914006992281668e+03,3.308118284492894e+05,2.842287070642746e-03,4.885478736880333e+08,2.500000000000000e-07,2.015886551195016e-04,9.849281925776587e+10,9.849281925776587e+10,-1.820957879244424e+00,1.510226618842555e-02,1.000000000000000e+00,0.000000000000000e+00,8.489838048268998e+02,8.489838048268998e+02,-7.828831489071415e+02,1.218299155784179e+01,1.000000000000000e+03,1.000000000000000e+00,
1.510226618842555e-02,0.000000000000000e+00,1.218299155784179e+01,1.487469688086259e+09,1.487464774079267e+09,1.847970316276476e+03,1.510226618842555e-02,0.000000000000000e+00,-1.000000000000000e+03,9.916431827195112e+08,4.914006992281668e+03,3.308118284492894e+05,2.842287070642746e-03,4.885478736880333e+08,2.500000000000000e-07,2.015886551195016e-04,9.849281925776587e+10,9.849281925776587e+10,-1.820957879244424e+00,1.510226618842555e-02,1.000000000000000e+00,0.000000000000000e+00,8.489838048268998e+02,8.489838048268998e+02,-7.078082418425956e+02,1.218299155784179e+01,1.000000000000000e+03,1.000000000000000e+00,
1.510226618842555e-02,0.000000000000000e+00,1.218299155784179e+01,1.487469688086259e+09,1.487464774079267e+09,1.847970316276476e+03,1.510226618842555e-02,0.000000000000000e+00,-1.000000000000000e+03,9.916431827195112e+08,4.914006992281668e+03,3.308118284492894e+05,2.842287070642746e-03,4.885478736880333e+08,2.500000000000000e-07,2.015886551195016e-04,9.849281925776587e+10,9.849281925776587e+10,-1.820957879244424e+00,1.510226618842555e-02,1.000000000000000e+00,0.000000000000000e+00,8.489838048268998e+02,8.489838048268998e+02,-6.018835036990962e+02,1.218299155784179e+01,1.000000000000000e+03,1.000000000000000e+00,
7.506086956000001e-08,0.000000000000000e+00,-7.506086955999999e-08,5.800605361010084e+03,5.800605360972554e+03,1.449940398419821e+03,7.506086956000001e-08,0.000000000000000e+00,-1.000000000000000e+03,3.867070240648370e+03,3.753043477999999e-08,2.930276549043556e+05,3.412647179415200e-06,8.483939264142255e+08,0.000000000000000e+00,0.000000000000000e+00,7.727868588487151e+10,7.727868588487151e+10,-7.124586408708945e+00,7.506086956000001e-08,1.000000000000000e+00,0.000000000000000e+00,-9.999999999999998e-01,9.999999999999998e-01,-6.017491064156731e-01,7.506086955999999e-08,1.000000000000000e+03,1.000000000000000e+00,
7.506087692516304e-08,0.000000000000000e+00,-7.506086955992573e-08,5.800606340710501e+03,5.800606340672970e+03,1.449940501037455e+03,7.506087692516304e-08,0.000000000000000e+00,-1.000000000000000e+03,3.867070893781980e+03,3.753159846370002e-08,2.930276652736799e+05,3.412699797762011e-06,8.483939266998309e+08,0.000000000000000e+00,3.492295056028993e-12,7.727869135416939e+10,7.727869135416939e+10,-7.124586366094870e+00,7.506087692516304e-08,1.000000000000000e+00,0.000000000000000e+00,-9.999999999990110e-01,1.000015454018162e+00,-4.493172559077565e-01,7.506203691731827e-08,1.000000000000000e+03,1.000000000000000e+00,
1.314846776682900e-07,0.000000000000000e+00,-3.267932380135741e-08,1.054057177517530e+04,1.054057177517124e+04,1.575307856475012e+03,1.314846776682900e-07,0.000000000000000e+00,-1.000000000000000e+03,7.027047850114160e+03,6.481702941352014e-08,3.054332080681335e+05,4.340165644439624e-06,8.495660442519928e+08,0.000000000000000e+00,9.979988943533080e-09,8.396050013171255e+10,8.396050013171255e+10,-6.881124853956170e+00,1.314846776682900e-07,1.000000000000000e+00,0.000000000000000e+00,-2.485409279688157e-01,1.289337538377750e+00,-6.083467755884252e-02,1.007429853489534e-07,1.000000000000000e+03,1.000000000000000e+00,
1.422692529985335e-06,0.000000000000000e+00,1.273131178195925e-04,1.137805795849368e+05,1.137805738884740e+05,1.505935381380217e+03,1.422692529985335e-06,0.000000000000000e+00,-1.000000000000000e+03,7.585371592564936e+04,5.696462737845582e-03,2.986322474882221e+05,3.001959460084075e-04,8.291406661260610e+08,0.000000000000000e+00,6.812809638972261e-09,8.026309731588005e+10,8.026309731588005e+10,-5.846888948797724e+00,1.422692529985335e-06,1.000000000000000e+00,0.000000000000000e+00,8.948744379848877e+01,8.948744379848877e+01,5.792723128427404e+00,1.273131178195925e-04,1.000000000000000e+03,1.000000000000000e+00,
1.571195961321118e-05,0.000000000000000e+00,1.926561204286023e-03,1.256222986199961e+06,1.256222868084902e+06,1.500501465798583e+03,1.571195961321118e-05,0.000000000000000e+00,-1.000000000000000e+03,8.374819120566013e+05,1.181150590133624e-01,2.980929783607282e+05,4.113917145225673e-04,7.443520476945866e+08,0.000000000000000e+00,7.753846550404120e-08,7.997348137317261e+10,7.997348137317259e+10,-4.803769645887451e+00,1.571195961321118e-05,1.000000000000000e+00,0.000000000000000e+00,1.226174997717090e+02,1.226174997717090e+02,-1.805901075389609e-01,1.926561204286023e-03,1.000000000000000e+03,1.000000000000000e+00,
1.739973928609672e-04,0.000000000000000e+00,1.300885746781114e-01,1.392713993891089e+07,1.392709130876482e+07,1.501786181895683e+03,1.739973928609672e-04,0.000000000000000e+00,-1.000000000000000e+03,9.284727539176546e+06,4.863014607151305e+01,2.982205633443998e+05,2.507025943075789e-03,6.589956762483271e+08,0.000000000000000e+00,2.984352495104261e-07,8.004195396130603e+10,8.004195396130603e+10,-3.759457259042563e+00,1.739973928609672e-04,1.000000000000000e+00,0.000000000000000e+00,7.476466890630869e+02,7.476466890630869e+02,-3.003152709442055e+01,1.300885746781114e-01,1.000000000000000e+03,1.000000000000000e+00,
1.916577338612687e-03,0.000000000000000e+00,1.629357103750410e+00,1.538581635477270e+08,1.538574709577338e+08,1.506200067307009e+03,1.916577338612687e-03,0.000000000000000e+00,-1.000000000000000e+03,1.025716473051559e+08,6.925899931237840e+02,2.986584904071616e+05,2.946031212367038e-03,5.736121833817880e+08,0.000000000000000e+00,5.886339304418300e-07,8.027720450305617e+10,8.027720450305618e+10,-2.717473651204805e+00,1.916577338612687e-03,1.000000000000000e+00,0.000000000000000e+00,8.786146276807798e+02,8.786146276807798e+02,-3.409420903318556e+02,1.629357103750410e+00,1.000000000000000e+03,1.000000000000000e+00,
7.506086956000001e-08,0.000000000000000e+00,-7.506086955999999e-08,5.800605361010084e+03,5.800605360972554e+03,1.449940398419821e+03,7.506086956000001e-08,0.000000000000000e+00,-1.000000000000000e+03,3.867070240648370e+03,3.753043477999999e-08,2.930276549043556e+05,3.412647179415200e-06,8.483939264142255e+08,0.000000000000000e+00,0.000000000000000e+00,7.727868588487151e+10,7.727868588487151e+10,-7.124586408708945e+00,7.506086956000001e-08,1.000000000000000e+00,0.000000000000000e+00,-9.999999999999998e-01,9.999999999999998e-01,-6.017491064156731e-01,7.506086955999999e-08,1.000000000000000e+03,1.000000000000000e+00,
7.506087692516304e-08,0.000000000000000e+00,-7.506086955992573e-08,5.800606340710501e+03,5.800606340672970e+03,1.449940501037455e+03,7.506087692516304e-08,0.000000000000000e+00,-1.000000000000000e+03,3.867070893781980e+03,3.753159846370002e-08,2.930276652736799e+05,3.412699797762011e-06,8.483939266998309e+08,0.000000000000000e+00,3.492295056028993e-12,7.727869135416939e+10,7.727869135416939e+10,-7.124586366094870e+00,7.506087692516304e-08,1.000000000000000e+00,0.000000000000000e+00,-9.999999999990110e-01,1.000015454018162e+00,-4.493172559077565e-01,7.506203691731827e-08,1.000000000000000e+03,1.000000000000000e+00,
1.314846776682900e-07,0.000000000000000e+00,-3.267932380135741e-08,1.054057177517530e+04,1.054057177517124e+04,1.575307856475012e+03,1.314846776682900e-07,0.000000000000000e+00,-1.000000000000000e+03,7.027047850114160e+03,6.481702941352014e-08,3.054332080681335e+05,4.340165644439624e-06,8.495660442519928e+08,0.000000000000000e+00,9.979988943533080e-09,8.396050013171255e+10,8.396050013171255e+10,-6.881124853956170e+00,1.314846776682900e-07,1.000000000000000e+00,0.000000000000000e+00,-2.485409279688157e-01,1.289337538377750e+00,-6.083467755884252e-02,1.007429853489534e-07,1.000000000000000e+03,1.000000000000000e+00,
1.422692529985335e-06,0.000000000000000e+00,1.273131178195925e-04,1.137805795849368e+05,1.137805738884740e+05,1.505935381380217e+03,1.422692529985335e-06,0.000000000000000e+00,-1.000000000000000e+03,7.585371592564936e+04,5.696462737845582e-03,2.986322474882221e+05,3.001959460084075e-04,8.291406661260610e+08,0.000000000000000e+00,6.812809638972261e-09,8.026309731588005e+10,8.026309731588005e+10,-5.846888948797724e+00,1.422692529985335e-06,1.000000000000000e+00,0.000000000000000e+00,8.948744379848877e+01,8.948744379848877e+01,5.792723128427404e+00,1.273131178195925e-04,1.000000000000000e+03,1.000000000000000e+00,
1.571195961321118e-05,0.000000000000000e+00,1.926561204286023e-03,1.256222986199961e+06,1.256222868084902e+06,1.500501465798583e+03,1.571195961321118e-05,0.000000000000000e+00,-1.000000000000000e+03,8.374819120566013e+05,1.181150590133624e-01,2.980929783607282e+05,4.113917145225673e-04,7.443520476945866e+08,0.000000000000000e+00,7.753846550404120e-08,7.997348137317261e+10,7.997348137317259e+10,-4.803769645887451e+00,1.571195961321118e-05,1.000000000000000e+00,0.000000000000000e+00,1.226174997717090e+02,1.226174997717090e+02,-1.805901075389609e-01,1.926561204286023e-03,1.000000000000000e+03,1.000000000000000e+00,
1.739973928609672e-04,0.000000000000000e+00,1.300885746781114e-01,1.392713993891089e+07,1.392709130876482e+07,1.501786181895683e+03,1.739973928609672e-04,0.000000000000000e+00,-1.000000000000000e+03,9.284727539176546e+06,4.863014607151305e+01,2.982205633443998e+05,2.507025943075789e-03,6.589956762483271e+08,0.000000000000000e+00,2.984352495104261e-07,8.004195396130603e+10,8.004195396130603e+10,-3.759457259042563e+00,1.739973928609672e-04,1.000000000000000e+00,0.000000000000000e+00,7.476466890630869e+02,7.476466890630869e+02,-3.003152709442055e+01,1.300885746781114e-01,1.000000000000000e+03,1.000000000000000e+00,
1.916577338612687e-03,0.000000000000000e+00,1.629357103750410e+00,1.538581635477270e+08,1.538574709577338e+08,1.506200067307009e+03,1.916577338612687e-03,0.000000000000000e+00,-1.000000000000000e+03,1.025716473051559e+08,6.925899931237840e+02,2.986584904071616e+05,2.946031212367038e-03,5.736121833817880e+08,0.000000000000000e+00,5.886339304418300e-07,8.027720450305617e+10,8.027720450305618e+10,-2.717473651204805e+00,1.916577338612687e-03,1.000000000000000e+00,0.000000000000000e+00,8.786146276807798e+02,8.786146276807798e+02,-3.409420903318556e+02,1.629357103750410e+00,1.000000000000000e+03,1.000000000000000e+00,
7.506086956000001e-08,0.000000000000000e+00,-7.506086955999999e-08,5.800605361010084e+03,5.800605360972554e+03,1.449940398419821e+03,7.506086956000001e-08,0.000000000000000e+00,-1.000000000000000e+03,3.867070240648370e+03,3.753043477999999e-08,2.930276549043556e+05,3.412647179415200e-06,8.483939264142255e+08,0.000000000000000e+00,0.000000000000000e+00,7.727868588487151e+10,7.727868588487151e+10,-7.124586408708945e+00,7.506086956000001e-08,1.000000000000000e+00,0.000000000000000e+00,-9.999999999999998e-01,9.999999999999998e-01,-7.089458011767548e-01,7.506086955999999e-08,1.000000000000000e+03,1.000000000000000e+00,
7.506087692516304e-08,0.000000000000000e+00,-7.506086955992573e-08,5.800606340710501e+03,5.800606340672970e+03,1.449940501037455e+03,7.506087692516304e-08,0.000000000000000e+00,-1.000000000000000e+03,3.867070893781980e+03,3.753159846370002e-08,2.930276652736799e+05,3.412699797762011e-06,8.483939266998309e+08,0.000000000000000e+00,3.492295056028993e-12,7.727869135416939e+10,7.727869135416939e+10,-7.124586366094870e+00,7.506087692516304e-08,1.000000000000000e+00,0.000000000000000e+00,-9.999999999990110e-01,1.000015454018162e+00,-5.572079432564290e-01,7.506203691731827e-08,1.000000000000000e+03,1.000000000000000e+00,
1.314846776682900e-07,0.000000000000000e+00,-3.267932380135741e-08,1.054057177517530e+04,1.054057177517124e+04,1.575307856475012e+03,1.314846776682900e-07,0.000000000000000e+00,-1.000000000000000e+03,7.027047850114160e+03,6.481702941352014e-08,3.054332080681335e+05,4.340165644439624e-06,8.495660442519928e+08,0.000000000000000e+00,9.979988943533080e-09,8.396050013171255e+10,8.396050013171255e+10,-6.881124853956170e+00,1.314846776682900e-07,1.000000000000000e+00,0.000000000000000e+00,-2.485409279688157e-01,1.289337538377750e+00,-7.933314014782190e-02,1.007429853489534e-07,1.000000000000000e+03,1.000000000000000e+00,
1.422692529985335e-06,0.000000000000000e+00,1.273131178195925e-04,1.137805795849368e+05,1.137805738884740e+05,1.505935381380217e+03,1.422692529985335e-06,0.000000000000000e+00,-1.000000000000000e+03,7.585371592564936e+04,5.696462737845582e-03,2.986322474882221e+05,3.001959460084075e-04,8.291406661260610e+08,0.000000000000000e+00,6.812809638972261e-09,8.026309731588005e+10,8.026309731588005e+10,-5.846888948797724e+00,1.422692529985335e-06,1.000000000000000e+00,0.000000000000000e+00,8.948744379848877e+01,8.948744379848877e+01,8.612059256576840e+00,1.273131178195925e-04,1.000000000000000e+03,1.000000000000000e+00,
1.571195961321118e-05,0.000000000000000e+00,1.926561204286023e-03,1.256222986199961e+06,1.256222868084902e+06,1.500501465798583e+03,1.571195961321118e-05,0.000000000000000e+00,-1.000000000000000e+03,8.374819120566013e+05,1.181150590133624e-01,2.980929783607282e+05,4.113917145225673e-04,7.443520476945866e+08,0.000000000000000e+00,7.753846550404120e-08,7.997348137317261e+10,7.997348137317259e+10,-4.803769645887451e+00,1.571195961321118e-05,1.000000000000000e+00,0.000000000000000e+00,1.226174997717090e+02,1.226174997717090e+02,-2.409436216909038e-01,1.926561204286023e-03,1.000000000000000e+03,1.000000000000000e+00,
1.739973928609672e-04,0.000000000000000e+00,1.300885746781114e-01,1.392713993891089e+07,1.392709130876482e+07,1.501786181895683e+03,1.739973928609672e-04,0.000000000000000e+00,-1.000000000000000e+03,9.284727539176546e+06,4.863014607151305e+01,2.982205633443998e+05,2.507025943075789e-03,6.589956762483271e+08,0.000000000000000e+00,2.984352495104261e-07,8.004195396130603e+10,8.004195396130603e+10,-3.759457259042563e+00,1.739973928609672e-04,1.000000000000000e+00,0.000000000000000e+00,7.476466890630869e+02,7.476466890630869e+02,-3.916344169869728e+01,1.300885746781114e-01,1.000000000000000e+03,1.000000000000000e+00,
1.916577338612687e-03,0.000000000000000e+00,1.629357103750410e+00,1.538581635477270e+08,1.538574709577338e+08,1.506200067307009e+03,1.916577338612687e-03,0.000000000000000e+00,-1.000000000000000e+03,1.025716473051559e+08,6.925899931237840e+02,2.986584904071616e+05,2.946031212367038e-03,5.736121833817880e+08,0.000000000000000e+00,5.886339304418300e-07,8.027720450305617e+10,8.027720450305618e+10,-2.717473651204805e+00,1.916577338612687e-03,1.000000000000000e+00,0.000000000000000e+00,8.786146276807798e+02,8.786146276807798e+02,-4.228095814828049e+02,1.629357103750410e+00,1.000000000000000e+03,1.000000000000000e+00,
7.506086956000001e-08,0.000000000000000e+00,-7.506086955999999e-08,5.800605361010084e+03,5.800605360972554e+03,1.449940398419821e+03,7.506086956000001e-08,0.000000000000000e+00,-1.000000000000000e+03,3.867070240648370e+03,3.753043477999999e-08,2.930276549043556e+05,3.412647179415200e-06,8.483939264142255e+08,0.000000000000000e+00,0.000000000000000e+00,7.727868588487151e+10,7.727868588487151e+10,-7.124586408708945e+00,7.506086956000001e-08,1.000000000000000e+00,0.000000000000000e+00,-9.999999999999998e-01,9.999999999999998e-01,-8.337123014813118e-01,7.506086955999999e-08,1.000000000000000e+03,1.000000000000000e+00,
7.506087692516304e-08,0.000000000000000e+00,-7.506086955992573e-08,5.800606340710501e+03,5.800606340672970e+03,1.449940501037455e+03,7.506087692516304e-08,0.000000000000000e+00,-1.000000000000000e+03,3.867070893781980e+03,3.753159846370002e-08,2.930276652736799e+05,3.412699797762011e-06,8.483939266998309e+08,0.000000000000000e+00,3.492295056028993e-12,7.727869135416939e+10,7.727869135416939e+10,-7.124586366094870e+00,7.506087692516304e-08,1.000000000000000e+00,0.000000000000000e+00,-9.999999999990110e-01,1.000015454018162e+00,-7.098744714859432e-01,7.506203691731827e-08,1.000000000000000e+03,1.000000000000000e+00,
1.314846776682900e-07,0.000000000000000e+00,-3.267932380135741e-08,1.054057177517530e+04,1.054057177517124e+04,1.575307856475012e+03,1.314846776682900e-07,0.000000000000000e+00,-1.000000000000000e+03,7.027047850114160e+03,6.481702941352014e-08,3.054332080681335e+05,4.340165644439624e-06,8.495660442519928e+08,0.000000000000000e+00,9.979988943533080e-09,8.396050013171255e+10,8.396050013171255e+10,-6.881124853956170e+00,1.314846776682900e-07,1.000000000000000e+00,0.000000000000000e+00,-2.485409279688157e-01,1.289337538377750e+00,-1.121933158329274e-01,1.007429853489534e-07,1.000000000000000e+03,1.000000000000000e+00,
1.422692529985335e-06,0.000000000000000e+00,1.273131178195925e-04,1.137805795849368e+05,1.137805738884740e+05,1.505935381380217e+03,1.422692529985335e-06,0.000000000000000e+00,-1.000000000000000e+03,7.585371592564936e+04,5.696462737845582e-03,2.986322474882221e+05,3.001959460084075e-04,8.291406661260610e+08,0.000000000000000e+00,6.812809638972261e-09,8.026309731588005e+10,8.026309731588005e+10,-5.846888948797724e+00,1.422692529985335e-06,1.000000000000000e+00,0.000000000000000e+00,8.948744379848877e+01,8.948744379848877e+01,1.650315751266274e+01,1.273131178195925e-04,1.000000000000000e+03,1.000000000000000e+00,
1.571195961321118e-05,0.000000000000000e+00,1.926561204286023e-03,1.256222986199961e+06,1.256222868084902e+06,1.500501465798583e+03,1.571195961321118e-05,0.000000000000000e+00,-1.000000000000000e+03,8.374819120566013e+05,1.181150590133624e-01,2.980929783607282e+05,4.113917145225673e-04,7.443520476945866e+08,0.000000000000000e+00,7.753846550404120e-08,7.997348137317261e+10,7.997348137317259e+10,-4.803769645887451e+00,1.571195961321118e-05,1.000000000000000e+00,0.000000000000000e+00,1.226174997717090e+02,1.226174997717090e+02,-3.618863218689957e-01,1.926561204286023e-03,1.000000000000000e+03,1.000000000000000e+00,
1.739973928609672e-04,0.000000000000000e+00,1.300885746781114e-01,1.392713993891089e+07,1.392709130876482e+07,1.501786181895683e+03,1.739973928609672e-04,0.000000000000000e+00,-1.000000000000000e+03,9.284727539176546e+06,4.863014607151305e+01,2.982205633443998e+05,2.507025943075789e-03,6.589956762483271e+08,0.000000000000000e+00,2.984352495104261e-07,8.004195396130603e+10,8.004195396130603e+10,-3.759457259042563e+00,1.739973928609672e-04,1.000000000000000e+00,0.000000000000000e+00,7.476466890630869e+02,7.476466890630869e+02,-5.538513130098276e+01,1.300885746781114e-01,1.000000000000000e+03,1.000000000000000e+00,
1.916577338612687e-03,0.000000000000000e+00,1.629357103750410e+00,1.538581635477270e+08,1.538574709577338e+08,1.506200067307009e+03,1.916577338612687e-03,0.000000000000000e+00,-1.000000000000000e+03,1.025716473051559e+08,6.925899931237840e+02,2.986584904071616e+05,2.946031212367038e-03,5.736121833817880e+08,0.000000000000000e+00,5.886339304418300e-07,8.027720450305617e+10,8.027720450305618e+10,-2.717473651204805e+00,1.916577338612687e-03,1.000000000000000e+00,0.000000000000000e+00,8.786146276807798e+02,8.786146276807798e+02,-5.386529962947293e+02,1.629357103750410e+00,1.000000000000000e+03,1.000000000000000e+00,
7.506086956000001e-08,0.000000000000000e+00,-7.506086955999999e-08,5.800605361010084e+03,5.800605360972554e+03,1.449940398419821e+03,7.506086956000001e-08,0.000000000000000e+00,-1.000000000000000e+03,3.867070240648370e+03,3.753043477999999e-08,2.930276549043556e+05,3.412647179415200e-06,8.483939264142255e+08,0.000000000000000e+00,0.000000000000000e+00,7.727868588487151e+10,7.727868588487151e+10,-7.124586408708945e+00,7.506086956000001e-08,1.000000000000000e+00,0.000000000000000e+00,-9.999999999999998e-01,9.999999999999998e-01,-9.496653455775712e-01,7.506086955999999e-08,1.000000000000000e+03,1.000000000000000e+00,
7.506087692516304e-08,0.000000000000000e+00,-7.506086955992573e-08,5.800606340710501e+03,5.800606340672970e+03,1.449940501037455e+03,7.506087692516304e-08,0.000000000000000e+00,-1.000000000000000e+03,3.867070893781980e+03,3.753159846370002e-08,2.930276652736799e+05,3.412699797762011e-06,8.483939266998309e+08,0.000000000000000e+00,3.492295056028993e-12,7.727869135416939e+10,7.727869135416939e+10,-7.124586366094870e+00,7.506087692516304e-08,1.000000000000000e+00,0.000000000000000e+00,-9.999999999990110e-01,1.000015454018162e+00,-8.965242704402621e-01,7.506203691731827e-08,1.000000000000000e+03,1.000000000000000e+00,
1.314846776682900e-07,0.000000000000000e+00,-3.267932380135741e-08,1.054057177517530e+04,1.054057177517124e+04,1.575307856475012e+03,1.314846776682900e-07,0.000000000000000e+00,-1.000000000000000e+03,7.027047850114160e+03,6.481702941352014e-08,3.054332080681335e+05,4.340165644439624e-06,8.495660442519928e+08,0.000000000000000e+00,9.979988943533080e-09,8.396050013171255e+10,8.396050013171255e+10,-6.881124853956170e+00,1.314846776682900e-07,1.000000000000000e+00,0.000000000000000e+00,-2.485409279688157e-01,1.289337538377750e+00,-1.771125782263098e-01,1.007429853489534e-07,1.000000000000000e+03,1.000000000000000e+00,
1.422692529985335e-06,0.000000000000000e+00,1.273131178195925e-04,1.137805795849368e+05,1.137805738884740e+05,1.505935381380217e+03,1.422692529985335e-06,0.000000000000000e+00,-1.000000000000000e+03,7.585371592564936e+04,5.696462737845582e-03,2.986322474882221e+05,3.001959460084075e-04,8.291406661260610e+08,0.000000000000000e+00,6.812809638972261e-09,8.026309731588005e+10,8.026309731588005e+10,-5.846888948797724e+00,1.422692529985335e-06,1.000000000000000e+00,0.000000000000000e+00,8.948744379848877e+01,8.948744379848877e+01,8.518162394133914e+01,1.273131178195925e-04,1.000000000000000e+03,1.000000000000000e+00,
1.571195961321118e-05,0.000000000000000e+00,1.926561204286023e-03,1.256222986199961e+06,1.256222868084902e+06,1.500501465798583e+03,1.571195961321118e-05,0.000000000000000e+00,-1.000000000000000e+03,8.374819120566013e+05,1.181150590133624e-01,2.980929783607282e+05,4.113917145225673e-04,7.443520476945866e+08,0.000000000000000e+00,7.753846550404120e-08,7.997348137317261e+10,7.997348137317259e+10,-4.803769645887451e+00,1.571195961321118e-05,1.000000000000000e+00,0.000000000000000e+00,1.226174997717090e+02,1.226174997717090e+02,-7.266052051087722e-01,1.926561204286023e-03,1.000000000000000e+03,1.000000000000000e+00,
1.739973928609672e-04,0.000000000000000e+00,1.300885746781114e-01,1.392713993891089e+07,1.392709130876482e+07,1.501786181895683e+03,1.739973928609672e-04,0.000000000000000e+00,-1.000000000000000e+03,9.284727539176546e+06,4.863014607151305e+01,2.982205633443998e+05,2.507025943075789e-03,6.589956762483271e+08,0.000000000000000e+00,2.984352495104261e-07,8.004195396130603e+10,8.004195396130603e+10,-3.759457259042563e+00,1.739973928609672e-04,1.000000000000000e+00,0.000000000000000e+00,7.476466890630869e+02,7.476466890630869e+02,-8.743304649919975e+01,1.300885746781114e-01,1.000000000000000e+03,1.000000000000000e+00,
1.916577338612687e-03,0.000000000000000e+00,1.629357103750410e+00,1.538581635477270e+08,1.538574709577338e+08,1.506200067307009e+03,1.916577338612687e-03,0.000000000000000e+00,-1.000000000000000e+03,1.025716473051559e+08,6.925899931237840e+02,2.986584904071616e+05,2.946031212367038e-03,5.736121833817880e+08,0.000000000000000e+00,5.886339304418300e-07,8.027720450305617e+10,8.027720450305618e+10,-2.717473651204805e+00,1.916577338612687e-03,1.000000000000000e+00,0.000000000000000e+00,8.786146276807798e+02,8.786146276807798e+02,-6.802829287729302e+02,1.629357103750410e+00,1.000000000000000e+03,1.000000000000000e+00,
7.506086956000001e-08,0.000000000000000e+00,-7.506086955999999e-08,5.800605361010084e+03,5.800605360972554e+03,1.449940398419821e+03,7.506086956000001e-08,0.000000000000000e+00,-1.000000000000000e+03,3.867070240648370e+03,3.753043477999999e-08,2.930276549043556e+05,3.412647179415200e-06,8.483939264142255e+08,0.000000000000000e+00,0.000000000000000e+00,7.727868588487151e+10,7.727868588487151e+10,-7.124586408708945e+00,7.506086956000001e-08,1.000000000000000e+00,0.000000000000000e+00,-9.999999999999998e-01,9.999999999999998e-01,-9.496653455775712e-01,7.506086955999999e-08,1.000000000000000e+03,1.000000000000000e+00,
7.506087692516304e-08,0.000000000000000e+00,-7.506086955992573e-08,5.800606340710501e+03,5.800606340672970e+03,1.449940501037455e+03,7.506087692516304e-08,0.000000000000000e+00,-1.000000000000000e+03,3.867070893781980e+03,3.753159846370002e-08,2.930276652736799e+05,3.412699797762011e-06,8.483939266998309e+08,0.000000000000000e+00,3.492295056028993e-12,7.727869135416939e+10,7.727869135416939e+10,-7.124586366094870e+00,7.506087692516304e-08,1.000000000000000e+00,0.000000000000000e+00,-9.999999999990110e-01,1.000015454018162e+00,-8.965242704402621e-01,7.506203691731827e-08,1.000000000000000e+03,1.000000000000000e+00,
1.314846776682900e-07,0.000000000000000e+00,-3.267932380135741e-08,1.054057177517530e+04,1.054057177517124e+04,1.575307856475012e+03,1.314846776682900e-07,0.000000000000000e+00,-1.000000000000000e+03,7.027047850114160e+03,6.481702941352014e-08,3.054332080681335e+05,4.340165644439624e-06,8.495660442519928e+08,0.000000000000000e+00,9.979988943533080e-09,8.396050013171255e+10,8.396050013171255e+10,-6.881124853956170e+00,1.314846776682900e-07,1.000000000000000e+00,0.000000000000000e+00,-2.485409279688157e-01,1.289337538377750e+00,-1.771125782263098e-01,1.007429853489534e-07,1.000000000000000e+03,1.000000000000000e+00,
1.422692529985335e-06,0.000000000000000e+00,1.273131178195925e-04,1.137805795849368e+05,1.137805738884740e+05,1.505935381380217e+03,1.422692529985335e-06,0.000000000000000e+00,-1.000000000000000e+03,7.585371592564936e+04,5.696462737845582e-03,2.986322474882221e+05,3.001959460084075e-04,8.291406661260610e+08,0.000000000000000e+00,6.812809638972261e-09,8.026309731588005e+10,8.026309731588005e+10,-5.846888948797724e+00,1.422692529985335e-06,1.000000000000000e+00,0.000000000000000e+00,8.948744379848877e+01,8.948744379848877e+01,8.518162394133914e+01,1.273131178195925e-04,1.000000000000000e+03,1.000000000000000e+00,
1.571195961321118e-05,0.000000000000000e+00,1.926561204286023e-03,1.256222986199961e+06,1.256222868084902e+06,1.500501465798583e+03,1.571195961321118e-05,0.000000000000000e+00,-1.000000000000000e+03,8.374819120566013e+05,1.181150590133624e-01,2.980929783607282e+05,4.113917145225673e-04,7.443520476945866e+08,0.000000000000000e+00,7.753846550404120e-08,7.997348137317261e+10,7.997348137317259e+10,-4.803769645887451e+00,1.571195961321118e-05,1.000000000000000e+00,0.000000000000000e+00,1.226174997717090e+02,1.226174997717090e+02,-7.266052051087722e-01,1.926561204286023e-03,1.000000000000000e+03,1.000000000000000e+00,
1.739973928609672e-04,0.000000000000000e+00,1.300885746781114e-01,1.392713993891089e+07,1.392709130876482e+07,1.501786181895683e+03,1.739973928609672e-04,0.000000000000000e+00,-1.000000000000000e+03,9.284727539176546e+06,4.863014607151305e+01,2.982205633443998e+05,2.507025943075789e-03,6.589956762483271e+08,0.000000000000000e+00,2.984352495104261e-07,8.004195396130603e+10,8.004195396130603e+10,-3.759457259042563e+00,1.739973928609672e-04,1.000000000000000e+00,0.000000000000000e+00,7.476466890630869e+02,7.476466890630869e+02,-8.743304649919975e+01,1.300885746781114e-01,1.000000000000000e+03,1.000000000000000e+00,
1.916577338612687e-03,0.000000000000000e+00,1.629357103750410e+00,1.538581635477270e+08,1.538574709577338e+08,1.506200067307009e+03,1.916577338612687e-03,0.000000000000000e+00,-1.000000000000000e+03,1.025716473051559e+08,6.925899931237840e+02,2.986584904071616e+05,2.946031212367038e-03,5.736121833817880e+08,0.000000000000000e+00,5.886339304418300e-07,8.027720450305617e+10,8.027720450305618e+10,-2.717473651204805e+00,1.916577338612687e-03,1.000000000000000e+00,0.000000000000000e+00,8.786146276807798e+02,8.786146276807798e+02,-6.802829287729302e+02,1.629357103750410e+00,1.000000000000000e+03,1.000000000000000e+00,
7.506086956000001e-08,0.000000000000000e+00,-7.506086955999999e-08,5.800605361010084e+03,5.800605360972554e+03,1.449940398419821e+03,7.506086956000001e-08,0.000000000000000e+00,-1.000000000000000e+03,3.867070240648370e+03,3.753043477999999e-08,2.930276549043556e+05,3.412647179415200e-06,8.483939264142255e+08,0.000000000000000e+00,0.000000000000000e+00,7.727868588487151e+10,7.727868588487151e+10,-7.124586408708945e+00,7.506086956000001e-08,1.000000000000000e+00,0.000000000000000e+00,-9.999999999999998e-01,9.999999999999998e-01,-8.337123014813118e-01,7.506086955999999e-08,1.000000000000000e+03,1.000000000000000e+00,
7.506087692516304e-08,0.000000000000000e+00,-7.506086955992573e-08,5.800606340710501e+03,5.800606340672970e+03,1.449940501037455e+03,7.506087692516304e-08,0.000000000000000e+00,-1.000000000000000e+03,3.867070893781980e+03,3.753159846370002e-08,2.930276652736799e+05,3.412699797762011e-06,8.483939266998309e+08,0.000000000000000e+00,3.492295056028993e-12,7.727869135416939e+10,7.727869135416939e+10,-7.124586366094870e+00,7.506087692516304e-08,1.000000000000000e+00,0.000000000000000e+00,-9.999999999990110e-01,1.000015454018162e+00,-7.098744714859432e-01,7.506203691731827e-08,1.000000000000000e+03,1.000000000000000e+00,
1.314846776682900e-07,0.000000000000000e+00,-3.267932380135741e-08,1.054057177517530e+04,1.054057177517124e+04,1.575307856475012e+03,1.314846776682900e-07,0.000000000000000e+00,-1.000000000000000e+03,7.027047850114160e+03,6.481702941352014e-08,3.054332080681335e+05,4.340165644439624e-06,8.495660442519928e+08,0.000000000000000e+00,9.979988943533080e-09,8.396050013171255e+10,8.396050013171255e+10,-6.881124853956170e+00,1.314846776682900e-07,1.000000000000000e+00,0.000000000000000e+00,-2.485409279688157e-01,1.289337538377750e+00,-1.121933158329274e-01,1.007429853489534e-07,1.000000000000000e+03,1.000000000000000e+00,
1.422692529985335e-06,0.000000000000000e+00,1.273131178195925e-04,1.137805795849368e+05,1.137805738884740e+05,1.505935381380217e+03,1.422692529985335e-06,0.000000000000000e+00,-1.000000000000000e+03,7.585371592564936e+04,5.696462737845582e-03,2.986322474882221e+05,3.001959460084075e-04,8.291406661260610e+08,0.000000000000000e+00,6.812809638972261e-09,8.026309731588005e+10,8.026309731588005e+10,-5.846888948797724e+00,1.422692529985335e-06,1.000000000000000e+00,0.000000000000000e+00,8.948744379848877e+01,8.948744379848877e+01,1.650315751266274e+01,1.273131178195925e-04,1.000000000000000e+03,1.000000000000000e+00,
1.571195961321118e-05,0.000000000000000e+00,1.926561204286023e-03,1.256222986199961e+06,1.256222868084902e+06,1.500501465798583e+03,1.571195961321118e-05,0.000000000000000e+00,-1.000000000000000e+03,8.374819120566013e+05,1.181150590133624e-01,2.980929783607282e+05,4.113917145225673e-04,7.443520476945866e+08,0.000000000000000e+00,7.753846550404120e-08,7.997348137317261e+10,7.997348137317259e+10,-4.803769645887451e+00,1.571195961321118e-05,1.000000000000000e+00,0.000000000000000e+00,1.226174997717090e+02,1.226174997717090e+02,-3.618863218689957e-01,1.926561204286023e-03,1.000000000000000e+03,1.000000000000000e+00,
1.739973928609672e-04,0.000000000000000e+00,1.300885746781114e-01,1.392713993891089e+07,1.392709130876482e+07,1.501786181895683e+03,1.739973928609672e-04,0.000000000000000e+00,-1.000000000000000e+03,9.284727539176546e+06,4.863014607151305e+01,2.982205633443998e+05,2.507025943075789e-03,6.589956762483271e+08,0.000000000000000e+00,2.984352495104261e-07,8.004195396130603e+10,8.004195396130603e+10,-3.759457259042563e+00,1.739973928609672e-04,1.000000000000000e+00,0.000000000000000e+00,7.476466890630869e+02,7.476466890630869e+02,-5.538513130098276e+01,1.300885746781114e-01,1.000000000000000e+03,1.000000000000000e+00,
1.916577338612687e-03,0.000000000000000e+00,1.629357103750410e+00,1.538581635477270e+08,1.538574709577338e+08,1.506200067307009e+03,1.916577338612687e-03,0.000000000000000e+00,-1.000000000000000e+03,1.025716473051559e+08,6.925899931237840e+02,2.986584904071616e+05,2.946031212367038e-03,5.736121833817880e+08,0.000000000000000e+00,5.886339304418300e-07,8.027720450305617e+10,8.027720450305618e+10,-2.717473651204805e+00,1.916577338612687e-03,1.000000000000000e+00,0.000000000000000e+00,8.786146276807798e+02,8.786146276807798e+02,-5.386529962947293e+02,1.629357103750410e+00,1.000000000000000e+03,1.000000000000000e+00,
7.506086956000001e-08,0.000000000000000e+00,-7.506086955999999e-08,5.800605361010084e+03,5.800605360972554e+03,1.449940398419821e+03,7.506086956000001e-08,0.000000000000000e+00,-1.000000000000000e+03,3.867070240648370e+03,3.753043477999999e-08,2.930276549043556e+05,3.412647179415200e-06,8.483939264142255e+08,0.000000000000000e+00,0.000000000000000e+00,7.727868588487151e+10,7.727868588487151e+10,-7.124586408708945e+00,7.506086956000001e-08,1.000000000000000e+00,0.000000000000000e+00,-9.999999999999998e-01,9.999999999999998e-01,-7.089458011767548e-01,7.506086955999999e-08,1.000000000000000e+03,1.000000000000000e+00,
7.506087692516304e-08,0.000000000000000e+00,-7.506086955992573e-08,5.800606340710501e+03,5.800606340672970e+03,1.449940501037455e+03,7.506087692516304e-08,0.000000000000000e+00,-1.000000000000000e+03,3.867070893781980e+03,3.753159846370002e-08,2.930276652736799e+05,3.412699797762011e-06,8.483939266998309e+08,0.000000000000000e+00,3.492295056028993e-12,7.727869135416939e+10,7.727869135416939e+10,-7.124586366094870e+00,7.506087692516304e-08,1.000000000000000e+00,0.000000000000000e+00,-9.999999999990110e-01,1.000015454018162e+00,-5.572079432564290e-01,7.506203691731827e-08,1.000000000000000e+03,1.000000000000000e+00,
1.314846776682900e-07,0.000000000000000e+00,-3.267932380135741e-08,1.054057177517530e+04,1.054057177517124e+04,1.575307856475012e+03,1.314846776682900e-07,0.000000000000000e+00,-1.000000000000000e+03,7.027047850114160e+03,6.481702941352014e-08,3.054332080681335e+05,4.340165644439624e-06,8.495660442519928e+08,0.000000000000000e+00,9.979988943533080e-09,8.396050013171255e+10,8.396050013171255e+10,-6.881124853956170e+00,1.314846776682900e-07,1.000000000000000e+00,0.000000000000000e+00,-2.485409279688157e-01,1.289337538377750e+00,-7.933314014782190e-02,1.007429853489534e-07,1.000000000000000e+03,1.000000000000000e+00,
1.422692529985335e-06,0.000000000000000e+00,1.273131178195925e-04,1.137805795849368e+05,1.137805738884740e+05,1.505935381380217e+03,1.422692529985335e-06,0.000000000000000e+00,-1.000000000000000e+03,7.585371592564936e+04,5.696462737845582e-03,2.986322474882221e+05,3.001959460084075e-04,8.291406661260610e+08,0.000000000000000e+00,6.812809638972261e-09,8.026309731588005e+10,8.026309731588005e+10,-5.846888948797724e+00,1.422692529985335e-06,1.000000000000000e+00,0.000000000000000e+00,8.948744379848877e+01,8.948744379848877e+01,8.612059256576840e+00,1.273131178195925e-04,1.000000000000000e+03,1.000000000000000e+00,
1.571195961321118e-05,0.000000000000000e+00,1.926561204286023e-03,1.256222986199961e+06,1.256222868084902e+06,1.500501465798583e+03,1.571195961321118e-05,0.000000000000000e+00,-1.000000000000000e+03,8.374819120566013e+05,1.181150590133624e-01,2.980929783607282e+05,4.113917145225673e-04,7.443520476945866e+08,0.000000000000000e+00,7.753846550404120e-08,7.997348137317261e+10,7.997348137317259e+10,-4.803769645887451e+00,1.571195961321118e-05,1.000000000000000e+00,0.000000000000000e+00,1.226174997717090e+02,1.226174997717090e+02,-2.409436216909038e-01,1.926561204286023e-03,1.000000000000000e+03,1.000000000000000e+00,
1.739973928609672e-04,0.000000000000000e+00,1.300885746781114e-01,1.392713993891089e+07,1.392709130876482e+07,1.501786181895683e+03,1.739973928609672e-04,0.000000000000000e+00,-1.000000000000000e+03,9.284727539176546e+06,4.863014607151305e+01,2.982205633443998e+05,2.507025943075789e-03,6.589956762483271e+08,0.000000000000000e+00,2.984352495104261e-07,8.004195396130603e+10,8.004195396130603e+10,-3.759457259042563e+00,1.739973928609672e-04,1.000000000000000e+00,0.000000000000000e+00,7.476466890630869e+02,7.476466890630869e+02,-3.916344169869728e+01,1.300885746781114e-01,1.000000000000000e+03,1.000000000000000e+00,
1.916577338612687e-03,0.000000000000000e+00,1.629357103750410e+00,1.538581635477270e+08,1.538574709577338e+08,1.506200067307009e+03,1.916577338612687e-03,0.000000000000000e+00,-1.000000000000000e+03,1.025716473051559e+08,6.925899931237840e+02,2.986584904071616e+05,2.946031212367038e-03,5.736121833817880e+08,0.000000000000000e+00,5.886339304418300e-07,8.027720450305617e+10,8.027720450305618e+10,-2.717473651204805e+00,1.916577338612687e-03,1.000000000000000e+00,0.000000000000000e+00,8.786146276807798e+02,8.786146276807798e+02,-4.228095814828049e+02,1.629357103750410e+00,1.000000000000000e+03,1.000000000000000e+00,

