1
0
28
0
(64 0
((0,0) (63,63) (0,0))
((448,0) (511,63) (0,0))
((384,0) (447,63) (0,0))
((320,0) (383,63) (0,0))
((256,0) (319,63) (0,0))
((192,0) (255,63) (0,0))
((128,0) (191,63) (0,0))
((64,0) (127,63) (0,0))
((0,448) (63,511) (0,0))
((0,384) (63,447) (0,0))
((0,320) (63,383) (0,0))
((0,256) (63,319) (0,0))
((0,192) (63,255) (0,0))
((0,128) (63,191) (0,0))
((0,64) (63,127) (0,0))
((448,448) (511,511) (0,0))
((448,384) (511,447) (0,0))
((448,320) (511,383) (0,0))
((448,256) (511,319) (0,0))
((448,192) (511,255) (0,0))
((448,128) (511,191) (0,0))
((448,64) (511,127) (0,0))
((384,448) (447,511) (0,0))
((384,384) (447,447) (0,0))
((384,320) (447,383) (0,0))
((384,256) (447,319) (0,0))
((384,192) (447,255) (0,0))
((384,128) (447,191) (0,0))
((384,64) (447,127) (0,0))
((320,448) (383,511) (0,0))
((320,384) (383,447) (0,0))
((320,320) (383,383) (0,0))
((320,256) (383,319) (0,0))
((320,192) (383,255) (0,0))
((320,128) (383,191) (0,0))
((320,64) (383,127) (0,0))
((256,448) (319,511) (0,0))
((256,384) (319,447) (0,0))
((256,320) (319,383) (0,0))
((256,256) (319,319) (0,0))
((256,192) (319,255) (0,0))
((256,128) (319,191) (0,0))
((256,64) (319,127) (0,0))
((192,448) (255,511) (0,0))
((192,384) (255,447) (0,0))
((192,320) (255,383) (0,0))
((192,256) (255,319) (0,0))
((192,192) (255,255) (0,0))
((192,128) (255,191) (0,0))
((192,64) (255,127) (0,0))
((128,448) (191,511) (0,0))
((128,384) (191,447) (0,0))
((128,320) (191,383) (0,0))
((128,256) (191,319) (0,0))
((128,192) (191,255) (0,0))
((128,128) (191,191) (0,0))
((128,64) (191,127) (0,0))
((64,448) (127,511) (0,0))
((64,384) (127,447) (0,0))
((64,320) (127,383) (0,0))
((64,256) (127,319) (0,0))
((64,192) (127,255) (0,0))
((64,128) (127,191) (0,0))
((64,64) (127,127) (0,0))
)
64
FabOnDisk: Cell_D_0000 0
FabOnDisk: Cell_D_0001 0
FabOnDisk: Cell_D_0001 917590
FabOnDisk: Cell_D_0001 1835180
FabOnDisk: Cell_D_0001 2752770
FabOnDisk: Cell_D_0000 917587
FabOnDisk: Cell_D_0000 1835177
FabOnDisk: Cell_D_0000 2752767
FabOnDisk: Cell_D_0002 0
FabOnDisk: Cell_D_0002 917590
FabOnDisk: Cell_D_0002 1835180
FabOnDisk: Cell_D_0002 2752770
FabOnDisk: Cell_D_0000 3670356
FabOnDisk: Cell_D_0000 4587946
FabOnDisk: Cell_D_0000 5505536
FabOnDisk: Cell_D_0003 0
FabOnDisk: Cell_D_0003 917593
FabOnDisk: Cell_D_0003 1835186
FabOnDisk: Cell_D_0003 2752779
FabOnDisk: Cell_D_0001 3670360
FabOnDisk: Cell_D_0001 4587953
FabOnDisk: Cell_D_0001 5505546
FabOnDisk: Cell_D_0003 3670372
FabOnDisk: Cell_D_0003 4587965
FabOnDisk: Cell_D_0003 5505558
FabOnDisk: Cell_D_0003 6423151
FabOnDisk: Cell_D_0001 6423138
FabOnDisk: Cell_D_0001 7340731
FabOnDisk: Cell_D_0001 8258324
FabOnDisk: Cell_D_0003 7340744
FabOnDisk: Cell_D_0003 8258337
FabOnDisk: Cell_D_0003 9175930
FabOnDisk: Cell_D_0003 10093523
FabOnDisk: Cell_D_0001 9175916
FabOnDisk: Cell_D_0001 10093509
FabOnDisk: Cell_D_0001 11011102
FabOnDisk: Cell_D_0003 11011116
FabOnDisk: Cell_D_0003 11928709
FabOnDisk: Cell_D_0003 12846302
FabOnDisk: Cell_D_0003 13763895
FabOnDisk: Cell_D_0001 11928694
FabOnDisk: Cell_D_0001 12846287
FabOnDisk: Cell_D_0001 13763880
FabOnDisk: Cell_D_0002 3670360
FabOnDisk: Cell_D_0002 4587953
FabOnDisk: Cell_D_0002 5505546
FabOnDisk: Cell_D_0002 6423139
FabOnDisk: Cell_D_0000 6423125
FabOnDisk: Cell_D_0000 7340718
FabOnDisk: Cell_D_0000 8258311
FabOnDisk: Cell_D_0002 7340732
FabOnDisk: Cell_D_0002 8258325
FabOnDisk: Cell_D_0002 9175918
FabOnDisk: Cell_D_0002 10093511
FabOnDisk: Cell_D_0000 9175903
FabOnDisk: Cell_D_0000 10093496
FabOnDisk: Cell_D_0000 11011089
FabOnDisk: Cell_D_0002 11011104
FabOnDisk: Cell_D_0002 11928696
FabOnDisk: Cell_D_0002 12846288
FabOnDisk: Cell_D_0002 13763880
FabOnDisk: Cell_D_0000 11928681
FabOnDisk: Cell_D_0000 12846273
FabOnDisk: Cell_D_0000 13763865

64,28
2.298937435148182e-03,0.000000000000000e+00,4.651520759805942e+00,1.847624680510530e+08,1.847577622584881e+08,1.507877161373586e+03,2.298937435148182e-03,0.000000000000000e+00,-1.000000000000000e+03,1.231718415056588e+08,4.705792564883574e+03,2.988247163434024e+05,5.970794140240991e-03,4.234020436123429e+08,0.000000000000000e+00,2.594457510735992e-08,8.036658998794339e+10,8.036658998794341e+10,-2.638472847756225e+00,2.298937435148182e-03,1.000000000000000e+00,0.000000000000000e+00,1.977410392700368e+03,1.977410392700368e+03,-1.579437161781264e+03,4.651520759805942e+00,1.000000000000000e+03,1.000000000000000e+00,
2.298937435148182e-03,0.000000000000000e+00,4.651520759805942e+00,1.847624680510530e+08,1.847577622584881e+08,1.507877161373586e+03,2.298937435148182e-03,0.000000000000000e+00,-1.000000000000000e+03,1.231718415056588e+08,4.705792564883574e+03,2.988247163434024e+05,5.970794140240991e-03,4.234020436123429e+08,0.000000000000000e+00,2.594457510735992e-08,8.036658998794339e+10,8.036658998794341e+10,-2.638472847756225e+00,2.298937435148182e-03,1.000000000000000e+00,0.000000000000000e+00,1.977410392700368e+03,1.977410392700368e+03,-1.579437161781264e+03,4.651520759805942e+00,1.000000000000000e+03,1.000000000000000e+00,
2.298937435148182e-03,0.000000000000000e+00,4.651520759805942e+00,1.847624680510530e+08,1.847577622584881e+08,1.507877161373586e+03,2.298937435148182e-03,0.000000000000000e+00,-1.000000000000000e+03,1.231718415056588e+08,4.705792564883574e+03,2.988247163434024e+05,5.970794140240991e-03,4.234020436123429e+08,0.000000000000000e+00,2.594457510735992e-08,8.036658998794339e+10,8.036658998794341e+10,-2.638472847756225e+00,2.298937435148182e-03,1.000000000000000e+00,0.000000000000000e+00,1.977410392700368e+03,1.977410392700368e+03,-1.766692195741708e+03,4.651520759805942e+00,1.000000000000000e+03,1.000000000000000e+00,
2.298937435148182e-03,0.000000000000000e+00,4.651520759805942e+00,1.847624680510530e+08,1.847577622584881e+08,1.507877161373586e+03,2.298937435148182e-03,0.000000000000000e+00,-1.000000000000000e+03,1.231718415056588e+08,4.705792564883574e+03,2.988247163434024e+05,5.970794140240991e-03,4.234020436123429e+08,0.000000000000000e+00,2.594457510735992e-08,8.036658998794339e+10,8.036658998794341e+10,-2.638472847756225e+00,2.298937435148182e-03,1.000000000000000e+00,0.000000000000000e+00,1.977410392700368e+03,1.977410392700368e+03,-1.918505242316620e+03,4.651520759805942e+00,1.000000000000000e+03,1.000000000000000e+00,
2.298937435148182e-03,0.000000000000000e+00,4.651520759805942e+00,1.847624680510530e+08,1.847577622584881e+08,1.507877161373586e+03,2.298937435148182e-03,0.000000000000000e+00,-1.000000000000000e+03,1.231718415056588e+08,4.705792564883574e+03,2.988247163434024e+05,5.970794140240991e-03,4.234020436123429e+08,0.000000000000000e+00,2.594457510735992e-08,8.036658998794339e+10,8.036658998794341e+10,-2.638472847756225e+00,2.298937435148182e-03,1.000000000000000e+00,0.000000000000000e+00,1.977410392700368e+03,1.977410392700368e+03,-2.023328255056460e+03,4.651520759805942e+00,1.000000000000000e+03,1.000000000000000e+00,
2.298937435148182e-03,0.000000000000000e+00,4.651520759805942e+00,1.847624680510530e+08,1.847577622584881e+08,1.507877161373586e+03,2.298937435148182e-03,0.000000000000000e+00,-1.000000000000000e+03,1.231718415056588e+08,4.705792564883574e+03,2.988247163434024e+05,5.970794140240991e-03,4.234020436123429e+08,0.000000000000000e+00,2.594457510735992e-08,8.036658998794339e+10,8.036658998794341e+10,-2.638472847756225e+00,2.298937435148182e-03,1.000000000000000e+00,0.000000000000000e+00,1.977410392700368e+03,1.977410392700368e+03,-2.023328255056460e+03,4.651520759805942e+00,1.000000000000000e+03,1.000000000000000e+00,
2.298937435148182e-03,0.000000000000000e+00,4.651520759805942e+00,1.847624680510530e+08,1.847577622584881e+08,1.507877161373586e+03,2.298937435148182e-03,0.000000000000000e+00,-1.000000000000000e+03,1.231718415056588e+08,4.705792564883574e+03,2.988247163434024e+05,5.970794140240991e-03,4.234020436123429e+08,0.000000000000000e+00,2.594457510735992e-08,8.036658998794339e+10,8.036658998794341e+10,-2.638472847756225e+00,2.298937435148182e-03,1.000000000000000e+00,0.000000000000000e+00,1.977410392700368e+03,1.977410392700368e+03,-1.918505242316620e+03,4.651520759805942e+00,1.000000000000000e+03,1.000000000000000e+00,
2.298937435148182e-03,0.000000000000000e+00,4.651520759805942e+00,1.847624680510530e+08,1.847577622584881e+08,1.507877161373586e+03,2.298937435148182e-03,0.000000000000000e+00,-1.000000000000000e+03,1.231718415056588e+08,4.705792564883574e+03,2.988247163434024e+05,5.970794140240991e-03,4.234020436123429e+08,0.000000000000000e+00,2.594457510735992e-08,8.036658998794339e+10,8.036658998794341e+10,-2.638472847756225e+00,2.298937435148182e-03,1.000000000000000e+00,0.000000000000000e+00,1.977410392700368e+03,1.977410392700368e+03,-1.766692195741708e+03,4.651520759805942e+00,1.000000000000000e+03,1.000000000000000e+00,
7.506086956000077e-08,0.000000000000000e+00,-7.506104517908637e-08,4.922957101273912e+03,4.922957101236382e+03,1.230560249589796e+03,7.506086956000077e-08,0.000000000000000e+00,-1.000000000000000e+03,3.281971400824255e+03,3.753043477998816e-08,2.699510215708657e+05,3.704375683339715e-06,8.396502619305751e+08,0.000000000000000e+00,-2.687572386861348e-19,6.558619864243858e+10,6.558619864243858e+10,-7.124586408708940e+00,7.506086956000077e-08,1.000000000000000e+00,0.000000000000000e+00,-1.000002239971674e+00,9.999999999998336e-01,-7.986851776066398e-01,7.506086955998881e-08,1.000000000000000e+03,1.000000000000000e+00,
7.506087884748073e-08,0.000000000000000e+00,-7.640721943054219e-08,4.922958206669057e+03,4.922958206631527e+03,1.230560373637893e+03,7.506087884748073e-08,0.000000000000000e+00,-1.000000000000000e+03,3.281972137754351e+03,3.753064405402572e-08,2.699510351772331e+05,3.704385595449378e-06,8.396502629068724e+08,0.000000000000000e+00,2.679783320802542e-13,6.558620525393377e+10,6.558620525393377e+10,-7.124586354972538e+00,7.506087884748073e-08,1.000000000000000e+00,0.000000000000000e+00,-1.013794762483469e+00,1.000002726187191e+00,-7.052648885248302e-01,7.506108347748716e-08,1.000000000000000e+03,1.000000000000000e+00,
7.540563612210006e-08,0.000000000000000e+00,-7.912359304295469e-08,4.966803075234792e+03,4.966803075195971e+03,1.235843721008491e+03,7.540563612210006e-08,0.000000000000000e+00,-1.000000000000000e+03,3.311202050130648e+03,1.132763780373393e-08,2.705299248939003e+05,1.313789659241221e-06,8.304534411336110e+08,0.000000000000000e+00,-4.032131015721863e-08,6.586779623678937e+10,6.586779623678938e+10,-7.122596191991655e+00,7.540563612210006e-08,1.000000000000000e+00,0.000000000000000e+00,-1.023720588726871e+00,4.011951776469381e-01,-5.603283927478181e-01,5.108226803122657e-08,1.000000000000000e+03,1.000000000000000e+00,
1.457769842960587e-07,0.000000000000000e+00,-5.695509522766611e-08,1.221572796850171e+04,1.221572796849063e+04,1.525409606489644e+03,1.457769842960587e-07,0.000000000000000e+00,-1.000000000000000e+03,8.143818645660420e+03,5.916201637688106e-11,3.005569485255460e+05,6.998276145396861e-08,7.411370707690872e+08,0.000000000000000e+00,-2.711190297714161e-04,8.130103137628893e+10,8.130103137628893e+10,-6.836311038310529e+00,1.457769842960587e-07,1.000000000000000e+00,0.000000000000000e+00,-3.899224643506600e-01,2.147108739033409e-02,-1.221495407421183e-01,5.510854229349816e-09,1.000000000000000e+03,1.000000000000000e+00,
1.720771778528914e-06,0.000000000000000e+00,4.249576463711957e-03,1.398201763323094e+05,1.398149290065611e+05,1.502271481685598e+03,1.720771778528914e-06,0.000000000000000e+00,-1.000000000000000e+03,9.320995267104071e+04,5.247325748325893e+00,2.982687442000864e+05,8.110796474828538e-03,6.550111744294755e+08,0.000000000000000e+00,-6.605573871340311e-06,8.006781939002690e+10,8.006781939002690e+10,-5.764276725197110e+00,1.720771778528914e-06,1.000000000000000e+00,0.000000000000000e+00,2.419197079009596e+03,2.419197079009596e+03,-7.578527506944239e+02,4.249576463711957e-03,1.000000000000000e+03,1.000000000000000e+00,
1.898710033199058e-05,0.000000000000000e+00,4.581692641497305e-02,1.520230023526916e+06,1.520174744134344e+06,1.500711138853870e+03,1.898710033199058e-05,0.000000000000000e+00,-1.000000000000000e+03,1.013449829422896e+06,5.527939257207735e+01,2.981138046923490e+05,7.364861722433123e-03,5.696077663036015e+08,0.000000000000000e+00,1.434709941598271e-06,7.998465649333319e+10,7.998465649333321e+10,-4.721541354692707e+00,1.898710033199058e-05,1.000000000000000e+00,0.000000000000000e+00,2.195566949107586e+03,2.195566949107586e+03,-1.212389998493976e+03,4.581692641497305e-02,1.000000000000000e+03,1.000000000000000e+00,
2.097215969938300e-04,0.000000000000000e+00,4.597905773036240e-01,1.677499164791191e+07,1.677448762882659e+07,1.500705839046989e+03,2.097215969938300e-04,0.000000000000000e+00,-1.000000000000000e+03,1.118299175255106e+07,5.040190853196190e+02,2.981132782929150e+05,6.777797321191252e-03,4.847452720594611e+08,0.000000000000000e+00,8.487772097506081e-07,7.998437402509404e+10,7.998437402509406e+10,-3.678356843868064e+00,2.097215969938300e-04,1.000000000000000e+00,0.000000000000000e+00,2.025014347197205e+03,2.025014347197205e+03,-1.428167624384934e+03,4.597905773036240e-01,1.000000000000000e+03,1.000000000000000e+00,
7.506086956000077e-08,0.000000000000000e+00,-7.506104517908637e-08,4.922957101273912e+03,4.922957101236382e+03,1.230560249589796e+03,7.506086956000077e-08,0.000000000000000e+00,-1.000000000000000e+03,3.281971400824255e+03,3.753043477998816e-08,2.699510215708657e+05,3.704375683339715e-06,8.396502619305751e+08,0.000000000000000e+00,-2.687572386861348e-19,6.558619864243858e+10,6.558619864243858e+10,-7.124586408708940e+00,7.506086956000077e-08,1.000000000000000e+00,0.000000000000000e+00,-1.000002239971674e+00,9.999999999998336e-01,-7.986851776066398e-01,7.506086955998881e-08,1.000000000000000e+03,1.000000000000000e+00,
7.506087884748073e-08,0.000000000000000e+00,-7.640721943054219e-08,4.922958206669057e+03,4.922958206631527e+03,1.230560373637893e+03,7.506087884748073e-08,0.000000000000000e+00,-1.000000000000000e+03,3.281972137754351e+03,3.753064405402572e-08,2.699510351772331e+05,3.704385595449378e-06,8.396502629068724e+08,0.000000000000000e+00,2.679783320802542e-13,6.558620525393377e+10,6.558620525393377e+10,-7.124586354972538e+00,7.506087884748073e-08,1.000000000000000e+00,0.000000000000000e+00,-1.013794762483469e+00,1.000002726187191e+00,-7.052648885248302e-01,7.506108347748716e-08,1.000000000000000e+03,1.000000000000000e+00,
7.540563612210006e-08,0.000000000000000e+00,-7.912359304295469e-08,4.966803075234792e+03,4.966803075195971e+03,1.235843721008491e+03,7.540563612210006e-08,0.000000000000000e+00,-1.000000000000000e+03,3.311202050130648e+03,1.132763780373393e-08,2.705299248939003e+05,1.313789659241221e-06,8.304534411336110e+08,0.000000000000000e+00,-4.032131015721863e-08,6.586779623678937e+10,6.586779623678938e+10,-7.122596191991655e+00,7.540563612210006e-08,1.000000000000000e+00,0.000000000000000e+00,-1.023720588726871e+00,4.011951776469381e-01,-5.603283927478181e-01,5.108226803122657e-08,1.000000000000000e+03,1.000000000000000e+00,
1.457769842960587e-07,0.000000000000000e+00,-5.695509522766611e-08,1.221572796850171e+04,1.221572796849063e+04,1.525409606489644e+03,1.457769842960587e-07,0.000000000000000e+00,-1.000000000000000e+03,8.143818645660420e+03,5.916201637688106e-11,3.005569485255460e+05,6.998276145396861e-08,7.411370707690872e+08,0.000000000000000e+00,-2.711190297714161e-04,8.130103137628893e+10,8.130103137628893e+10,-6.836311038310529e+00,1.457769842960587e-07,1.000000000000000e+00,0.000000000000000e+00,-3.899224643506600e-01,2.147108739033409e-02,-1.221495407421183e-01,5.510854229349816e-09,1.000000000000000e+03,1.000000000000000e+00,
1.720771778528914e-06,0.000000000000000e+00,4.249576463711957e-03,1.398201763323094e+05,1.398149290065611e+05,1.502271481685598e+03,1.720771778528914e-06,0.000000000000000e+00,-1.000000000000000e+03,9.320995267104071e+04,5.247325748325893e+00,2.982687442000864e+05,8.110796474828538e-03,6.550111744294755e+08,0.000000000000000e+00,-6.605573871340311e-06,8.006781939002690e+10,8.006781939002690e+10,-5.764276725197110e+00,1.720771778528914e-06,1.000000000000000e+00,0.000000000000000e+00,2.419197079009596e+03,2.419197079009596e+03,-7.578527506944239e+02,4.249576463711957e-03,1.000000000000000e+03,1.000000000000000e+00,
1.898710033199058e-05,0.000000000000000e+00,4.581692641497305e-02,1.520230023526916e+06,1.520174744134344e+06,1.500711138853870e+03,1.898710033199058e-05,0.000000000000000e+00,-1.000000000000000e+03,1.013449829422896e+06,5.527939257207735e+01,2.981138046923490e+05,7.364861722433123e-03,5.696077663036015e+08,0.000000000000000e+00,1.434709941598271e-06,7.998465649333319e+10,7.998465649333321e+10,-4.721541354692707e+00,1.898710033199058e-05,1.000000000000000e+00,0.000000000000000e+00,2.195566949107586e+03,2.195566949107586e+03,-1.212389998493976e+03,4.581692641497305e-02,1.000000000000000e+03,1.000000000000000e+00,
2.097215969938300e-04,0.000000000000000e+00,4.597905773036240e-01,1.677499164791191e+07,1.677448762882659e+07,1.500705839046989e+03,2.097215969938300e-04,0.000000000000000e+00,-1.000000000000000e+03,1.118299175255106e+07,5.040190853196190e+02,2.981132782929150e+05,6.777797321191252e-03,4.847452720594611e+08,0.000000000000000e+00,8.487772097506081e-07,7.998437402509404e+10,7.998437402509406e+10,-3.678356843868064e+00,2.097215969938300e-04,1.000000000000000e+00,0.000000000000000e+00,2.025014347197205e+03,2.025014347197205e+03,-1.428167624384934e+03,4.597905773036240e-01,1.000000000000000e+03,1.000000000000000e+00,
7.506086956000077e-08,0.000000000000000e+00,-7.506104517908637e-08,4.922957101273912e+03,4.922957101236382e+03,1.230560249589796e+03,7.506086956000077e-08,0.000000000000000e+00,-1.000000000000000e+03,3.281971400824255e+03,3.753043477998816e-08,2.699510215708657e+05,3.704375683339715e-06,8.396502619305751e+08,0.000000000000000e+00,-2.687572386861348e-19,6.558619864243858e+10,6.558619864243858e+10,-7.124586408708940e+00,7.506086956000077e-08,1.000000000000000e+00,0.000000000000000e+00,-1.000002239971674e+00,9.999999999998336e-01,-8.933757570582244e-01,7.506086955998881e-08,1.000000000000000e+03,1.000000000000000e+00,
7.506087884748073e-08,0.000000000000000e+00,-7.640721943054219e-08,4.922958206669057e+03,4.922958206631527e+03,1.230560373637893e+03,7.506087884748073e-08,0.000000000000000e+00,-1.000000000000000e+03,3.281972137754351e+03,3.753064405402572e-08,2.699510351772331e+05,3.704385595449378e-06,8.396502629068724e+08,0.000000000000000e+00,2.679783320802542e-13,6.558620525393377e+10,6.558620525393377e+10,-7.124586354972538e+00,7.506087884748073e-08,1.000000000000000e+00,0.000000000000000e+00,-1.013794762483469e+00,1.000002726187191e+00,-8.303810352319320e-01,7.506108347748716e-08,1.000000000000000e+03,1.000000000000000e+00,
7.540563612210006e-08,0.000000000000000e+00,-7.912359304295469e-08,4.966803075234792e+03,4.966803075195971e+03,1.235843721008491e+03,7.540563612210006e-08,0.000000000000000e+00,-1.000000000000000e+03,3.311202050130648e+03,1.132763780373393e-08,2.705299248939003e+05,1.313789659241221e-06,8.304534411336110e+08,0.000000000000000e+00,-4.032131015721863e-08,6.586779623678937e+10,6.586779623678938e+10,-7.122596191991655e+00,7.540563612210006e-08,1.000000000000000e+00,0.000000000000000e+00,-1.023720588726871e+00,4.011951776469381e-01,-7.147083776417296e-01,5.108226803122657e-08,1.000000000000000e+03,1.000000000000000e+00,
1.457769842960587e-07,0.000000000000000e+00,-5.695509522766611e-08,1.221572796850171e+04,1.221572796849063e+04,1.525409606489644e+03,1.457769842960587e-07,0.000000000000000e+00,-1.000000000000000e+03,8.143818645660420e+03,5.916201637688106e-11,3.005569485255460e+05,6.998276145396861e-08,7.411370707690872e+08,0.000000000000000e+00,-2.711190297714161e-04,8.130103137628893e+10,8.130103137628893e+10,-6.836311038310529e+00,1.457769842960587e-07,1.000000000000000e+00,0.000000000000000e+00,-3.899224643506600e-01,2.147108739033409e-02,-1.727444861070415e-01,5.510854229349816e-09,1.000000000000000e+03,1.000000000000000e+00,
1.720771778528914e-06,0.000000000000000e+00,4.249576463711957e-03,1.398201763323094e+05,1.398149290065611e+05,1.502271481685598e+03,1.720771778528914e-06,0.000000000000000e+00,-1.000000000000000e+03,9.320995267104071e+04,5.247325748325893e+00,2.982687442000864e+05,8.110796474828538e-03,6.550111744294755e+08,0.000000000000000e+00,-6.605573871340311e-06,8.006781939002690e+10,8.006781939002690e+10,-5.764276725197110e+00,1.720771778528914e-06,1.000000000000000e+00,0.000000000000000e+00,2.419197079009596e+03,2.419197079009596e+03,-1.071759117292984e+03,4.249576463711957e-03,1.000000000000000e+03,1.000000000000000e+00,
1.898710033199058e-05,0.000000000000000e+00,4.581692641497305e-02,1.520230023526916e+06,1.520174744134344e+06,1.500711138853870e+03,1.898710033199058e-05,0.000000000000000e+00,-1.000000000000000e+03,1.013449829422896e+06,5.527939257207735e+01,2.981138046923490e+05,7.364861722433123e-03,5.696077663036015e+08,0.000000000000000e+00,1.434709941598271e-06,7.998465649333319e+10,7.998465649333321e+10,-4.721541354692707e+00,1.898710033199058e-05,1.000000000000000e+00,0.000000000000000e+00,2.195566949107586e+03,2.195566949107586e+03,-1.546424025817069e+03,4.581692641497305e-02,1.000000000000000e+03,1.000000000000000e+00,
2.097215969938300e-04,0.000000000000000e+00,4.597905773036240e-01,1.677499164791191e+07,1.677448762882659e+07,1.500705839046989e+03,2.097215969938300e-04,0.000000000000000e+00,-1.000000000000000e+03,1.118299175255106e+07,5.040190853196190e+02,2.981132782929150e+05,6.777797321191252e-03,4.847452720594611e+08,0.000000000000000e+00,8.487772097506081e-07,7.998437402509404e+10,7.998437402509406e+10,-3.678356843868064e+00,2.097215969938300e-04,1.000000000000000e+00,0.000000000000000e+00,2.025014347197205e+03,2.025014347197205e+03,-1.681528925822511e+03,4.597905773036240e-01,1.000000000000000e+03,1.000000000000000e+00,
7.506086956000077e-08,0.000000000000000e+00,-7.506104517908637e-08,4.922957101273912e+03,4.922957101236382e+03,1.230560249589796e+03,7.506086956000077e-08,0.000000000000000e+00,-1.000000000000000e+03,3.281971400824255e+03,3.753043477998816e-08,2.699510215708657e+05,3.704375683339715e-06,8.396502619305751e+08,0.000000000000000e+00,-2.687572386861348e-19,6.558619864243858e+10,6.558619864243858e+10,-7.124586408708940e+00,7.506086956000077e-08,1.000000000000000e+00,0.000000000000000e+00,-1.000002239971674e+00,9.999999999998336e-01,-9.695818671241400e-01,7.506086955998881e-08,1.000000000000000e+03,1.000000000000000e+00,
7.506087884748073e-08,0.000000000000000e+00,-7.640721943054219e-08,4.922958206669057e+03,4.922958206631527e+03,1.230560373637893e+03,7.506087884748073e-08,0.000000000000000e+00,-1.000000000000000e+03,3.281972137754351e+03,3.753064405402572e-08,2.699510351772331e+05,3.704385595449378e-06,8.396502629068724e+08,0.000000000000000e+00,2.679783320802542e-13,6.558620525393377e+10,6.558620525393377e+10,-7.124586354972538e+00,7.506087884748073e-08,1.000000000000000e+00,0.000000000000000e+00,-1.013794762483469e+00,1.000002726187191e+00,-9.476914814913782e-01,7.506108347748716e-08,1.000000000000000e+03,1.000000000000000e+00,
7.540563612210006e-08,0.000000000000000e+00,-7.912359304295469e-08,4.966803075234792e+03,4.966803075195971e+03,1.235843721008491e+03,7.540563612210006e-08,0.000000000000000e+00,-1.000000000000000e+03,3.311202050130648e+03,1.132763780373393e-08,2.705299248939003e+05,1.313789659241221e-06,8.304534411336110e+08,0.000000000000000e+00,-4.032131015721863e-08,6.586779623678937e+10,6.586779623678938e+10,-7.122596191991655e+00,7.540563612210006e-08,1.000000000000000e+00,0.000000000000000e+00,-1.023720588726871e+00,4.011951776469381e-01,-9.054542408528727e-01,5.108226803122657e-08,1.000000000000000e+03,1.000000000000000e+00,
1.457769842960587e-07,0.000000000000000e+00,-5.695509522766611e-08,1.221572796850171e+04,1.221572796849063e+04,1.525409606489644e+03,1.457769842960587e-07,0.000000000000000e+00,-1.000000000000000e+03,8.143818645660420e+03,5.916201637688106e-11,3.005569485255460e+05,6.998276145396861e-08,7.411370707690872e+08,0.000000000000000e+00,-2.711190297714161e-04,8.130103137628893e+10,8.130103137628893e+10,-6.836311038310529e+00,1.457769842960587e-07,1.000000000000000e+00,0.000000000000000e+00,-3.899224643506600e-01,2.147108739033409e-02,-2.735544329419904e-01,5.510854229349816e-09,1.000000000000000e+03,1.000000000000000e+00,
1.720771778528914e-06,0.000000000000000e+00,4.249576463711957e-03,1.398201763323094e+05,1.398149290065611e+05,1.502271481685598e+03,1.720771778528914e-06,0.000000000000000e+00,-1.000000000000000e+03,9.320995267104071e+04,5.247325748325893e+00,2.982687442000864e+05,8.110796474828538e-03,6.550111744294755e+08,0.000000000000000e+00,-6.605573871340311e-06,8.006781939002690e+10,8.006781939002690e+10,-5.764276725197110e+00,1.720771778528914e-06,1.000000000000000e+00,0.000000000000000e+00,2.419197079009596e+03,2.419197079009596e+03,-1.697214563478559e+03,4.249576463711957e-03,1.000000000000000e+03,1.000000000000000e+00,
1.898710033199058e-05,0.000000000000000e+00,4.581692641497305e-02,1.520230023526916e+06,1.520174744134344e+06,1.500711138853870e+03,1.898710033199058e-05,0.000000000000000e+00,-1.000000000000000e+03,1.013449829422896e+06,5.527939257207735e+01,2.981138046923490e+05,7.364861722433123e-03,5.696077663036015e+08,0.000000000000000e+00,1.434709941598271e-06,7.998465649333319e+10,7.998465649333321e+10,-4.721541354692707e+00,1.898710033199058e-05,1.000000000000000e+00,0.000000000000000e+00,2.195566949107586e+03,2.195566949107586e+03,-1.959143387899030e+03,4.581692641497305e-02,1.000000000000000e+03,1.000000000000000e+00,
2.097215969938300e-04,0.000000000000000e+00,4.597905773036240e-01,1.677499164791191e+07,1.677448762882659e+07,1.500705839046989e+03,2.097215969938300e-04,0.000000000000000e+00,-1.000000000000000e+03,1.118299175255106e+07,5.040190853196190e+02,2.981132782929150e+05,6.777797321191252e-03,4.847452720594611e+08,0.000000000000000e+00,8.487772097506081e-07,7.998437402509404e+10,7.998437402509406e+10,-3.678356843868064e+00,2.097215969938300e-04,1.000000000000000e+00,0.000000000000000e+00,2.025014347197205e+03,2.025014347197205e+03,-1.959762044188836e+03,4.597905773036240e-01,1.000000000000000e+03,1.000000000000000e+00,
7.506086956000077e-08,0.000000000000000e+00,-7.506104517908637e-08,4.922957101273912e+03,4.922957101236382e+03,1.230560249589796e+03,7.506086956000077e-08,0.000000000000000e+00,-1.000000000000000e+03,3.281971400824255e+03,3.753043477998816e-08,2.699510215708657e+05,3.704375683339715e-06,8.396502619305751e+08,0.000000000000000e+00,-2.687572386861348e-19,6.558619864243858e+10,6.558619864243858e+10,-7.124586408708940e+00,7.506086956000077e-08,1.000000000000000e+00,0.000000000000000e+00,-1.000002239971674e+00,9.999999999998336e-01,-9.999988667310593e-01,7.506086955998881e-08,1.000000000000000e+03,1.000000000000000e+00,
7.506087884748073e-08,0.000000000000000e+00,-7.640721943054219e-08,4.922958206669057e+03,4.922958206631527e+03,1.230560373637893e+03,7.506087884748073e-08,0.000000000000000e+00,-1.000000000000000e+03,3.281972137754351e+03,3.753064405402572e-08,2.699510351772331e+05,3.704385595449378e-06,8.396502629068724e+08,0.000000000000000e+00,2.679783320802542e-13,6.558620525393377e+10,6.558620525393377e+10,-7.124586354972538e+00,7.506087884748073e-08,1.000000000000000e+00,0.000000000000000e+00,-1.013794762483469e+00,1.000002726187191e+00,-1.013787088005046e+00,7.506108347748716e-08,1.000000000000000e+03,1.000000000000000e+00,
7.540563612210006e-08,0.000000000000000e+00,-7.912359304295469e-08,4.966803075234792e+03,4.966803075195971e+03,1.235843721008491e+03,7.540563612210006e-08,0.000000000000000e+00,-1.000000000000000e+03,3.311202050130648e+03,1.132763780373393e-08,2.705299248939003e+05,1.313789659241221e-06,8.304534411336110e+08,0.000000000000000e+00,-4.032131015721863e-08,6.586779623678937e+10,6.586779623678938e+10,-7.122596191991655e+00,7.540563612210006e-08,1.000000000000000e+00,0.000000000000000e+00,-1.023720588726871e+00,4.011951776469381e-01,-1.023710828177416e+00,5.108226803122657e-08,1.000000000000000e+03,1.000000000000000e+00,
1.457769842960587e-07,0.000000000000000e+00,-5.695509522766611e-08,1.221572796850171e+04,1.221572796849063e+04,1.525409606489644e+03,1.457769842960587e-07,0.000000000000000e+00,-1.000000000000000e+03,8.143818645660420e+03,5.916201637688106e-11,3.005569485255460e+05,6.998276145396861e-08,7.411370707690872e+08,0.000000000000000e+00,-2.711190297714161e-04,8.130103137628893e+10,8.130103137628893e+10,-6.836311038310529e+00,1.457769842960587e-07,1.000000000000000e+00,0.000000000000000e+00,-3.899224643506600e-01,2.147108739033409e-02,-3.899103772921363e-01,5.510854229349816e-09,1.000000000000000e+03,1.000000000000000e+00,
1.720771778528914e-06,0.000000000000000e+00,4.249576463711957e-03,1.398201763323094e+05,1.398149290065611e+05,1.502271481685598e+03,1.720771778528914e-06,0.000000000000000e+00,-1.000000000000000e+03,9.320995267104071e+04,5.247325748325893e+00,2.982687442000864e+05,8.110796474828538e-03,6.550111744294755e+08,0.000000000000000e+00,-6.605573871340311e-06,8.006781939002690e+10,8.006781939002690e+10,-5.764276725197110e+00,1.720771778528914e-06,1.000000000000000e+00,0.000000000000000e+00,2.419197079009596e+03,2.419197079009596e+03,-2.624738183061447e+03,4.249576463711957e-03,1.000000000000000e+03,1.000000000000000e+00,
1.898710033199058e-05,0.000000000000000e+00,4.581692641497305e-02,1.520230023526916e+06,1.520174744134344e+06,1.500711138853870e+03,1.898710033199058e-05,0.000000000000000e+00,-1.000000000000000e+03,1.013449829422896e+06,5.527939257207735e+01,2.981138046923490e+05,7.364861722433123e-03,5.696077663036015e+08,0.000000000000000e+00,1.434709941598271e-06,7.998465649333319e+10,7.998465649333321e+10,-4.721541354692707e+00,1.898710033199058e-05,1.000000000000000e+00,0.000000000000000e+00,2.195566949107586e+03,2.195566949107586e+03,-2.412982975184565e+03,4.581692641497305e-02,1.000000000000000e+03,1.000000000000000e+00,
2.097215969938300e-04,0.000000000000000e+00,4.597905773036240e-01,1.677499164791191e+07,1.677448762882659e+07,1.500705839046989e+03,2.097215969938300e-04,0.000000000000000e+00,-1.000000000000000e+03,1.118299175255106e+07,5.040190853196190e+02,2.981132782929150e+05,6.777797321191252e-03,4.847452720594611e+08,0.000000000000000e+00,8.487772097506081e-07,7.998437402509404e+10,7.998437402509406e+10,-3.678356843868064e+00,2.097215969938300e-04,1.000000000000000e+00,0.000000000000000e+00,2.025014347197205e+03,2.025014347197205e+03,-2.192368851162546e+03,4.597905773036240e-01,1.000000000000000e+03,1.000000000000000e+00,
7.506086956000077e-08,0.000000000000000e+00,-7.506104517908637e-08,4.922957101273912e+03,4.922957101236382e+03,1.230560249589796e+03,7.506086956000077e-08,0.000000000000000e+00,-1.000000000000000e+03,3.281971400824255e+03,3.753043477998816e-08,2.699510215708657e+05,3.704375683339715e-06,8.396502619305751e+08,0.000000000000000e+00,-2.687572386861348e-19,6.558619864243858e+10,6.558619864243858e+10,-7.124586408708940e+00,7.506086956000077e-08,1.000000000000000e+00,0.000000000000000e+00,-1.000002239971674e+00,9.999999999998336e-01,-9.999988667310593e-01,7.506086955998881e-08,1.000000000000000e+03,1.000000000000000e+00,
7.506087884748073e-08,0.000000000000000e+00,-7.640721943054219e-08,4.922958206669057e+03,4.922958206631527e+03,1.230560373637893e+03,7.506087884748073e-08,0.000000000000000e+00,-1.000000000000000e+03,3.281972137754351e+03,3.753064405402572e-08,2.699510351772331e+05,3.704385595449378e-06,8.396502629068724e+08,0.000000000000000e+00,2.679783320802542e-13,6.558620525393377e+10,6.558620525393377e+10,-7.124586354972538e+00,7.506087884748073e-08,1.000000000000000e+00,0.000000000000000e+00,-1.013794762483469e+00,1.000002726187191e+00,-1.013787088005046e+00,7.506108347748716e-08,1.000000000000000e+03,1.000000000000000e+00,
7.540563612210006e-08,0.000000000000000e+00,-7.912359304295469e-08,4.966803075234792e+03,4.966803075195971e+03,1.235843721008491e+03,7.540563612210006e-08,0.000000000000000e+00,-1.000000000000000e+03,3.311202050130648e+03,1.132763780373393e-08,2.705299248939003e+05,1.313789659241221e-06,8.304534411336110e+08,0.000000000000000e+00,-4.032131015721863e-08,6.586779623678937e+10,6.586779623678938e+10,-7.122596191991655e+00,7.540563612210006e-08,1.000000000000000e+00,0.000000000000000e+00,-1.023720588726871e+00,4.011951776469381e-01,-1.023710828177416e+00,5.108226803122657e-08,1.000000000000000e+03,1.000000000000000e+00,
1.457769842960587e-07,0.000000000000000e+00,-5.695509522766611e-08,1.221572796850171e+04,1.221572796849063e+04,1.525409606489644e+03,1.457769842960587e-07,0.000000000000000e+00,-1.000000000000000e+03,8.143818645660420e+03,5.916201637688106e-11,3.005569485255460e+05,6.998276145396861e-08,7.411370707690872e+08,0.000000000000000e+00,-2.711190297714161e-04,8.130103137628893e+10,8.130103137628893e+10,-6.836311038310529e+00,1.457769842960587e-07,1.000000000000000e+00,0.000000000000000e+00,-3.899224643506600e-01,2.147108739033409e-02,-3.899103772921363e-01,5.510854229349816e-09,1.000000000000000e+03,1.000000000000000e+00,
1.720771778528914e-06,0.000000000000000e+00,4.249576463711957e-03,1.398201763323094e+05,1.398149290065611e+05,1.502271481685598e+03,1.720771778528914e-06,0.000000000000000e+00,-1.000000000000000e+03,9.320995267104071e+04,5.247325748325893e+00,2.982687442000864e+05,8.110796474828538e-03,6.550111744294755e+08,0.000000000000000e+00,-6.605573871340311e-06,8.006781939002690e+10,8.006781939002690e+10,-5.764276725197110e+00,1.720771778528914e-06,1.000000000000000e+00,0.000000000000000e+00,2.419197079009596e+03,2.419197079009596e+03,-2.624738183061447e+03,4.249576463711957e-03,1.000000000000000e+03,1.000000000000000e+00,
1.898710033199058e-05,0.000000000000000e+00,4.581692641497305e-02,1.520230023526916e+06,1.520174744134344e+06,1.500711138853870e+03,1.898710033199058e-05,0.000000000000000e+00,-1.000000000000000e+03,1.013449829422896e+06,5.527939257207735e+01,2.981138046923490e+05,7.364861722433123e-03,5.696077663036015e+08,0.000000000000000e+00,1.434709941598271e-06,7.998465649333319e+10,7.998465649333321e+10,-4.721541354692707e+00,1.898710033199058e-05,1.000000000000000e+00,0.000000000000000e+00,2.195566949107586e+03,2.195566949107586e+03,-2.412982975184565e+03,4.581692641497305e-02,1.000000000000000e+03,1.000000000000000e+00,
2.097215969938300e-04,0.000000000000000e+00,4.597905773036240e-01,1.677499164791191e+07,1.677448762882659e+07,1.500705839046989e+03,2.097215969938300e-04,0.000000000000000e+00,-1.000000000000000e+03,1.118299175255106e+07,5.040190853196190e+02,2.981132782929150e+05,6.777797321191252e-03,4.847452720594611e+08,0.000000000000000e+00,8.487772097506081e-07,7.998437402509404e+10,7.998437402509406e+10,-3.678356843868064e+00,2.097215969938300e-04,1.000000000000000e+00,0.000000000000000e+00,2.025014347197205e+03,2.025014347197205e+03,-2.192368851162546e+03,4.597905773036240e-01,1.000000000000000e+03,1.000000000000000e+00,
7.506086956000077e-08,0.000000000000000e+00,-7.506104517908637e-08,4.922957101273912e+03,4.922957101236382e+03,1.230560249589796e+03,7.506086956000077e-08,0.000000000000000e+00,-1.000000000000000e+03,3.281971400824255e+03,3.753043477998816e-08,2.699510215708657e+05,3.704375683339715e-06,8.396502619305751e+08,0.000000000000000e+00,-2.687572386861348e-19,6.558619864243858e+10,6.558619864243858e+10,-7.124586408708940e+00,7.506086956000077e-08,1.000000000000000e+00,0.000000000000000e+00,-1.000002239971674e+00,9.999999999998336e-01,-9.695818671241400e-01,7.506086955998881e-08,1.000000000000000e+03,1.000000000000000e+00,
7.506087884748073e-08,0.000000000000000e+00,-7.640721943054219e-08,4.922958206669057e+03,4.922958206631527e+03,1.230560373637893e+03,7.506087884748073e-08,0.000000000000000e+00,-1.000000000000000e+03,3.281972137754351e+03,3.753064405402572e-08,2.699510351772331e+05,3.704385595449378e-06,8.396502629068724e+08,0.000000000000000e+00,2.679783320802542e-13,6.558620525393377e+10,6.558620525393377e+10,-7.124586354972538e+00,7.506087884748073e-08,1.000000000000000e+00,0.000000000000000e+00,-1.013794762483469e+00,1.000002726187191e+00,-9.476914814913782e-01,7.506108347748716e-08,1.000000000000000e+03,1.000000000000000e+00,
7.540563612210006e-08,0.000000000000000e+00,-7.912359304295469e-08,4.966803075234792e+03,4.966803075195971e+03,1.235843721008491e+03,7.540563612210006e-08,0.000000000000000e+00,-1.000000000000000e+03,3.311202050130648e+03,1.132763780373393e-08,2.705299248939003e+05,1.313789659241221e-06,8.304534411336110e+08,0.000000000000000e+00,-4.032131015721863e-08,6.586779623678937e+10,6.586779623678938e+10,-7.122596191991655e+00,7.540563612210006e-08,1.000000000000000e+00,0.000000000000000e+00,-1.023720588726871e+00,4.011951776469381e-01,-9.054542408528727e-01,5.108226803122657e-08,1.000000000000000e+03,1.000000000000000e+00,
1.457769842960587e-07,0.000000000000000e+00,-5.695509522766611e-08,1.221572796850171e+04,1.221572796849063e+04,1.525409606489644e+03,1.457769842960587e-07,0.000000000000000e+00,-1.000000000000000e+03,8.143818645660420e+03,5.916201637688106e-11,3.005569485255460e+05,6.998276145396861e-08,7.411370707690872e+08,0.000000000000000e+00,-2.711190297714161e-04,8.130103137628893e+10,8.130103137628893e+10,-6.836311038310529e+00,1.457769842960587e-07,1.000000000000000e+00,0.000000000000000e+00,-3.899224643506600e-01,2.147108739033409e-02,-2.735544329419904e-01,5.510854229349816e-09,1.000000000000000e+03,1.000000000000000e+00,
1.720771778528914e-06,0.000000000000000e+00,4.249576463711957e-03,1.398201763323094e+05,1.398149290065611e+05,1.502271481685598e+03,1.720771778528914e-06,0.000000000000000e+00,-1.000000000000000e+03,9.320995267104071e+04,5.247325748325893e+00,2.982687442000864e+05,8.110796474828538e-03,6.550111744294755e+08,0.000000000000000e+00,-6.605573871340311e-06,8.006781939002690e+10,8.006781939002690e+10,-5.764276725197110e+00,1.720771778528914e-06,1.000000000000000e+00,0.000000000000000e+00,2.419197079009596e+03,2.419197079009596e+03,-1.697214563478559e+03,4.249576463711957e-03,1.000000000000000e+03,1.000000000000000e+00,
1.898710033199058e-05,0.000000000000000e+00,4.581692641497305e-02,1.520230023526916e+06,1.520174744134344e+06,1.500711138853870e+03,1.898710033199058e-05,0.000000000000000e+00,-1.000000000000000e+03,1.013449829422896e+06,5.527939257207735e+01,2.981138046923490e+05,7.364861722433123e-03,5.696077663036015e+08,0.000000000000000e+00,1.434709941598271e-06,7.998465649333319e+10,7.998465649333321e+10,-4.721541354692707e+00,1.898710033199058e-05,1.000000000000000e+00,0.000000000000000e+00,2.195566949107586e+03,2.195566949107586e+03,-1.959143387899030e+03,4.581692641497305e-02,1.000000000000000e+03,1.000000000000000e+00,
2.097215969938300e-04,0.000000000000000e+00,4.597905773036240e-01,1.677499164791191e+07,1.677448762882659e+07,1.500705839046989e+03,2.097215969938300e-04,0.000000000000000e+00,-1.000000000000000e+03,1.118299175255106e+07,5.040190853196190e+02,2.981132782929150e+05,6.777797321191252e-03,4.847452720594611e+08,0.000000000000000e+00,8.487772097506081e-07,7.998437402509404e+10,7.998437402509406e+10,-3.678356843868064e+00,2.097215969938300e-04,1.000000000000000e+00,0.000000000000000e+00,2.025014347197205e+03,2.025014347197205e+03,-1.959762044188836e+03,4.597905773036240e-01,1.000000000000000e+03,1.000000000000000e+00,
7.506086956000077e-08,0.000000000000000e+00,-7.506104517908637e-08,4.922957101273912e+03,4.922957101236382e+03,1.230560249589796e+03,7.506086956000077e-08,0.000000000000000e+00,-1.000000000000000e+03,3.281971400824255e+03,3.753043477998816e-08,2.699510215708657e+05,3.704375683339715e-06,8.396502619305751e+08,0.000000000000000e+00,-2.687572386861348e-19,6.558619864243858e+10,6.558619864243858e+10,-7.124586408708940e+00,7.506086956000077e-08,1.000000000000000e+00,0.000000000000000e+00,-1.000002239971674e+00,9.999999999998336e-01,-8.933757570582244e-01,7.506086955998881e-08,1.000000000000000e+03,1.000000000000000e+00,
7.506087884748073e-08,0.000000000000000e+00,-7.640721943054219e-08,4.922958206669057e+03,4.922958206631527e+03,1.230560373637893e+03,7.506087884748073e-08,0.000000000000000e+00,-1.000000000000000e+03,3.281972137754351e+03,3.753064405402572e-08,2.699510351772331e+05,3.704385595449378e-06,8.396502629068724e+08,0.000000000000000e+00,2.679783320802542e-13,6.558620525393377e+10,6.558620525393377e+10,-7.124586354972538e+00,7.506087884748073e-08,1.000000000000000e+00,0.000000000000000e+00,-1.013794762483469e+00,1.000002726187191e+00,-8.303810352319320e-01,7.506108347748716e-08,1.000000000000000e+03,1.000000000000000e+00,
7.540563612210006e-08,0.000000000000000e+00,-7.912359304295469e-08,4.966803075234792e+03,4.966803075195971e+03,1.235843721008491e+03,7.540563612210006e-08,0.000000000000000e+00,-1.000000000000000e+03,3.311202050130648e+03,1.132763780373393e-08,2.705299248939003e+05,1.313789659241221e-06,8.304534411336110e+08,0.000000000000000e+00,-4.032131015721863e-08,6.586779623678937e+10,6.586779623678938e+10,-7.122596191991655e+00,7.540563612210006e-08,1.000000000000000e+00,0.000000000000000e+00,-1.023720588726871e+00,4.011951776469381e-01,-7.147083776417296e-01,5.108226803122657e-08,1.000000000000000e+03,1.000000000000000e+00,
1.457769842960587e-07,0.000000000000000e+00,-5.695509522766611e-08,1.221572796850171e+04,1.221572796849063e+04,1.525409606489644e+03,1.457769842960587e-07,0.000000000000000e+00,-1.000000000000000e+03,8.143818645660420e+03,5.916201637688106e-11,3.005569485255460e+05,6.998276145396861e-08,7.411370707690872e+08,0.000000000000000e+00,-2.711190297714161e-04,8.130103137628893e+10,8.130103137628893e+10,-6.836311038310529e+00,1.457769842960587e-07,1.000000000000000e+00,0.000000000000000e+00,-3.899224643506600e-01,2.147108739033409e-02,-1.727444861070415e-01,5.510854229349816e-09,1.000000000000000e+03,1.000000000000000e+00,
1.720771778528914e-06,0.000000000000000e+00,4.249576463711957e-03,1.398201763323094e+05,1.398149290065611e+05,1.502271481685598e+03,1.720771778528914e-06,0.000000000000000e+00,-1.000000000000000e+03,9.320995267104071e+04,5.247325748325893e+00,2.982687442000864e+05,8.110796474828538e-03,6.550111744294755e+08,0.000000000000000e+00,-6.605573871340311e-06,8.006781939002690e+10,8.006781939002690e+10,-5.764276725197110e+00,1.720771778528914e-06,1.000000000000000e+00,0.000000000000000e+00,2.419197079009596e+03,2.419197079009596e+03,-1.071759117292984e+03,4.249576463711957e-03,1.000000000000000e+03,1.000000000000000e+00,
1.898710033199058e-05,0.000000000000000e+00,4.581692641497305e-02,1.520230023526916e+06,1.520174744134344e+06,1.500711138853870e+03,1.898710033199058e-05,0.000000000000000e+00,-1.000000000000000e+03,1.013449829422896e+06,5.527939257207735e+01,2.981138046923490e+05,7.364861722433123e-03,5.696077663036015e+08,0.000000000000000e+00,1.434709941598271e-06,7.998465649333319e+10,7.998465649333321e+10,-4.721541354692707e+00,1.898710033199058e-05,1.000000000000000e+00,0.000000000000000e+00,2.195566949107586e+03,2.195566949107586e+03,-1.546424025817069e+03,4.581692641497305e-02,1.000000000000000e+03,1.000000000000000e+00,
2.097215969938300e-04,0.000000000000000e+00,4.597905773036240e-01,1.677499164791191e+07,1.677448762882659e+07,1.500705839046989e+03,2.097215969938300e-04,0.000000000000000e+00,-1.000000000000000e+03,1.118299175255106e+07,5.040190853196190e+02,2.981132782929150e+05,6.777797321191252e-03,4.847452720594611e+08,0.000000000000000e+00,8.487772097506081e-07,7.998437402509404e+10,7.998437402509406e+10,-3.678356843868064e+00,2.097215969938300e-04,1.000000000000000e+00,0.000000000000000e+00,2.025014347197205e+03,2.025014347197205e+03,-1.681528925822511e+03,4.597905773036240e-01,1.000000000000000e+03,1.000000000000000e+00,

64,28
1.694928855775136e-02,0.000000000000000e+00,3.351800805180829e+01,1.672458903380409e+09,1.672425761668888e+09,1.852949648054514e+03,1.694928855775136e-02,0.000000000000000e+00,-1.000000000000000e+03,1.114950507779258e+09,3.314171152178830e+04,3.312572126969224e+05,6.770976326844634e-03,4.834498669825245e+08,2.500000000000000e-07,4.941025981750920e-04,9.875820686736069e+10,9.875820686736067e+10,-1.770848526483157e+00,1.694928855775136e-02,1.000000000000000e+00,0.000000000000000e+00,2.023335080237240e+03,2.023335080237240e+03,-1.217540076512244e+03,3.351800805180829e+01,1.000000000000000e+03,1.000000000000000e+00,
1.694928855775136e-02,0.000000000000000e+00,3.351800805180829e+01,1.672458903380409e+09,1.672425761668888e+09,1.852949648054514e+03,1.694928855775136e-02,0.000000000000000e+00,-1.000000000000000e+03,1.114950507779258e+09,3.314171152178830e+04,3.312572126969224e+05,6.770976326844634e-03,4.834498669825245e+08,2.500000000000000e-07,4.941025981750920e-04,9.875820686736069e+10,9.875820686736067e+10,-1.770848526483157e+00,1.694928855775136e-02,1.000000000000000e+00,0.000000000000000e+00,2.023335080237240e+03,2.023335080237240e+03,-1.217540076512244e+03,3.351800805180829e+01,1.000000000000000e+03,1.000000000000000e+00,
1.694928855775136e-02,0.000000000000000e+00,3.351800805180829e+01,1.672458903380409e+09,1.672425761668888e+09,1.852949648054514e+03,1.694928855775136e-02,0.000000000000000e+00,-1.000000000000000e+03,1.114950507779258e+09,3.314171152178830e+04,3.312572126969224e+05,6.770976326844634e-03,4.834498669825245e+08,2.500000000000000e-07,4.941025981750920e-04,9.875820686736069e+10,9.875820686736067e+10,-1.770848526483157e+00,1.694928855775136e-02,1.000000000000000e+00,0.000000000000000e+00,2.023335080237240e+03,2.023335080237240e+03,-1.434434909507824e+03,3.351800805180829e+01,1.000000000000000e+03,1.000000000000000e+00,
1.694928855775136e-02,0.000000000000000e+00,3.351800805180829e+01,1.672458903380409e+09,1.672425761668888e+09,1.852949648054514e+03,1.694928855775136e-02,0.000000000000000e+00,-1.000000000000000e+03,1.114950507779258e+09,3.314171152178830e+04,3.312572126969224e+05,6.770976326844634e-03,4.834498669825245e+08,2.500000000000000e-07,4.941025981750920e-04,9.875820686736069e+10,9.875820686736067e+10,-1.770848526483157e+00,1.694928855775136e-02,1.000000000000000e+00,0.000000000000000e+00,2.023335080237240e+03,2.023335080237240e+03,-1.686879346412465e+03,3.351800805180829e+01,1.000000000000000e+03,1.000000000000000e+00,
1.694928855775136e-02,0.000000000000000e+00,3.351800805180829e+01,1.672458903380409e+09,1.672425761668888e+09,1.852949648054514e+03,1.694928855775136e-02,0.000000000000000e+00,-1.000000000000000e+03,1.114950507779258e+09,3.314171152178830e+04,3.312572126969224e+05,6.770976326844634e-03,4.834498669825245e+08,2.500000000000000e-07,4.941025981750920e-04,9.875820686736069e+10,9.875820686736067e+10,-1.770848526483157e+00,1.694928855775136e-02,1.000000000000000e+00,0.000000000000000e+00,2.023335080237240e+03,2.023335080237240e+03,-1.912955954465749e+03,3.351800805180829e+01,1.000000000000000e+03,1.000000000000000e+00,
1.694928855775136e-02,0.000000000000000e+00,3.351800805180829e+01,1.672458903380409e+09,1.672425761668888e+09,1.852949648054514e+03,1.694928855775136e-02,0.000000000000000e+00,-1.000000000000000e+03,1.114950507779258e+09,3.314171152178830e+04,3.312572126969224e+05,6.770976326844634e-03,4.834498669825245e+08,2.500000000000000e-07,4.941025981750920e-04,9.875820686736069e+10,9.875820686736067e+10,-1.770848526483157e+00,1.694928855775136e-02,1.000000000000000e+00,0.000000000000000e+00,2.023335080237240e+03,2.023335080237240e+03,-1.912955954465749e+03,3.351800805180829e+01,1.000000000000000e+03,1.000000000000000e+00,
1.694928855775136e-02,0.000000000000000e+00,3.351800805180829e+01,1.672458903380409e+09,1.672425761668888e+09,1.852949648054514e+03,1.694928855775136e-02,0.000000000000000e+00,-1.000000000000000e+03,1.114950507779258e+09,3.314171152178830e+04,3.312572126969224e+05,6.770976326844634e-03,4.834498669825245e+08,2.500000000000000e-07,4.941025981750920e-04,9.875820686736069e+10,9.875820686736067e+10,-1.770848526483157e+00,1.694928855775136e-02,1.000000000000000e+00,0.000000000000000e+00,2.023335080237240e+03,2.023335080237240e+03,-1.686879346412465e+03,3.351800805180829e+01,1.000000000000000e+03,1.000000000000000e+00,
1.694928855775136e-02,0.000000000000000e+00,3.351800805180829e+01,1.672458903380409e+09,1.672425761668888e+09,1.852949648054514e+03,1.694928855775136e-02,0.000000000000000e+00,-1.000000000000000e+03,1.114950507779258e+09,3.314171152178830e+04,3.312572126969224e+05,6.770976326844634e-03,4.834498669825245e+08,2.500000000000000e-07,4.941025981750920e-04,9.875820686736069e+10,9.875820686736067e+10,-1.770848526483157e+00,1.694928855775136e-02,1.000000000000000e+00,0.000000000000000e+00,2.023335080237240e+03,2.023335080237240e+03,-1.434434909507824e+03,3.351800805180829e+01,1.000000000000000e+03,1.000000000000000e+00,
7.506087704484799e-08,0.000000000000000e+00,-7.506086955998881e-08,4.922957991571662e+03,4.922957991534132e+03,1.230560349424030e+03,7.506087704484799e-08,0.000000000000000e+00,-1.000000000000000e+03,3.281971994356088e+03,3.753060665685068e-08,2.699510325213059e+05,3.704383830770302e-06,8.396502627114455e+08,0.000000000000000e+00,2.222679883479017e-13,6.558620396338724e+10,6.558620396338725e+10,-7.124586365402386e+00,7.506087704484799e-08,1.000000000000000e+00,0.000000000000000e+00,-9.999999999998336e-01,1.000002239971674e+00,-6.017504543166263e-01,7.506104517908637e-08,1.000000000000000e+03,1.000000000000000e+00,
7.536754208846890e-08,0.000000000000000e+00,-7.506108347748716e-08,4.961888129356526e+03,4.961888129317796e+03,1.235244811472850e+03,7.536754208846890e-08,0.000000000000000e+00,-1.000000000000000e+03,3.307925419545197e+03,3.873061943730442e-08,2.704643653966016e+05,3.748348737168640e-06,8.397078985747542e+08,0.000000000000000e+00,4.586630220546617e-10,6.583587565444775e+10,6.583587565444775e+10,-7.122815647854400e+00,7.536754208846890e-08,1.000000000000000e+00,0.000000000000000e+00,-1.000002726187191e+00,1.013794762483469e+00,-4.555084412970036e-01,7.640721943054219e-08,1.000000000000000e+03,1.000000000000000e+00,
1.407530911881845e-07,0.000000000000000e+00,-5.108226803122657e-08,1.181299937037674e+04,1.181299937036542e+04,1.640608799821857e+03,1.407530911881845e-07,0.000000000000000e+00,-1.000000000000000e+03,7.875332913576945e+03,4.023534647893985e-08,3.116994619381431e+05,3.765113186516147e-06,8.466181178899643e+08,0.000000000000000e+00,2.389959954954168e-09,8.744089911527512e+10,8.744089911527513e+10,-6.851542058492750e+00,1.407530911881845e-07,1.000000000000000e+00,0.000000000000000e+00,-4.011951776469381e-01,1.023720588726871e+00,-9.819943729097327e-02,7.912359304295469e-08,1.000000000000000e+03,1.000000000000000e+00,
1.657421428311791e-06,0.000000000000000e+00,4.070605401931561e-03,1.347550702237875e+05,1.347500715469105e+05,1.629688923033989e+03,1.657421428311791e-06,0.000000000000000e+00,-1.000000000000000e+03,8.983338103127366e+04,4.998676876982347e+00,3.106603956997348e+05,8.171452911230635e-03,8.291248610536207e+08,0.000000000000000e+00,-5.959376111073472e-09,8.685889331068419e+10,8.685889331068420e+10,-5.780567050591022e+00,1.657421428311791e-06,1.000000000000000e+00,0.000000000000000e+00,2.455986952019669e+03,2.455986952019669e+03,2.375987384873935e+02,4.070605401931561e-03,1.000000000000000e+03,1.000000000000000e+00,
1.828790890316455e-05,0.000000000000000e+00,4.424205579972926e-02,1.464326502205924e+06,1.464272987079844e+06,1.524476358573258e+03,1.828790890316455e-05,0.000000000000000e+00,-1.000000000000000e+03,9.761819913865631e+05,5.351512608004229e+01,3.004649938598652e+05,8.784057024113227e-03,7.397716568284634e+08,0.000000000000000e+00,4.370889256630108e-06,8.125129128168796e+10,8.125129128168797e+10,-4.737835950277287e+00,1.828790890316455e-05,1.000000000000000e+00,0.000000000000000e+00,2.625115165208175e+03,2.625115165208175e+03,-4.832820239126982e+00,4.424205579972926e-02,1.000000000000000e+03,1.000000000000000e+00,
2.019968155529823e-04,0.000000000000000e+00,4.434975320531092e-01,1.615713276901417e+07,1.615664590475248e+07,1.502191463623137e+03,2.019968155529823e-04,0.000000000000000e+00,-1.000000000000000e+03,1.077109726983499e+07,4.868642616932943e+02,2.982608004944650e+05,8.090421105408373e-03,6.536751898286889e+08,0.000000000000000e+00,3.017808819876791e-06,8.006355460043912e+10,8.006355460043912e+10,-3.694655477081440e+00,2.019968155529823e-04,1.000000000000000e+00,0.000000000000000e+00,2.413055475236416e+03,2.413055475236416e+03,-5.906369343966780e+02,4.434975320531092e-01,1.000000000000000e+03,1.000000000000000e+00,
2.215454724884687e-03,0.000000000000000e+00,4.486327603457328e+00,1.779899682931275e+08,1.779854258542459e+08,1.507342640520277e+03,2.215454724884687e-03,0.000000000000000e+00,-1.000000000000000e+03,1.186569505694973e+08,4.542438881613971e+03,2.987717471081434e+05,7.354194499475784e-03,5.682742195871468e+08,0.000000000000000e+00,1.596747063397970e-06,8.033810118304715e+10,8.033810118304715e+10,-2.654537120799898e+00,2.215454724884687e-03,1.000000000000000e+00,0.000000000000000e+00,2.192385447632993e+03,2.192385447632993e+03,-9.850613900659423e+02,4.486327603457328e+00,1.000000000000000e+03,1.000000000000000e+00,
7.506087704484799e-08,0.000000000000000e+00,-7.506086955998881e-08,4.922957991571662e+03,4.922957991534132e+03,1.230560349424030e+03,7.506087704484799e-08,0.000000000000000e+00,-1.000000000000000e+03,3.281971994356088e+03,3.753060665685068e-08,2.699510325213059e+05,3.704383830770302e-06,8.396502627114455e+08,0.000000000000000e+00,2.222679883479017e-13,6.558620396338724e+10,6.558620396338725e+10,-7.124586365402386e+00,7.506087704484799e-08,1.000000000000000e+00,0.000000000000000e+00,-9.999999999998336e-01,1.000002239971674e+00,-6.017504543166263e-01,7.506104517908637e-08,1.000000000000000e+03,1.000000000000000e+00,
7.536754208846890e-08,0.000000000000000e+00,-7.506108347748716e-08,4.961888129356526e+03,4.961888129317796e+03,1.235244811472850e+03,7.536754208846890e-08,0.000000000000000e+00,-1.000000000000000e+03,3.307925419545197e+03,3.873061943730442e-08,2.704643653966016e+05,3.748348737168640e-06,8.397078985747542e+08,0.000000000000000e+00,4.586630220546617e-10,6.583587565444775e+10,6.583587565444775e+10,-7.122815647854400e+00,7.536754208846890e-08,1.000000000000000e+00,0.000000000000000e+00,-1.000002726187191e+00,1.013794762483469e+00,-4.555084412970036e-01,7.640721943054219e-08,1.000000000000000e+03,1.000000000000000e+00,
1.407530911881845e-07,0.000000000000000e+00,-5.108226803122657e-08,1.181299937037674e+04,1.181299937036542e+04,1.640608799821857e+03,1.407530911881845e-07,0.000000000000000e+00,-1.000000000000000e+03,7.875332913576945e+03,4.023534647893985e-08,3.116994619381431e+05,3.765113186516147e-06,8.466181178899643e+08,0.000000000000000e+00,2.389959954954168e-09,8.744089911527512e+10,8.744089911527513e+10,-6.851542058492750e+00,1.407530911881845e-07,1.000000000000000e+00,0.000000000000000e+00,-4.011951776469381e-01,1.023720588726871e+00,-9.819943729097327e-02,7.912359304295469e-08,1.000000000000000e+03,1.000000000000000e+00,
1.657421428311791e-06,0.000000000000000e+00,4.070605401931561e-03,1.347550702237875e+05,1.347500715469105e+05,1.629688923033989e+03,1.657421428311791e-06,0.000000000000000e+00,-1.000000000000000e+03,8.983338103127366e+04,4.998676876982347e+00,3.106603956997348e+05,8.171452911230635e-03,8.291248610536207e+08,0.000000000000000e+00,-5.959376111073472e-09,8.685889331068419e+10,8.685889331068420e+10,-5.780567050591022e+00,1.657421428311791e-06,1.000000000000000e+00,0.000000000000000e+00,2.455986952019669e+03,2.455986952019669e+03,2.375987384873935e+02,4.070605401931561e-03,1.000000000000000e+03,1.000000000000000e+00,
1.828790890316455e-05,0.000000000000000e+00,4.424205579972926e-02,1.464326502205924e+06,1.464272987079844e+06,1.524476358573258e+03,1.828790890316455e-05,0.000000000000000e+00,-1.000000000000000e+03,9.761819913865631e+05,5.351512608004229e+01,3.004649938598652e+05,8.784057024113227e-03,7.397716568284634e+08,0.000000000000000e+00,4.370889256630108e-06,8.125129128168796e+10,8.125129128168797e+10,-4.737835950277287e+00,1.828790890316455e-05,1.000000000000000e+00,0.000000000000000e+00,2.625115165208175e+03,2.625115165208175e+03,-4.832820239126982e+00,4.424205579972926e-02,1.000000000000000e+03,1.000000000000000e+00,
2.019968155529823e-04,0.000000000000000e+00,4.434975320531092e-01,1.615713276901417e+07,1.615664590475248e+07,1.502191463623137e+03,2.019968155529823e-04,0.000000000000000e+00,-1.000000000000000e+03,1.077109726983499e+07,4.868642616932943e+02,2.982608004944650e+05,8.090421105408373e-03,6.536751898286889e+08,0.000000000000000e+00,3.017808819876791e-06,8.006355460043912e+10,8.006355460043912e+10,-3.694655477081440e+00,2.019968155529823e-04,1.000000000000000e+00,0.000000000000000e+00,2.413055475236416e+03,2.413055475236416e+03,-5.906369343966780e+02,4.434975320531092e-01,1.000000000000000e+03,1.000000000000000e+00,
2.215454724884687e-03,0.000000000000000e+00,4.486327603457328e+00,1.779899682931275e+08,1.779854258542459e+08,1.507342640520277e+03,2.215454724884687e-03,0.000000000000000e+00,-1.000000000000000e+03,1.186569505694973e+08,4.542438881613971e+03,2.987717471081434e+05,7.354194499475784e-03,5.682742195871468e+08,0.000000000000000e+00,1.596747063397970e-06,8.033810118304715e+10,8.033810118304715e+10,-2.654537120799898e+00,2.215454724884687e-03,1.000000000000000e+00,0.000000000000000e+00,2.192385447632993e+03,2.192385447632993e+03,-9.850613900659423e+02,4.486327603457328e+00,1.000000000000000e+03,1.000000000000000e+00,
7.506087704484799e-08,0.000000000000000e+00,-7.506086955998881e-08,4.922957991571662e+03,4.922957991534132e+03,1.230560349424030e+03,7.506087704484799e-08,0.000000000000000e+00,-1.000000000000000e+03,3.281971994356088e+03,3.753060665685068e-08,2.699510325213059e+05,3.704383830770302e-06,8.396502627114455e+08,0.000000000000000e+00,2.222679883479017e-13,6.558620396338724e+10,6.558620396338725e+10,-7.124586365402386e+00,7.506087704484799e-08,1.000000000000000e+00,0.000000000000000e+00,-9.999999999998336e-01,1.000002239971674e+00,-7.089473891952677e-01,7.506104517908637e-08,1.000000000000000e+03,1.000000000000000e+00,
7.536754208846890e-08,0.000000000000000e+00,-7.506108347748716e-08,4.961888129356526e+03,4.961888129317796e+03,1.235244811472850e+03,7.536754208846890e-08,0.000000000000000e+00,-1.000000000000000e+03,3.307925419545197e+03,3.873061943730442e-08,2.704643653966016e+05,3.748348737168640e-06,8.397078985747542e+08,0.000000000000000e+00,4.586630220546617e-10,6.583587565444775e+10,6.583587565444775e+10,-7.122815647854400e+00,7.536754208846890e-08,1.000000000000000e+00,0.000000000000000e+00,-1.000002726187191e+00,1.013794762483469e+00,-5.648857647326864e-01,7.640721943054219e-08,1.000000000000000e+03,1.000000000000000e+00,
1.407530911881845e-07,0.000000000000000e+00,-5.108226803122657e-08,1.181299937037674e+04,1.181299937036542e+04,1.640608799821857e+03,1.407530911881845e-07,0.000000000000000e+00,-1.000000000000000e+03,7.875332913576945e+03,4.023534647893985e-08,3.116994619381431e+05,3.765113186516147e-06,8.466181178899643e+08,0.000000000000000e+00,2.389959954954168e-09,8.744089911527512e+10,8.744089911527513e+10,-6.851542058492750e+00,1.407530911881845e-07,1.000000000000000e+00,0.000000000000000e+00,-4.011951776469381e-01,1.023720588726871e+00,-1.280596862456726e-01,7.912359304295469e-08,1.000000000000000e+03,1.000000000000000e+00,
1.657421428311791e-06,0.000000000000000e+00,4.070605401931561e-03,1.347550702237875e+05,1.347500715469105e+05,1.629688923033989e+03,1.657421428311791e-06,0.000000000000000e+00,-1.000000000000000e+03,8.983338103127366e+04,4.998676876982347e+00,3.106603956997348e+05,8.171452911230635e-03,8.291248610536207e+08,0.000000000000000e+00,-5.959376111073472e-09,8.685889331068419e+10,8.685889331068420e+10,-5.780567050591022e+00,1.657421428311791e-06,1.000000000000000e+00,0.000000000000000e+00,2.455986952019669e+03,2.455986952019669e+03,3.509614329108658e+02,4.070605401931561e-03,1.000000000000000e+03,1.000000000000000e+00,
1.828790890316455e-05,0.000000000000000e+00,4.424205579972926e-02,1.464326502205924e+06,1.464272987079844e+06,1.524476358573258e+03,1.828790890316455e-05,0.000000000000000e+00,-1.000000000000000e+03,9.761819913865631e+05,5.351512608004229e+01,3.004649938598652e+05,8.784057024113227e-03,7.397716568284634e+08,0.000000000000000e+00,4.370889256630108e-06,8.125129128168796e+10,8.125129128168797e+10,-4.737835950277287e+00,1.828790890316455e-05,1.000000000000000e+00,0.000000000000000e+00,2.625115165208175e+03,2.625115165208175e+03,-6.447956797108263e+00,4.424205579972926e-02,1.000000000000000e+03,1.000000000000000e+00,
2.019968155529823e-04,0.000000000000000e+00,4.434975320531092e-01,1.615713276901417e+07,1.615664590475248e+07,1.502191463623137e+03,2.019968155529823e-04,0.000000000000000e+00,-1.000000000000000e+03,1.077109726983499e+07,4.868642616932943e+02,2.982608004944650e+05,8.090421105408373e-03,6.536751898286889e+08,0.000000000000000e+00,3.017808819876791e-06,8.006355460043912e+10,8.006355460043912e+10,-3.694655477081440e+00,2.019968155529823e-04,1.000000000000000e+00,0.000000000000000e+00,2.413055475236416e+03,2.413055475236416e+03,-7.702363943270498e+02,4.434975320531092e-01,1.000000000000000e+03,1.000000000000000e+00,
2.215454724884687e-03,0.000000000000000e+00,4.486327603457328e+00,1.779899682931275e+08,1.779854258542459e+08,1.507342640520277e+03,2.215454724884687e-03,0.000000000000000e+00,-1.000000000000000e+03,1.186569505694973e+08,4.542438881613971e+03,2.987717471081434e+05,7.354194499475784e-03,5.682742195871468e+08,0.000000000000000e+00,1.596747063397970e-06,8.033810118304715e+10,8.033810118304715e+10,-2.654537120799898e+00,2.215454724884687e-03,1.000000000000000e+00,0.000000000000000e+00,2.192385447632993e+03,2.192385447632993e+03,-1.221595707538655e+03,4.486327603457328e+00,1.000000000000000e+03,1.000000000000000e+00,
7.506087704484799e-08,0.000000000000000e+00,-7.506086955998881e-08,4.922957991571662e+03,4.922957991534132e+03,1.230560349424030e+03,7.506087704484799e-08,0.000000000000000e+00,-1.000000000000000e+03,3.281971994356088e+03,3.753060665685068e-08,2.699510325213059e+05,3.704383830770302e-06,8.396502627114455e+08,0.000000000000000e+00,2.222679883479017e-13,6.558620396338724e+10,6.558620396338725e+10,-7.124586365402386e+00,7.506087704484799e-08,1.000000000000000e+00,0.000000000000000e+00,-9.999999999998336e-01,1.000002239971674e+00,-8.337141689732513e-01,7.506104517908637e-08,1.000000000000000e+03,1.000000000000000e+00,
7.536754208846890e-08,0.000000000000000e+00,-7.506108347748716e-08,4.961888129356526e+03,4.961888129317796e+03,1.235244811472850e+03,7.536754208846890e-08,0.000000000000000e+00,-1.000000000000000e+03,3.307925419545197e+03,3.873061943730442e-08,2.704643653966016e+05,3.748348737168640e-06,8.397078985747542e+08,0.000000000000000e+00,4.586630220546617e-10,6.583587565444775e+10,6.583587565444775e+10,-7.122815647854400e+00,7.536754208846890e-08,1.000000000000000e+00,0.000000000000000e+00,-1.000002726187191e+00,1.013794762483469e+00,-7.196558996378268e-01,7.640721943054219e-08,1.000000000000000e+03,1.000000000000000e+00,
1.407530911881845e-07,0.000000000000000e+00,-5.108226803122657e-08,1.181299937037674e+04,1.181299937036542e+04,1.640608799821857e+03,1.407530911881845e-07,0.000000000000000e+00,-1.000000000000000e+03,7.875332913576945e+03,4.023534647893985e-08,3.116994619381431e+05,3.765113186516147e-06,8.466181178899643e+08,0.000000000000000e+00,2.389959954954168e-09,8.744089911527512e+10,8.744089911527513e+10,-6.851542058492750e+00,1.407530911881845e-07,1.000000000000000e+00,0.000000000000000e+00,-4.011951776469381e-01,1.023720588726871e+00,-1.811026362709884e-01,7.912359304295469e-08,1.000000000000000e+03,1.000000000000000e+00,
1.657421428311791e-06,0.000000000000000e+00,4.070605401931561e-03,1.347550702237875e+05,1.347500715469105e+05,1.629688923033989e+03,1.657421428311791e-06,0.000000000000000e+00,-1.000000000000000e+03,8.983338103127366e+04,4.998676876982347e+00,3.106603956997348e+05,8.171452911230635e-03,8.291248610536207e+08,0.000000000000000e+00,-5.959376111073472e-09,8.685889331068419e+10,8.685889331068420e+10,-5.780567050591022e+00,1.657421428311791e-06,1.000000000000000e+00,0.000000000000000e+00,2.455986952019669e+03,2.455986952019669e+03,6.551894201431153e+02,4.070605401931561e-03,1.000000000000000e+03,1.000000000000000e+00,
1.828790890316455e-05,0.000000000000000e+00,4.424205579972926e-02,1.464326502205924e+06,1.464272987079844e+06,1.524476358573258e+03,1.828790890316455e-05,0.000000000000000e+00,-1.000000000000000e+03,9.761819913865631e+05,5.351512608004229e+01,3.004649938598652e+05,8.784057024113227e-03,7.397716568284634e+08,0.000000000000000e+00,4.370889256630108e-06,8.125129128168796e+10,8.125129128168797e+10,-4.737835950277287e+00,1.828790890316455e-05,1.000000000000000e+00,0.000000000000000e+00,2.625115165208175e+03,2.625115165208175e+03,-9.684536791221444e+00,4.424205579972926e-02,1.000000000000000e+03,1.000000000000000e+00,
2.019968155529823e-04,0.000000000000000e+00,4.434975320531092e-01,1.615713276901417e+07,1.615664590475248e+07,1.502191463623137e+03,2.019968155529823e-04,0.000000000000000e+00,-1.000000000000000e+03,1.077109726983499e+07,4.868642616932943e+02,2.982608004944650e+05,8.090421105408373e-03,6.536751898286889e+08,0.000000000000000e+00,3.017808819876791e-06,8.006355460043912e+10,8.006355460043912e+10,-3.694655477081440e+00,2.019968155529823e-04,1.000000000000000e+00,0.000000000000000e+00,2.413055475236416e+03,2.413055475236416e+03,-1.089272085962205e+03,4.434975320531092e-01,1.000000000000000e+03,1.000000000000000e+00,
2.215454724884687e-03,0.000000000000000e+00,4.486327603457328e+00,1.779899682931275e+08,1.779854258542459e+08,1.507342640520277e+03,2.215454724884687e-03,0.000000000000000e+00,-1.000000000000000e+03,1.186569505694973e+08,4.542438881613971e+03,2.987717471081434e+05,7.354194499475784e-03,5.682742195871468e+08,0.000000000000000e+00,1.596747063397970e-06,8.033810118304715e+10,8.033810118304715e+10,-2.654537120799898e+00,2.215454724884687e-03,1.000000000000000e+00,0.000000000000000e+00,2.192385447632993e+03,2.192385447632993e+03,-1.556294409929868e+03,4.486327603457328e+00,1.000000000000000e+03,1.000000000000000e+00,
7.506087704484799e-08,0.000000000000000e+00,-7.506086955998881e-08,4.922957991571662e+03,4.922957991534132e+03,1.230560349424030e+03,7.506087704484799e-08,0.000000000000000e+00,-1.000000000000000e+03,3.281971994356088e+03,3.753060665685068e-08,2.699510325213059e+05,3.704383830770302e-06,8.396502627114455e+08,0.000000000000000e+00,2.222679883479017e-13,6.558620396338724e+10,6.558620396338725e+10,-7.124586365402386e+00,7.506087704484799e-08,1.000000000000000e+00,0.000000000000000e+00,-9.999999999998336e-01,1.000002239971674e+00,-9.496674728010450e-01,7.506104517908637e-08,1.000000000000000e+03,1.000000000000000e+00,
7.536754208846890e-08,0.000000000000000e+00,-7.506108347748716e-08,4.961888129356526e+03,4.961888129317796e+03,1.235244811472850e+03,7.536754208846890e-08,0.000000000000000e+00,-1.000000000000000e+03,3.307925419545197e+03,3.873061943730442e-08,2.704643653966016e+05,3.748348737168640e-06,8.397078985747542e+08,0.000000000000000e+00,4.586630220546617e-10,6.583587565444775e+10,6.583587565444775e+10,-7.122815647854400e+00,7.536754208846890e-08,1.000000000000000e+00,0.000000000000000e+00,-1.000002726187191e+00,1.013794762483469e+00,-9.088775640012702e-01,7.640721943054219e-08,1.000000000000000e+03,1.000000000000000e+00,
1.407530911881845e-07,0.000000000000000e+00,-5.108226803122657e-08,1.181299937037674e+04,1.181299937036542e+04,1.640608799821857e+03,1.407530911881845e-07,0.000000000000000e+00,-1.000000000000000e+03,7.875332913576945e+03,4.023534647893985e-08,3.116994619381431e+05,3.765113186516147e-06,8.466181178899643e+08,0.000000000000000e+00,2.389959954954168e-09,8.744089911527512e+10,8.744089911527513e+10,-6.851542058492750e+00,1.407530911881845e-07,1.000000000000000e+00,0.000000000000000e+00,-4.011951776469381e-01,1.023720588726871e+00,-2.858954171681817e-01,7.912359304295469e-08,1.000000000000000e+03,1.000000000000000e+00,
1.657421428311791e-06,0.000000000000000e+00,4.070605401931561e-03,1.347550702237875e+05,1.347500715469105e+05,1.629688923033989e+03,1.657421428311791e-06,0.000000000000000e+00,-1.000000000000000e+03,8.983338103127366e+04,4.998676876982347e+00,3.106603956997348e+05,8.171452911230635e-03,8.291248610536207e+08,0.000000000000000e+00,-5.959376111073472e-09,8.685889331068419e+10,8.685889331068420e+10,-5.780567050591022e+00,1.657421428311791e-06,1.000000000000000e+00,0.000000000000000e+00,2.455986952019669e+03,2.455986952019669e+03,2.385947145394682e+03,4.070605401931561e-03,1.000000000000000e+03,1.000000000000000e+00,
1.828790890316455e-05,0.000000000000000e+00,4.424205579972926e-02,1.464326502205924e+06,1.464272987079844e+06,1.524476358573258e+03,1.828790890316455e-05,0.000000000000000e+00,-1.000000000000000e+03,9.761819913865631e+05,5.351512608004229e+01,3.004649938598652e+05,8.784057024113227e-03,7.397716568284634e+08,0.000000000000000e+00,4.370889256630108e-06,8.125129128168796e+10,8.125129128168797e+10,-4.737835950277287e+00,1.828790890316455e-05,1.000000000000000e+00,0.000000000000000e+00,2.625115165208175e+03,2.625115165208175e+03,-1.944487651599131e+01,4.424205579972926e-02,1.000000000000000e+03,1.000000000000000e+00,
2.019968155529823e-04,0.000000000000000e+00,4.434975320531092e-01,1.615713276901417e+07,1.615664590475248e+07,1.502191463623137e+03,2.019968155529823e-04,0.000000000000000e+00,-1.000000000000000e+03,1.077109726983499e+07,4.868642616932943e+02,2.982608004944650e+05,8.090421105408373e-03,6.536751898286889e+08,0.000000000000000e+00,3.017808819876791e-06,8.006355460043912e+10,8.006355460043912e+10,-3.694655477081440e+00,2.019968155529823e-04,1.000000000000000e+00,0.000000000000000e+00,2.413055475236416e+03,2.413055475236416e+03,-1.719565787876427e+03,4.434975320531092e-01,1.000000000000000e+03,1.000000000000000e+00,
2.215454724884687e-03,0.000000000000000e+00,4.486327603457328e+00,1.779899682931275e+08,1.779854258542459e+08,1.507342640520277e+03,2.215454724884687e-03,0.000000000000000e+00,-1.000000000000000e+03,1.186569505694973e+08,4.542438881613971e+03,2.987717471081434e+05,7.354194499475784e-03,5.682742195871468e+08,0.000000000000000e+00,1.596747063397970e-06,8.033810118304715e+10,8.033810118304715e+10,-2.654537120799898e+00,2.215454724884687e-03,1.000000000000000e+00,0.000000000000000e+00,2.192385447632993e+03,2.192385447632993e+03,-1.922098636547551e+03,4.486327603457328e+00,1.000000000000000e+03,1.000000000000000e+00,
7.506087704484799e-08,0.000000000000000e+00,-7.506086955998881e-08,4.922957991571662e+03,4.922957991534132e+03,1.230560349424030e+03,7.506087704484799e-08,0.000000000000000e+00,-1.000000000000000e+03,3.281971994356088e+03,3.753060665685068e-08,2.699510325213059e+05,3.704383830770302e-06,8.396502627114455e+08,0.000000000000000e+00,2.222679883479017e-13,6.558620396338724e+10,6.558620396338725e+10,-7.124586365402386e+00,7.506087704484799e-08,1.000000000000000e+00,0.000000000000000e+00,-9.999999999998336e-01,1.000002239971674e+00,-9.496674728010450e-01,7.506104517908637e-08,1.000000000000000e+03,1.000000000000000e+00,
7.536754208846890e-08,0.000000000000000e+00,-7.506108347748716e-08,4.961888129356526e+03,4.961888129317796e+03,1.235244811472850e+03,7.536754208846890e-08,0.000000000000000e+00,-1.000000000000000e+03,3.307925419545197e+03,3.873061943730442e-08,2.704643653966016e+05,3.748348737168640e-06,8.397078985747542e+08,0.000000000000000e+00,4.586630220546617e-10,6.583587565444775e+10,6.583587565444775e+10,-7.122815647854400e+00,7.536754208846890e-08,1.000000000000000e+00,0.000000000000000e+00,-1.000002726187191e+00,1.013794762483469e+00,-9.088775640012702e-01,7.640721943054219e-08,1.000000000000000e+03,1.000000000000000e+00,
1.407530911881845e-07,0.000000000000000e+00,-5.108226803122657e-08,1.181299937037674e+04,1.181299937036542e+04,1.640608799821857e+03,1.407530911881845e-07,0.000000000000000e+00,-1.000000000000000e+03,7.875332913576945e+03,4.023534647893985e-08,3.116994619381431e+05,3.765113186516147e-06,8.466181178899643e+08,0.000000000000000e+00,2.389959954954168e-09,8.744089911527512e+10,8.744089911527513e+10,-6.851542058492750e+00,1.407530911881845e-07,1.000000000000000e+00,0.000000000000000e+00,-4.011951776469381e-01,1.023720588726871e+00,-2.858954171681817e-01,7.912359304295469e-08,1.000000000000000e+03,1.000000000000000e+00,
1.657421428311791e-06,0.000000000000000e+00,4.070605401931561e-03,1.347550702237875e+05,1.347500715469105e+05,1.629688923033989e+03,1.657421428311791e-06,0.000000000000000e+00,-1.000000000000000e+03,8.983338103127366e+04,4.998676876982347e+00,3.106603956997348e+05,8.171452911230635e-03,8.291248610536207e+08,0.000000000000000e+00,-5.959376111073472e-09,8.685889331068419e+10,8.685889331068420e+10,-5.780567050591022e+00,1.657421428311791e-06,1.000000000000000e+00,0.000000000000000e+00,2.455986952019669e+03,2.455986952019669e+03,2.385947145394682e+03,4.070605401931561e-03,1.000000000000000e+03,1.000000000000000e+00,
1.828790890316455e-05,0.000000000000000e+00,4.424205579972926e-02,1.464326502205924e+06,1.464272987079844e+06,1.524476358573258e+03,1.828790890316455e-05,0.000000000000000e+00,-1.000000000000000e+03,9.761819913865631e+05,5.351512608004229e+01,3.004649938598652e+05,8.784057024113227e-03,7.397716568284634e+08,0.000000000000000e+00,4.370889256630108e-06,8.125129128168796e+10,8.125129128168797e+10,-4.737835950277287e+00,1.828790890316455e-05,1.000000000000000e+00,0.000000000000000e+00,2.625115165208175e+03,2.625115165208175e+03,-1.944487651599131e+01,4.424205579972926e-02,1.000000000000000e+03,1.000000000000000e+00,
2.019968155529823e-04,0.000000000000000e+00,4.434975320531092e-01,1.615713276901417e+07,1.615664590475248e+07,1.502191463623137e+03,2.019968155529823e-04,0.000000000000000e+00,-1.000000000000000e+03,1.077109726983499e+07,4.868642616932943e+02,2.982608004944650e+05,8.090421105408373e-03,6.536751898286889e+08,0.000000000000000e+00,3.017808819876791e-06,8.006355460043912e+10,8.006355460043912e+10,-3.694655477081440e+00,2.019968155529823e-04,1.000000000000000e+00,0.000000000000000e+00,2.413055475236416e+03,2.413055475236416e+03,-1.719565787876427e+03,4.434975320531092e-01,1.000000000000000e+03,1.000000000000000e+00,
2.215454724884687e-03,0.000000000000000e+00,4.486327603457328e+00,1.779899682931275e+08,1.779854258542459e+08,1.507342640520277e+03,2.215454724884687e-03,0.000000000000000e+00,-1.000000000000000e+03,1.186569505694973e+08,4.542438881613971e+03,2.987717471081434e+05,7.354194499475784e-03,5.682742195871468e+08,0.000000000000000e+00,1.596747063397970e-06,8.033810118304715e+10,8.033810118304715e+10,-2.654537120799898e+00,2.215454724884687e-03,1.000000000000000e+00,0.000000000000000e+00,2.192385447632993e+03,2.192385447632993e+03,-1.922098636547551e+03,4.486327603457328e+00,1.000000000000000e+03,1.000000000000000e+00,
7.506087704484799e-08,0.000000000000000e+00,-7.506086955998881e-08,4.922957991571662e+03,4.922957991534132e+03,1.230560349424030e+03,7.506087704484799e-08,0.000000000000000e+00,-1.000000000000000e+03,3.281971994356088e+03,3.753060665685068e-08,2.699510325213059e+05,3.704383830770302e-06,8.396502627114455e+08,0.000000000000000e+00,2.222679883479017e-13,6.558620396338724e+10,6.558620396338725e+10,-7.124586365402386e+00,7.506087704484799e-08,1.000000000000000e+00,0.000000000000000e+00,-9.999999999998336e-01,1.000002239971674e+00,-8.337141689732513e-01,7.506104517908637e-08,1.000000000000000e+03,1.000000000000000e+00,
7.536754208846890e-08,0.000000000000000e+00,-7.506108347748716e-08,4.961888129356526e+03,4.961888129317796e+03,1.235244811472850e+03,7.536754208846890e-08,0.000000000000000e+00,-1.000000000000000e+03,3.307925419545197e+03,3.873061943730442e-08,2.704643653966016e+05,3.748348737168640e-06,8.397078985747542e+08,0.000000000000000e+00,4.586630220546617e-10,6.583587565444775e+10,6.583587565444775e+10,-7.122815647854400e+00,7.536754208846890e-08,1.000000000000000e+00,0.000000000000000e+00,-1.000002726187191e+00,1.013794762483469e+00,-7.196558996378268e-01,7.640721943054219e-08,1.000000000000000e+03,1.000000000000000e+00,
1.407530911881845e-07,0.000000000000000e+00,-5.108226803122657e-08,1.181299937037674e+04,1.181299937036542e+04,1.640608799821857e+03,1.407530911881845e-07,0.000000000000000e+00,-1.000000000000000e+03,7.875332913576945e+03,4.023534647893985e-08,3.116994619381431e+05,3.765113186516147e-06,8.466181178899643e+08,0.000000000000000e+00,2.389959954954168e-09,8.744089911527512e+10,8.744089911527513e+10,-6.851542058492750e+00,1.407530911881845e-07,1.000000000000000e+00,0.000000000000000e+00,-4.011951776469381e-01,1.023720588726871e+00,-1.811026362709884e-01,7.912359304295469e-08,1.000000000000000e+03,1.000000000000000e+00,
1.657421428311791e-06,0.000000000000000e+00,4.070605401931561e-03,1.347550702237875e+05,1.347500715469105e+05,1.629688923033989e+03,1.657421428311791e-06,0.000000000000000e+00,-1.000000000000000e+03,8.983338103127366e+04,4.998676876982347e+00,3.106603956997348e+05,8.171452911230635e-03,8.291248610536207e+08,0.000000000000000e+00,-5.959376111073472e-09,8.685889331068419e+10,8.685889331068420e+10,-5.780567050591022e+00,1.657421428311791e-06,1.000000000000000e+00,0.000000000000000e+00,2.455986952019669e+03,2.455986952019669e+03,6.551894201431153e+02,4.070605401931561e-03,1.000000000000000e+03,1.000000000000000e+00,
1.828790890316455e-05,0.000000000000000e+00,4.424205579972926e-02,1.464326502205924e+06,1.464272987079844e+06,1.524476358573258e+03,1.828790890316455e-05,0.000000000000000e+00,-1.000000000000000e+03,9.761819913865631e+05,5.351512608004229e+01,3.004649938598652e+05,8.784057024113227e-03,7.397716568284634e+08,0.000000000000000e+00,4.370889256630108e-06,8.125129128168796e+10,8.125129128168797e+10,-4.737835950277287e+00,1.828790890316455e-05,1.000000000000000e+00,0.000000000000000e+00,2.625115165208175e+03,2.625115165208175e+03,-9.684536791221444e+00,4.424205579972926e-02,1.000000000000000e+03,1.000000000000000e+00,
2.019968155529823e-04,0.000000000000000e+00,4.434975320531092e-01,1.615713276901417e+07,1.615664590475248e+07,1.502191463623137e+03,2.019968155529823e-04,0.000000000000000e+00,-1.000000000000000e+03,1.077109726983499e+07,4.868642616932943e+02,2.982608004944650e+05,8.090421105408373e-03,6.536751898286889e+08,0.000000000000000e+00,3.017808819876791e-06,8.006355460043912e+10,8.006355460043912e+10,-3.694655477081440e+00,2.019968155529823e-04,1.000000000000000e+00,0.000000000000000e+00,2.413055475236416e+03,2.413055475236416e+03,-1.089272085962205e+03,4.434975320531092e-01,1.000000000000000e+03,1.000000000000000e+00,
2.215454724884687e-03,0.000000000000000e+00,4.486327603457328e+00,1.779899682931275e+08,1.779854258542459e+08,1.507342640520277e+03,2.215454724884687e-03,0.000000000000000e+00,-1.000000000000000e+03,1.186569505694973e+08,4.542438881613971e+03,2.987717471081434e+05,7.354194499475784e-03,5.682742195871468e+08,0.000000000000000e+00,1.596747063397970e-06,8.033810118304715e+10,8.033810118304715e+10,-2.654537120799898e+00,2.215454724884687e-03,1.000000000000000e+00,0.000000000000000e+00,2.192385447632993e+03,2.192385447632993e+03,-1.556294409929868e+03,4.486327603457328e+00,1.000000000000000e+03,1.000000000000000e+00,
7.506087704484799e-08,0.000000000000000e+00,-7.506086955998881e-08,4.922957991571662e+03,4.922957991534132e+03,1.230560349424030e+03,7.506087704484799e-08,0.000000000000000e+00,-1.000000000000000e+03,3.281971994356088e+03,3.753060665685068e-08,2.699510325213059e+05,3.704383830770302e-06,8.396502627114455e+08,0.000000000000000e+00,2.222679883479017e-13,6.558620396338724e+10,6.558620396338725e+10,-7.124586365402386e+00,7.506087704484799e-08,1.000000000000000e+00,0.000000000000000e+00,-9.999999999998336e-01,1.000002239971674e+00,-7.089473891952677e-01,7.506104517908637e-08,1.000000000000000e+03,1.000000000000000e+00,
7.536754208846890e-08,0.000000000000000e+00,-7.506108347748716e-08,4.961888129356526e+03,4.961888129317796e+03,1.235244811472850e+03,7.536754208846890e-08,0.000000000000000e+00,-1.000000000000000e+03,3.307925419545197e+03,3.873061943730442e-08,2.704643653966016e+05,3.748348737168640e-06,8.397078985747542e+08,0.000000000000000e+00,4.586630220546617e-10,6.583587565444775e+10,6.583587565444775e+10,-7.122815647854400e+00,7.536754208846890e-08,1.000000000000000e+00,0.000000000000000e+00,-1.000002726187191e+00,1.013794762483469e+00,-5.648857647326864e-01,7.640721943054219e-08,1.000000000000000e+03,1.000000000000000e+00,
1.407530911881845e-07,0.000000000000000e+00,-5.108226803122657e-08,1.181299937037674e+04,1.181299937036542e+04,1.640608799821857e+03,1.407530911881845e-07,0.000000000000000e+00,-1.000000000000000e+03,7.875332913576945e+03,4.023534647893985e-08,3.116994619381431e+05,3.765113186516147e-06,8.466181178899643e+08,0.000000000000000e+00,2.389959954954168e-09,8.744089911527512e+10,8.744089911527513e+10,-6.851542058492750e+00,1.407530911881845e-07,1.000000000000000e+00,0.000000000000000e+00,-4.011951776469381e-01,1.023720588726871e+00,-1.280596862456726e-01,7.912359304295469e-08,1.000000000000000e+03,1.000000000000000e+00,
1.657421428311791e-06,0.000000000000000e+00,4.070605401931561e-03,1.347550702237875e+05,1.347500715469105e+05,1.629688923033989e+03,1.657421428311791e-06,0.000000000000000e+00,-1.000000000000000e+03,8.983338103127366e+04,4.998676876982347e+00,3.106603956997348e+05,8.171452911230635e-03,8.291248610536207e+08,0.000000000000000e+00,-5.959376111073472e-09,8.685889331068419e+10,8.685889331068420e+10,-5.780567050591022e+00,1.657421428311791e-06,1.000000000000000e+00,0.000000000000000e+00,2.455986952019669e+03,2.455986952019669e+03,3.509614329108658e+02,4.070605401931561e-03,1.000000000000000e+03,1.000000000000000e+00,
1.828790890316455e-05,0.000000000000000e+00,4.424205579972926e-02,1.464326502205924e+06,1.464272987079844e+06,1.524476358573258e+03,1.828790890316455e-05,0.000000000000000e+00,-1.000000000000000e+03,9.761819913865631e+05,5.351512608004229e+01,3.004649938598652e+05,8.784057024113227e-03,7.397716568284634e+08,0.000000000000000e+00,4.370889256630108e-06,8.125129128168796e+10,8.125129128168797e+10,-4.737835950277287e+00,1.828790890316455e-05,1.000000000000000e+00,0.000000000000000e+00,2.625115165208175e+03,2.625115165208175e+03,-6.447956797108263e+00,4.424205579972926e-02,1.000000000000000e+03,1.000000000000000e+00,
2.019968155529823e-04,0.000000000000000e+00,4.434975320531092e-01,1.615713276901417e+07,1.615664590475248e+07,1.502191463623137e+03,2.019968155529823e-04,0.000000000000000e+00,-1.000000000000000e+03,1.077109726983499e+07,4.868642616932943e+02,2.982608004944650e+05,8.090421105408373e-03,6.536751898286889e+08,0.000000000000000e+00,3.017808819876791e-06,8.006355460043912e+10,8.006355460043912e+10,-3.694655477081440e+00,2.019968155529823e-04,1.000000000000000e+00,0.000000000000000e+00,2.413055475236416e+03,2.413055475236416e+03,-7.702363943270498e+02,4.434975320531092e-01,1.000000000000000e+03,1.000000000000000e+00,
2.215454724884687e-03,0.000000000000000e+00,4.486327603457328e+00,1.779899682931275e+08,1.779854258542459e+08,1.507342640520277e+03,2.215454724884687e-03,0.000000000000000e+00,-1.000000000000000e+03,1.186569505694973e+08,4.542438881613971e+03,2.987717471081434e+05,7.354194499475784e-03,5.682742195871468e+08,0.000000000000000e+00,1.596747063397970e-06,8.033810118304715e+10,8.033810118304715e+10,-2.654537120799898e+00,2.215454724884687e-03,1.000000000000000e+00,0.000000000000000e+00,2.192385447632993e+03,2.192385447632993e+03,-1.221595707538655e+03,4.486327603457328e+00,1.000000000000000e+03,1.000000000000000e+00,

