1
0
28
0
(64 0
((0,0) (63,63) (0,0))
((448,0) (511,63) (0,0))
((384,0) (447,63) (0,0))
((320,0) (383,63) (0,0))
((256,0) (319,63) (0,0))
((192,0) (255,63) (0,0))
((128,0) (191,63) (0,0))
((64,0) (127,63) (0,0))
((0,448) (63,511) (0,0))
((0,384) (63,447) (0,0))
((0,320) (63,383) (0,0))
((0,256) (63,319) (0,0))
((0,192) (63,255) (0,0))
((0,128) (63,191) (0,0))
((0,64) (63,127) (0,0))
((448,448) (511,511) (0,0))
((448,384) (511,447) (0,0))
((448,320) (511,383) (0,0))
((448,256) (511,319) (0,0))
((448,192) (511,255) (0,0))
((448,128) (511,191) (0,0))
((448,64) (511,127) (0,0))
((384,448) (447,511) (0,0))
((384,384) (447,447) (0,0))
((384,320) (447,383) (0,0))
((384,256) (447,319) (0,0))
((384,192) (447,255) (0,0))
((384,128) (447,191) (0,0))
((384,64) (447,127) (0,0))
((320,448) (383,511) (0,0))
((320,384) (383,447) (0,0))
((320,320) (383,383) (0,0))
((320,256) (383,319) (0,0))
((320,192) (383,255) (0,0))
((320,128) (383,191) (0,0))
((320,64) (383,127) (0,0))
((256,448) (319,511) (0,0))
((256,384) (319,447) (0,0))
((256,320) (319,383) (0,0))
((256,256) (319,319) (0,0))
((256,192) (319,255) (0,0))
((256,128) (319,191) (0,0))
((256,64) (319,127) (0,0))
((192,448) (255,511) (0,0))
((192,384) (255,447) (0,0))
((192,320) (255,383) (0,0))
((192,256) (255,319) (0,0))
((192,192) (255,255) (0,0))
((192,128) (255,191) (0,0))
((192,64) (255,127) (0,0))
((128,448) (191,511) (0,0))
((128,384) (191,447) (0,0))
((128,320) (191,383) (0,0))
((128,256) (191,319) (0,0))
((128,192) (191,255) (0,0))
((128,128) (191,191) (0,0))
((128,64) (191,127) (0,0))
((64,448) (127,511) (0,0))
((64,384) (127,447) (0,0))
((64,320) (127,383) (0,0))
((64,256) (127,319) (0,0))
((64,192) (127,255) (0,0))
((64,128) (127,191) (0,0))
((64,64) (127,127) (0,0))
)
64
FabOnDisk: Cell_D_0000 0
FabOnDisk: Cell_D_0001 0
FabOnDisk: Cell_D_0001 917590
FabOnDisk: Cell_D_0001 1835180
FabOnDisk: Cell_D_0001 2752770
FabOnDisk: Cell_D_0000 917587
FabOnDisk: Cell_D_0000 1835177
FabOnDisk: Cell_D_0000 2752767
FabOnDisk: Cell_D_0002 0
FabOnDisk: Cell_D_0002 917590
FabOnDisk: Cell_D_0002 1835180
FabOnDisk: Cell_D_0002 2752770
FabOnDisk: Cell_D_0000 3670356
FabOnDisk: Cell_D_0000 4587946
FabOnDisk: Cell_D_0000 5505536
FabOnDisk: Cell_D_0003 0
FabOnDisk: Cell_D_0003 917593
FabOnDisk: Cell_D_0003 1835186
FabOnDisk: Cell_D_0003 2752779
FabOnDisk: Cell_D_0001 3670360
FabOnDisk: Cell_D_0001 4587953
FabOnDisk: Cell_D_0001 5505546
FabOnDisk: Cell_D_0003 3670372
FabOnDisk: Cell_D_0003 4587965
FabOnDisk: Cell_D_0003 5505558
FabOnDisk: Cell_D_0003 6423151
FabOnDisk: Cell_D_0001 6423138
FabOnDisk: Cell_D_0001 7340731
FabOnDisk: Cell_D_0001 8258324
FabOnDisk: Cell_D_0003 7340744
FabOnDisk: Cell_D_0003 8258337
FabOnDisk: Cell_D_0003 9175930
FabOnDisk: Cell_D_0003 10093523
FabOnDisk: Cell_D_0001 9175916
FabOnDisk: Cell_D_0001 10093509
FabOnDisk: Cell_D_0001 11011102
FabOnDisk: Cell_D_0003 11011116
FabOnDisk: Cell_D_0003 11928709
FabOnDisk: Cell_D_0003 12846302
FabOnDisk: Cell_D_0003 13763895
FabOnDisk: Cell_D_0001 11928694
FabOnDisk: Cell_D_0001 12846287
FabOnDisk: Cell_D_0001 13763880
FabOnDisk: Cell_D_0002 3670360
FabOnDisk: Cell_D_0002 4587953
FabOnDisk: Cell_D_0002 5505546
FabOnDisk: Cell_D_0002 6423139
FabOnDisk: Cell_D_0000 6423125
FabOnDisk: Cell_D_0000 7340718
FabOnDisk: Cell_D_0000 8258311
FabOnDisk: Cell_D_0002 7340732
FabOnDisk: Cell_D_0002 8258325
FabOnDisk: Cell_D_0002 9175918
FabOnDisk: Cell_D_0002 10093511
FabOnDisk: Cell_D_0000 9175903
FabOnDisk: Cell_D_0000 10093496
FabOnDisk: Cell_D_0000 11011089
FabOnDisk: Cell_D_0002 11011104
FabOnDisk: Cell_D_0002 11928696
FabOnDisk: Cell_D_0002 12846288
FabOnDisk: Cell_D_0002 13763880
FabOnDisk: Cell_D_0000 11928681
FabOnDisk: Cell_D_0000 12846273
FabOnDisk: Cell_D_0000 13763865

64,28
4.409300039113202e-03,0.000000000000000e+00,1.178443480951254e+01,3.592739068098131e+08,3.592581590831277e+08,1.528718108208869e+03,4.409300039113202e-03,0.000000000000000e+00,-1.000000000000000e+03,2.395054393887518e+08,1.574772668538802e+04,3.008827149849742e+05,8.055531365048732e-03,4.041158455937374e+08,0.000000000000000e+00,-8.510873551699661e-08,8.147736735905632e+10,8.147736735905632e+10,-2.355630347783412e+00,4.409300039113202e-03,1.000000000000000e+00,0.000000000000000e+00,2.668637921499419e+03,2.668637921499419e+03,-2.131401552299556e+03,1.178443480951254e+01,1.000000000000000e+03,1.000000000000000e+00,
4.409300039113202e-03,0.000000000000000e+00,1.178443480951254e+01,3.592739068098131e+08,3.592581590831277e+08,1.528718108208869e+03,4.409300039113202e-03,0.000000000000000e+00,-1.000000000000000e+03,2.395054393887518e+08,1.574772668538802e+04,3.008827149849742e+05,8.055531365048732e-03,4.041158455937374e+08,0.000000000000000e+00,-8.510873551699661e-08,8.147736735905632e+10,8.147736735905632e+10,-2.355630347783412e+00,4.409300039113202e-03,1.000000000000000e+00,0.000000000000000e+00,2.668637921499419e+03,2.668637921499419e+03,-2.131401552299556e+03,1.178443480951254e+01,1.000000000000000e+03,1.000000000000000e+00,
4.409300039113202e-03,0.000000000000000e+00,1.178443480951254e+01,3.592739068098131e+08,3.592581590831277e+08,1.528718108208869e+03,4.409300039113202e-03,0.000000000000000e+00,-1.000000000000000e+03,2.395054393887518e+08,1.574772668538802e+04,3.008827149849742e+05,8.055531365048732e-03,4.041158455937374e+08,0.000000000000000e+00,-8.510873551699661e-08,8.147736735905632e+10,8.147736735905632e+10,-2.355630347783412e+00,4.409300039113202e-03,1.000000000000000e+00,0.000000000000000e+00,2.668637921499419e+03,2.668637921499419e+03,-2.384096423432688e+03,1.178443480951254e+01,1.000000000000000e+03,1.000000000000000e+00,
4.409300039113202e-03,0.000000000000000e+00,1.178443480951254e+01,3.592739068098131e+08,3.592581590831277e+08,1.528718108208869e+03,4.409300039113202e-03,0.000000000000000e+00,-1.000000000000000e+03,2.395054393887518e+08,1.574772668538802e+04,3.008827149849742e+05,8.055531365048732e-03,4.041158455937374e+08,0.000000000000000e+00,-8.510873551699661e-08,8.147736735905632e+10,8.147736735905632e+10,-2.355630347783412e+00,4.409300039113202e-03,1.000000000000000e+00,0.000000000000000e+00,2.668637921499419e+03,2.668637921499419e+03,-2.587462938604451e+03,1.178443480951254e+01,1.000000000000000e+03,1.000000000000000e+00,
4.409300039113202e-03,0.000000000000000e+00,1.178443480951254e+01,3.592739068098131e+08,3.592581590831277e+08,1.528718108208869e+03,4.409300039113202e-03,0.000000000000000e+00,-1.000000000000000e+03,2.395054393887518e+08,1.574772668538802e+04,3.008827149849742e+05,8.055531365048732e-03,4.041158455937374e+08,0.000000000000000e+00,-8.510873551699661e-08,8.147736735905632e+10,8.147736735905632e+10,-2.355630347783412e+00,4.409300039113202e-03,1.000000000000000e+00,0.000000000000000e+00,2.668637921499419e+03,2.668637921499419e+03,-2.672622627930201e+03,1.178443480951254e+01,1.000000000000000e+03,1.000000000000000e+00,
4.409300039113202e-03,0.000000000000000e+00,1.178443480951254e+01,3.592739068098131e+08,3.592581590831277e+08,1.528718108208869e+03,4.409300039113202e-03,0.000000000000000e+00,-1.000000000000000e+03,2.395054393887518e+08,1.574772668538802e+04,3.008827149849742e+05,8.055531365048732e-03,4.041158455937374e+08,0.000000000000000e+00,-8.510873551699661e-08,8.147736735905632e+10,8.147736735905632e+10,-2.355630347783412e+00,4.409300039113202e-03,1.000000000000000e+00,0.000000000000000e+00,2.668637921499419e+03,2.668637921499419e+03,-2.672622627930201e+03,1.178443480951254e+01,1.000000000000000e+03,1.000000000000000e+00,
4.409300039113202e-03,0.000000000000000e+00,1.178443480951254e+01,3.592739068098131e+08,3.592581590831277e+08,1.528718108208869e+03,4.409300039113202e-03,0.000000000000000e+00,-1.000000000000000e+03,2.395054393887518e+08,1.574772668538802e+04,3.008827149849742e+05,8.055531365048732e-03,4.041158455937374e+08,0.000000000000000e+00,-8.510873551699661e-08,8.147736735905632e+10,8.147736735905632e+10,-2.355630347783412e+00,4.409300039113202e-03,1.000000000000000e+00,0.000000000000000e+00,2.668637921499419e+03,2.668637921499419e+03,-2.587462938604451e+03,1.178443480951254e+01,1.000000000000000e+03,1.000000000000000e+00,
4.409300039113202e-03,0.000000000000000e+00,1.178443480951254e+01,3.592739068098131e+08,3.592581590831277e+08,1.528718108208869e+03,4.409300039113202e-03,0.000000000000000e+00,-1.000000000000000e+03,2.395054393887518e+08,1.574772668538802e+04,3.008827149849742e+05,8.055531365048732e-03,4.041158455937374e+08,0.000000000000000e+00,-8.510873551699661e-08,8.147736735905632e+10,8.147736735905632e+10,-2.355630347783412e+00,4.409300039113202e-03,1.000000000000000e+00,0.000000000000000e+00,2.668637921499419e+03,2.668637921499419e+03,-2.384096423432688e+03,1.178443480951254e+01,1.000000000000000e+03,1.000000000000000e+00,
7.506097711197724e-08,0.000000000000000e+00,-7.507699120563142e-08,1.894284224271059e+03,1.894284224233528e+03,4.735014910321381e+02,7.506097711197724e-08,0.000000000000000e+00,-1.000000000000000e+03,1.262856149489019e+03,3.752632507024423e-08,1.674534924466619e+05,5.967166492023832e-06,7.887470588078258e+08,0.000000000000000e+00,-1.764199223633356e-11,2.523660491932583e+10,2.523660491932583e+10,-7.124585786424697e+00,7.506097711197724e-08,1.000000000000000e+00,0.000000000000000e+00,-1.000004590998964e+00,9.996757852871822e-01,-7.986888443690805e-01,7.506119147616202e-08,1.000000000000000e+03,1.000000000000000e+00,
7.510528567909016e-08,0.000000000000000e+00,-7.738009245907379e-08,1.897294712940059e+03,1.897294712902534e+03,4.739742152073378e+02,7.510528567909016e-08,0.000000000000000e+00,-1.000000000000000e+03,1.264863141935023e+03,3.612768390116425e-08,1.675370608916568e+05,5.067762663928588e-06,7.887792742835307e+08,0.000000000000000e+00,-2.286815865681219e-09,2.526180009499323e+10,2.526180009499323e+10,-7.124329497609899e+00,7.510528567909016e-08,1.000000000000000e+00,0.000000000000000e+00,-9.996387574222094e-01,9.337720530709401e-01,-7.050081948341642e-01,7.507815445208575e-08,1.000000000000000e+03,1.000000000000000e+00,
8.344704673717631e-08,0.000000000000000e+00,-7.812942992574541e-08,2.584839671169898e+03,2.584839671133888e+03,5.811832125971741e+02,8.344704673717631e-08,0.000000000000000e+00,-1.000000000000000e+03,1.723226447422592e+03,5.172943841899284e-12,1.855197134756265e+05,2.358541117069552e-08,7.959051369371775e+08,0.000000000000000e+00,-6.629114642053367e-08,3.097580767927071e+10,3.097580767927071e+10,-7.078589028768360e+00,8.344704673717631e-08,1.000000000000000e+00,0.000000000000000e+00,-9.290174010266431e-01,8.422831075719958e-03,-5.130025326211894e-01,1.228314754361167e-09,1.000000000000000e+03,1.000000000000000e+00,
2.547484656669018e-07,0.000000000000000e+00,1.902020437442079e-07,2.997224606859269e+04,2.997224606852168e+04,1.554079420064492e+03,2.547484656669018e-07,0.000000000000000e+00,-1.000000000000000e+03,1.998149737901445e+04,7.100497612373613e-08,3.033682588037945e+05,2.065004491892299e-06,7.181824470480984e+08,0.000000000000000e+00,-4.311721494207665e-04,8.282907040468143e+10,8.282907040468143e+10,-6.593888423040494e+00,2.547484656669018e-07,1.000000000000000e+00,0.000000000000000e+00,7.466268471775916e-01,7.466268471775916e-01,1.800825143557111e-01,1.902020437442079e-07,1.000000000000000e+03,1.000000000000000e+00,
3.376221320339530e-06,0.000000000000000e+00,9.142402367162319e-03,2.793006619628298e+05,2.792882836983275e+05,1.505757369962203e+03,3.376221320339530e-06,0.000000000000000e+00,-1.000000000000000e+03,1.861921891322184e+05,1.237826450232380e+01,2.986145968235410e+05,8.931816112098555e-03,6.311746960178547e+08,0.000000000000000e+00,-5.355688495796130e-06,8.025360969247731e+10,8.025360969247733e+10,-5.471569091948124e+00,3.376221320339530e-06,1.000000000000000e+00,0.000000000000000e+00,2.707880052793137e+03,2.707880052793137e+03,-8.568072002704699e+02,9.142402367162319e-03,1.000000000000000e+03,1.000000000000000e+00,
3.726583065812338e-05,0.000000000000000e+00,1.018940525268112e-01,2.990507492454438e+06,2.990368190609330e+06,1.501568747028782e+03,3.726583065812338e-05,0.000000000000000e+00,-1.000000000000000e+03,1.993578793739554e+06,1.393018451082528e+02,2.981989737544404e+05,9.009528404242491e-03,5.457340713863596e+08,0.000000000000000e+00,1.941664477711811e-07,8.003036515338127e+10,8.003036515338127e+10,-4.428689193869697e+00,3.726583065812338e-05,1.000000000000000e+00,0.000000000000000e+00,2.686632124156592e+03,2.686632124156592e+03,-1.483555724995781e+03,1.018940525268112e-01,1.000000000000000e+03,1.000000000000000e+00,
4.109596494052876e-04,0.000000000000000e+00,1.103941193181566e+00,3.289073538879318e+07,3.288925265665662e+07,1.501568831557108e+03,4.109596494052876e-04,0.000000000000000e+00,-1.000000000000000e+03,2.192616843777108e+07,1.482732136557370e+03,2.981989821477490e+05,8.888629012451060e-03,4.622379939295982e+08,0.000000000000000e+00,-2.346609079237396e-07,8.003036965855815e+10,8.003036965855814e+10,-3.386200817785505e+00,4.109596494052876e-04,1.000000000000000e+00,0.000000000000000e+00,2.672750638288717e+03,2.672750638288717e+03,-1.884992042126201e+03,1.103941193181566e+00,1.000000000000000e+03,1.000000000000000e+00,
7.506097711197724e-08,0.000000000000000e+00,-7.507699120563142e-08,1.894284224271059e+03,1.894284224233528e+03,4.735014910321381e+02,7.506097711197724e-08,0.000000000000000e+00,-1.000000000000000e+03,1.262856149489019e+03,3.752632507024423e-08,1.674534924466619e+05,5.967166492023832e-06,7.887470588078258e+08,0.000000000000000e+00,-1.764199223633356e-11,2.523660491932583e+10,2.523660491932583e+10,-7.124585786424697e+00,7.506097711197724e-08,1.000000000000000e+00,0.000000000000000e+00,-1.000004590998964e+00,9.996757852871822e-01,-7.986888443690805e-01,7.506119147616202e-08,1.000000000000000e+03,1.000000000000000e+00,
7.510528567909016e-08,0.000000000000000e+00,-7.738009245907379e-08,1.897294712940059e+03,1.897294712902534e+03,4.739742152073378e+02,7.510528567909016e-08,0.000000000000000e+00,-1.000000000000000e+03,1.264863141935023e+03,3.612768390116425e-08,1.675370608916568e+05,5.067762663928588e-06,7.887792742835307e+08,0.000000000000000e+00,-2.286815865681219e-09,2.526180009499323e+10,2.526180009499323e+10,-7.124329497609899e+00,7.510528567909016e-08,1.000000000000000e+00,0.000000000000000e+00,-9.996387574222094e-01,9.337720530709401e-01,-7.050081948341642e-01,7.507815445208575e-08,1.000000000000000e+03,1.000000000000000e+00,
8.344704673717631e-08,0.000000000000000e+00,-7.812942992574541e-08,2.584839671169898e+03,2.584839671133888e+03,5.811832125971741e+02,8.344704673717631e-08,0.000000000000000e+00,-1.000000000000000e+03,1.723226447422592e+03,5.172943841899284e-12,1.855197134756265e+05,2.358541117069552e-08,7.959051369371775e+08,0.000000000000000e+00,-6.629114642053367e-08,3.097580767927071e+10,3.097580767927071e+10,-7.078589028768360e+00,8.344704673717631e-08,1.000000000000000e+00,0.000000000000000e+00,-9.290174010266431e-01,8.422831075719958e-03,-5.130025326211894e-01,1.228314754361167e-09,1.000000000000000e+03,1.000000000000000e+00,
2.547484656669018e-07,0.000000000000000e+00,1.902020437442079e-07,2.997224606859269e+04,2.997224606852168e+04,1.554079420064492e+03,2.547484656669018e-07,0.000000000000000e+00,-1.000000000000000e+03,1.998149737901445e+04,7.100497612373613e-08,3.033682588037945e+05,2.065004491892299e-06,7.181824470480984e+08,0.000000000000000e+00,-4.311721494207665e-04,8.282907040468143e+10,8.282907040468143e+10,-6.593888423040494e+00,2.547484656669018e-07,1.000000000000000e+00,0.000000000000000e+00,7.466268471775916e-01,7.466268471775916e-01,1.800825143557111e-01,1.902020437442079e-07,1.000000000000000e+03,1.000000000000000e+00,
3.376221320339530e-06,0.000000000000000e+00,9.142402367162319e-03,2.793006619628298e+05,2.792882836983275e+05,1.505757369962203e+03,3.376221320339530e-06,0.000000000000000e+00,-1.000000000000000e+03,1.861921891322184e+05,1.237826450232380e+01,2.986145968235410e+05,8.931816112098555e-03,6.311746960178547e+08,0.000000000000000e+00,-5.355688495796130e-06,8.025360969247731e+10,8.025360969247733e+10,-5.471569091948124e+00,3.376221320339530e-06,1.000000000000000e+00,0.000000000000000e+00,2.707880052793137e+03,2.707880052793137e+03,-8.568072002704699e+02,9.142402367162319e-03,1.000000000000000e+03,1.000000000000000e+00,
3.726583065812338e-05,0.000000000000000e+00,1.018940525268112e-01,2.990507492454438e+06,2.990368190609330e+06,1.501568747028782e+03,3.726583065812338e-05,0.000000000000000e+00,-1.000000000000000e+03,1.993578793739554e+06,1.393018451082528e+02,2.981989737544404e+05,9.009528404242491e-03,5.457340713863596e+08,0.000000000000000e+00,1.941664477711811e-07,8.003036515338127e+10,8.003036515338127e+10,-4.428689193869697e+00,3.726583065812338e-05,1.000000000000000e+00,0.000000000000000e+00,2.686632124156592e+03,2.686632124156592e+03,-1.483555724995781e+03,1.018940525268112e-01,1.000000000000000e+03,1.000000000000000e+00,
4.109596494052876e-04,0.000000000000000e+00,1.103941193181566e+00,3.289073538879318e+07,3.288925265665662e+07,1.501568831557108e+03,4.109596494052876e-04,0.000000000000000e+00,-1.000000000000000e+03,2.192616843777108e+07,1.482732136557370e+03,2.981989821477490e+05,8.888629012451060e-03,4.622379939295982e+08,0.000000000000000e+00,-2.346609079237396e-07,8.003036965855815e+10,8.003036965855814e+10,-3.386200817785505e+00,4.109596494052876e-04,1.000000000000000e+00,0.000000000000000e+00,2.672750638288717e+03,2.672750638288717e+03,-1.884992042126201e+03,1.103941193181566e+00,1.000000000000000e+03,1.000000000000000e+00,
7.506097711197724e-08,0.000000000000000e+00,-7.507699120563142e-08,1.894284224271059e+03,1.894284224233528e+03,4.735014910321381e+02,7.506097711197724e-08,0.000000000000000e+00,-1.000000000000000e+03,1.262856149489019e+03,3.752632507024423e-08,1.674534924466619e+05,5.967166492023832e-06,7.887470588078258e+08,0.000000000000000e+00,-1.764199223633356e-11,2.523660491932583e+10,2.523660491932583e+10,-7.124585786424697e+00,7.506097711197724e-08,1.000000000000000e+00,0.000000000000000e+00,-1.000004590998964e+00,9.996757852871822e-01,-8.933798585449719e-01,7.506119147616202e-08,1.000000000000000e+03,1.000000000000000e+00,
7.510528567909016e-08,0.000000000000000e+00,-7.738009245907379e-08,1.897294712940059e+03,1.897294712902534e+03,4.739742152073378e+02,7.510528567909016e-08,0.000000000000000e+00,-1.000000000000000e+03,1.264863141935023e+03,3.612768390116425e-08,1.675370608916568e+05,5.067762663928588e-06,7.887792742835307e+08,0.000000000000000e+00,-2.286815865681219e-09,2.526180009499323e+10,2.526180009499323e+10,-7.124329497609899e+00,7.510528567909016e-08,1.000000000000000e+00,0.000000000000000e+00,-9.996387574222094e-01,9.337720530709401e-01,-8.300788032960156e-01,7.507815445208575e-08,1.000000000000000e+03,1.000000000000000e+00,
8.344704673717631e-08,0.000000000000000e+00,-7.812942992574541e-08,2.584839671169898e+03,2.584839671133888e+03,5.811832125971741e+02,8.344704673717631e-08,0.000000000000000e+00,-1.000000000000000e+03,1.723226447422592e+03,5.172943841899284e-12,1.855197134756265e+05,2.358541117069552e-08,7.959051369371775e+08,0.000000000000000e+00,-6.629114642053367e-08,3.097580767927071e+10,3.097580767927071e+10,-7.078589028768360e+00,8.344704673717631e-08,1.000000000000000e+00,0.000000000000000e+00,-9.290174010266431e-01,8.422831075719958e-03,-6.543434395993607e-01,1.228314754361167e-09,1.000000000000000e+03,1.000000000000000e+00,
2.547484656669018e-07,0.000000000000000e+00,1.902020437442079e-07,2.997224606859269e+04,2.997224606852168e+04,1.554079420064492e+03,2.547484656669018e-07,0.000000000000000e+00,-1.000000000000000e+03,1.998149737901445e+04,7.100497612373613e-08,3.033682588037945e+05,2.065004491892299e-06,7.181824470480984e+08,0.000000000000000e+00,-4.311721494207665e-04,8.282907040468143e+10,8.282907040468143e+10,-6.593888423040494e+00,2.547484656669018e-07,1.000000000000000e+00,0.000000000000000e+00,7.466268471775916e-01,7.466268471775916e-01,2.349936437180332e-01,1.902020437442079e-07,1.000000000000000e+03,1.000000000000000e+00,
3.376221320339530e-06,0.000000000000000e+00,9.142402367162319e-03,2.793006619628298e+05,2.792882836983275e+05,1.505757369962203e+03,3.376221320339530e-06,0.000000000000000e+00,-1.000000000000000e+03,1.861921891322184e+05,1.237826450232380e+01,2.986145968235410e+05,8.931816112098555e-03,6.311746960178547e+08,0.000000000000000e+00,-5.355688495796130e-06,8.025360969247731e+10,8.025360969247733e+10,-5.471569091948124e+00,3.376221320339530e-06,1.000000000000000e+00,0.000000000000000e+00,2.707880052793137e+03,2.707880052793137e+03,-1.211700990477000e+03,9.142402367162319e-03,1.000000000000000e+03,1.000000000000000e+00,
3.726583065812338e-05,0.000000000000000e+00,1.018940525268112e-01,2.990507492454438e+06,2.990368190609330e+06,1.501568747028782e+03,3.726583065812338e-05,0.000000000000000e+00,-1.000000000000000e+03,1.993578793739554e+06,1.393018451082528e+02,2.981989737544404e+05,9.009528404242491e-03,5.457340713863596e+08,0.000000000000000e+00,1.941664477711811e-07,8.003036515338127e+10,8.003036515338127e+10,-4.428689193869697e+00,3.726583065812338e-05,1.000000000000000e+00,0.000000000000000e+00,2.686632124156592e+03,2.686632124156592e+03,-1.892300513549093e+03,1.018940525268112e-01,1.000000000000000e+03,1.000000000000000e+00,
4.109596494052876e-04,0.000000000000000e+00,1.103941193181566e+00,3.289073538879318e+07,3.288925265665662e+07,1.501568831557108e+03,4.109596494052876e-04,0.000000000000000e+00,-1.000000000000000e+03,2.192616843777108e+07,1.482732136557370e+03,2.981989821477490e+05,8.888629012451060e-03,4.622379939295982e+08,0.000000000000000e+00,-2.346609079237396e-07,8.003036965855815e+10,8.003036965855814e+10,-3.386200817785505e+00,4.109596494052876e-04,1.000000000000000e+00,0.000000000000000e+00,2.672750638288717e+03,2.672750638288717e+03,-2.219395391451705e+03,1.103941193181566e+00,1.000000000000000e+03,1.000000000000000e+00,
7.506097711197724e-08,0.000000000000000e+00,-7.507699120563142e-08,1.894284224271059e+03,1.894284224233528e+03,4.735014910321381e+02,7.506097711197724e-08,0.000000000000000e+00,-1.000000000000000e+03,1.262856149489019e+03,3.752632507024423e-08,1.674534924466619e+05,5.967166492023832e-06,7.887470588078258e+08,0.000000000000000e+00,-1.764199223633356e-11,2.523660491932583e+10,2.523660491932583e+10,-7.124585786424697e+00,7.506097711197724e-08,1.000000000000000e+00,0.000000000000000e+00,-1.000004590998964e+00,9.996757852871822e-01,-9.695863184730233e-01,7.506119147616202e-08,1.000000000000000e+03,1.000000000000000e+00,
7.510528567909016e-08,0.000000000000000e+00,-7.738009245907379e-08,1.897294712940059e+03,1.897294712902534e+03,4.739742152073378e+02,7.510528567909016e-08,0.000000000000000e+00,-1.000000000000000e+03,1.264863141935023e+03,3.612768390116425e-08,1.675370608916568e+05,5.067762663928588e-06,7.887792742835307e+08,0.000000000000000e+00,-2.286815865681219e-09,2.526180009499323e+10,2.526180009499323e+10,-7.124329497609899e+00,7.510528567909016e-08,1.000000000000000e+00,0.000000000000000e+00,-9.996387574222094e-01,9.337720530709401e-01,-9.473465523336180e-01,7.507815445208575e-08,1.000000000000000e+03,1.000000000000000e+00,
8.344704673717631e-08,0.000000000000000e+00,-7.812942992574541e-08,2.584839671169898e+03,2.584839671133888e+03,5.811832125971741e+02,8.344704673717631e-08,0.000000000000000e+00,-1.000000000000000e+03,1.723226447422592e+03,5.172943841899284e-12,1.855197134756265e+05,2.358541117069552e-08,7.959051369371775e+08,0.000000000000000e+00,-6.629114642053367e-08,3.097580767927071e+10,3.097580767927071e+10,-7.078589028768360e+00,8.344704673717631e-08,1.000000000000000e+00,0.000000000000000e+00,-9.290174010266431e-01,8.422831075719958e-03,-8.289787287990842e-01,1.228314754361167e-09,1.000000000000000e+03,1.000000000000000e+00,
2.547484656669018e-07,0.000000000000000e+00,1.902020437442079e-07,2.997224606859269e+04,2.997224606852168e+04,1.554079420064492e+03,2.547484656669018e-07,0.000000000000000e+00,-1.000000000000000e+03,1.998149737901445e+04,7.100497612373613e-08,3.033682588037945e+05,2.065004491892299e-06,7.181824470480984e+08,0.000000000000000e+00,-4.311721494207665e-04,8.282907040468143e+10,8.282907040468143e+10,-6.593888423040494e+00,2.547484656669018e-07,1.000000000000000e+00,0.000000000000000e+00,7.466268471775916e-01,7.466268471775916e-01,3.328529097595005e-01,1.902020437442079e-07,1.000000000000000e+03,1.000000000000000e+00,
3.376221320339530e-06,0.000000000000000e+00,9.142402367162319e-03,2.793006619628298e+05,2.792882836983275e+05,1.505757369962203e+03,3.376221320339530e-06,0.000000000000000e+00,-1.000000000000000e+03,1.861921891322184e+05,1.237826450232380e+01,2.986145968235410e+05,8.931816112098555e-03,6.311746960178547e+08,0.000000000000000e+00,-5.355688495796130e-06,8.025360969247731e+10,8.025360969247733e+10,-5.471569091948124e+00,3.376221320339530e-06,1.000000000000000e+00,0.000000000000000e+00,2.707880052793137e+03,2.707880052793137e+03,-1.918823487887133e+03,9.142402367162319e-03,1.000000000000000e+03,1.000000000000000e+00,
3.726583065812338e-05,0.000000000000000e+00,1.018940525268112e-01,2.990507492454438e+06,2.990368190609330e+06,1.501568747028782e+03,3.726583065812338e-05,0.000000000000000e+00,-1.000000000000000e+03,1.993578793739554e+06,1.393018451082528e+02,2.981989737544404e+05,9.009528404242491e-03,5.457340713863596e+08,0.000000000000000e+00,1.941664477711811e-07,8.003036515338127e+10,8.003036515338127e+10,-4.428689193869697e+00,3.726583065812338e-05,1.000000000000000e+00,0.000000000000000e+00,2.686632124156592e+03,2.686632124156592e+03,-2.397329566241614e+03,1.018940525268112e-01,1.000000000000000e+03,1.000000000000000e+00,
4.109596494052876e-04,0.000000000000000e+00,1.103941193181566e+00,3.289073538879318e+07,3.288925265665662e+07,1.501568831557108e+03,4.109596494052876e-04,0.000000000000000e+00,-1.000000000000000e+03,2.192616843777108e+07,1.482732136557370e+03,2.981989821477490e+05,8.888629012451060e-03,4.622379939295982e+08,0.000000000000000e+00,-2.346609079237396e-07,8.003036965855815e+10,8.003036965855814e+10,-3.386200817785505e+00,4.109596494052876e-04,1.000000000000000e+00,0.000000000000000e+00,2.672750638288717e+03,2.672750638288717e+03,-2.532936106798892e+03,1.103941193181566e+00,1.000000000000000e+03,1.000000000000000e+00,
7.506097711197724e-08,0.000000000000000e+00,-7.507699120563142e-08,1.894284224271059e+03,1.894284224233528e+03,4.735014910321381e+02,7.506097711197724e-08,0.000000000000000e+00,-1.000000000000000e+03,1.262856149489019e+03,3.752632507024423e-08,1.674534924466619e+05,5.967166492023832e-06,7.887470588078258e+08,0.000000000000000e+00,-1.764199223633356e-11,2.523660491932583e+10,2.523660491932583e+10,-7.124585786424697e+00,7.506097711197724e-08,1.000000000000000e+00,0.000000000000000e+00,-1.000004590998964e+00,9.996757852871822e-01,-1.000002676174575e+00,7.506119147616202e-08,1.000000000000000e+03,1.000000000000000e+00,
7.510528567909016e-08,0.000000000000000e+00,-7.738009245907379e-08,1.897294712940059e+03,1.897294712902534e+03,4.739742152073378e+02,7.510528567909016e-08,0.000000000000000e+00,-1.000000000000000e+03,1.264863141935023e+03,3.612768390116425e-08,1.675370608916568e+05,5.067762663928588e-06,7.887792742835307e+08,0.000000000000000e+00,-2.286815865681219e-09,2.526180009499323e+10,2.526180009499323e+10,-7.124329497609899e+00,7.510528567909016e-08,1.000000000000000e+00,0.000000000000000e+00,-9.996387574222094e-01,9.337720530709401e-01,-9.996353500990754e-01,7.507815445208575e-08,1.000000000000000e+03,1.000000000000000e+00,
8.344704673717631e-08,0.000000000000000e+00,-7.812942992574541e-08,2.584839671169898e+03,2.584839671133888e+03,5.811832125971741e+02,8.344704673717631e-08,0.000000000000000e+00,-1.000000000000000e+03,1.723226447422592e+03,5.172943841899284e-12,1.855197134756265e+05,2.358541117069552e-08,7.959051369371775e+08,0.000000000000000e+00,-6.629114642053367e-08,3.097580767927071e+10,3.097580767927071e+10,-7.078589028768360e+00,8.344704673717631e-08,1.000000000000000e+00,0.000000000000000e+00,-9.290174010266431e-01,8.422831075719958e-03,-9.290102575688510e-01,1.228314754361167e-09,1.000000000000000e+03,1.000000000000000e+00,
2.547484656669018e-07,0.000000000000000e+00,1.902020437442079e-07,2.997224606859269e+04,2.997224606852168e+04,1.554079420064492e+03,2.547484656669018e-07,0.000000000000000e+00,-1.000000000000000e+03,1.998149737901445e+04,7.100497612373613e-08,3.033682588037945e+05,2.065004491892299e-06,7.181824470480984e+08,0.000000000000000e+00,-4.311721494207665e-04,8.282907040468143e+10,8.282907040468143e+10,-6.593888423040494e+00,2.547484656669018e-07,1.000000000000000e+00,0.000000000000000e+00,7.466268471775916e-01,7.466268471775916e-01,5.279449066552071e-01,1.902020437442079e-07,1.000000000000000e+03,1.000000000000000e+00,
3.376221320339530e-06,0.000000000000000e+00,9.142402367162319e-03,2.793006619628298e+05,2.792882836983275e+05,1.505757369962203e+03,3.376221320339530e-06,0.000000000000000e+00,-1.000000000000000e+03,1.861921891322184e+05,1.237826450232380e+01,2.986145968235410e+05,8.931816112098555e-03,6.311746960178547e+08,0.000000000000000e+00,-5.355688495796130e-06,8.025360969247731e+10,8.025360969247733e+10,-5.471569091948124e+00,3.376221320339530e-06,1.000000000000000e+00,0.000000000000000e+00,2.707880052793137e+03,2.707880052793137e+03,-2.801406738565848e+03,9.142402367162319e-03,1.000000000000000e+03,1.000000000000000e+00,
3.726583065812338e-05,0.000000000000000e+00,1.018940525268112e-01,2.990507492454438e+06,2.990368190609330e+06,1.501568747028782e+03,3.726583065812338e-05,0.000000000000000e+00,-1.000000000000000e+03,1.993578793739554e+06,1.393018451082528e+02,2.981989737544404e+05,9.009528404242491e-03,5.457340713863596e+08,0.000000000000000e+00,1.941664477711811e-07,8.003036515338127e+10,8.003036515338127e+10,-4.428689193869697e+00,3.726583065812338e-05,1.000000000000000e+00,0.000000000000000e+00,2.686632124156592e+03,2.686632124156592e+03,-2.734166643518343e+03,1.018940525268112e-01,1.000000000000000e+03,1.000000000000000e+00,
4.109596494052876e-04,0.000000000000000e+00,1.103941193181566e+00,3.289073538879318e+07,3.288925265665662e+07,1.501568831557108e+03,4.109596494052876e-04,0.000000000000000e+00,-1.000000000000000e+03,2.192616843777108e+07,1.482732136557370e+03,2.981989821477490e+05,8.888629012451060e-03,4.622379939295982e+08,0.000000000000000e+00,-2.346609079237396e-07,8.003036965855815e+10,8.003036965855814e+10,-3.386200817785505e+00,4.109596494052876e-04,1.000000000000000e+00,0.000000000000000e+00,2.672750638288717e+03,2.672750638288717e+03,-2.686231696682551e+03,1.103941193181566e+00,1.000000000000000e+03,1.000000000000000e+00,
7.506097711197724e-08,0.000000000000000e+00,-7.507699120563142e-08,1.894284224271059e+03,1.894284224233528e+03,4.735014910321381e+02,7.506097711197724e-08,0.000000000000000e+00,-1.000000000000000e+03,1.262856149489019e+03,3.752632507024423e-08,1.674534924466619e+05,5.967166492023832e-06,7.887470588078258e+08,0.000000000000000e+00,-1.764199223633356e-11,2.523660491932583e+10,2.523660491932583e+10,-7.124585786424697e+00,7.506097711197724e-08,1.000000000000000e+00,0.000000000000000e+00,-1.000004590998964e+00,9.996757852871822e-01,-1.000002676174575e+00,7.506119147616202e-08,1.000000000000000e+03,1.000000000000000e+00,
7.510528567909016e-08,0.000000000000000e+00,-7.738009245907379e-08,1.897294712940059e+03,1.897294712902534e+03,4.739742152073378e+02,7.510528567909016e-08,0.000000000000000e+00,-1.000000000000000e+03,1.264863141935023e+03,3.612768390116425e-08,1.675370608916568e+05,5.067762663928588e-06,7.887792742835307e+08,0.000000000000000e+00,-2.286815865681219e-09,2.526180009499323e+10,2.526180009499323e+10,-7.124329497609899e+00,7.510528567909016e-08,1.000000000000000e+00,0.000000000000000e+00,-9.996387574222094e-01,9.337720530709401e-01,-9.996353500990754e-01,7.507815445208575e-08,1.000000000000000e+03,1.000000000000000e+00,
8.344704673717631e-08,0.000000000000000e+00,-7.812942992574541e-08,2.584839671169898e+03,2.584839671133888e+03,5.811832125971741e+02,8.344704673717631e-08,0.000000000000000e+00,-1.000000000000000e+03,1.723226447422592e+03,5.172943841899284e-12,1.855197134756265e+05,2.358541117069552e-08,7.959051369371775e+08,0.000000000000000e+00,-6.629114642053367e-08,3.097580767927071e+10,3.097580767927071e+10,-7.078589028768360e+00,8.344704673717631e-08,1.000000000000000e+00,0.000000000000000e+00,-9.290174010266431e-01,8.422831075719958e-03,-9.290102575688510e-01,1.228314754361167e-09,1.000000000000000e+03,1.000000000000000e+00,
2.547484656669018e-07,0.000000000000000e+00,1.902020437442079e-07,2.997224606859269e+04,2.997224606852168e+04,1.554079420064492e+03,2.547484656669018e-07,0.000000000000000e+00,-1.000000000000000e+03,1.998149737901445e+04,7.100497612373613e-08,3.033682588037945e+05,2.065004491892299e-06,7.181824470480984e+08,0.000000000000000e+00,-4.311721494207665e-04,8.282907040468143e+10,8.282907040468143e+10,-6.593888423040494e+00,2.547484656669018e-07,1.000000000000000e+00,0.000000000000000e+00,7.466268471775916e-01,7.466268471775916e-01,5.279449066552071e-01,1.902020437442079e-07,1.000000000000000e+03,1.000000000000000e+00,
3.376221320339530e-06,0.000000000000000e+00,9.142402367162319e-03,2.793006619628298e+05,2.792882836983275e+05,1.505757369962203e+03,3.376221320339530e-06,0.000000000000000e+00,-1.000000000000000e+03,1.861921891322184e+05,1.237826450232380e+01,2.986145968235410e+05,8.931816112098555e-03,6.311746960178547e+08,0.000000000000000e+00,-5.355688495796130e-06,8.025360969247731e+10,8.025360969247733e+10,-5.471569091948124e+00,3.376221320339530e-06,1.000000000000000e+00,0.000000000000000e+00,2.707880052793137e+03,2.707880052793137e+03,-2.801406738565848e+03,9.142402367162319e-03,1.000000000000000e+03,1.000000000000000e+00,
3.726583065812338e-05,0.000000000000000e+00,1.018940525268112e-01,2.990507492454438e+06,2.990368190609330e+06,1.501568747028782e+03,3.726583065812338e-05,0.000000000000000e+00,-1.000000000000000e+03,1.993578793739554e+06,1.393018451082528e+02,2.981989737544404e+05,9.009528404242491e-03,5.457340713863596e+08,0.000000000000000e+00,1.941664477711811e-07,8.003036515338127e+10,8.003036515338127e+10,-4.428689193869697e+00,3.726583065812338e-05,1.000000000000000e+00,0.000000000000000e+00,2.686632124156592e+03,2.686632124156592e+03,-2.734166643518343e+03,1.018940525268112e-01,1.000000000000000e+03,1.000000000000000e+00,
4.109596494052876e-04,0.000000000000000e+00,1.103941193181566e+00,3.289073538879318e+07,3.288925265665662e+07,1.501568831557108e+03,4.109596494052876e-04,0.000000000000000e+00,-1.000000000000000e+03,2.192616843777108e+07,1.482732136557370e+03,2.981989821477490e+05,8.888629012451060e-03,4.622379939295982e+08,0.000000000000000e+00,-2.346609079237396e-07,8.003036965855815e+10,8.003036965855814e+10,-3.386200817785505e+00,4.109596494052876e-04,1.000000000000000e+00,0.000000000000000e+00,2.672750638288717e+03,2.672750638288717e+03,-2.686231696682551e+03,1.103941193181566e+00,1.000000000000000e+03,1.000000000000000e+00,
7.506097711197724e-08,0.000000000000000e+00,-7.507699120563142e-08,1.894284224271059e+03,1.894284224233528e+03,4.735014910321381e+02,7.506097711197724e-08,0.000000000000000e+00,-1.000000000000000e+03,1.262856149489019e+03,3.752632507024423e-08,1.674534924466619e+05,5.967166492023832e-06,7.887470588078258e+08,0.000000000000000e+00,-1.764199223633356e-11,2.523660491932583e+10,2.523660491932583e+10,-7.124585786424697e+00,7.506097711197724e-08,1.000000000000000e+00,0.000000000000000e+00,-1.000004590998964e+00,9.996757852871822e-01,-9.695863184730233e-01,7.506119147616202e-08,1.000000000000000e+03,1.000000000000000e+00,
7.510528567909016e-08,0.000000000000000e+00,-7.738009245907379e-08,1.897294712940059e+03,1.897294712902534e+03,4.739742152073378e+02,7.510528567909016e-08,0.000000000000000e+00,-1.000000000000000e+03,1.264863141935023e+03,3.612768390116425e-08,1.675370608916568e+05,5.067762663928588e-06,7.887792742835307e+08,0.000000000000000e+00,-2.286815865681219e-09,2.526180009499323e+10,2.526180009499323e+10,-7.124329497609899e+00,7.510528567909016e-08,1.000000000000000e+00,0.000000000000000e+00,-9.996387574222094e-01,9.337720530709401e-01,-9.473465523336180e-01,7.507815445208575e-08,1.000000000000000e+03,1.000000000000000e+00,
8.344704673717631e-08,0.000000000000000e+00,-7.812942992574541e-08,2.584839671169898e+03,2.584839671133888e+03,5.811832125971741e+02,8.344704673717631e-08,0.000000000000000e+00,-1.000000000000000e+03,1.723226447422592e+03,5.172943841899284e-12,1.855197134756265e+05,2.358541117069552e-08,7.959051369371775e+08,0.000000000000000e+00,-6.629114642053367e-08,3.097580767927071e+10,3.097580767927071e+10,-7.078589028768360e+00,8.344704673717631e-08,1.000000000000000e+00,0.000000000000000e+00,-9.290174010266431e-01,8.422831075719958e-03,-8.289787287990842e-01,1.228314754361167e-09,1.000000000000000e+03,1.000000000000000e+00,
2.547484656669018e-07,0.000000000000000e+00,1.902020437442079e-07,2.997224606859269e+04,2.997224606852168e+04,1.554079420064492e+03,2.547484656669018e-07,0.000000000000000e+00,-1.000000000000000e+03,1.998149737901445e+04,7.100497612373613e-08,3.033682588037945e+05,2.065004491892299e-06,7.181824470480984e+08,0.000000000000000e+00,-4.311721494207665e-04,8.282907040468143e+10,8.282907040468143e+10,-6.593888423040494e+00,2.547484656669018e-07,1.000000000000000e+00,0.000000000000000e+00,7.466268471775916e-01,7.466268471775916e-01,3.328529097595005e-01,1.902020437442079e-07,1.000000000000000e+03,1.000000000000000e+00,
3.376221320339530e-06,0.000000000000000e+00,9.142402367162319e-03,2.793006619628298e+05,2.792882836983275e+05,1.505757369962203e+03,3.376221320339530e-06,0.000000000000000e+00,-1.000000000000000e+03,1.861921891322184e+05,1.237826450232380e+01,2.986145968235410e+05,8.931816112098555e-03,6.311746960178547e+08,0.000000000000000e+00,-5.355688495796130e-06,8.025360969247731e+10,8.025360969247733e+10,-5.471569091948124e+00,3.376221320339530e-06,1.000000000000000e+00,0.000000000000000e+00,2.707880052793137e+03,2.707880052793137e+03,-1.918823487887133e+03,9.142402367162319e-03,1.000000000000000e+03,1.000000000000000e+00,
3.726583065812338e-05,0.000000000000000e+00,1.018940525268112e-01,2.990507492454438e+06,2.990368190609330e+06,1.501568747028782e+03,3.726583065812338e-05,0.000000000000000e+00,-1.000000000000000e+03,1.993578793739554e+06,1.393018451082528e+02,2.981989737544404e+05,9.009528404242491e-03,5.457340713863596e+08,0.000000000000000e+00,1.941664477711811e-07,8.003036515338127e+10,8.003036515338127e+10,-4.428689193869697e+00,3.726583065812338e-05,1.000000000000000e+00,0.000000000000000e+00,2.686632124156592e+03,2.686632124156592e+03,-2.397329566241614e+03,1.018940525268112e-01,1.000000000000000e+03,1.000000000000000e+00,
4.109596494052876e-04,0.000000000000000e+00,1.103941193181566e+00,3.289073538879318e+07,3.288925265665662e+07,1.501568831557108e+03,4.109596494052876e-04,0.000000000000000e+00,-1.000000000000000e+03,2.192616843777108e+07,1.482732136557370e+03,2.981989821477490e+05,8.888629012451060e-03,4.622379939295982e+08,0.000000000000000e+00,-2.346609079237396e-07,8.003036965855815e+10,8.003036965855814e+10,-3.386200817785505e+00,4.109596494052876e-04,1.000000000000000e+00,0.000000000000000e+00,2.672750638288717e+03,2.672750638288717e+03,-2.532936106798892e+03,1.103941193181566e+00,1.000000000000000e+03,1.000000000000000e+00,
7.506097711197724e-08,0.000000000000000e+00,-7.507699120563142e-08,1.894284224271059e+03,1.894284224233528e+03,4.735014910321381e+02,7.506097711197724e-08,0.000000000000000e+00,-1.000000000000000e+03,1.262856149489019e+03,3.752632507024423e-08,1.674534924466619e+05,5.967166492023832e-06,7.887470588078258e+08,0.000000000000000e+00,-1.764199223633356e-11,2.523660491932583e+10,2.523660491932583e+10,-7.124585786424697e+00,7.506097711197724e-08,1.000000000000000e+00,0.000000000000000e+00,-1.000004590998964e+00,9.996757852871822e-01,-8.933798585449719e-01,7.506119147616202e-08,1.000000000000000e+03,1.000000000000000e+00,
7.510528567909016e-08,0.000000000000000e+00,-7.738009245907379e-08,1.897294712940059e+03,1.897294712902534e+03,4.739742152073378e+02,7.510528567909016e-08,0.000000000000000e+00,-1.000000000000000e+03,1.264863141935023e+03,3.612768390116425e-08,1.675370608916568e+05,5.067762663928588e-06,7.887792742835307e+08,0.000000000000000e+00,-2.286815865681219e-09,2.526180009499323e+10,2.526180009499323e+10,-7.124329497609899e+00,7.510528567909016e-08,1.000000000000000e+00,0.000000000000000e+00,-9.996387574222094e-01,9.337720530709401e-01,-8.300788032960156e-01,7.507815445208575e-08,1.000000000000000e+03,1.000000000000000e+00,
8.344704673717631e-08,0.000000000000000e+00,-7.812942992574541e-08,2.584839671169898e+03,2.584839671133888e+03,5.811832125971741e+02,8.344704673717631e-08,0.000000000000000e+00,-1.000000000000000e+03,1.723226447422592e+03,5.172943841899284e-12,1.855197134756265e+05,2.358541117069552e-08,7.959051369371775e+08,0.000000000000000e+00,-6.629114642053367e-08,3.097580767927071e+10,3.097580767927071e+10,-7.078589028768360e+00,8.344704673717631e-08,1.000000000000000e+00,0.000000000000000e+00,-9.290174010266431e-01,8.422831075719958e-03,-6.543434395993607e-01,1.228314754361167e-09,1.000000000000000e+03,1.000000000000000e+00,
2.547484656669018e-07,0.000000000000000e+00,1.902020437442079e-07,2.997224606859269e+04,2.997224606852168e+04,1.554079420064492e+03,2.547484656669018e-07,0.000000000000000e+00,-1.000000000000000e+03,1.998149737901445e+04,7.100497612373613e-08,3.033682588037945e+05,2.065004491892299e-06,7.181824470480984e+08,0.000000000000000e+00,-4.311721494207665e-04,8.282907040468143e+10,8.282907040468143e+10,-6.593888423040494e+00,2.547484656669018e-07,1.000000000000000e+00,0.000000000000000e+00,7.466268471775916e-01,7.466268471775916e-01,2.349936437180332e-01,1.902020437442079e-07,1.000000000000000e+03,1.000000000000000e+00,
3.376221320339530e-06,0.000000000000000e+00,9.142402367162319e-03,2.793006619628298e+05,2.792882836983275e+05,1.505757369962203e+03,3.376221320339530e-06,0.000000000000000e+00,-1.000000000000000e+03,1.861921891322184e+05,1.237826450232380e+01,2.986145968235410e+05,8.931816112098555e-03,6.311746960178547e+08,0.000000000000000e+00,-5.355688495796130e-06,8.025360969247731e+10,8.025360969247733e+10,-5.471569091948124e+00,3.376221320339530e-06,1.000000000000000e+00,0.000000000000000e+00,2.707880052793137e+03,2.707880052793137e+03,-1.211700990477000e+03,9.142402367162319e-03,1.000000000000000e+03,1.000000000000000e+00,
3.726583065812338e-05,0.000000000000000e+00,1.018940525268112e-01,2.990507492454438e+06,2.990368190609330e+06,1.501568747028782e+03,3.726583065812338e-05,0.000000000000000e+00,-1.000000000000000e+03,1.993578793739554e+06,1.393018451082528e+02,2.981989737544404e+05,9.009528404242491e-03,5.457340713863596e+08,0.000000000000000e+00,1.941664477711811e-07,8.003036515338127e+10,8.003036515338127e+10,-4.428689193869697e+00,3.726583065812338e-05,1.000000000000000e+00,0.000000000000000e+00,2.686632124156592e+03,2.686632124156592e+03,-1.892300513549093e+03,1.018940525268112e-01,1.000000000000000e+03,1.000000000000000e+00,
4.109596494052876e-04,0.000000000000000e+00,1.103941193181566e+00,3.289073538879318e+07,3.288925265665662e+07,1.501568831557108e+03,4.109596494052876e-04,0.000000000000000e+00,-1.000000000000000e+03,2.192616843777108e+07,1.482732136557370e+03,2.981989821477490e+05,8.888629012451060e-03,4.622379939295982e+08,0.000000000000000e+00,-2.346609079237396e-07,8.003036965855815e+10,8.003036965855814e+10,-3.386200817785505e+00,4.109596494052876e-04,1.000000000000000e+00,0.000000000000000e+00,2.672750638288717e+03,2.672750638288717e+03,-2.219395391451705e+03,1.103941193181566e+00,1.000000000000000e+03,1.000000000000000e+00,

64,28
2.918480124036038e-02,0.000000000000000e+00,7.788366732144898e+01,2.881058674483692e+09,2.880954752829652e+09,1.854406266054781e+03,2.918480124036038e-02,0.000000000000000e+00,-1.000000000000000e+03,1.920636501886435e+09,1.039216540397319e+05,3.313873890428528e+05,8.882636024715085e-03,4.610406561230108e+08,2.500000000000000e-07,6.669178650340636e-04,9.883584145497517e+10,9.883584145497517e+10,-1.534843260054991e+00,2.918480124036038e-02,1.000000000000000e+00,0.000000000000000e+00,2.672631643339614e+03,2.672631643339614e+03,-1.608253703157865e+03,7.788366732144898e+01,1.000000000000000e+03,1.000000000000000e+00,
2.918480124036038e-02,0.000000000000000e+00,7.788366732144898e+01,2.881058674483692e+09,2.880954752829652e+09,1.854406266054781e+03,2.918480124036038e-02,0.000000000000000e+00,-1.000000000000000e+03,1.920636501886435e+09,1.039216540397319e+05,3.313873890428528e+05,8.882636024715085e-03,4.610406561230108e+08,2.500000000000000e-07,6.669178650340636e-04,9.883584145497517e+10,9.883584145497517e+10,-1.534843260054991e+00,2.918480124036038e-02,1.000000000000000e+00,0.000000000000000e+00,2.672631643339614e+03,2.672631643339614e+03,-1.608253703157865e+03,7.788366732144898e+01,1.000000000000000e+03,1.000000000000000e+00,
2.918480124036038e-02,0.000000000000000e+00,7.788366732144898e+01,2.881058674483692e+09,2.880954752829652e+09,1.854406266054781e+03,2.918480124036038e-02,0.000000000000000e+00,-1.000000000000000e+03,1.920636501886435e+09,1.039216540397319e+05,3.313873890428528e+05,8.882636024715085e-03,4.610406561230108e+08,2.500000000000000e-07,6.669178650340636e-04,9.883584145497517e+10,9.883584145497517e+10,-1.534843260054991e+00,2.918480124036038e-02,1.000000000000000e+00,0.000000000000000e+00,2.672631643339614e+03,2.672631643339614e+03,-1.894750981637749e+03,7.788366732144898e+01,1.000000000000000e+03,1.000000000000000e+00,
2.918480124036038e-02,0.000000000000000e+00,7.788366732144898e+01,2.881058674483692e+09,2.880954752829652e+09,1.854406266054781e+03,2.918480124036038e-02,0.000000000000000e+00,-1.000000000000000e+03,1.920636501886435e+09,1.039216540397319e+05,3.313873890428528e+05,8.882636024715085e-03,4.610406561230108e+08,2.500000000000000e-07,6.669178650340636e-04,9.883584145497517e+10,9.883584145497517e+10,-1.534843260054991e+00,2.918480124036038e-02,1.000000000000000e+00,0.000000000000000e+00,2.672631643339614e+03,2.672631643339614e+03,-2.228205878380450e+03,7.788366732144898e+01,1.000000000000000e+03,1.000000000000000e+00,
2.918480124036038e-02,0.000000000000000e+00,7.788366732144898e+01,2.881058674483692e+09,2.880954752829652e+09,1.854406266054781e+03,2.918480124036038e-02,0.000000000000000e+00,-1.000000000000000e+03,1.920636501886435e+09,1.039216540397319e+05,3.313873890428528e+05,8.882636024715085e-03,4.610406561230108e+08,2.500000000000000e-07,6.669178650340636e-04,9.883584145497517e+10,9.883584145497517e+10,-1.534843260054991e+00,2.918480124036038e-02,1.000000000000000e+00,0.000000000000000e+00,2.672631643339614e+03,2.672631643339614e+03,-2.538105653173667e+03,7.788366732144898e+01,1.000000000000000e+03,1.000000000000000e+00,
2.918480124036038e-02,0.000000000000000e+00,7.788366732144898e+01,2.881058674483692e+09,2.880954752829652e+09,1.854406266054781e+03,2.918480124036038e-02,0.000000000000000e+00,-1.000000000000000e+03,1.920636501886435e+09,1.039216540397319e+05,3.313873890428528e+05,8.882636024715085e-03,4.610406561230108e+08,2.500000000000000e-07,6.669178650340636e-04,9.883584145497517e+10,9.883584145497517e+10,-1.534843260054991e+00,2.918480124036038e-02,1.000000000000000e+00,0.000000000000000e+00,2.672631643339614e+03,2.672631643339614e+03,-2.538105653173667e+03,7.788366732144898e+01,1.000000000000000e+03,1.000000000000000e+00,
2.918480124036038e-02,0.000000000000000e+00,7.788366732144898e+01,2.881058674483692e+09,2.880954752829652e+09,1.854406266054781e+03,2.918480124036038e-02,0.000000000000000e+00,-1.000000000000000e+03,1.920636501886435e+09,1.039216540397319e+05,3.313873890428528e+05,8.882636024715085e-03,4.610406561230108e+08,2.500000000000000e-07,6.669178650340636e-04,9.883584145497517e+10,9.883584145497517e+10,-1.534843260054991e+00,2.918480124036038e-02,1.000000000000000e+00,0.000000000000000e+00,2.672631643339614e+03,2.672631643339614e+03,-2.228205878380450e+03,7.788366732144898e+01,1.000000000000000e+03,1.000000000000000e+00,
2.918480124036038e-02,0.000000000000000e+00,7.788366732144898e+01,2.881058674483692e+09,2.880954752829652e+09,1.854406266054781e+03,2.918480124036038e-02,0.000000000000000e+00,-1.000000000000000e+03,1.920636501886435e+09,1.039216540397319e+05,3.313873890428528e+05,8.882636024715085e-03,4.610406561230108e+08,2.500000000000000e-07,6.669178650340636e-04,9.883584145497517e+10,9.883584145497517e+10,-1.534843260054991e+00,2.918480124036038e-02,1.000000000000000e+00,0.000000000000000e+00,2.672631643339614e+03,2.672631643339614e+03,-1.894750981637749e+03,7.788366732144898e+01,1.000000000000000e+03,1.000000000000000e+00,
7.510134016506528e-08,0.000000000000000e+00,-7.506119147616202e-08,1.897021402007197e+03,1.897021401969671e+03,4.739308348746670e+02,7.510134016506528e-08,0.000000000000000e+00,-1.000000000000000e+03,1.264680934646447e+03,3.753115323535333e-08,1.675293938292864e+05,5.971834784619322e-06,7.887762626431826e+08,0.000000000000000e+00,-7.569192517209444e-14,2.525948801712734e+10,2.525948801712734e+10,-7.124352313047767e+00,7.510134016506528e-08,1.000000000000000e+00,0.000000000000000e+00,-9.996757852871822e-01,1.000004590998964e+00,-6.015540105019483e-01,7.507699120563142e-08,1.000000000000000e+03,1.000000000000000e+00,
8.286828911251974e-08,0.000000000000000e+00,-7.507815445208575e-08,2.532095552060147e+03,2.532095552024019e+03,5.733002614603262e+02,8.286828911251974e-08,0.000000000000000e+00,-1.000000000000000e+03,1.688063701349346e+03,3.752551651301787e-08,1.842572580830116e+05,5.966672401330102e-06,7.954245721562568e+08,0.000000000000000e+00,-1.946711471229046e-11,3.055566344064258e+10,3.055566344064258e+10,-7.081611627448830e+00,8.286828911251974e-08,1.000000000000000e+00,0.000000000000000e+00,-9.337720530709401e-01,9.996387574222094e-01,-4.195534127431265e-01,7.738009245907379e-08,1.000000000000000e+03,1.000000000000000e+00,
2.446365487841801e-07,0.000000000000000e+00,1.468693009790112e-07,2.876724587198734e+04,2.876724587194325e+04,2.206314229787623e+03,2.446365487841801e-07,0.000000000000000e+00,-1.000000000000000e+03,1.917816391462883e+04,4.408701740861520e-08,3.614658036243174e+05,5.007647886156835e-06,8.458805717517954e+08,0.000000000000000e+00,1.953831468531123e-08,1.175917744707962e+11,1.175917744707962e+11,-6.611478658708075e+00,2.446365487841801e-07,1.000000000000000e+00,0.000000000000000e+00,6.003571490398200e-01,9.290174010266431e-01,1.907365163327896e-01,1.468693009790112e-07,1.000000000000000e+03,1.000000000000000e+00,
3.251844558911629e-06,0.000000000000000e+00,8.781645790213023e-03,2.693591193858144e+05,2.693472619151715e+05,2.223190126442001e+03,3.251844558911629e-06,0.000000000000000e+00,-1.000000000000000e+03,1.795648412767810e+05,1.185747064284290e+01,3.628455797148730e+05,8.901762418074478e-03,8.273775637826368e+08,0.000000000000000e+00,-8.706830620622908e-08,1.184912232467601e+11,1.184912232467601e+11,-5.487870222247824e+00,3.251844558911629e-06,1.000000000000000e+00,0.000000000000000e+00,2.700512165056310e+03,2.700512165056310e+03,4.603861652523631e+02,8.781645790213023e-03,1.000000000000000e+03,1.000000000000000e+00,
3.589378508701585e-05,0.000000000000000e+00,9.817225885228278e-02,2.880740073092823e+06,2.880605818759033e+06,1.552073311741775e+03,3.589378508701585e-05,0.000000000000000e+00,-1.000000000000000e+03,1.920403879172689e+06,1.342543337905867e+02,3.031723916847313e+05,9.309131726796068e-03,7.167799219677085e+08,0.000000000000000e+00,1.851320847087777e-06,8.272214917185609e+10,8.272214917185609e+10,-4.444980741841520e+00,3.589378508701585e-05,1.000000000000000e+00,0.000000000000000e+00,2.803327483898509e+03,2.803327483898509e+03,-5.299168038556111e+00,9.817225885228278e-02,1.000000000000000e+03,1.000000000000000e+00,
3.958374918140180e-04,0.000000000000000e+00,1.063469721453113e+00,3.168044758723279e+07,3.167901901127443e+07,1.505581536723251e+03,3.958374918140180e-04,0.000000000000000e+00,-1.000000000000000e+03,2.111934600751629e+07,1.428575958361897e+03,2.985971611112081e+05,9.156981880274848e-03,6.298355755654027e+08,0.000000000000000e+00,4.829340483239549e-07,8.024423816130545e+10,8.024423816130545e+10,-3.402483073907235e+00,3.958374918140180e-04,1.000000000000000e+00,0.000000000000000e+00,2.734248793796842e+03,2.734248793796842e+03,-6.692545372533381e+02,1.063469721453113e+00,1.000000000000000e+03,1.000000000000000e+00,
4.255143959752501e-03,0.000000000000000e+00,1.137293873443888e+01,3.462766063183755e+08,3.462614078037447e+08,1.526793332705602e+03,4.255143959752501e-03,0.000000000000000e+00,-1.000000000000000e+03,2.308409385358298e+08,1.519851463084499e+04,3.006932379048296e+05,9.008253523875022e-03,5.444019383112037e+08,0.000000000000000e+00,2.857787277511079e-07,8.137478098952141e+10,8.137478098952141e+10,-2.371085742308297e+00,4.255143959752501e-03,1.000000000000000e+00,0.000000000000000e+00,2.686252031748405e+03,2.686252031748405e+03,-1.206960739188645e+03,1.137293873443888e+01,1.000000000000000e+03,1.000000000000000e+00,
7.510134016506528e-08,0.000000000000000e+00,-7.506119147616202e-08,1.897021402007197e+03,1.897021401969671e+03,4.739308348746670e+02,7.510134016506528e-08,0.000000000000000e+00,-1.000000000000000e+03,1.264680934646447e+03,3.753115323535333e-08,1.675293938292864e+05,5.971834784619322e-06,7.887762626431826e+08,0.000000000000000e+00,-7.569192517209444e-14,2.525948801712734e+10,2.525948801712734e+10,-7.124352313047767e+00,7.510134016506528e-08,1.000000000000000e+00,0.000000000000000e+00,-9.996757852871822e-01,1.000004590998964e+00,-6.015540105019483e-01,7.507699120563142e-08,1.000000000000000e+03,1.000000000000000e+00,
8.286828911251974e-08,0.000000000000000e+00,-7.507815445208575e-08,2.532095552060147e+03,2.532095552024019e+03,5.733002614603262e+02,8.286828911251974e-08,0.000000000000000e+00,-1.000000000000000e+03,1.688063701349346e+03,3.752551651301787e-08,1.842572580830116e+05,5.966672401330102e-06,7.954245721562568e+08,0.000000000000000e+00,-1.946711471229046e-11,3.055566344064258e+10,3.055566344064258e+10,-7.081611627448830e+00,8.286828911251974e-08,1.000000000000000e+00,0.000000000000000e+00,-9.337720530709401e-01,9.996387574222094e-01,-4.195534127431265e-01,7.738009245907379e-08,1.000000000000000e+03,1.000000000000000e+00,
2.446365487841801e-07,0.000000000000000e+00,1.468693009790112e-07,2.876724587198734e+04,2.876724587194325e+04,2.206314229787623e+03,2.446365487841801e-07,0.000000000000000e+00,-1.000000000000000e+03,1.917816391462883e+04,4.408701740861520e-08,3.614658036243174e+05,5.007647886156835e-06,8.458805717517954e+08,0.000000000000000e+00,1.953831468531123e-08,1.175917744707962e+11,1.175917744707962e+11,-6.611478658708075e+00,2.446365487841801e-07,1.000000000000000e+00,0.000000000000000e+00,6.003571490398200e-01,9.290174010266431e-01,1.907365163327896e-01,1.468693009790112e-07,1.000000000000000e+03,1.000000000000000e+00,
3.251844558911629e-06,0.000000000000000e+00,8.781645790213023e-03,2.693591193858144e+05,2.693472619151715e+05,2.223190126442001e+03,3.251844558911629e-06,0.000000000000000e+00,-1.000000000000000e+03,1.795648412767810e+05,1.185747064284290e+01,3.628455797148730e+05,8.901762418074478e-03,8.273775637826368e+08,0.000000000000000e+00,-8.706830620622908e-08,1.184912232467601e+11,1.184912232467601e+11,-5.487870222247824e+00,3.251844558911629e-06,1.000000000000000e+00,0.000000000000000e+00,2.700512165056310e+03,2.700512165056310e+03,4.603861652523631e+02,8.781645790213023e-03,1.000000000000000e+03,1.000000000000000e+00,
3.589378508701585e-05,0.000000000000000e+00,9.817225885228278e-02,2.880740073092823e+06,2.880605818759033e+06,1.552073311741775e+03,3.589378508701585e-05,0.000000000000000e+00,-1.000000000000000e+03,1.920403879172689e+06,1.342543337905867e+02,3.031723916847313e+05,9.309131726796068e-03,7.167799219677085e+08,0.000000000000000e+00,1.851320847087777e-06,8.272214917185609e+10,8.272214917185609e+10,-4.444980741841520e+00,3.589378508701585e-05,1.000000000000000e+00,0.000000000000000e+00,2.803327483898509e+03,2.803327483898509e+03,-5.299168038556111e+00,9.817225885228278e-02,1.000000000000000e+03,1.000000000000000e+00,
3.958374918140180e-04,0.000000000000000e+00,1.063469721453113e+00,3.168044758723279e+07,3.167901901127443e+07,1.505581536723251e+03,3.958374918140180e-04,0.000000000000000e+00,-1.000000000000000e+03,2.111934600751629e+07,1.428575958361897e+03,2.985971611112081e+05,9.156981880274848e-03,6.298355755654027e+08,0.000000000000000e+00,4.829340483239549e-07,8.024423816130545e+10,8.024423816130545e+10,-3.402483073907235e+00,3.958374918140180e-04,1.000000000000000e+00,0.000000000000000e+00,2.734248793796842e+03,2.734248793796842e+03,-6.692545372533381e+02,1.063469721453113e+00,1.000000000000000e+03,1.000000000000000e+00,
4.255143959752501e-03,0.000000000000000e+00,1.137293873443888e+01,3.462766063183755e+08,3.462614078037447e+08,1.526793332705602e+03,4.255143959752501e-03,0.000000000000000e+00,-1.000000000000000e+03,2.308409385358298e+08,1.519851463084499e+04,3.006932379048296e+05,9.008253523875022e-03,5.444019383112037e+08,0.000000000000000e+00,2.857787277511079e-07,8.137478098952141e+10,8.137478098952141e+10,-2.371085742308297e+00,4.255143959752501e-03,1.000000000000000e+00,0.000000000000000e+00,2.686252031748405e+03,2.686252031748405e+03,-1.206960739188645e+03,1.137293873443888e+01,1.000000000000000e+03,1.000000000000000e+00,
7.510134016506528e-08,0.000000000000000e+00,-7.506119147616202e-08,1.897021402007197e+03,1.897021401969671e+03,4.739308348746670e+02,7.510134016506528e-08,0.000000000000000e+00,-1.000000000000000e+03,1.264680934646447e+03,3.753115323535333e-08,1.675293938292864e+05,5.971834784619322e-06,7.887762626431826e+08,0.000000000000000e+00,-7.569192517209444e-14,2.525948801712734e+10,2.525948801712734e+10,-7.124352313047767e+00,7.510134016506528e-08,1.000000000000000e+00,0.000000000000000e+00,-9.996757852871822e-01,1.000004590998964e+00,-7.087159505174230e-01,7.507699120563142e-08,1.000000000000000e+03,1.000000000000000e+00,
8.286828911251974e-08,0.000000000000000e+00,-7.507815445208575e-08,2.532095552060147e+03,2.532095552024019e+03,5.733002614603262e+02,8.286828911251974e-08,0.000000000000000e+00,-1.000000000000000e+03,1.688063701349346e+03,3.752551651301787e-08,1.842572580830116e+05,5.966672401330102e-06,7.954245721562568e+08,0.000000000000000e+00,-1.946711471229046e-11,3.055566344064258e+10,3.055566344064258e+10,-7.081611627448830e+00,8.286828911251974e-08,1.000000000000000e+00,0.000000000000000e+00,-9.337720530709401e-01,9.996387574222094e-01,-5.202971644801623e-01,7.738009245907379e-08,1.000000000000000e+03,1.000000000000000e+00,
2.446365487841801e-07,0.000000000000000e+00,1.468693009790112e-07,2.876724587198734e+04,2.876724587194325e+04,2.206314229787623e+03,2.446365487841801e-07,0.000000000000000e+00,-1.000000000000000e+03,1.917816391462883e+04,4.408701740861520e-08,3.614658036243174e+05,5.007647886156835e-06,8.458805717517954e+08,0.000000000000000e+00,1.953831468531123e-08,1.175917744707962e+11,1.175917744707962e+11,-6.611478658708075e+00,2.446365487841801e-07,1.000000000000000e+00,0.000000000000000e+00,6.003571490398200e-01,9.290174010266431e-01,2.693226635481857e-01,1.468693009790112e-07,1.000000000000000e+03,1.000000000000000e+00,
3.251844558911629e-06,0.000000000000000e+00,8.781645790213023e-03,2.693591193858144e+05,2.693472619151715e+05,2.223190126442001e+03,3.251844558911629e-06,0.000000000000000e+00,-1.000000000000000e+03,1.795648412767810e+05,1.185747064284290e+01,3.628455797148730e+05,8.901762418074478e-03,8.273775637826368e+08,0.000000000000000e+00,-8.706830620622908e-08,1.184912232467601e+11,1.184912232467601e+11,-5.487870222247824e+00,3.251844558911629e-06,1.000000000000000e+00,0.000000000000000e+00,2.700512165056310e+03,2.700512165056310e+03,6.617714631839431e+02,8.781645790213023e-03,1.000000000000000e+03,1.000000000000000e+00,
3.589378508701585e-05,0.000000000000000e+00,9.817225885228278e-02,2.880740073092823e+06,2.880605818759033e+06,1.552073311741775e+03,3.589378508701585e-05,0.000000000000000e+00,-1.000000000000000e+03,1.920403879172689e+06,1.342543337905867e+02,3.031723916847313e+05,9.309131726796068e-03,7.167799219677085e+08,0.000000000000000e+00,1.851320847087777e-06,8.272214917185609e+10,8.272214917185609e+10,-4.444980741841520e+00,3.589378508701585e-05,1.000000000000000e+00,0.000000000000000e+00,2.803327483898509e+03,2.803327483898509e+03,-7.070158806361711e+00,9.817225885228278e-02,1.000000000000000e+03,1.000000000000000e+00,
3.958374918140180e-04,0.000000000000000e+00,1.063469721453113e+00,3.168044758723279e+07,3.167901901127443e+07,1.505581536723251e+03,3.958374918140180e-04,0.000000000000000e+00,-1.000000000000000e+03,2.111934600751629e+07,1.428575958361897e+03,2.985971611112081e+05,9.156981880274848e-03,6.298355755654027e+08,0.000000000000000e+00,4.829340483239549e-07,8.024423816130545e+10,8.024423816130545e+10,-3.402483073907235e+00,3.958374918140180e-04,1.000000000000000e+00,0.000000000000000e+00,2.734248793796842e+03,2.734248793796842e+03,-8.727598489714912e+02,1.063469721453113e+00,1.000000000000000e+03,1.000000000000000e+00,
4.255143959752501e-03,0.000000000000000e+00,1.137293873443888e+01,3.462766063183755e+08,3.462614078037447e+08,1.526793332705602e+03,4.255143959752501e-03,0.000000000000000e+00,-1.000000000000000e+03,2.308409385358298e+08,1.519851463084499e+04,3.006932379048296e+05,9.008253523875022e-03,5.444019383112037e+08,0.000000000000000e+00,2.857787277511079e-07,8.137478098952141e+10,8.137478098952141e+10,-2.371085742308297e+00,4.255143959752501e-03,1.000000000000000e+00,0.000000000000000e+00,2.686252031748405e+03,2.686252031748405e+03,-1.496777838447033e+03,1.137293873443888e+01,1.000000000000000e+03,1.000000000000000e+00,
7.510134016506528e-08,0.000000000000000e+00,-7.506119147616202e-08,1.897021402007197e+03,1.897021401969671e+03,4.739308348746670e+02,7.510134016506528e-08,0.000000000000000e+00,-1.000000000000000e+03,1.264680934646447e+03,3.753115323535333e-08,1.675293938292864e+05,5.971834784619322e-06,7.887762626431826e+08,0.000000000000000e+00,-7.569192517209444e-14,2.525948801712734e+10,2.525948801712734e+10,-7.124352313047767e+00,7.510134016506528e-08,1.000000000000000e+00,0.000000000000000e+00,-9.996757852871822e-01,1.000004590998964e+00,-8.334419996869146e-01,7.507699120563142e-08,1.000000000000000e+03,1.000000000000000e+00,
8.286828911251974e-08,0.000000000000000e+00,-7.507815445208575e-08,2.532095552060147e+03,2.532095552024019e+03,5.733002614603262e+02,8.286828911251974e-08,0.000000000000000e+00,-1.000000000000000e+03,1.688063701349346e+03,3.752551651301787e-08,1.842572580830116e+05,5.966672401330102e-06,7.954245721562568e+08,0.000000000000000e+00,-1.946711471229046e-11,3.055566344064258e+10,3.055566344064258e+10,-7.081611627448830e+00,8.286828911251974e-08,1.000000000000000e+00,0.000000000000000e+00,-9.337720530709401e-01,9.996387574222094e-01,-6.628506989553377e-01,7.738009245907379e-08,1.000000000000000e+03,1.000000000000000e+00,
2.446365487841801e-07,0.000000000000000e+00,1.468693009790112e-07,2.876724587198734e+04,2.876724587194325e+04,2.206314229787623e+03,2.446365487841801e-07,0.000000000000000e+00,-1.000000000000000e+03,1.917816391462883e+04,4.408701740861520e-08,3.614658036243174e+05,5.007647886156835e-06,8.458805717517954e+08,0.000000000000000e+00,1.953831468531123e-08,1.175917744707962e+11,1.175917744707962e+11,-6.611478658708075e+00,2.446365487841801e-07,1.000000000000000e+00,0.000000000000000e+00,6.003571490398200e-01,9.290174010266431e-01,4.245166112198795e-01,1.468693009790112e-07,1.000000000000000e+03,1.000000000000000e+00,
3.251844558911629e-06,0.000000000000000e+00,8.781645790213023e-03,2.693591193858144e+05,2.693472619151715e+05,2.223190126442001e+03,3.251844558911629e-06,0.000000000000000e+00,-1.000000000000000e+03,1.795648412767810e+05,1.185747064284290e+01,3.628455797148730e+05,8.901762418074478e-03,8.273775637826368e+08,0.000000000000000e+00,-8.706830620622908e-08,1.184912232467601e+11,1.184912232467601e+11,-5.487870222247824e+00,3.251844558911629e-06,1.000000000000000e+00,0.000000000000000e+00,2.700512165056310e+03,2.700512165056310e+03,1.128811678123709e+03,8.781645790213023e-03,1.000000000000000e+03,1.000000000000000e+00,
3.589378508701585e-05,0.000000000000000e+00,9.817225885228278e-02,2.880740073092823e+06,2.880605818759033e+06,1.552073311741775e+03,3.589378508701585e-05,0.000000000000000e+00,-1.000000000000000e+03,1.920403879172689e+06,1.342543337905867e+02,3.031723916847313e+05,9.309131726796068e-03,7.167799219677085e+08,0.000000000000000e+00,1.851320847087777e-06,8.272214917185609e+10,8.272214917185609e+10,-4.444980741841520e+00,3.589378508701585e-05,1.000000000000000e+00,0.000000000000000e+00,2.803327483898509e+03,2.803327483898509e+03,-1.061905580860836e+01,9.817225885228278e-02,1.000000000000000e+03,1.000000000000000e+00,
3.958374918140180e-04,0.000000000000000e+00,1.063469721453113e+00,3.168044758723279e+07,3.167901901127443e+07,1.505581536723251e+03,3.958374918140180e-04,0.000000000000000e+00,-1.000000000000000e+03,2.111934600751629e+07,1.428575958361897e+03,2.985971611112081e+05,9.156981880274848e-03,6.298355755654027e+08,0.000000000000000e+00,4.829340483239549e-07,8.024423816130545e+10,8.024423816130545e+10,-3.402483073907235e+00,3.958374918140180e-04,1.000000000000000e+00,0.000000000000000e+00,2.734248793796842e+03,2.734248793796842e+03,-1.234261258277508e+03,1.063469721453113e+00,1.000000000000000e+03,1.000000000000000e+00,
4.255143959752501e-03,0.000000000000000e+00,1.137293873443888e+01,3.462766063183755e+08,3.462614078037447e+08,1.526793332705602e+03,4.255143959752501e-03,0.000000000000000e+00,-1.000000000000000e+03,2.308409385358298e+08,1.519851463084499e+04,3.006932379048296e+05,9.008253523875022e-03,5.444019383112037e+08,0.000000000000000e+00,2.857787277511079e-07,8.137478098952141e+10,8.137478098952141e+10,-2.371085742308297e+00,4.255143959752501e-03,1.000000000000000e+00,0.000000000000000e+00,2.686252031748405e+03,2.686252031748405e+03,-1.906872272476709e+03,1.137293873443888e+01,1.000000000000000e+03,1.000000000000000e+00,
7.510134016506528e-08,0.000000000000000e+00,-7.506119147616202e-08,1.897021402007197e+03,1.897021401969671e+03,4.739308348746670e+02,7.510134016506528e-08,0.000000000000000e+00,-1.000000000000000e+03,1.264680934646447e+03,3.753115323535333e-08,1.675293938292864e+05,5.971834784619322e-06,7.887762626431826e+08,0.000000000000000e+00,-7.569192517209444e-14,2.525948801712734e+10,2.525948801712734e+10,-7.124352313047767e+00,7.510134016506528e-08,1.000000000000000e+00,0.000000000000000e+00,-9.996757852871822e-01,1.000004590998964e+00,-9.493574501002819e-01,7.507699120563142e-08,1.000000000000000e+03,1.000000000000000e+00,
8.286828911251974e-08,0.000000000000000e+00,-7.507815445208575e-08,2.532095552060147e+03,2.532095552024019e+03,5.733002614603262e+02,8.286828911251974e-08,0.000000000000000e+00,-1.000000000000000e+03,1.688063701349346e+03,3.752551651301787e-08,1.842572580830116e+05,5.966672401330102e-06,7.954245721562568e+08,0.000000000000000e+00,-1.946711471229046e-11,3.055566344064258e+10,3.055566344064258e+10,-7.081611627448830e+00,8.286828911251974e-08,1.000000000000000e+00,0.000000000000000e+00,-9.337720530709401e-01,9.996387574222094e-01,-8.371363715162411e-01,7.738009245907379e-08,1.000000000000000e+03,1.000000000000000e+00,
2.446365487841801e-07,0.000000000000000e+00,1.468693009790112e-07,2.876724587198734e+04,2.876724587194325e+04,2.206314229787623e+03,2.446365487841801e-07,0.000000000000000e+00,-1.000000000000000e+03,1.917816391462883e+04,4.408701740861520e-08,3.614658036243174e+05,5.007647886156835e-06,8.458805717517954e+08,0.000000000000000e+00,1.953831468531123e-08,1.175917744707962e+11,1.175917744707962e+11,-6.611478658708075e+00,2.446365487841801e-07,1.000000000000000e+00,0.000000000000000e+00,6.003571490398200e-01,9.290174010266431e-01,6.003391113590120e-01,1.468693009790112e-07,1.000000000000000e+03,1.000000000000000e+00,
3.251844558911629e-06,0.000000000000000e+00,8.781645790213023e-03,2.693591193858144e+05,2.693472619151715e+05,2.223190126442001e+03,3.251844558911629e-06,0.000000000000000e+00,-1.000000000000000e+03,1.795648412767810e+05,1.185747064284290e+01,3.628455797148730e+05,8.901762418074478e-03,8.273775637826368e+08,0.000000000000000e+00,-8.706830620622908e-08,1.184912232467601e+11,1.184912232467601e+11,-5.487870222247824e+00,3.251844558911629e-06,1.000000000000000e+00,0.000000000000000e+00,2.700512165056310e+03,2.700512165056310e+03,2.653253856333505e+03,8.781645790213023e-03,1.000000000000000e+03,1.000000000000000e+00,
3.589378508701585e-05,0.000000000000000e+00,9.817225885228278e-02,2.880740073092823e+06,2.880605818759033e+06,1.552073311741775e+03,3.589378508701585e-05,0.000000000000000e+00,-1.000000000000000e+03,1.920403879172689e+06,1.342543337905867e+02,3.031723916847313e+05,9.309131726796068e-03,7.167799219677085e+08,0.000000000000000e+00,1.851320847087777e-06,8.272214917185609e+10,8.272214917185609e+10,-4.444980741841520e+00,3.589378508701585e-05,1.000000000000000e+00,0.000000000000000e+00,2.803327483898509e+03,2.803327483898509e+03,-2.132122923029003e+01,9.817225885228278e-02,1.000000000000000e+03,1.000000000000000e+00,
3.958374918140180e-04,0.000000000000000e+00,1.063469721453113e+00,3.168044758723279e+07,3.167901901127443e+07,1.505581536723251e+03,3.958374918140180e-04,0.000000000000000e+00,-1.000000000000000e+03,2.111934600751629e+07,1.428575958361897e+03,2.985971611112081e+05,9.156981880274848e-03,6.298355755654027e+08,0.000000000000000e+00,4.829340483239549e-07,8.024423816130545e+10,8.024423816130545e+10,-3.402483073907235e+00,3.958374918140180e-04,1.000000000000000e+00,0.000000000000000e+00,2.734248793796842e+03,2.734248793796842e+03,-1.948451135751362e+03,1.063469721453113e+00,1.000000000000000e+03,1.000000000000000e+00,
4.255143959752501e-03,0.000000000000000e+00,1.137293873443888e+01,3.462766063183755e+08,3.462614078037447e+08,1.526793332705602e+03,4.255143959752501e-03,0.000000000000000e+00,-1.000000000000000e+03,2.308409385358298e+08,1.519851463084499e+04,3.006932379048296e+05,9.008253523875022e-03,5.444019383112037e+08,0.000000000000000e+00,2.857787277511079e-07,8.137478098952141e+10,8.137478098952141e+10,-2.371085742308297e+00,4.255143959752501e-03,1.000000000000000e+00,0.000000000000000e+00,2.686252031748405e+03,2.686252031748405e+03,-2.408252925797457e+03,1.137293873443888e+01,1.000000000000000e+03,1.000000000000000e+00,
7.510134016506528e-08,0.000000000000000e+00,-7.506119147616202e-08,1.897021402007197e+03,1.897021401969671e+03,4.739308348746670e+02,7.510134016506528e-08,0.000000000000000e+00,-1.000000000000000e+03,1.264680934646447e+03,3.753115323535333e-08,1.675293938292864e+05,5.971834784619322e-06,7.887762626431826e+08,0.000000000000000e+00,-7.569192517209444e-14,2.525948801712734e+10,2.525948801712734e+10,-7.124352313047767e+00,7.510134016506528e-08,1.000000000000000e+00,0.000000000000000e+00,-9.996757852871822e-01,1.000004590998964e+00,-9.493574501002819e-01,7.507699120563142e-08,1.000000000000000e+03,1.000000000000000e+00,
8.286828911251974e-08,0.000000000000000e+00,-7.507815445208575e-08,2.532095552060147e+03,2.532095552024019e+03,5.733002614603262e+02,8.286828911251974e-08,0.000000000000000e+00,-1.000000000000000e+03,1.688063701349346e+03,3.752551651301787e-08,1.842572580830116e+05,5.966672401330102e-06,7.954245721562568e+08,0.000000000000000e+00,-1.946711471229046e-11,3.055566344064258e+10,3.055566344064258e+10,-7.081611627448830e+00,8.286828911251974e-08,1.000000000000000e+00,0.000000000000000e+00,-9.337720530709401e-01,9.996387574222094e-01,-8.371363715162411e-01,7.738009245907379e-08,1.000000000000000e+03,1.000000000000000e+00,
2.446365487841801e-07,0.000000000000000e+00,1.468693009790112e-07,2.876724587198734e+04,2.876724587194325e+04,2.206314229787623e+03,2.446365487841801e-07,0.000000000000000e+00,-1.000000000000000e+03,1.917816391462883e+04,4.408701740861520e-08,3.614658036243174e+05,5.007647886156835e-06,8.458805717517954e+08,0.000000000000000e+00,1.953831468531123e-08,1.175917744707962e+11,1.175917744707962e+11,-6.611478658708075e+00,2.446365487841801e-07,1.000000000000000e+00,0.000000000000000e+00,6.003571490398200e-01,9.290174010266431e-01,6.003391113590120e-01,1.468693009790112e-07,1.000000000000000e+03,1.000000000000000e+00,
3.251844558911629e-06,0.000000000000000e+00,8.781645790213023e-03,2.693591193858144e+05,2.693472619151715e+05,2.223190126442001e+03,3.251844558911629e-06,0.000000000000000e+00,-1.000000000000000e+03,1.795648412767810e+05,1.185747064284290e+01,3.628455797148730e+05,8.901762418074478e-03,8.273775637826368e+08,0.000000000000000e+00,-8.706830620622908e-08,1.184912232467601e+11,1.184912232467601e+11,-5.487870222247824e+00,3.251844558911629e-06,1.000000000000000e+00,0.000000000000000e+00,2.700512165056310e+03,2.700512165056310e+03,2.653253856333505e+03,8.781645790213023e-03,1.000000000000000e+03,1.000000000000000e+00,
3.589378508701585e-05,0.000000000000000e+00,9.817225885228278e-02,2.880740073092823e+06,2.880605818759033e+06,1.552073311741775e+03,3.589378508701585e-05,0.000000000000000e+00,-1.000000000000000e+03,1.920403879172689e+06,1.342543337905867e+02,3.031723916847313e+05,9.309131726796068e-03,7.167799219677085e+08,0.000000000000000e+00,1.851320847087777e-06,8.272214917185609e+10,8.272214917185609e+10,-4.444980741841520e+00,3.589378508701585e-05,1.000000000000000e+00,0.000000000000000e+00,2.803327483898509e+03,2.803327483898509e+03,-2.132122923029003e+01,9.817225885228278e-02,1.000000000000000e+03,1.000000000000000e+00,
3.958374918140180e-04,0.000000000000000e+00,1.063469721453113e+00,3.168044758723279e+07,3.167901901127443e+07,1.505581536723251e+03,3.958374918140180e-04,0.000000000000000e+00,-1.000000000000000e+03,2.111934600751629e+07,1.428575958361897e+03,2.985971611112081e+05,9.156981880274848e-03,6.298355755654027e+08,0.000000000000000e+00,4.829340483239549e-07,8.024423816130545e+10,8.024423816130545e+10,-3.402483073907235e+00,3.958374918140180e-04,1.000000000000000e+00,0.000000000000000e+00,2.734248793796842e+03,2.734248793796842e+03,-1.948451135751362e+03,1.063469721453113e+00,1.000000000000000e+03,1.000000000000000e+00,
4.255143959752501e-03,0.000000000000000e+00,1.137293873443888e+01,3.462766063183755e+08,3.462614078037447e+08,1.526793332705602e+03,4.255143959752501e-03,0.000000000000000e+00,-1.000000000000000e+03,2.308409385358298e+08,1.519851463084499e+04,3.006932379048296e+05,9.008253523875022e-03,5.444019383112037e+08,0.000000000000000e+00,2.857787277511079e-07,8.137478098952141e+10,8.137478098952141e+10,-2.371085742308297e+00,4.255143959752501e-03,1.000000000000000e+00,0.000000000000000e+00,2.686252031748405e+03,2.686252031748405e+03,-2.408252925797457e+03,1.137293873443888e+01,1.000000000000000e+03,1.000000000000000e+00,
7.510134016506528e-08,0.000000000000000e+00,-7.506119147616202e-08,1.897021402007197e+03,1.897021401969671e+03,4.739308348746670e+02,7.510134016506528e-08,0.000000000000000e+00,-1.000000000000000e+03,1.264680934646447e+03,3.753115323535333e-08,1.675293938292864e+05,5.971834784619322e-06,7.887762626431826e+08,0.000000000000000e+00,-7.569192517209444e-14,2.525948801712734e+10,2.525948801712734e+10,-7.124352313047767e+00,7.510134016506528e-08,1.000000000000000e+00,0.000000000000000e+00,-9.996757852871822e-01,1.000004590998964e+00,-8.334419996869146e-01,7.507699120563142e-08,1.000000000000000e+03,1.000000000000000e+00,
8.286828911251974e-08,0.000000000000000e+00,-7.507815445208575e-08,2.532095552060147e+03,2.532095552024019e+03,5.733002614603262e+02,8.286828911251974e-08,0.000000000000000e+00,-1.000000000000000e+03,1.688063701349346e+03,3.752551651301787e-08,1.842572580830116e+05,5.966672401330102e-06,7.954245721562568e+08,0.000000000000000e+00,-1.946711471229046e-11,3.055566344064258e+10,3.055566344064258e+10,-7.081611627448830e+00,8.286828911251974e-08,1.000000000000000e+00,0.000000000000000e+00,-9.337720530709401e-01,9.996387574222094e-01,-6.628506989553377e-01,7.738009245907379e-08,1.000000000000000e+03,1.000000000000000e+00,
2.446365487841801e-07,0.000000000000000e+00,1.468693009790112e-07,2.876724587198734e+04,2.876724587194325e+04,2.206314229787623e+03,2.446365487841801e-07,0.000000000000000e+00,-1.000000000000000e+03,1.917816391462883e+04,4.408701740861520e-08,3.614658036243174e+05,5.007647886156835e-06,8.458805717517954e+08,0.000000000000000e+00,1.953831468531123e-08,1.175917744707962e+11,1.175917744707962e+11,-6.611478658708075e+00,2.446365487841801e-07,1.000000000000000e+00,0.000000000000000e+00,6.003571490398200e-01,9.290174010266431e-01,4.245166112198795e-01,1.468693009790112e-07,1.000000000000000e+03,1.000000000000000e+00,
3.251844558911629e-06,0.000000000000000e+00,8.781645790213023e-03,2.693591193858144e+05,2.693472619151715e+05,2.223190126442001e+03,3.251844558911629e-06,0.000000000000000e+00,-1.000000000000000e+03,1.795648412767810e+05,1.185747064284290e+01,3.628455797148730e+05,8.901762418074478e-03,8.273775637826368e+08,0.000000000000000e+00,-8.706830620622908e-08,1.184912232467601e+11,1.184912232467601e+11,-5.487870222247824e+00,3.251844558911629e-06,1.000000000000000e+00,0.000000000000000e+00,2.700512165056310e+03,2.700512165056310e+03,1.128811678123709e+03,8.781645790213023e-03,1.000000000000000e+03,1.000000000000000e+00,
3.589378508701585e-05,0.000000000000000e+00,9.817225885228278e-02,2.880740073092823e+06,2.880605818759033e+06,1.552073311741775e+03,3.589378508701585e-05,0.000000000000000e+00,-1.000000000000000e+03,1.920403879172689e+06,1.342543337905867e+02,3.031723916847313e+05,9.309131726796068e-03,7.167799219677085e+08,0.000000000000000e+00,1.851320847087777e-06,8.272214917185609e+10,8.272214917185609e+10,-4.444980741841520e+00,3.589378508701585e-05,1.000000000000000e+00,0.000000000000000e+00,2.803327483898509e+03,2.803327483898509e+03,-1.061905580860836e+01,9.817225885228278e-02,1.000000000000000e+03,1.000000000000000e+00,
3.958374918140180e-04,0.000000000000000e+00,1.063469721453113e+00,3.168044758723279e+07,3.167901901127443e+07,1.505581536723251e+03,3.958374918140180e-04,0.000000000000000e+00,-1.000000000000000e+03,2.111934600751629e+07,1.428575958361897e+03,2.985971611112081e+05,9.156981880274848e-03,6.298355755654027e+08,0.000000000000000e+00,4.829340483239549e-07,8.024423816130545e+10,8.024423816130545e+10,-3.402483073907235e+00,3.958374918140180e-04,1.000000000000000e+00,0.000000000000000e+00,2.734248793796842e+03,2.734248793796842e+03,-1.234261258277508e+03,1.063469721453113e+00,1.000000000000000e+03,1.000000000000000e+00,
4.255143959752501e-03,0.000000000000000e+00,1.137293873443888e+01,3.462766063183755e+08,3.462614078037447e+08,1.526793332705602e+03,4.255143959752501e-03,0.000000000000000e+00,-1.000000000000000e+03,2.308409385358298e+08,1.519851463084499e+04,3.006932379048296e+05,9.008253523875022e-03,5.444019383112037e+08,0.000000000000000e+00,2.857787277511079e-07,8.137478098952141e+10,8.137478098952141e+10,-2.371085742308297e+00,4.255143959752501e-03,1.000000000000000e+00,0.000000000000000e+00,2.686252031748405e+03,2.686252031748405e+03,-1.906872272476709e+03,1.137293873443888e+01,1.000000000000000e+03,1.000000000000000e+00,
7.510134016506528e-08,0.000000000000000e+00,-7.506119147616202e-08,1.897021402007197e+03,1.897021401969671e+03,4.739308348746670e+02,7.510134016506528e-08,0.000000000000000e+00,-1.000000000000000e+03,1.264680934646447e+03,3.753115323535333e-08,1.675293938292864e+05,5.971834784619322e-06,7.887762626431826e+08,0.000000000000000e+00,-7.569192517209444e-14,2.525948801712734e+10,2.525948801712734e+10,-7.124352313047767e+00,7.510134016506528e-08,1.000000000000000e+00,0.000000000000000e+00,-9.996757852871822e-01,1.000004590998964e+00,-7.087159505174230e-01,7.507699120563142e-08,1.000000000000000e+03,1.000000000000000e+00,
8.286828911251974e-08,0.000000000000000e+00,-7.507815445208575e-08,2.532095552060147e+03,2.532095552024019e+03,5.733002614603262e+02,8.286828911251974e-08,0.000000000000000e+00,-1.000000000000000e+03,1.688063701349346e+03,3.752551651301787e-08,1.842572580830116e+05,5.966672401330102e-06,7.954245721562568e+08,0.000000000000000e+00,-1.946711471229046e-11,3.055566344064258e+10,3.055566344064258e+10,-7.081611627448830e+00,8.286828911251974e-08,1.000000000000000e+00,0.000000000000000e+00,-9.337720530709401e-01,9.996387574222094e-01,-5.202971644801623e-01,7.738009245907379e-08,1.000000000000000e+03,1.000000000000000e+00,
2.446365487841801e-07,0.000000000000000e+00,1.468693009790112e-07,2.876724587198734e+04,2.876724587194325e+04,2.206314229787623e+03,2.446365487841801e-07,0.000000000000000e+00,-1.000000000000000e+03,1.917816391462883e+04,4.408701740861520e-08,3.614658036243174e+05,5.007647886156835e-06,8.458805717517954e+08,0.000000000000000e+00,1.953831468531123e-08,1.175917744707962e+11,1.175917744707962e+11,-6.611478658708075e+00,2.446365487841801e-07,1.000000000000000e+00,0.000000000000000e+00,6.003571490398200e-01,9.290174010266431e-01,2.693226635481857e-01,1.468693009790112e-07,1.000000000000000e+03,1.000000000000000e+00,
3.251844558911629e-06,0.000000000000000e+00,8.781645790213023e-03,2.693591193858144e+05,2.693472619151715e+05,2.223190126442001e+03,3.251844558911629e-06,0.000000000000000e+00,-1.000000000000000e+03,1.795648412767810e+05,1.185747064284290e+01,3.628455797148730e+05,8.901762418074478e-03,8.273775637826368e+08,0.000000000000000e+00,-8.706830620622908e-08,1.184912232467601e+11,1.184912232467601e+11,-5.487870222247824e+00,3.251844558911629e-06,1.000000000000000e+00,0.000000000000000e+00,2.700512165056310e+03,2.700512165056310e+03,6.617714631839431e+02,8.781645790213023e-03,1.000000000000000e+03,1.000000000000000e+00,
3.589378508701585e-05,0.000000000000000e+00,9.817225885228278e-02,2.880740073092823e+06,2.880605818759033e+06,1.552073311741775e+03,3.589378508701585e-05,0.000000000000000e+00,-1.000000000000000e+03,1.920403879172689e+06,1.342543337905867e+02,3.031723916847313e+05,9.309131726796068e-03,7.167799219677085e+08,0.000000000000000e+00,1.851320847087777e-06,8.272214917185609e+10,8.272214917185609e+10,-4.444980741841520e+00,3.589378508701585e-05,1.000000000000000e+00,0.000000000000000e+00,2.803327483898509e+03,2.803327483898509e+03,-7.070158806361711e+00,9.817225885228278e-02,1.000000000000000e+03,1.000000000000000e+00,
3.958374918140180e-04,0.000000000000000e+00,1.063469721453113e+00,3.168044758723279e+07,3.167901901127443e+07,1.505581536723251e+03,3.958374918140180e-04,0.000000000000000e+00,-1.000000000000000e+03,2.111934600751629e+07,1.428575958361897e+03,2.985971611112081e+05,9.156981880274848e-03,6.298355755654027e+08,0.000000000000000e+00,4.829340483239549e-07,8.024423816130545e+10,8.024423816130545e+10,-3.402483073907235e+00,3.958374918140180e-04,1.000000000000000e+00,0.000000000000000e+00,2.734248793796842e+03,2.734248793796842e+03,-8.727598489714912e+02,1.063469721453113e+00,1.000000000000000e+03,1.000000000000000e+00,
4.255143959752501e-03,0.000000000000000e+00,1.137293873443888e+01,3.462766063183755e+08,3.462614078037447e+08,1.526793332705602e+03,4.255143959752501e-03,0.000000000000000e+00,-1.000000000000000e+03,2.308409385358298e+08,1.519851463084499e+04,3.006932379048296e+05,9.008253523875022e-03,5.444019383112037e+08,0.000000000000000e+00,2.857787277511079e-07,8.137478098952141e+10,8.137478098952141e+10,-2.371085742308297e+00,4.255143959752501e-03,1.000000000000000e+00,0.000000000000000e+00,2.686252031748405e+03,2.686252031748405e+03,-1.496777838447033e+03,1.137293873443888e+01,1.000000000000000e+03,1.000000000000000e+00,

