1
0
28
0
(64 0
((0,0) (63,63) (0,0))
((448,0) (511,63) (0,0))
((384,0) (447,63) (0,0))
((320,0) (383,63) (0,0))
((256,0) (319,63) (0,0))
((192,0) (255,63) (0,0))
((128,0) (191,63) (0,0))
((64,0) (127,63) (0,0))
((0,448) (63,511) (0,0))
((0,384) (63,447) (0,0))
((0,320) (63,383) (0,0))
((0,256) (63,319) (0,0))
((0,192) (63,255) (0,0))
((0,128) (63,191) (0,0))
((0,64) (63,127) (0,0))
((448,448) (511,511) (0,0))
((448,384) (511,447) (0,0))
((448,320) (511,383) (0,0))
((448,256) (511,319) (0,0))
((448,192) (511,255) (0,0))
((448,128) (511,191) (0,0))
((448,64) (511,127) (0,0))
((384,448) (447,511) (0,0))
((384,384) (447,447) (0,0))
((384,320) (447,383) (0,0))
((384,256) (447,319) (0,0))
((384,192) (447,255) (0,0))
((384,128) (447,191) (0,0))
((384,64) (447,127) (0,0))
((320,448) (383,511) (0,0))
((320,384) (383,447) (0,0))
((320,320) (383,383) (0,0))
((320,256) (383,319) (0,0))
((320,192) (383,255) (0,0))
((320,128) (383,191) (0,0))
((320,64) (383,127) (0,0))
((256,448) (319,511) (0,0))
((256,384) (319,447) (0,0))
((256,320) (319,383) (0,0))
((256,256) (319,319) (0,0))
((256,192) (319,255) (0,0))
((256,128) (319,191) (0,0))
((256,64) (319,127) (0,0))
((192,448) (255,511) (0,0))
((192,384) (255,447) (0,0))
((192,320) (255,383) (0,0))
((192,256) (255,319) (0,0))
((192,192) (255,255) (0,0))
((192,128) (255,191) (0,0))
((192,64) (255,127) (0,0))
((128,448) (191,511) (0,0))
((128,384) (191,447) (0,0))
((128,320) (191,383) (0,0))
((128,256) (191,319) (0,0))
((128,192) (191,255) (0,0))
((128,128) (191,191) (0,0))
((128,64) (191,127) (0,0))
((64,448) (127,511) (0,0))
((64,384) (127,447) (0,0))
((64,320) (127,383) (0,0))
((64,256) (127,319) (0,0))
((64,192) (127,255) (0,0))
((64,128) (127,191) (0,0))
((64,64) (127,127) (0,0))
)
64
FabOnDisk: Cell_D_0000 0
FabOnDisk: Cell_D_0001 0
FabOnDisk: Cell_D_0001 917590
FabOnDisk: Cell_D_0001 1835180
FabOnDisk: Cell_D_0001 2752770
FabOnDisk: Cell_D_0000 917587
FabOnDisk: Cell_D_0000 1835177
FabOnDisk: Cell_D_0000 2752767
FabOnDisk: Cell_D_0002 0
FabOnDisk: Cell_D_0002 917590
FabOnDisk: Cell_D_0002 1835180
FabOnDisk: Cell_D_0002 2752770
FabOnDisk: Cell_D_0000 3670356
FabOnDisk: Cell_D_0000 4587946
FabOnDisk: Cell_D_0000 5505536
FabOnDisk: Cell_D_0003 0
FabOnDisk: Cell_D_0003 917593
FabOnDisk: Cell_D_0003 1835186
FabOnDisk: Cell_D_0003 2752779
FabOnDisk: Cell_D_0001 3670360
FabOnDisk: Cell_D_0001 4587953
FabOnDisk: Cell_D_0001 5505546
FabOnDisk: Cell_D_0003 3670372
FabOnDisk: Cell_D_0003 4587965
FabOnDisk: Cell_D_0003 5505558
FabOnDisk: Cell_D_0003 6423151
FabOnDisk: Cell_D_0001 6423138
FabOnDisk: Cell_D_0001 7340731
FabOnDisk: Cell_D_0001 8258324
FabOnDisk: Cell_D_0003 7340744
FabOnDisk: Cell_D_0003 8258337
FabOnDisk: Cell_D_0003 9175930
FabOnDisk: Cell_D_0003 10093523
FabOnDisk: Cell_D_0001 9175916
FabOnDisk: Cell_D_0001 10093509
FabOnDisk: Cell_D_0001 11011102
FabOnDisk: Cell_D_0003 11011116
FabOnDisk: Cell_D_0003 11928709
FabOnDisk: Cell_D_0003 12846302
FabOnDisk: Cell_D_0003 13763895
FabOnDisk: Cell_D_0001 11928694
FabOnDisk: Cell_D_0001 12846287
FabOnDisk: Cell_D_0001 13763880
FabOnDisk: Cell_D_0002 3670360
FabOnDisk: Cell_D_0002 4587953
FabOnDisk: Cell_D_0002 5505546
FabOnDisk: Cell_D_0002 6423139
FabOnDisk: Cell_D_0000 6423125
FabOnDisk: Cell_D_0000 7340718
FabOnDisk: Cell_D_0000 8258311
FabOnDisk: Cell_D_0002 7340732
FabOnDisk: Cell_D_0002 8258325
FabOnDisk: Cell_D_0002 9175918
FabOnDisk: Cell_D_0002 10093511
FabOnDisk: Cell_D_0000 9175903
FabOnDisk: Cell_D_0000 10093496
FabOnDisk: Cell_D_0000 11011089
FabOnDisk: Cell_D_0002 11011104
FabOnDisk: Cell_D_0002 11928696
FabOnDisk: Cell_D_0002 12846288
FabOnDisk: Cell_D_0002 13763880
FabOnDisk: Cell_D_0000 11928681
FabOnDisk: Cell_D_0000 12846273
FabOnDisk: Cell_D_0000 13763865

64,28
2.495366919976088e-03,0.000000000000000e+00,5.357863297484362e+00,2.007172761057335e+08,2.007115241061208e+08,1.509135784887587e+03,2.495366919976088e-03,0.000000000000000e+00,-1.000000000000000e+03,1.338076827374139e+08,5.751999612707273e+03,2.989494046710473e+05,6.401245215992080e-03,4.210263130382329e+08,0.000000000000000e+00,6.393445965272804e-09,8.043367189785626e+10,8.043367189785626e+10,-2.602865586471536e+00,2.495366919976088e-03,1.000000000000000e+00,0.000000000000000e+00,2.119776040684284e+03,2.119776040684284e+03,-1.693033703539416e+03,5.357863297484362e+00,1.000000000000000e+03,1.000000000000000e+00,
2.495366919976088e-03,0.000000000000000e+00,5.357863297484362e+00,2.007172761057335e+08,2.007115241061208e+08,1.509135784887587e+03,2.495366919976088e-03,0.000000000000000e+00,-1.000000000000000e+03,1.338076827374139e+08,5.751999612707273e+03,2.989494046710473e+05,6.401245215992080e-03,4.210263130382329e+08,0.000000000000000e+00,6.393445965272804e-09,8.043367189785626e+10,8.043367189785626e+10,-2.602865586471536e+00,2.495366919976088e-03,1.000000000000000e+00,0.000000000000000e+00,2.119776040684284e+03,2.119776040684284e+03,-1.693033703539416e+03,5.357863297484362e+00,1.000000000000000e+03,1.000000000000000e+00,
2.495366919976088e-03,0.000000000000000e+00,5.357863297484362e+00,2.007172761057335e+08,2.007115241061208e+08,1.509135784887587e+03,2.495366919976088e-03,0.000000000000000e+00,-1.000000000000000e+03,1.338076827374139e+08,5.751999612707273e+03,2.989494046710473e+05,6.401245215992080e-03,4.210263130382329e+08,0.000000000000000e+00,6.393445965272804e-09,8.043367189785626e+10,8.043367189785626e+10,-2.602865586471536e+00,2.495366919976088e-03,1.000000000000000e+00,0.000000000000000e+00,2.119776040684284e+03,2.119776040684284e+03,-1.893756525139301e+03,5.357863297484362e+00,1.000000000000000e+03,1.000000000000000e+00,
2.495366919976088e-03,0.000000000000000e+00,5.357863297484362e+00,2.007172761057335e+08,2.007115241061208e+08,1.509135784887587e+03,2.495366919976088e-03,0.000000000000000e+00,-1.000000000000000e+03,1.338076827374139e+08,5.751999612707273e+03,2.989494046710473e+05,6.401245215992080e-03,4.210263130382329e+08,0.000000000000000e+00,6.393445965272804e-09,8.043367189785626e+10,8.043367189785626e+10,-2.602865586471536e+00,2.495366919976088e-03,1.000000000000000e+00,0.000000000000000e+00,2.119776040684284e+03,2.119776040684284e+03,-2.055730302776034e+03,5.357863297484362e+00,1.000000000000000e+03,1.000000000000000e+00,
2.495366919976088e-03,0.000000000000000e+00,5.357863297484362e+00,2.007172761057335e+08,2.007115241061208e+08,1.509135784887587e+03,2.495366919976088e-03,0.000000000000000e+00,-1.000000000000000e+03,1.338076827374139e+08,5.751999612707273e+03,2.989494046710473e+05,6.401245215992080e-03,4.210263130382329e+08,0.000000000000000e+00,6.393445965272804e-09,8.043367189785626e+10,8.043367189785626e+10,-2.602865586471536e+00,2.495366919976088e-03,1.000000000000000e+00,0.000000000000000e+00,2.119776040684284e+03,2.119776040684284e+03,-2.147117195980984e+03,5.357863297484362e+00,1.000000000000000e+03,1.000000000000000e+00,
2.495366919976088e-03,0.000000000000000e+00,5.357863297484362e+00,2.007172761057335e+08,2.007115241061208e+08,1.509135784887587e+03,2.495366919976088e-03,0.000000000000000e+00,-1.000000000000000e+03,1.338076827374139e+08,5.751999612707273e+03,2.989494046710473e+05,6.401245215992080e-03,4.210263130382329e+08,0.000000000000000e+00,6.393445965272804e-09,8.043367189785626e+10,8.043367189785626e+10,-2.602865586471536e+00,2.495366919976088e-03,1.000000000000000e+00,0.000000000000000e+00,2.119776040684284e+03,2.119776040684284e+03,-2.147117195980984e+03,5.357863297484362e+00,1.000000000000000e+03,1.000000000000000e+00,
2.495366919976088e-03,0.000000000000000e+00,5.357863297484362e+00,2.007172761057335e+08,2.007115241061208e+08,1.509135784887587e+03,2.495366919976088e-03,0.000000000000000e+00,-1.000000000000000e+03,1.338076827374139e+08,5.751999612707273e+03,2.989494046710473e+05,6.401245215992080e-03,4.210263130382329e+08,0.000000000000000e+00,6.393445965272804e-09,8.043367189785626e+10,8.043367189785626e+10,-2.602865586471536e+00,2.495366919976088e-03,1.000000000000000e+00,0.000000000000000e+00,2.119776040684284e+03,2.119776040684284e+03,-2.055730302776034e+03,5.357863297484362e+00,1.000000000000000e+03,1.000000000000000e+00,
2.495366919976088e-03,0.000000000000000e+00,5.357863297484362e+00,2.007172761057335e+08,2.007115241061208e+08,1.509135784887587e+03,2.495366919976088e-03,0.000000000000000e+00,-1.000000000000000e+03,1.338076827374139e+08,5.751999612707273e+03,2.989494046710473e+05,6.401245215992080e-03,4.210263130382329e+08,0.000000000000000e+00,6.393445965272804e-09,8.043367189785626e+10,8.043367189785626e+10,-2.602865586471536e+00,2.495366919976088e-03,1.000000000000000e+00,0.000000000000000e+00,2.119776040684284e+03,2.119776040684284e+03,-1.893756525139301e+03,5.357863297484362e+00,1.000000000000000e+03,1.000000000000000e+00,
7.506086956111418e-08,0.000000000000000e+00,-7.506311692964887e-08,4.485173391253673e+03,4.485173391216143e+03,1.121130242284750e+03,7.506086956111418e-08,0.000000000000000e+00,-1.000000000000000e+03,2.990115594144095e+03,3.753043481917972e-08,2.576686417247624e+05,3.880953436243421e-06,8.346865154930648e+08,0.000000000000000e+00,-2.981004332269776e-18,5.975381603545555e+10,5.975381603545556e+10,-7.124586408702498e+00,7.506086956111418e-08,1.000000000000000e+00,0.000000000000000e+00,-1.000027192135442e+00,1.000000000514253e+00,-7.986851780265070e-01,7.506086959975918e-08,1.000000000000000e+03,1.000000000000000e+00,
7.506111272570486e-08,0.000000000000000e+00,-7.661328750915216e-08,4.485200753106001e+03,4.485200753068468e+03,1.121133449767750e+03,7.506111272570486e-08,0.000000000000000e+00,-1.000000000000000e+03,2.990133835378979e+03,3.753291273913646e-08,2.576690103113751e+05,3.881069714473143e-06,8.346865528669034e+08,0.000000000000000e+00,2.249628486550304e-12,5.975398698735917e+10,5.975398698735917e+10,-7.124585001779431e+00,7.506111272570486e-08,1.000000000000000e+00,0.000000000000000e+00,-1.010035212649943e+00,1.000031392277746e+00,-7.052851056568744e-01,7.506346906500346e-08,1.000000000000000e+03,1.000000000000000e+00,
7.593019787705842e-08,0.000000000000000e+00,-7.790450190238211e-08,4.591735428350676e+03,4.591735428311938e+03,1.134626040799806e+03,7.593019787705842e-08,0.000000000000000e+00,-1.000000000000000e+03,3.061156952207959e+03,1.046121661168539e-08,2.592148677457021e+05,1.205563254111466e-06,8.304531669093776e+08,0.000000000000000e+00,-3.362627000413398e-08,6.047311289437964e+10,6.047311289437963e+10,-7.119585468332243e+00,7.593019787705842e-08,1.000000000000000e+00,0.000000000000000e+00,-1.010121321754675e+00,3.750093531522420e-01,-5.577840187470833e-01,5.159379932827235e-08,1.000000000000000e+03,1.000000000000000e+00,
1.543091915219073e-07,0.000000000000000e+00,-5.531793047178937e-08,1.342699141937840e+04,1.342699141936849e+04,1.533913096866058e+03,1.543091915219073e-07,0.000000000000000e+00,-1.000000000000000e+03,8.951327612912326e+03,1.108618414817497e-11,3.013935209317546e+05,3.043056613250215e-08,7.384124814799070e+08,0.000000000000000e+00,-3.400667634640444e-04,8.175424901367598e+10,8.175424901367598e+10,-6.811608204148424e+00,1.543091915219073e-07,1.000000000000000e+00,0.000000000000000e+00,-3.584875918680184e-01,9.525067982103539e-03,-1.123020567213243e-01,2.327791081177496e-09,1.000000000000000e+03,1.000000000000000e+00,
1.873482206826791e-06,0.000000000000000e+00,5.880279412353057e-03,1.530452386591523e+05,1.530360104727726e+05,1.503178795359593e+03,1.873482206826791e-06,0.000000000000000e+00,-1.000000000000000e+03,1.020240069818484e+05,9.228186379711916e+00,2.983588019773514e+05,8.864067274384858e-03,6.520210056806023e+08,0.000000000000000e+00,-5.845402021894301e-06,8.011617724562434e+10,8.011617724562434e+10,-5.727350427210501e+00,1.873482206826791e-06,1.000000000000000e+00,0.000000000000000e+00,2.644672492632113e+03,2.644672492632113e+03,-8.284865836757962e+02,5.880279412353057e-03,1.000000000000000e+03,1.000000000000000e+00,
2.067276956482543e-05,0.000000000000000e+00,5.445103640855928e-02,1.656173934883814e+06,1.656102224236707e+06,1.500519391685960e+03,2.067276956482543e-05,0.000000000000000e+00,-1.000000000000000e+03,1.104068149491138e+06,7.171064710678705e+01,2.980947589538567e+05,7.496194085012721e-03,5.666144054226749e+08,0.000000000000000e+00,1.266119898096122e-06,7.997443678418208e+10,7.997443678418210e+10,-4.684601336331282e+00,2.067276956482543e-05,1.000000000000000e+00,0.000000000000000e+00,2.234576168843193e+03,2.234576168843193e+03,-1.233930852839469e+03,5.445103640855928e-02,1.000000000000000e+03,1.000000000000000e+00,
2.281070688957656e-04,0.000000000000000e+00,5.091542868182138e-01,1.824323945023853e+07,1.824267121250473e+07,1.500500762842439e+03,2.281070688957656e-04,0.000000000000000e+00,-1.000000000000000e+03,1.216178080833649e+07,5.682377337982100e+02,2.980929085352998e+05,7.186691325365644e-03,4.818695116769223e+08,0.000000000000000e+00,4.474980381063460e-07,7.997344390713113e+10,7.997344390713113e+10,-3.641861255999742e+00,2.281070688957656e-04,1.000000000000000e+00,0.000000000000000e+00,2.148006313641619e+03,2.148006313641619e+03,-1.514909303414750e+03,5.091542868182138e-01,1.000000000000000e+03,1.000000000000000e+00,
7.506086956111418e-08,0.000000000000000e+00,-7.506311692964887e-08,4.485173391253673e+03,4.485173391216143e+03,1.121130242284750e+03,7.506086956111418e-08,0.000000000000000e+00,-1.000000000000000e+03,2.990115594144095e+03,3.753043481917972e-08,2.576686417247624e+05,3.880953436243421e-06,8.346865154930648e+08,0.000000000000000e+00,-2.981004332269776e-18,5.975381603545555e+10,5.975381603545556e+10,-7.124586408702498e+00,7.506086956111418e-08,1.000000000000000e+00,0.000000000000000e+00,-1.000027192135442e+00,1.000000000514253e+00,-7.986851780265070e-01,7.506086959975918e-08,1.000000000000000e+03,1.000000000000000e+00,
7.506111272570486e-08,0.000000000000000e+00,-7.661328750915216e-08,4.485200753106001e+03,4.485200753068468e+03,1.121133449767750e+03,7.506111272570486e-08,0.000000000000000e+00,-1.000000000000000e+03,2.990133835378979e+03,3.753291273913646e-08,2.576690103113751e+05,3.881069714473143e-06,8.346865528669034e+08,0.000000000000000e+00,2.249628486550304e-12,5.975398698735917e+10,5.975398698735917e+10,-7.124585001779431e+00,7.506111272570486e-08,1.000000000000000e+00,0.000000000000000e+00,-1.010035212649943e+00,1.000031392277746e+00,-7.052851056568744e-01,7.506346906500346e-08,1.000000000000000e+03,1.000000000000000e+00,
7.593019787705842e-08,0.000000000000000e+00,-7.790450190238211e-08,4.591735428350676e+03,4.591735428311938e+03,1.134626040799806e+03,7.593019787705842e-08,0.000000000000000e+00,-1.000000000000000e+03,3.061156952207959e+03,1.046121661168539e-08,2.592148677457021e+05,1.205563254111466e-06,8.304531669093776e+08,0.000000000000000e+00,-3.362627000413398e-08,6.047311289437964e+10,6.047311289437963e+10,-7.119585468332243e+00,7.593019787705842e-08,1.000000000000000e+00,0.000000000000000e+00,-1.010121321754675e+00,3.750093531522420e-01,-5.577840187470833e-01,5.159379932827235e-08,1.000000000000000e+03,1.000000000000000e+00,
1.543091915219073e-07,0.000000000000000e+00,-5.531793047178937e-08,1.342699141937840e+04,1.342699141936849e+04,1.533913096866058e+03,1.543091915219073e-07,0.000000000000000e+00,-1.000000000000000e+03,8.951327612912326e+03,1.108618414817497e-11,3.013935209317546e+05,3.043056613250215e-08,7.384124814799070e+08,0.000000000000000e+00,-3.400667634640444e-04,8.175424901367598e+10,8.175424901367598e+10,-6.811608204148424e+00,1.543091915219073e-07,1.000000000000000e+00,0.000000000000000e+00,-3.584875918680184e-01,9.525067982103539e-03,-1.123020567213243e-01,2.327791081177496e-09,1.000000000000000e+03,1.000000000000000e+00,
1.873482206826791e-06,0.000000000000000e+00,5.880279412353057e-03,1.530452386591523e+05,1.530360104727726e+05,1.503178795359593e+03,1.873482206826791e-06,0.000000000000000e+00,-1.000000000000000e+03,1.020240069818484e+05,9.228186379711916e+00,2.983588019773514e+05,8.864067274384858e-03,6.520210056806023e+08,0.000000000000000e+00,-5.845402021894301e-06,8.011617724562434e+10,8.011617724562434e+10,-5.727350427210501e+00,1.873482206826791e-06,1.000000000000000e+00,0.000000000000000e+00,2.644672492632113e+03,2.644672492632113e+03,-8.284865836757962e+02,5.880279412353057e-03,1.000000000000000e+03,1.000000000000000e+00,
2.067276956482543e-05,0.000000000000000e+00,5.445103640855928e-02,1.656173934883814e+06,1.656102224236707e+06,1.500519391685960e+03,2.067276956482543e-05,0.000000000000000e+00,-1.000000000000000e+03,1.104068149491138e+06,7.171064710678705e+01,2.980947589538567e+05,7.496194085012721e-03,5.666144054226749e+08,0.000000000000000e+00,1.266119898096122e-06,7.997443678418208e+10,7.997443678418210e+10,-4.684601336331282e+00,2.067276956482543e-05,1.000000000000000e+00,0.000000000000000e+00,2.234576168843193e+03,2.234576168843193e+03,-1.233930852839469e+03,5.445103640855928e-02,1.000000000000000e+03,1.000000000000000e+00,
2.281070688957656e-04,0.000000000000000e+00,5.091542868182138e-01,1.824323945023853e+07,1.824267121250473e+07,1.500500762842439e+03,2.281070688957656e-04,0.000000000000000e+00,-1.000000000000000e+03,1.216178080833649e+07,5.682377337982100e+02,2.980929085352998e+05,7.186691325365644e-03,4.818695116769223e+08,0.000000000000000e+00,4.474980381063460e-07,7.997344390713113e+10,7.997344390713113e+10,-3.641861255999742e+00,2.281070688957656e-04,1.000000000000000e+00,0.000000000000000e+00,2.148006313641619e+03,2.148006313641619e+03,-1.514909303414750e+03,5.091542868182138e-01,1.000000000000000e+03,1.000000000000000e+00,
7.506086956111418e-08,0.000000000000000e+00,-7.506311692964887e-08,4.485173391253673e+03,4.485173391216143e+03,1.121130242284750e+03,7.506086956111418e-08,0.000000000000000e+00,-1.000000000000000e+03,2.990115594144095e+03,3.753043481917972e-08,2.576686417247624e+05,3.880953436243421e-06,8.346865154930648e+08,0.000000000000000e+00,-2.981004332269776e-18,5.975381603545555e+10,5.975381603545556e+10,-7.124586408702498e+00,7.506086956111418e-08,1.000000000000000e+00,0.000000000000000e+00,-1.000027192135442e+00,1.000000000514253e+00,-8.933757575278701e-01,7.506086959975918e-08,1.000000000000000e+03,1.000000000000000e+00,
7.506111272570486e-08,0.000000000000000e+00,-7.661328750915216e-08,4.485200753106001e+03,4.485200753068468e+03,1.121133449767750e+03,7.506111272570486e-08,0.000000000000000e+00,-1.000000000000000e+03,2.990133835378979e+03,3.753291273913646e-08,2.576690103113751e+05,3.881069714473143e-06,8.346865528669034e+08,0.000000000000000e+00,2.249628486550304e-12,5.975398698735917e+10,5.975398698735917e+10,-7.124585001779431e+00,7.506111272570486e-08,1.000000000000000e+00,0.000000000000000e+00,-1.010035212649943e+00,1.000031392277746e+00,-8.304048389449900e-01,7.506346906500346e-08,1.000000000000000e+03,1.000000000000000e+00,
7.593019787705842e-08,0.000000000000000e+00,-7.790450190238211e-08,4.591735428350676e+03,4.591735428311938e+03,1.134626040799806e+03,7.593019787705842e-08,0.000000000000000e+00,-1.000000000000000e+03,3.061156952207959e+03,1.046121661168539e-08,2.592148677457021e+05,1.205563254111466e-06,8.304531669093776e+08,0.000000000000000e+00,-3.362627000413398e-08,6.047311289437964e+10,6.047311289437963e+10,-7.119585468332243e+00,7.593019787705842e-08,1.000000000000000e+00,0.000000000000000e+00,-1.010121321754675e+00,3.750093531522420e-01,-7.114629854079695e-01,5.159379932827235e-08,1.000000000000000e+03,1.000000000000000e+00,
1.543091915219073e-07,0.000000000000000e+00,-5.531793047178937e-08,1.342699141937840e+04,1.342699141936849e+04,1.533913096866058e+03,1.543091915219073e-07,0.000000000000000e+00,-1.000000000000000e+03,8.951327612912326e+03,1.108618414817497e-11,3.013935209317546e+05,3.043056613250215e-08,7.384124814799070e+08,0.000000000000000e+00,-3.400667634640444e-04,8.175424901367598e+10,8.175424901367598e+10,-6.811608204148424e+00,1.543091915219073e-07,1.000000000000000e+00,0.000000000000000e+00,-3.584875918680184e-01,9.525067982103539e-03,-1.588181253832570e-01,2.327791081177496e-09,1.000000000000000e+03,1.000000000000000e+00,
1.873482206826791e-06,0.000000000000000e+00,5.880279412353057e-03,1.530452386591523e+05,1.530360104727726e+05,1.503178795359593e+03,1.873482206826791e-06,0.000000000000000e+00,-1.000000000000000e+03,1.020240069818484e+05,9.228186379711916e+00,2.983588019773514e+05,8.864067274384858e-03,6.520210056806023e+08,0.000000000000000e+00,-5.845402021894301e-06,8.011617724562434e+10,8.011617724562434e+10,-5.727350427210501e+00,1.873482206826791e-06,1.000000000000000e+00,0.000000000000000e+00,2.644672492632113e+03,2.644672492632113e+03,-1.171649834081660e+03,5.880279412353057e-03,1.000000000000000e+03,1.000000000000000e+00,
2.067276956482543e-05,0.000000000000000e+00,5.445103640855928e-02,1.656173934883814e+06,1.656102224236707e+06,1.500519391685960e+03,2.067276956482543e-05,0.000000000000000e+00,-1.000000000000000e+03,1.104068149491138e+06,7.171064710678705e+01,2.980947589538567e+05,7.496194085012721e-03,5.666144054226749e+08,0.000000000000000e+00,1.266119898096122e-06,7.997443678418208e+10,7.997443678418210e+10,-4.684601336331282e+00,2.067276956482543e-05,1.000000000000000e+00,0.000000000000000e+00,2.234576168843193e+03,2.234576168843193e+03,-1.573899751233705e+03,5.445103640855928e-02,1.000000000000000e+03,1.000000000000000e+00,
2.281070688957656e-04,0.000000000000000e+00,5.091542868182138e-01,1.824323945023853e+07,1.824267121250473e+07,1.500500762842439e+03,2.281070688957656e-04,0.000000000000000e+00,-1.000000000000000e+03,1.216178080833649e+07,5.682377337982100e+02,2.980929085352998e+05,7.186691325365644e-03,4.818695116769223e+08,0.000000000000000e+00,4.474980381063460e-07,7.997344390713113e+10,7.997344390713113e+10,-3.641861255999742e+00,2.281070688957656e-04,1.000000000000000e+00,0.000000000000000e+00,2.148006313641619e+03,2.148006313641619e+03,-1.783658843818561e+03,5.091542868182138e-01,1.000000000000000e+03,1.000000000000000e+00,
7.506086956111418e-08,0.000000000000000e+00,-7.506311692964887e-08,4.485173391253673e+03,4.485173391216143e+03,1.121130242284750e+03,7.506086956111418e-08,0.000000000000000e+00,-1.000000000000000e+03,2.990115594144095e+03,3.753043481917972e-08,2.576686417247624e+05,3.880953436243421e-06,8.346865154930648e+08,0.000000000000000e+00,-2.981004332269776e-18,5.975381603545555e+10,5.975381603545556e+10,-7.124586408702498e+00,7.506086956111418e-08,1.000000000000000e+00,0.000000000000000e+00,-1.000027192135442e+00,1.000000000514253e+00,-9.695818676338471e-01,7.506086959975918e-08,1.000000000000000e+03,1.000000000000000e+00,
7.506111272570486e-08,0.000000000000000e+00,-7.661328750915216e-08,4.485200753106001e+03,4.485200753068468e+03,1.121133449767750e+03,7.506111272570486e-08,0.000000000000000e+00,-1.000000000000000e+03,2.990133835378979e+03,3.753291273913646e-08,2.576690103113751e+05,3.881069714473143e-06,8.346865528669034e+08,0.000000000000000e+00,2.249628486550304e-12,5.975398698735917e+10,5.975398698735917e+10,-7.124585001779431e+00,7.506111272570486e-08,1.000000000000000e+00,0.000000000000000e+00,-1.010035212649943e+00,1.000031392277746e+00,-9.477186480271440e-01,7.506346906500346e-08,1.000000000000000e+03,1.000000000000000e+00,
7.593019787705842e-08,0.000000000000000e+00,-7.790450190238211e-08,4.591735428350676e+03,4.591735428311938e+03,1.134626040799806e+03,7.593019787705842e-08,0.000000000000000e+00,-1.000000000000000e+03,3.061156952207959e+03,1.046121661168539e-08,2.592148677457021e+05,1.205563254111466e-06,8.304531669093776e+08,0.000000000000000e+00,-3.362627000413398e-08,6.047311289437964e+10,6.047311289437963e+10,-7.119585468332243e+00,7.593019787705842e-08,1.000000000000000e+00,0.000000000000000e+00,-1.010121321754675e+00,3.750093531522420e-01,-9.013426979450017e-01,5.159379932827235e-08,1.000000000000000e+03,1.000000000000000e+00,
1.543091915219073e-07,0.000000000000000e+00,-5.531793047178937e-08,1.342699141937840e+04,1.342699141936849e+04,1.533913096866058e+03,1.543091915219073e-07,0.000000000000000e+00,-1.000000000000000e+03,8.951327612912326e+03,1.108618414817497e-11,3.013935209317546e+05,3.043056613250215e-08,7.384124814799070e+08,0.000000000000000e+00,-3.400667634640444e-04,8.175424901367598e+10,8.175424901367598e+10,-6.811608204148424e+00,1.543091915219073e-07,1.000000000000000e+00,0.000000000000000e+00,-3.584875918680184e-01,9.525067982103539e-03,-2.515009492297528e-01,2.327791081177496e-09,1.000000000000000e+03,1.000000000000000e+00,
1.873482206826791e-06,0.000000000000000e+00,5.880279412353057e-03,1.530452386591523e+05,1.530360104727726e+05,1.503178795359593e+03,1.873482206826791e-06,0.000000000000000e+00,-1.000000000000000e+03,1.020240069818484e+05,9.228186379711916e+00,2.983588019773514e+05,8.864067274384858e-03,6.520210056806023e+08,0.000000000000000e+00,-5.845402021894301e-06,8.011617724562434e+10,8.011617724562434e+10,-5.727350427210501e+00,1.873482206826791e-06,1.000000000000000e+00,0.000000000000000e+00,2.644672492632113e+03,2.644672492632113e+03,-1.855399342646346e+03,5.880279412353057e-03,1.000000000000000e+03,1.000000000000000e+00,
2.067276956482543e-05,0.000000000000000e+00,5.445103640855928e-02,1.656173934883814e+06,1.656102224236707e+06,1.500519391685960e+03,2.067276956482543e-05,0.000000000000000e+00,-1.000000000000000e+03,1.104068149491138e+06,7.171064710678705e+01,2.980947589538567e+05,7.496194085012721e-03,5.666144054226749e+08,0.000000000000000e+00,1.266119898096122e-06,7.997443678418208e+10,7.997443678418210e+10,-4.684601336331282e+00,2.067276956482543e-05,1.000000000000000e+00,0.000000000000000e+00,2.234576168843193e+03,2.234576168843193e+03,-1.993952007578417e+03,5.445103640855928e-02,1.000000000000000e+03,1.000000000000000e+00,
2.281070688957656e-04,0.000000000000000e+00,5.091542868182138e-01,1.824323945023853e+07,1.824267121250473e+07,1.500500762842439e+03,2.281070688957656e-04,0.000000000000000e+00,-1.000000000000000e+03,1.216178080833649e+07,5.682377337982100e+02,2.980929085352998e+05,7.186691325365644e-03,4.818695116769223e+08,0.000000000000000e+00,4.474980381063460e-07,7.997344390713113e+10,7.997344390713113e+10,-3.641861255999742e+00,2.281070688957656e-04,1.000000000000000e+00,0.000000000000000e+00,2.148006313641619e+03,2.148006313641619e+03,-2.035641736087435e+03,5.091542868182138e-01,1.000000000000000e+03,1.000000000000000e+00,
7.506086956111418e-08,0.000000000000000e+00,-7.506311692964887e-08,4.485173391253673e+03,4.485173391216143e+03,1.121130242284750e+03,7.506086956111418e-08,0.000000000000000e+00,-1.000000000000000e+03,2.990115594144095e+03,3.753043481917972e-08,2.576686417247624e+05,3.880953436243421e-06,8.346865154930648e+08,0.000000000000000e+00,-2.981004332269776e-18,5.975381603545555e+10,5.975381603545556e+10,-7.124586408702498e+00,7.506086956111418e-08,1.000000000000000e+00,0.000000000000000e+00,-1.000027192135442e+00,1.000000000514253e+00,-1.000023818810658e+00,7.506086959975918e-08,1.000000000000000e+03,1.000000000000000e+00,
7.506111272570486e-08,0.000000000000000e+00,-7.661328750915216e-08,4.485200753106001e+03,4.485200753068468e+03,1.121133449767750e+03,7.506111272570486e-08,0.000000000000000e+00,-1.000000000000000e+03,2.990133835378979e+03,3.753291273913646e-08,2.576690103113751e+05,3.881069714473143e-06,8.346865528669034e+08,0.000000000000000e+00,2.249628486550304e-12,5.975398698735917e+10,5.975398698735917e+10,-7.124585001779431e+00,7.506111272570486e-08,1.000000000000000e+00,0.000000000000000e+00,-1.010035212649943e+00,1.000031392277746e+00,-1.010027566631505e+00,7.506346906500346e-08,1.000000000000000e+03,1.000000000000000e+00,
7.593019787705842e-08,0.000000000000000e+00,-7.790450190238211e-08,4.591735428350676e+03,4.591735428311938e+03,1.134626040799806e+03,7.593019787705842e-08,0.000000000000000e+00,-1.000000000000000e+03,3.061156952207959e+03,1.046121661168539e-08,2.592148677457021e+05,1.205563254111466e-06,8.304531669093776e+08,0.000000000000000e+00,-3.362627000413398e-08,6.047311289437964e+10,6.047311289437963e+10,-7.119585468332243e+00,7.593019787705842e-08,1.000000000000000e+00,0.000000000000000e+00,-1.010121321754675e+00,3.750093531522420e-01,-1.010113431383897e+00,5.159379932827235e-08,1.000000000000000e+03,1.000000000000000e+00,
1.543091915219073e-07,0.000000000000000e+00,-5.531793047178937e-08,1.342699141937840e+04,1.342699141936849e+04,1.533913096866058e+03,1.543091915219073e-07,0.000000000000000e+00,-1.000000000000000e+03,8.951327612912326e+03,1.108618414817497e-11,3.013935209317546e+05,3.043056613250215e-08,7.384124814799070e+08,0.000000000000000e+00,-3.400667634640444e-04,8.175424901367598e+10,8.175424901367598e+10,-6.811608204148424e+00,1.543091915219073e-07,1.000000000000000e+00,0.000000000000000e+00,-3.584875918680184e-01,9.525067982103539e-03,-3.584764792471794e-01,2.327791081177496e-09,1.000000000000000e+03,1.000000000000000e+00,
1.873482206826791e-06,0.000000000000000e+00,5.880279412353057e-03,1.530452386591523e+05,1.530360104727726e+05,1.503178795359593e+03,1.873482206826791e-06,0.000000000000000e+00,-1.000000000000000e+03,1.020240069818484e+05,9.228186379711916e+00,2.983588019773514e+05,8.864067274384858e-03,6.520210056806023e+08,0.000000000000000e+00,-5.845402021894301e-06,8.011617724562434e+10,8.011617724562434e+10,-5.727350427210501e+00,1.873482206826791e-06,1.000000000000000e+00,0.000000000000000e+00,2.644672492632113e+03,2.644672492632113e+03,-3.192118367462002e+03,5.880279412353057e-03,1.000000000000000e+03,1.000000000000000e+00,
2.067276956482543e-05,0.000000000000000e+00,5.445103640855928e-02,1.656173934883814e+06,1.656102224236707e+06,1.500519391685960e+03,2.067276956482543e-05,0.000000000000000e+00,-1.000000000000000e+03,1.104068149491138e+06,7.171064710678705e+01,2.980947589538567e+05,7.496194085012721e-03,5.666144054226749e+08,0.000000000000000e+00,1.266119898096122e-06,7.997443678418208e+10,7.997443678418210e+10,-4.684601336331282e+00,2.067276956482543e-05,1.000000000000000e+00,0.000000000000000e+00,2.234576168843193e+03,2.234576168843193e+03,-2.633870621976384e+03,5.445103640855928e-02,1.000000000000000e+03,1.000000000000000e+00,
2.281070688957656e-04,0.000000000000000e+00,5.091542868182138e-01,1.824323945023853e+07,1.824267121250473e+07,1.500500762842439e+03,2.281070688957656e-04,0.000000000000000e+00,-1.000000000000000e+03,1.216178080833649e+07,5.682377337982100e+02,2.980929085352998e+05,7.186691325365644e-03,4.818695116769223e+08,0.000000000000000e+00,4.474980381063460e-07,7.997344390713113e+10,7.997344390713113e+10,-3.641861255999742e+00,2.281070688957656e-04,1.000000000000000e+00,0.000000000000000e+00,2.148006313641619e+03,2.148006313641619e+03,-2.232067752037834e+03,5.091542868182138e-01,1.000000000000000e+03,1.000000000000000e+00,
7.506086956111418e-08,0.000000000000000e+00,-7.506311692964887e-08,4.485173391253673e+03,4.485173391216143e+03,1.121130242284750e+03,7.506086956111418e-08,0.000000000000000e+00,-1.000000000000000e+03,2.990115594144095e+03,3.753043481917972e-08,2.576686417247624e+05,3.880953436243421e-06,8.346865154930648e+08,0.000000000000000e+00,-2.981004332269776e-18,5.975381603545555e+10,5.975381603545556e+10,-7.124586408702498e+00,7.506086956111418e-08,1.000000000000000e+00,0.000000000000000e+00,-1.000027192135442e+00,1.000000000514253e+00,-1.000023818810658e+00,7.506086959975918e-08,1.000000000000000e+03,1.000000000000000e+00,
7.506111272570486e-08,0.000000000000000e+00,-7.661328750915216e-08,4.485200753106001e+03,4.485200753068468e+03,1.121133449767750e+03,7.506111272570486e-08,0.000000000000000e+00,-1.000000000000000e+03,2.990133835378979e+03,3.753291273913646e-08,2.576690103113751e+05,3.881069714473143e-06,8.346865528669034e+08,0.000000000000000e+00,2.249628486550304e-12,5.975398698735917e+10,5.975398698735917e+10,-7.124585001779431e+00,7.506111272570486e-08,1.000000000000000e+00,0.000000000000000e+00,-1.010035212649943e+00,1.000031392277746e+00,-1.010027566631505e+00,7.506346906500346e-08,1.000000000000000e+03,1.000000000000000e+00,
7.593019787705842e-08,0.000000000000000e+00,-7.790450190238211e-08,4.591735428350676e+03,4.591735428311938e+03,1.134626040799806e+03,7.593019787705842e-08,0.000000000000000e+00,-1.000000000000000e+03,3.061156952207959e+03,1.046121661168539e-08,2.592148677457021e+05,1.205563254111466e-06,8.304531669093776e+08,0.000000000000000e+00,-3.362627000413398e-08,6.047311289437964e+10,6.047311289437963e+10,-7.119585468332243e+00,7.593019787705842e-08,1.000000000000000e+00,0.000000000000000e+00,-1.010121321754675e+00,3.750093531522420e-01,-1.010113431383897e+00,5.159379932827235e-08,1.000000000000000e+03,1.000000000000000e+00,
1.543091915219073e-07,0.000000000000000e+00,-5.531793047178937e-08,1.342699141937840e+04,1.342699141936849e+04,1.533913096866058e+03,1.543091915219073e-07,0.000000000000000e+00,-1.000000000000000e+03,8.951327612912326e+03,1.108618414817497e-11,3.013935209317546e+05,3.043056613250215e-08,7.384124814799070e+08,0.000000000000000e+00,-3.400667634640444e-04,8.175424901367598e+10,8.175424901367598e+10,-6.811608204148424e+00,1.543091915219073e-07,1.000000000000000e+00,0.000000000000000e+00,-3.584875918680184e-01,9.525067982103539e-03,-3.584764792471794e-01,2.327791081177496e-09,1.000000000000000e+03,1.000000000000000e+00,
1.873482206826791e-06,0.000000000000000e+00,5.880279412353057e-03,1.530452386591523e+05,1.530360104727726e+05,1.503178795359593e+03,1.873482206826791e-06,0.000000000000000e+00,-1.000000000000000e+03,1.020240069818484e+05,9.228186379711916e+00,2.983588019773514e+05,8.864067274384858e-03,6.520210056806023e+08,0.000000000000000e+00,-5.845402021894301e-06,8.011617724562434e+10,8.011617724562434e+10,-5.727350427210501e+00,1.873482206826791e-06,1.000000000000000e+00,0.000000000000000e+00,2.644672492632113e+03,2.644672492632113e+03,-3.192118367462002e+03,5.880279412353057e-03,1.000000000000000e+03,1.000000000000000e+00,
2.067276956482543e-05,0.000000000000000e+00,5.445103640855928e-02,1.656173934883814e+06,1.656102224236707e+06,1.500519391685960e+03,2.067276956482543e-05,0.000000000000000e+00,-1.000000000000000e+03,1.104068149491138e+06,7.171064710678705e+01,2.980947589538567e+05,7.496194085012721e-03,5.666144054226749e+08,0.000000000000000e+00,1.266119898096122e-06,7.997443678418208e+10,7.997443678418210e+10,-4.684601336331282e+00,2.067276956482543e-05,1.000000000000000e+00,0.000000000000000e+00,2.234576168843193e+03,2.234576168843193e+03,-2.633870621976384e+03,5.445103640855928e-02,1.000000000000000e+03,1.000000000000000e+00,
2.281070688957656e-04,0.000000000000000e+00,5.091542868182138e-01,1.824323945023853e+07,1.824267121250473e+07,1.500500762842439e+03,2.281070688957656e-04,0.000000000000000e+00,-1.000000000000000e+03,1.216178080833649e+07,5.682377337982100e+02,2.980929085352998e+05,7.186691325365644e-03,4.818695116769223e+08,0.000000000000000e+00,4.474980381063460e-07,7.997344390713113e+10,7.997344390713113e+10,-3.641861255999742e+00,2.281070688957656e-04,1.000000000000000e+00,0.000000000000000e+00,2.148006313641619e+03,2.148006313641619e+03,-2.232067752037834e+03,5.091542868182138e-01,1.000000000000000e+03,1.000000000000000e+00,
7.506086956111418e-08,0.000000000000000e+00,-7.506311692964887e-08,4.485173391253673e+03,4.485173391216143e+03,1.121130242284750e+03,7.506086956111418e-08,0.000000000000000e+00,-1.000000000000000e+03,2.990115594144095e+03,3.753043481917972e-08,2.576686417247624e+05,3.880953436243421e-06,8.346865154930648e+08,0.000000000000000e+00,-2.981004332269776e-18,5.975381603545555e+10,5.975381603545556e+10,-7.124586408702498e+00,7.506086956111418e-08,1.000000000000000e+00,0.000000000000000e+00,-1.000027192135442e+00,1.000000000514253e+00,-9.695818676338471e-01,7.506086959975918e-08,1.000000000000000e+03,1.000000000000000e+00,
7.506111272570486e-08,0.000000000000000e+00,-7.661328750915216e-08,4.485200753106001e+03,4.485200753068468e+03,1.121133449767750e+03,7.506111272570486e-08,0.000000000000000e+00,-1.000000000000000e+03,2.990133835378979e+03,3.753291273913646e-08,2.576690103113751e+05,3.881069714473143e-06,8.346865528669034e+08,0.000000000000000e+00,2.249628486550304e-12,5.975398698735917e+10,5.975398698735917e+10,-7.124585001779431e+00,7.506111272570486e-08,1.000000000000000e+00,0.000000000000000e+00,-1.010035212649943e+00,1.000031392277746e+00,-9.477186480271440e-01,7.506346906500346e-08,1.000000000000000e+03,1.000000000000000e+00,
7.593019787705842e-08,0.000000000000000e+00,-7.790450190238211e-08,4.591735428350676e+03,4.591735428311938e+03,1.134626040799806e+03,7.593019787705842e-08,0.000000000000000e+00,-1.000000000000000e+03,3.061156952207959e+03,1.046121661168539e-08,2.592148677457021e+05,1.205563254111466e-06,8.304531669093776e+08,0.000000000000000e+00,-3.362627000413398e-08,6.047311289437964e+10,6.047311289437963e+10,-7.119585468332243e+00,7.593019787705842e-08,1.000000000000000e+00,0.000000000000000e+00,-1.010121321754675e+00,3.750093531522420e-01,-9.013426979450017e-01,5.159379932827235e-08,1.000000000000000e+03,1.000000000000000e+00,
1.543091915219073e-07,0.000000000000000e+00,-5.531793047178937e-08,1.342699141937840e+04,1.342699141936849e+04,1.533913096866058e+03,1.543091915219073e-07,0.000000000000000e+00,-1.000000000000000e+03,8.951327612912326e+03,1.108618414817497e-11,3.013935209317546e+05,3.043056613250215e-08,7.384124814799070e+08,0.000000000000000e+00,-3.400667634640444e-04,8.175424901367598e+10,8.175424901367598e+10,-6.811608204148424e+00,1.543091915219073e-07,1.000000000000000e+00,0.000000000000000e+00,-3.584875918680184e-01,9.525067982103539e-03,-2.515009492297528e-01,2.327791081177496e-09,1.000000000000000e+03,1.000000000000000e+00,
1.873482206826791e-06,0.000000000000000e+00,5.880279412353057e-03,1.530452386591523e+05,1.530360104727726e+05,1.503178795359593e+03,1.873482206826791e-06,0.000000000000000e+00,-1.000000000000000e+03,1.020240069818484e+05,9.228186379711916e+00,2.983588019773514e+05,8.864067274384858e-03,6.520210056806023e+08,0.000000000000000e+00,-5.845402021894301e-06,8.011617724562434e+10,8.011617724562434e+10,-5.727350427210501e+00,1.873482206826791e-06,1.000000000000000e+00,0.000000000000000e+00,2.644672492632113e+03,2.644672492632113e+03,-1.855399342646346e+03,5.880279412353057e-03,1.000000000000000e+03,1.000000000000000e+00,
2.067276956482543e-05,0.000000000000000e+00,5.445103640855928e-02,1.656173934883814e+06,1.656102224236707e+06,1.500519391685960e+03,2.067276956482543e-05,0.000000000000000e+00,-1.000000000000000e+03,1.104068149491138e+06,7.171064710678705e+01,2.980947589538567e+05,7.496194085012721e-03,5.666144054226749e+08,0.000000000000000e+00,1.266119898096122e-06,7.997443678418208e+10,7.997443678418210e+10,-4.684601336331282e+00,2.067276956482543e-05,1.000000000000000e+00,0.000000000000000e+00,2.234576168843193e+03,2.234576168843193e+03,-1.993952007578417e+03,5.445103640855928e-02,1.000000000000000e+03,1.000000000000000e+00,
2.281070688957656e-04,0.000000000000000e+00,5.091542868182138e-01,1.824323945023853e+07,1.824267121250473e+07,1.500500762842439e+03,2.281070688957656e-04,0.000000000000000e+00,-1.000000000000000e+03,1.216178080833649e+07,5.682377337982100e+02,2.980929085352998e+05,7.186691325365644e-03,4.818695116769223e+08,0.000000000000000e+00,4.474980381063460e-07,7.997344390713113e+10,7.997344390713113e+10,-3.641861255999742e+00,2.281070688957656e-04,1.000000000000000e+00,0.000000000000000e+00,2.148006313641619e+03,2.148006313641619e+03,-2.035641736087435e+03,5.091542868182138e-01,1.000000000000000e+03,1.000000000000000e+00,
7.506086956111418e-08,0.000000000000000e+00,-7.506311692964887e-08,4.485173391253673e+03,4.485173391216143e+03,1.121130242284750e+03,7.506086956111418e-08,0.000000000000000e+00,-1.000000000000000e+03,2.990115594144095e+03,3.753043481917972e-08,2.576686417247624e+05,3.880953436243421e-06,8.346865154930648e+08,0.000000000000000e+00,-2.981004332269776e-18,5.975381603545555e+10,5.975381603545556e+10,-7.124586408702498e+00,7.506086956111418e-08,1.000000000000000e+00,0.000000000000000e+00,-1.000027192135442e+00,1.000000000514253e+00,-8.933757575278701e-01,7.506086959975918e-08,1.000000000000000e+03,1.000000000000000e+00,
7.506111272570486e-08,0.000000000000000e+00,-7.661328750915216e-08,4.485200753106001e+03,4.485200753068468e+03,1.121133449767750e+03,7.506111272570486e-08,0.000000000000000e+00,-1.000000000000000e+03,2.990133835378979e+03,3.753291273913646e-08,2.576690103113751e+05,3.881069714473143e-06,8.346865528669034e+08,0.000000000000000e+00,2.249628486550304e-12,5.975398698735917e+10,5.975398698735917e+10,-7.124585001779431e+00,7.506111272570486e-08,1.000000000000000e+00,0.000000000000000e+00,-1.010035212649943e+00,1.000031392277746e+00,-8.304048389449900e-01,7.506346906500346e-08,1.000000000000000e+03,1.000000000000000e+00,
7.593019787705842e-08,0.000000000000000e+00,-7.790450190238211e-08,4.591735428350676e+03,4.591735428311938e+03,1.134626040799806e+03,7.593019787705842e-08,0.000000000000000e+00,-1.000000000000000e+03,3.061156952207959e+03,1.046121661168539e-08,2.592148677457021e+05,1.205563254111466e-06,8.304531669093776e+08,0.000000000000000e+00,-3.362627000413398e-08,6.047311289437964e+10,6.047311289437963e+10,-7.119585468332243e+00,7.593019787705842e-08,1.000000000000000e+00,0.000000000000000e+00,-1.010121321754675e+00,3.750093531522420e-01,-7.114629854079695e-01,5.159379932827235e-08,1.000000000000000e+03,1.000000000000000e+00,
1.543091915219073e-07,0.000000000000000e+00,-5.531793047178937e-08,1.342699141937840e+04,1.342699141936849e+04,1.533913096866058e+03,1.543091915219073e-07,0.000000000000000e+00,-1.000000000000000e+03,8.951327612912326e+03,1.108618414817497e-11,3.013935209317546e+05,3.043056613250215e-08,7.384124814799070e+08,0.000000000000000e+00,-3.400667634640444e-04,8.175424901367598e+10,8.175424901367598e+10,-6.811608204148424e+00,1.543091915219073e-07,1.000000000000000e+00,0.000000000000000e+00,-3.584875918680184e-01,9.525067982103539e-03,-1.588181253832570e-01,2.327791081177496e-09,1.000000000000000e+03,1.000000000000000e+00,
1.873482206826791e-06,0.000000000000000e+00,5.880279412353057e-03,1.530452386591523e+05,1.530360104727726e+05,1.503178795359593e+03,1.873482206826791e-06,0.000000000000000e+00,-1.000000000000000e+03,1.020240069818484e+05,9.228186379711916e+00,2.983588019773514e+05,8.864067274384858e-03,6.520210056806023e+08,0.000000000000000e+00,-5.845402021894301e-06,8.011617724562434e+10,8.011617724562434e+10,-5.727350427210501e+00,1.873482206826791e-06,1.000000000000000e+00,0.000000000000000e+00,2.644672492632113e+03,2.644672492632113e+03,-1.171649834081660e+03,5.880279412353057e-03,1.000000000000000e+03,1.000000000000000e+00,
2.067276956482543e-05,0.000000000000000e+00,5.445103640855928e-02,1.656173934883814e+06,1.656102224236707e+06,1.500519391685960e+03,2.067276956482543e-05,0.000000000000000e+00,-1.000000000000000e+03,1.104068149491138e+06,7.171064710678705e+01,2.980947589538567e+05,7.496194085012721e-03,5.666144054226749e+08,0.000000000000000e+00,1.266119898096122e-06,7.997443678418208e+10,7.997443678418210e+10,-4.684601336331282e+00,2.067276956482543e-05,1.000000000000000e+00,0.000000000000000e+00,2.234576168843193e+03,2.234576168843193e+03,-1.573899751233705e+03,5.445103640855928e-02,1.000000000000000e+03,1.000000000000000e+00,
2.281070688957656e-04,0.000000000000000e+00,5.091542868182138e-01,1.824323945023853e+07,1.824267121250473e+07,1.500500762842439e+03,2.281070688957656e-04,0.000000000000000e+00,-1.000000000000000e+03,1.216178080833649e+07,5.682377337982100e+02,2.980929085352998e+05,7.186691325365644e-03,4.818695116769223e+08,0.000000000000000e+00,4.474980381063460e-07,7.997344390713113e+10,7.997344390713113e+10,-3.641861255999742e+00,2.281070688957656e-04,1.000000000000000e+00,0.000000000000000e+00,2.148006313641619e+03,2.148006313641619e+03,-1.783658843818561e+03,5.091542868182138e-01,1.000000000000000e+03,1.000000000000000e+00,

64,28
1.812744031923866e-02,0.000000000000000e+00,3.842611366765638e+01,1.789121808039748e+09,1.789081080662204e+09,1.853217414534208e+03,1.812744031923866e-02,0.000000000000000e+00,-1.000000000000000e+03,1.192720720441469e+09,4.072737754465445e+04,3.312811465295517e+05,7.182233532442510e-03,4.805811207962391e+08,2.500000000000000e-07,5.297886831898179e-04,9.877247824134082e+10,9.877247824134082e+10,-1.741663516020977e+00,1.812744031923866e-02,1.000000000000000e+00,0.000000000000000e+00,2.147124438732122e+03,2.147124438732122e+03,-1.292030212370308e+03,3.842611366765638e+01,1.000000000000000e+03,1.000000000000000e+00,
1.812744031923866e-02,0.000000000000000e+00,3.842611366765638e+01,1.789121808039748e+09,1.789081080662204e+09,1.853217414534208e+03,1.812744031923866e-02,0.000000000000000e+00,-1.000000000000000e+03,1.192720720441469e+09,4.072737754465445e+04,3.312811465295517e+05,7.182233532442510e-03,4.805811207962391e+08,2.500000000000000e-07,5.297886831898179e-04,9.877247824134082e+10,9.877247824134082e+10,-1.741663516020977e+00,1.812744031923866e-02,1.000000000000000e+00,0.000000000000000e+00,2.147124438732122e+03,2.147124438732122e+03,-1.292030212370308e+03,3.842611366765638e+01,1.000000000000000e+03,1.000000000000000e+00,
1.812744031923866e-02,0.000000000000000e+00,3.842611366765638e+01,1.789121808039748e+09,1.789081080662204e+09,1.853217414534208e+03,1.812744031923866e-02,0.000000000000000e+00,-1.000000000000000e+03,1.192720720441469e+09,4.072737754465445e+04,3.312811465295517e+05,7.182233532442510e-03,4.805811207962391e+08,2.500000000000000e-07,5.297886831898179e-04,9.877247824134082e+10,9.877247824134082e+10,-1.741663516020977e+00,1.812744031923866e-02,1.000000000000000e+00,0.000000000000000e+00,2.147124438732122e+03,2.147124438732122e+03,-1.522194855443134e+03,3.842611366765638e+01,1.000000000000000e+03,1.000000000000000e+00,
1.812744031923866e-02,0.000000000000000e+00,3.842611366765638e+01,1.789121808039748e+09,1.789081080662204e+09,1.853217414534208e+03,1.812744031923866e-02,0.000000000000000e+00,-1.000000000000000e+03,1.192720720441469e+09,4.072737754465445e+04,3.312811465295517e+05,7.182233532442510e-03,4.805811207962391e+08,2.500000000000000e-07,5.297886831898179e-04,9.877247824134082e+10,9.877247824134082e+10,-1.741663516020977e+00,1.812744031923866e-02,1.000000000000000e+00,0.000000000000000e+00,2.147124438732122e+03,2.147124438732122e+03,-1.790084057382128e+03,3.842611366765638e+01,1.000000000000000e+03,1.000000000000000e+00,
1.812744031923866e-02,0.000000000000000e+00,3.842611366765638e+01,1.789121808039748e+09,1.789081080662204e+09,1.853217414534208e+03,1.812744031923866e-02,0.000000000000000e+00,-1.000000000000000e+03,1.192720720441469e+09,4.072737754465445e+04,3.312811465295517e+05,7.182233532442510e-03,4.805811207962391e+08,2.500000000000000e-07,5.297886831898179e-04,9.877247824134082e+10,9.877247824134082e+10,-1.741663516020977e+00,1.812744031923866e-02,1.000000000000000e+00,0.000000000000000e+00,2.147124438732122e+03,2.147124438732122e+03,-2.039049672106589e+03,3.842611366765638e+01,1.000000000000000e+03,1.000000000000000e+00,
1.812744031923866e-02,0.000000000000000e+00,3.842611366765638e+01,1.789121808039748e+09,1.789081080662204e+09,1.853217414534208e+03,1.812744031923866e-02,0.000000000000000e+00,-1.000000000000000e+03,1.192720720441469e+09,4.072737754465445e+04,3.312811465295517e+05,7.182233532442510e-03,4.805811207962391e+08,2.500000000000000e-07,5.297886831898179e-04,9.877247824134082e+10,9.877247824134082e+10,-1.741663516020977e+00,1.812744031923866e-02,1.000000000000000e+00,0.000000000000000e+00,2.147124438732122e+03,2.147124438732122e+03,-2.039049672106589e+03,3.842611366765638e+01,1.000000000000000e+03,1.000000000000000e+00,
1.812744031923866e-02,0.000000000000000e+00,3.842611366765638e+01,1.789121808039748e+09,1.789081080662204e+09,1.853217414534208e+03,1.812744031923866e-02,0.000000000000000e+00,-1.000000000000000e+03,1.192720720441469e+09,4.072737754465445e+04,3.312811465295517e+05,7.182233532442510e-03,4.805811207962391e+08,2.500000000000000e-07,5.297886831898179e-04,9.877247824134082e+10,9.877247824134082e+10,-1.741663516020977e+00,1.812744031923866e-02,1.000000000000000e+00,0.000000000000000e+00,2.147124438732122e+03,2.147124438732122e+03,-1.790084057382128e+03,3.842611366765638e+01,1.000000000000000e+03,1.000000000000000e+00,
1.812744031923866e-02,0.000000000000000e+00,3.842611366765638e+01,1.789121808039748e+09,1.789081080662204e+09,1.853217414534208e+03,1.812744031923866e-02,0.000000000000000e+00,-1.000000000000000e+03,1.192720720441469e+09,4.072737754465445e+04,3.312811465295517e+05,7.182233532442510e-03,4.805811207962391e+08,2.500000000000000e-07,5.297886831898179e-04,9.877247824134082e+10,9.877247824134082e+10,-1.741663516020977e+00,1.812744031923866e-02,1.000000000000000e+00,0.000000000000000e+00,2.147124438732122e+03,2.147124438732122e+03,-1.522194855443134e+03,3.842611366765638e+01,1.000000000000000e+03,1.000000000000000e+00,
7.506107585870773e-08,0.000000000000000e+00,-7.506086959975918e-08,4.485196585696605e+03,4.485196585659072e+03,1.121132958725706e+03,7.506107585870773e-08,0.000000000000000e+00,-1.000000000000000e+03,2.990131057106049e+03,3.753257902804555e-08,2.576689538835112e+05,3.881054263865801e-06,8.346865469749699e+08,0.000000000000000e+00,1.967775039968256e-12,5.975396081588073e+10,5.975396081588072e+10,-7.124585215087451e+00,7.506107585870773e-08,1.000000000000000e+00,0.000000000000000e+00,-1.000000000514253e+00,1.000027192135442e+00,-6.017654692588768e-01,7.506311692964887e-08,1.000000000000000e+03,1.000000000000000e+00,
7.585209559986370e-08,0.000000000000000e+00,-7.506346906500346e-08,4.581931120065398e+03,4.581931120026708e+03,1.133369169306114e+03,7.585209559986370e-08,0.000000000000000e+00,-1.000000000000000e+03,3.054620746684472e+03,3.869105907055887e-08,2.590712565285601e+05,3.902590785474154e-06,8.348926077971551e+08,0.000000000000000e+00,1.854356508412813e-10,6.040612436335827e+10,6.040612436335827e+10,-7.120032416263078e+00,7.585209559986370e-08,1.000000000000000e+00,0.000000000000000e+00,-1.000031392277746e+00,1.010035212649943e+00,-4.538192367873524e-01,7.661328750915216e-08,1.000000000000000e+03,1.000000000000000e+00,
1.487743258927356e-07,0.000000000000000e+00,-5.159379932827235e-08,1.295611206053139e+04,1.295611206052093e+04,1.678396102986168e+03,1.487743258927356e-07,0.000000000000000e+00,-1.000000000000000e+03,8.637408040347284e+03,3.897335158370591e-08,3.152686343255569e+05,3.896821375257424e-06,8.456308423917590e+08,0.000000000000000e+00,1.414923966837206e-09,8.945488061055153e+10,8.945488061055153e+10,-6.827472008878516e+00,1.487743258927356e-07,1.000000000000000e+00,0.000000000000000e+00,-3.750093531522420e-01,1.010121321754675e+00,-9.179000523981772e-02,7.790450190238211e-08,1.000000000000000e+03,1.000000000000000e+00,
1.804496797603425e-06,0.000000000000000e+00,5.642585306434343e-03,1.475341025986726e+05,1.475252805356513e+05,1.703358319245640e+03,1.804496797603425e-06,0.000000000000000e+00,-1.000000000000000e+03,9.835018702376755e+04,8.822063021301618e+00,3.176044232907353e+05,1.037500001247410e-02,8.291111122014955e+08,0.000000000000000e+00,-8.294765557944173e-09,9.078531272445651e+10,9.078531272445651e+10,-5.743643884335643e+00,1.804496797603425e-06,1.000000000000000e+00,0.000000000000000e+00,3.126957783426566e+03,3.126957783426566e+03,3.230483177827486e+02,5.642585306434343e-03,1.000000000000000e+03,1.000000000000000e+00,
1.991155668236075e-05,0.000000000000000e+00,5.265954624332460e-02,1.595307438027021e+06,1.595237804400309e+06,1.532619986277971e+03,1.991155668236075e-05,0.000000000000000e+00,-1.000000000000000e+03,1.063491869600206e+06,6.963362671210464e+01,3.012664546309956e+05,1.064404256710116e-02,7.370344792077107e+08,0.000000000000000e+00,5.873111934224198e-06,8.168532901733678e+10,8.168532901733676e+10,-4.700894785571205e+00,1.991155668236075e-05,1.000000000000000e+00,0.000000000000000e+00,3.198373477092016e+03,3.198373477092016e+03,-6.142238252280493e+00,5.265954624332460e-02,1.000000000000000e+03,1.000000000000000e+00,
2.197091463243379e-04,0.000000000000000e+00,4.909568224532476e-01,1.757166377383007e+07,1.757111523362238e+07,1.503068934358312e+03,2.197091463243379e-04,0.000000000000000e+00,-1.000000000000000e+03,1.171407682241492e+07,5.485402076925029e+02,2.983478988846020e+05,8.828450840867060e-03,6.506840583813884e+08,0.000000000000000e+00,5.332408729890175e-06,8.011032189197105e+10,8.011032189197104e+10,-3.658151863354826e+00,2.197091463243379e-04,1.000000000000000e+00,0.000000000000000e+00,2.633949758778685e+03,2.633949758778685e+03,-6.447046190380242e+02,4.909568224532476e-01,1.000000000000000e+03,1.000000000000000e+00,
2.404990950379984e-03,0.000000000000000e+00,5.165935745667163e+00,1.933666353954997e+08,1.933610871642009e+08,1.508502571120417e+03,2.404990950379984e-03,0.000000000000000e+00,-1.000000000000000e+03,1.289073914428006e+08,5.548231298779996e+03,2.988866804478114e+05,7.487848897985192e-03,5.652814015936157e+08,0.000000000000000e+00,1.226024722130660e-06,8.039992297420090e+10,8.039992297420090e+10,-2.618886553472033e+00,2.404990950379984e-03,1.000000000000000e+00,0.000000000000000e+00,2.232084649033274e+03,2.232084649033274e+03,-1.002898650643497e+03,5.165935745667163e+00,1.000000000000000e+03,1.000000000000000e+00,
7.506107585870773e-08,0.000000000000000e+00,-7.506086959975918e-08,4.485196585696605e+03,4.485196585659072e+03,1.121132958725706e+03,7.506107585870773e-08,0.000000000000000e+00,-1.000000000000000e+03,2.990131057106049e+03,3.753257902804555e-08,2.576689538835112e+05,3.881054263865801e-06,8.346865469749699e+08,0.000000000000000e+00,1.967775039968256e-12,5.975396081588073e+10,5.975396081588072e+10,-7.124585215087451e+00,7.506107585870773e-08,1.000000000000000e+00,0.000000000000000e+00,-1.000000000514253e+00,1.000027192135442e+00,-6.017654692588768e-01,7.506311692964887e-08,1.000000000000000e+03,1.000000000000000e+00,
7.585209559986370e-08,0.000000000000000e+00,-7.506346906500346e-08,4.581931120065398e+03,4.581931120026708e+03,1.133369169306114e+03,7.585209559986370e-08,0.000000000000000e+00,-1.000000000000000e+03,3.054620746684472e+03,3.869105907055887e-08,2.590712565285601e+05,3.902590785474154e-06,8.348926077971551e+08,0.000000000000000e+00,1.854356508412813e-10,6.040612436335827e+10,6.040612436335827e+10,-7.120032416263078e+00,7.585209559986370e-08,1.000000000000000e+00,0.000000000000000e+00,-1.000031392277746e+00,1.010035212649943e+00,-4.538192367873524e-01,7.661328750915216e-08,1.000000000000000e+03,1.000000000000000e+00,
1.487743258927356e-07,0.000000000000000e+00,-5.159379932827235e-08,1.295611206053139e+04,1.295611206052093e+04,1.678396102986168e+03,1.487743258927356e-07,0.000000000000000e+00,-1.000000000000000e+03,8.637408040347284e+03,3.897335158370591e-08,3.152686343255569e+05,3.896821375257424e-06,8.456308423917590e+08,0.000000000000000e+00,1.414923966837206e-09,8.945488061055153e+10,8.945488061055153e+10,-6.827472008878516e+00,1.487743258927356e-07,1.000000000000000e+00,0.000000000000000e+00,-3.750093531522420e-01,1.010121321754675e+00,-9.179000523981772e-02,7.790450190238211e-08,1.000000000000000e+03,1.000000000000000e+00,
1.804496797603425e-06,0.000000000000000e+00,5.642585306434343e-03,1.475341025986726e+05,1.475252805356513e+05,1.703358319245640e+03,1.804496797603425e-06,0.000000000000000e+00,-1.000000000000000e+03,9.835018702376755e+04,8.822063021301618e+00,3.176044232907353e+05,1.037500001247410e-02,8.291111122014955e+08,0.000000000000000e+00,-8.294765557944173e-09,9.078531272445651e+10,9.078531272445651e+10,-5.743643884335643e+00,1.804496797603425e-06,1.000000000000000e+00,0.000000000000000e+00,3.126957783426566e+03,3.126957783426566e+03,3.230483177827486e+02,5.642585306434343e-03,1.000000000000000e+03,1.000000000000000e+00,
1.991155668236075e-05,0.000000000000000e+00,5.265954624332460e-02,1.595307438027021e+06,1.595237804400309e+06,1.532619986277971e+03,1.991155668236075e-05,0.000000000000000e+00,-1.000000000000000e+03,1.063491869600206e+06,6.963362671210464e+01,3.012664546309956e+05,1.064404256710116e-02,7.370344792077107e+08,0.000000000000000e+00,5.873111934224198e-06,8.168532901733678e+10,8.168532901733676e+10,-4.700894785571205e+00,1.991155668236075e-05,1.000000000000000e+00,0.000000000000000e+00,3.198373477092016e+03,3.198373477092016e+03,-6.142238252280493e+00,5.265954624332460e-02,1.000000000000000e+03,1.000000000000000e+00,
2.197091463243379e-04,0.000000000000000e+00,4.909568224532476e-01,1.757166377383007e+07,1.757111523362238e+07,1.503068934358312e+03,2.197091463243379e-04,0.000000000000000e+00,-1.000000000000000e+03,1.171407682241492e+07,5.485402076925029e+02,2.983478988846020e+05,8.828450840867060e-03,6.506840583813884e+08,0.000000000000000e+00,5.332408729890175e-06,8.011032189197105e+10,8.011032189197104e+10,-3.658151863354826e+00,2.197091463243379e-04,1.000000000000000e+00,0.000000000000000e+00,2.633949758778685e+03,2.633949758778685e+03,-6.447046190380242e+02,4.909568224532476e-01,1.000000000000000e+03,1.000000000000000e+00,
2.404990950379984e-03,0.000000000000000e+00,5.165935745667163e+00,1.933666353954997e+08,1.933610871642009e+08,1.508502571120417e+03,2.404990950379984e-03,0.000000000000000e+00,-1.000000000000000e+03,1.289073914428006e+08,5.548231298779996e+03,2.988866804478114e+05,7.487848897985192e-03,5.652814015936157e+08,0.000000000000000e+00,1.226024722130660e-06,8.039992297420090e+10,8.039992297420090e+10,-2.618886553472033e+00,2.404990950379984e-03,1.000000000000000e+00,0.000000000000000e+00,2.232084649033274e+03,2.232084649033274e+03,-1.002898650643497e+03,5.165935745667163e+00,1.000000000000000e+03,1.000000000000000e+00,
7.506107585870773e-08,0.000000000000000e+00,-7.506086959975918e-08,4.485196585696605e+03,4.485196585659072e+03,1.121132958725706e+03,7.506107585870773e-08,0.000000000000000e+00,-1.000000000000000e+03,2.990131057106049e+03,3.753257902804555e-08,2.576689538835112e+05,3.881054263865801e-06,8.346865469749699e+08,0.000000000000000e+00,1.967775039968256e-12,5.975396081588073e+10,5.975396081588072e+10,-7.124585215087451e+00,7.506107585870773e-08,1.000000000000000e+00,0.000000000000000e+00,-1.000000000514253e+00,1.000027192135442e+00,-7.089650789270012e-01,7.506311692964887e-08,1.000000000000000e+03,1.000000000000000e+00,
7.585209559986370e-08,0.000000000000000e+00,-7.506346906500346e-08,4.581931120065398e+03,4.581931120026708e+03,1.133369169306114e+03,7.585209559986370e-08,0.000000000000000e+00,-1.000000000000000e+03,3.054620746684472e+03,3.869105907055887e-08,2.590712565285601e+05,3.902590785474154e-06,8.348926077971551e+08,0.000000000000000e+00,1.854356508412813e-10,6.040612436335827e+10,6.040612436335827e+10,-7.120032416263078e+00,7.585209559986370e-08,1.000000000000000e+00,0.000000000000000e+00,-1.000031392277746e+00,1.010035212649943e+00,-5.627909460757429e-01,7.661328750915216e-08,1.000000000000000e+03,1.000000000000000e+00,
1.487743258927356e-07,0.000000000000000e+00,-5.159379932827235e-08,1.295611206053139e+04,1.295611206052093e+04,1.678396102986168e+03,1.487743258927356e-07,0.000000000000000e+00,-1.000000000000000e+03,8.637408040347284e+03,3.897335158370591e-08,3.152686343255569e+05,3.896821375257424e-06,8.456308423917590e+08,0.000000000000000e+00,1.414923966837206e-09,8.945488061055153e+10,8.945488061055153e+10,-6.827472008878516e+00,1.487743258927356e-07,1.000000000000000e+00,0.000000000000000e+00,-3.750093531522420e-01,1.010121321754675e+00,-1.197012894958840e-01,7.790450190238211e-08,1.000000000000000e+03,1.000000000000000e+00,
1.804496797603425e-06,0.000000000000000e+00,5.642585306434343e-03,1.475341025986726e+05,1.475252805356513e+05,1.703358319245640e+03,1.804496797603425e-06,0.000000000000000e+00,-1.000000000000000e+03,9.835018702376755e+04,8.822063021301618e+00,3.176044232907353e+05,1.037500001247410e-02,8.291111122014955e+08,0.000000000000000e+00,-8.294765557944173e-09,9.078531272445651e+10,9.078531272445651e+10,-5.743643884335643e+00,1.804496797603425e-06,1.000000000000000e+00,0.000000000000000e+00,3.126957783426566e+03,3.126957783426566e+03,4.767357914033070e+02,5.642585306434343e-03,1.000000000000000e+03,1.000000000000000e+00,
1.991155668236075e-05,0.000000000000000e+00,5.265954624332460e-02,1.595307438027021e+06,1.595237804400309e+06,1.532619986277971e+03,1.991155668236075e-05,0.000000000000000e+00,-1.000000000000000e+03,1.063491869600206e+06,6.963362671210464e+01,3.012664546309956e+05,1.064404256710116e-02,7.370344792077107e+08,0.000000000000000e+00,5.873111934224198e-06,8.168532901733678e+10,8.168532901733676e+10,-4.700894785571205e+00,1.991155668236075e-05,1.000000000000000e+00,0.000000000000000e+00,3.198373477092016e+03,3.198373477092016e+03,-8.194984487030030e+00,5.265954624332460e-02,1.000000000000000e+03,1.000000000000000e+00,
2.197091463243379e-04,0.000000000000000e+00,4.909568224532476e-01,1.757166377383007e+07,1.757111523362238e+07,1.503068934358312e+03,2.197091463243379e-04,0.000000000000000e+00,-1.000000000000000e+03,1.171407682241492e+07,5.485402076925029e+02,2.983478988846020e+05,8.828450840867060e-03,6.506840583813884e+08,0.000000000000000e+00,5.332408729890175e-06,8.011032189197105e+10,8.011032189197104e+10,-3.658151863354826e+00,2.197091463243379e-04,1.000000000000000e+00,0.000000000000000e+00,2.633949758778685e+03,2.633949758778685e+03,-8.407448506095914e+02,4.909568224532476e-01,1.000000000000000e+03,1.000000000000000e+00,
2.404990950379984e-03,0.000000000000000e+00,5.165935745667163e+00,1.933666353954997e+08,1.933610871642009e+08,1.508502571120417e+03,2.404990950379984e-03,0.000000000000000e+00,-1.000000000000000e+03,1.289073914428006e+08,5.548231298779996e+03,2.988866804478114e+05,7.487848897985192e-03,5.652814015936157e+08,0.000000000000000e+00,1.226024722130660e-06,8.039992297420090e+10,8.039992297420090e+10,-2.618886553472033e+00,2.404990950379984e-03,1.000000000000000e+00,0.000000000000000e+00,2.232084649033274e+03,2.232084649033274e+03,-1.243716076051252e+03,5.165935745667163e+00,1.000000000000000e+03,1.000000000000000e+00,
7.506107585870773e-08,0.000000000000000e+00,-7.506086959975918e-08,4.485196585696605e+03,4.485196585659072e+03,1.121132958725706e+03,7.506107585870773e-08,0.000000000000000e+00,-1.000000000000000e+03,2.990131057106049e+03,3.753257902804555e-08,2.576689538835112e+05,3.881054263865801e-06,8.346865469749699e+08,0.000000000000000e+00,1.967775039968256e-12,5.975396081588073e+10,5.975396081588072e+10,-7.124585215087451e+00,7.506107585870773e-08,1.000000000000000e+00,0.000000000000000e+00,-1.000000000514253e+00,1.000027192135442e+00,-8.337349718991333e-01,7.506311692964887e-08,1.000000000000000e+03,1.000000000000000e+00,
7.585209559986370e-08,0.000000000000000e+00,-7.506346906500346e-08,4.581931120065398e+03,4.581931120026708e+03,1.133369169306114e+03,7.585209559986370e-08,0.000000000000000e+00,-1.000000000000000e+03,3.054620746684472e+03,3.869105907055887e-08,2.590712565285601e+05,3.902590785474154e-06,8.348926077971551e+08,0.000000000000000e+00,1.854356508412813e-10,6.040612436335827e+10,6.040612436335827e+10,-7.120032416263078e+00,7.585209559986370e-08,1.000000000000000e+00,0.000000000000000e+00,-1.000031392277746e+00,1.010035212649943e+00,-7.169871324299045e-01,7.661328750915216e-08,1.000000000000000e+03,1.000000000000000e+00,
1.487743258927356e-07,0.000000000000000e+00,-5.159379932827235e-08,1.295611206053139e+04,1.295611206052093e+04,1.678396102986168e+03,1.487743258927356e-07,0.000000000000000e+00,-1.000000000000000e+03,8.637408040347284e+03,3.897335158370591e-08,3.152686343255569e+05,3.896821375257424e-06,8.456308423917590e+08,0.000000000000000e+00,1.414923966837206e-09,8.945488061055153e+10,8.945488061055153e+10,-6.827472008878516e+00,1.487743258927356e-07,1.000000000000000e+00,0.000000000000000e+00,-3.750093531522420e-01,1.010121321754675e+00,-1.692821505993180e-01,7.790450190238211e-08,1.000000000000000e+03,1.000000000000000e+00,
1.804496797603425e-06,0.000000000000000e+00,5.642585306434343e-03,1.475341025986726e+05,1.475252805356513e+05,1.703358319245640e+03,1.804496797603425e-06,0.000000000000000e+00,-1.000000000000000e+03,9.835018702376755e+04,8.822063021301618e+00,3.176044232907353e+05,1.037500001247410e-02,8.291111122014955e+08,0.000000000000000e+00,-8.294765557944173e-09,9.078531272445651e+10,9.078531272445651e+10,-5.743643884335643e+00,1.804496797603425e-06,1.000000000000000e+00,0.000000000000000e+00,3.126957783426566e+03,3.126957783426566e+03,8.862165394225038e+02,5.642585306434343e-03,1.000000000000000e+03,1.000000000000000e+00,
1.991155668236075e-05,0.000000000000000e+00,5.265954624332460e-02,1.595307438027021e+06,1.595237804400309e+06,1.532619986277971e+03,1.991155668236075e-05,0.000000000000000e+00,-1.000000000000000e+03,1.063491869600206e+06,6.963362671210464e+01,3.012664546309956e+05,1.064404256710116e-02,7.370344792077107e+08,0.000000000000000e+00,5.873111934224198e-06,8.168532901733678e+10,8.168532901733676e+10,-4.700894785571205e+00,1.991155668236075e-05,1.000000000000000e+00,0.000000000000000e+00,3.198373477092016e+03,3.198373477092016e+03,-1.230849263812131e+01,5.265954624332460e-02,1.000000000000000e+03,1.000000000000000e+00,
2.197091463243379e-04,0.000000000000000e+00,4.909568224532476e-01,1.757166377383007e+07,1.757111523362238e+07,1.503068934358312e+03,2.197091463243379e-04,0.000000000000000e+00,-1.000000000000000e+03,1.171407682241492e+07,5.485402076925029e+02,2.983478988846020e+05,8.828450840867060e-03,6.506840583813884e+08,0.000000000000000e+00,5.332408729890175e-06,8.011032189197105e+10,8.011032189197104e+10,-3.658151863354826e+00,2.197091463243379e-04,1.000000000000000e+00,0.000000000000000e+00,2.633949758778685e+03,2.633949758778685e+03,-1.188985490598143e+03,4.909568224532476e-01,1.000000000000000e+03,1.000000000000000e+00,
2.404990950379984e-03,0.000000000000000e+00,5.165935745667163e+00,1.933666353954997e+08,1.933610871642009e+08,1.508502571120417e+03,2.404990950379984e-03,0.000000000000000e+00,-1.000000000000000e+03,1.289073914428006e+08,5.548231298779996e+03,2.988866804478114e+05,7.487848897985192e-03,5.652814015936157e+08,0.000000000000000e+00,1.226024722130660e-06,8.039992297420090e+10,8.039992297420090e+10,-2.618886553472033e+00,2.404990950379984e-03,1.000000000000000e+00,0.000000000000000e+00,2.232084649033274e+03,2.232084649033274e+03,-1.584475424032403e+03,5.165935745667163e+00,1.000000000000000e+03,1.000000000000000e+00,
7.506107585870773e-08,0.000000000000000e+00,-7.506086959975918e-08,4.485196585696605e+03,4.485196585659072e+03,1.121132958725706e+03,7.506107585870773e-08,0.000000000000000e+00,-1.000000000000000e+03,2.990131057106049e+03,3.753257902804555e-08,2.576689538835112e+05,3.881054263865801e-06,8.346865469749699e+08,0.000000000000000e+00,1.967775039968256e-12,5.975396081588073e+10,5.975396081588072e+10,-7.124585215087451e+00,7.506107585870773e-08,1.000000000000000e+00,0.000000000000000e+00,-1.000000000514253e+00,1.000027192135442e+00,-9.496911690062725e-01,7.506311692964887e-08,1.000000000000000e+03,1.000000000000000e+00,
7.585209559986370e-08,0.000000000000000e+00,-7.506346906500346e-08,4.581931120065398e+03,4.581931120026708e+03,1.133369169306114e+03,7.585209559986370e-08,0.000000000000000e+00,-1.000000000000000e+03,3.054620746684472e+03,3.869105907055887e-08,2.590712565285601e+05,3.902590785474154e-06,8.348926077971551e+08,0.000000000000000e+00,1.854356508412813e-10,6.040612436335827e+10,6.040612436335827e+10,-7.120032416263078e+00,7.585209559986370e-08,1.000000000000000e+00,0.000000000000000e+00,-1.000031392277746e+00,1.010035212649943e+00,-9.055070884169755e-01,7.661328750915216e-08,1.000000000000000e+03,1.000000000000000e+00,
1.487743258927356e-07,0.000000000000000e+00,-5.159379932827235e-08,1.295611206053139e+04,1.295611206052093e+04,1.678396102986168e+03,1.487743258927356e-07,0.000000000000000e+00,-1.000000000000000e+03,8.637408040347284e+03,3.897335158370591e-08,3.152686343255569e+05,3.896821375257424e-06,8.456308423917590e+08,0.000000000000000e+00,1.414923966837206e-09,8.945488061055153e+10,8.945488061055153e+10,-6.827472008878516e+00,1.487743258927356e-07,1.000000000000000e+00,0.000000000000000e+00,-3.750093531522420e-01,1.010121321754675e+00,-2.672351549444116e-01,7.790450190238211e-08,1.000000000000000e+03,1.000000000000000e+00,
1.804496797603425e-06,0.000000000000000e+00,5.642585306434343e-03,1.475341025986726e+05,1.475252805356513e+05,1.703358319245640e+03,1.804496797603425e-06,0.000000000000000e+00,-1.000000000000000e+03,9.835018702376755e+04,8.822063021301618e+00,3.176044232907353e+05,1.037500001247410e-02,8.291111122014955e+08,0.000000000000000e+00,-8.294765557944173e-09,9.078531272445651e+10,9.078531272445651e+10,-5.743643884335643e+00,1.804496797603425e-06,1.000000000000000e+00,0.000000000000000e+00,3.126957783426566e+03,3.126957783426566e+03,3.055364302674010e+03,5.642585306434343e-03,1.000000000000000e+03,1.000000000000000e+00,
1.991155668236075e-05,0.000000000000000e+00,5.265954624332460e-02,1.595307438027021e+06,1.595237804400309e+06,1.532619986277971e+03,1.991155668236075e-05,0.000000000000000e+00,-1.000000000000000e+03,1.063491869600206e+06,6.963362671210464e+01,3.012664546309956e+05,1.064404256710116e-02,7.370344792077107e+08,0.000000000000000e+00,5.873111934224198e-06,8.168532901733678e+10,8.168532901733676e+10,-4.700894785571205e+00,1.991155668236075e-05,1.000000000000000e+00,0.000000000000000e+00,3.198373477092016e+03,3.198373477092016e+03,-2.471332647145338e+01,5.265954624332460e-02,1.000000000000000e+03,1.000000000000000e+00,
2.197091463243379e-04,0.000000000000000e+00,4.909568224532476e-01,1.757166377383007e+07,1.757111523362238e+07,1.503068934358312e+03,2.197091463243379e-04,0.000000000000000e+00,-1.000000000000000e+03,1.171407682241492e+07,5.485402076925029e+02,2.983478988846020e+05,8.828450840867060e-03,6.506840583813884e+08,0.000000000000000e+00,5.332408729890175e-06,8.011032189197105e+10,8.011032189197104e+10,-3.658151863354826e+00,2.197091463243379e-04,1.000000000000000e+00,0.000000000000000e+00,2.633949758778685e+03,2.633949758778685e+03,-1.876977110000941e+03,4.909568224532476e-01,1.000000000000000e+03,1.000000000000000e+00,
2.404990950379984e-03,0.000000000000000e+00,5.165935745667163e+00,1.933666353954997e+08,1.933610871642009e+08,1.508502571120417e+03,2.404990950379984e-03,0.000000000000000e+00,-1.000000000000000e+03,1.289073914428006e+08,5.548231298779996e+03,2.988866804478114e+05,7.487848897985192e-03,5.652814015936157e+08,0.000000000000000e+00,1.226024722130660e-06,8.039992297420090e+10,8.039992297420090e+10,-2.618886553472033e+00,2.404990950379984e-03,1.000000000000000e+00,0.000000000000000e+00,2.232084649033274e+03,2.232084649033274e+03,-2.001087136698511e+03,5.165935745667163e+00,1.000000000000000e+03,1.000000000000000e+00,
7.506107585870773e-08,0.000000000000000e+00,-7.506086959975918e-08,4.485196585696605e+03,4.485196585659072e+03,1.121132958725706e+03,7.506107585870773e-08,0.000000000000000e+00,-1.000000000000000e+03,2.990131057106049e+03,3.753257902804555e-08,2.576689538835112e+05,3.881054263865801e-06,8.346865469749699e+08,0.000000000000000e+00,1.967775039968256e-12,5.975396081588073e+10,5.975396081588072e+10,-7.124585215087451e+00,7.506107585870773e-08,1.000000000000000e+00,0.000000000000000e+00,-1.000000000514253e+00,1.000027192135442e+00,-9.496911690062725e-01,7.506311692964887e-08,1.000000000000000e+03,1.000000000000000e+00,
7.585209559986370e-08,0.000000000000000e+00,-7.506346906500346e-08,4.581931120065398e+03,4.581931120026708e+03,1.133369169306114e+03,7.585209559986370e-08,0.000000000000000e+00,-1.000000000000000e+03,3.054620746684472e+03,3.869105907055887e-08,2.590712565285601e+05,3.902590785474154e-06,8.348926077971551e+08,0.000000000000000e+00,1.854356508412813e-10,6.040612436335827e+10,6.040612436335827e+10,-7.120032416263078e+00,7.585209559986370e-08,1.000000000000000e+00,0.000000000000000e+00,-1.000031392277746e+00,1.010035212649943e+00,-9.055070884169755e-01,7.661328750915216e-08,1.000000000000000e+03,1.000000000000000e+00,
1.487743258927356e-07,0.000000000000000e+00,-5.159379932827235e-08,1.295611206053139e+04,1.295611206052093e+04,1.678396102986168e+03,1.487743258927356e-07,0.000000000000000e+00,-1.000000000000000e+03,8.637408040347284e+03,3.897335158370591e-08,3.152686343255569e+05,3.896821375257424e-06,8.456308423917590e+08,0.000000000000000e+00,1.414923966837206e-09,8.945488061055153e+10,8.945488061055153e+10,-6.827472008878516e+00,1.487743258927356e-07,1.000000000000000e+00,0.000000000000000e+00,-3.750093531522420e-01,1.010121321754675e+00,-2.672351549444116e-01,7.790450190238211e-08,1.000000000000000e+03,1.000000000000000e+00,
1.804496797603425e-06,0.000000000000000e+00,5.642585306434343e-03,1.475341025986726e+05,1.475252805356513e+05,1.703358319245640e+03,1.804496797603425e-06,0.000000000000000e+00,-1.000000000000000e+03,9.835018702376755e+04,8.822063021301618e+00,3.176044232907353e+05,1.037500001247410e-02,8.291111122014955e+08,0.000000000000000e+00,-8.294765557944173e-09,9.078531272445651e+10,9.078531272445651e+10,-5.743643884335643e+00,1.804496797603425e-06,1.000000000000000e+00,0.000000000000000e+00,3.126957783426566e+03,3.126957783426566e+03,3.055364302674010e+03,5.642585306434343e-03,1.000000000000000e+03,1.000000000000000e+00,
1.991155668236075e-05,0.000000000000000e+00,5.265954624332460e-02,1.595307438027021e+06,1.595237804400309e+06,1.532619986277971e+03,1.991155668236075e-05,0.000000000000000e+00,-1.000000000000000e+03,1.063491869600206e+06,6.963362671210464e+01,3.012664546309956e+05,1.064404256710116e-02,7.370344792077107e+08,0.000000000000000e+00,5.873111934224198e-06,8.168532901733678e+10,8.168532901733676e+10,-4.700894785571205e+00,1.991155668236075e-05,1.000000000000000e+00,0.000000000000000e+00,3.198373477092016e+03,3.198373477092016e+03,-2.471332647145338e+01,5.265954624332460e-02,1.000000000000000e+03,1.000000000000000e+00,
2.197091463243379e-04,0.000000000000000e+00,4.909568224532476e-01,1.757166377383007e+07,1.757111523362238e+07,1.503068934358312e+03,2.197091463243379e-04,0.000000000000000e+00,-1.000000000000000e+03,1.171407682241492e+07,5.485402076925029e+02,2.983478988846020e+05,8.828450840867060e-03,6.506840583813884e+08,0.000000000000000e+00,5.332408729890175e-06,8.011032189197105e+10,8.011032189197104e+10,-3.658151863354826e+00,2.197091463243379e-04,1.000000000000000e+00,0.000000000000000e+00,2.633949758778685e+03,2.633949758778685e+03,-1.876977110000941e+03,4.909568224532476e-01,1.000000000000000e+03,1.000000000000000e+00,
2.404990950379984e-03,0.000000000000000e+00,5.165935745667163e+00,1.933666353954997e+08,1.933610871642009e+08,1.508502571120417e+03,2.404990950379984e-03,0.000000000000000e+00,-1.000000000000000e+03,1.289073914428006e+08,5.548231298779996e+03,2.988866804478114e+05,7.487848897985192e-03,5.652814015936157e+08,0.000000000000000e+00,1.226024722130660e-06,8.039992297420090e+10,8.039992297420090e+10,-2.618886553472033e+00,2.404990950379984e-03,1.000000000000000e+00,0.000000000000000e+00,2.232084649033274e+03,2.232084649033274e+03,-2.001087136698511e+03,5.165935745667163e+00,1.000000000000000e+03,1.000000000000000e+00,
7.506107585870773e-08,0.000000000000000e+00,-7.506086959975918e-08,4.485196585696605e+03,4.485196585659072e+03,1.121132958725706e+03,7.506107585870773e-08,0.000000000000000e+00,-1.000000000000000e+03,2.990131057106049e+03,3.753257902804555e-08,2.576689538835112e+05,3.881054263865801e-06,8.346865469749699e+08,0.000000000000000e+00,1.967775039968256e-12,5.975396081588073e+10,5.975396081588072e+10,-7.124585215087451e+00,7.506107585870773e-08,1.000000000000000e+00,0.000000000000000e+00,-1.000000000514253e+00,1.000027192135442e+00,-8.337349718991333e-01,7.506311692964887e-08,1.000000000000000e+03,1.000000000000000e+00,
7.585209559986370e-08,0.000000000000000e+00,-7.506346906500346e-08,4.581931120065398e+03,4.581931120026708e+03,1.133369169306114e+03,7.585209559986370e-08,0.000000000000000e+00,-1.000000000000000e+03,3.054620746684472e+03,3.869105907055887e-08,2.590712565285601e+05,3.902590785474154e-06,8.348926077971551e+08,0.000000000000000e+00,1.854356508412813e-10,6.040612436335827e+10,6.040612436335827e+10,-7.120032416263078e+00,7.585209559986370e-08,1.000000000000000e+00,0.000000000000000e+00,-1.000031392277746e+00,1.010035212649943e+00,-7.169871324299045e-01,7.661328750915216e-08,1.000000000000000e+03,1.000000000000000e+00,
1.487743258927356e-07,0.000000000000000e+00,-5.159379932827235e-08,1.295611206053139e+04,1.295611206052093e+04,1.678396102986168e+03,1.487743258927356e-07,0.000000000000000e+00,-1.000000000000000e+03,8.637408040347284e+03,3.897335158370591e-08,3.152686343255569e+05,3.896821375257424e-06,8.456308423917590e+08,0.000000000000000e+00,1.414923966837206e-09,8.945488061055153e+10,8.945488061055153e+10,-6.827472008878516e+00,1.487743258927356e-07,1.000000000000000e+00,0.000000000000000e+00,-3.750093531522420e-01,1.010121321754675e+00,-1.692821505993180e-01,7.790450190238211e-08,1.000000000000000e+03,1.000000000000000e+00,
1.804496797603425e-06,0.000000000000000e+00,5.642585306434343e-03,1.475341025986726e+05,1.475252805356513e+05,1.703358319245640e+03,1.804496797603425e-06,0.000000000000000e+00,-1.000000000000000e+03,9.835018702376755e+04,8.822063021301618e+00,3.176044232907353e+05,1.037500001247410e-02,8.291111122014955e+08,0.000000000000000e+00,-8.294765557944173e-09,9.078531272445651e+10,9.078531272445651e+10,-5.743643884335643e+00,1.804496797603425e-06,1.000000000000000e+00,0.000000000000000e+00,3.126957783426566e+03,3.126957783426566e+03,8.862165394225038e+02,5.642585306434343e-03,1.000000000000000e+03,1.000000000000000e+00,
1.991155668236075e-05,0.000000000000000e+00,5.265954624332460e-02,1.595307438027021e+06,1.595237804400309e+06,1.532619986277971e+03,1.991155668236075e-05,0.000000000000000e+00,-1.000000000000000e+03,1.063491869600206e+06,6.963362671210464e+01,3.012664546309956e+05,1.064404256710116e-02,7.370344792077107e+08,0.000000000000000e+00,5.873111934224198e-06,8.168532901733678e+10,8.168532901733676e+10,-4.700894785571205e+00,1.991155668236075e-05,1.000000000000000e+00,0.000000000000000e+00,3.198373477092016e+03,3.198373477092016e+03,-1.230849263812131e+01,5.265954624332460e-02,1.000000000000000e+03,1.000000000000000e+00,
2.197091463243379e-04,0.000000000000000e+00,4.909568224532476e-01,1.757166377383007e+07,1.757111523362238e+07,1.503068934358312e+03,2.197091463243379e-04,0.000000000000000e+00,-1.000000000000000e+03,1.171407682241492e+07,5.485402076925029e+02,2.983478988846020e+05,8.828450840867060e-03,6.506840583813884e+08,0.000000000000000e+00,5.332408729890175e-06,8.011032189197105e+10,8.011032189197104e+10,-3.658151863354826e+00,2.197091463243379e-04,1.000000000000000e+00,0.000000000000000e+00,2.633949758778685e+03,2.633949758778685e+03,-1.188985490598143e+03,4.909568224532476e-01,1.000000000000000e+03,1.000000000000000e+00,
2.404990950379984e-03,0.000000000000000e+00,5.165935745667163e+00,1.933666353954997e+08,1.933610871642009e+08,1.508502571120417e+03,2.404990950379984e-03,0.000000000000000e+00,-1.000000000000000e+03,1.289073914428006e+08,5.548231298779996e+03,2.988866804478114e+05,7.487848897985192e-03,5.652814015936157e+08,0.000000000000000e+00,1.226024722130660e-06,8.039992297420090e+10,8.039992297420090e+10,-2.618886553472033e+00,2.404990950379984e-03,1.000000000000000e+00,0.000000000000000e+00,2.232084649033274e+03,2.232084649033274e+03,-1.584475424032403e+03,5.165935745667163e+00,1.000000000000000e+03,1.000000000000000e+00,
7.506107585870773e-08,0.000000000000000e+00,-7.506086959975918e-08,4.485196585696605e+03,4.485196585659072e+03,1.121132958725706e+03,7.506107585870773e-08,0.000000000000000e+00,-1.000000000000000e+03,2.990131057106049e+03,3.753257902804555e-08,2.576689538835112e+05,3.881054263865801e-06,8.346865469749699e+08,0.000000000000000e+00,1.967775039968256e-12,5.975396081588073e+10,5.975396081588072e+10,-7.124585215087451e+00,7.506107585870773e-08,1.000000000000000e+00,0.000000000000000e+00,-1.000000000514253e+00,1.000027192135442e+00,-7.089650789270012e-01,7.506311692964887e-08,1.000000000000000e+03,1.000000000000000e+00,
7.585209559986370e-08,0.000000000000000e+00,-7.506346906500346e-08,4.581931120065398e+03,4.581931120026708e+03,1.133369169306114e+03,7.585209559986370e-08,0.000000000000000e+00,-1.000000000000000e+03,3.054620746684472e+03,3.869105907055887e-08,2.590712565285601e+05,3.902590785474154e-06,8.348926077971551e+08,0.000000000000000e+00,1.854356508412813e-10,6.040612436335827e+10,6.040612436335827e+10,-7.120032416263078e+00,7.585209559986370e-08,1.000000000000000e+00,0.000000000000000e+00,-1.000031392277746e+00,1.010035212649943e+00,-5.627909460757429e-01,7.661328750915216e-08,1.000000000000000e+03,1.000000000000000e+00,
1.487743258927356e-07,0.000000000000000e+00,-5.159379932827235e-08,1.295611206053139e+04,1.295611206052093e+04,1.678396102986168e+03,1.487743258927356e-07,0.000000000000000e+00,-1.000000000000000e+03,8.637408040347284e+03,3.897335158370591e-08,3.152686343255569e+05,3.896821375257424e-06,8.456308423917590e+08,0.000000000000000e+00,1.414923966837206e-09,8.945488061055153e+10,8.945488061055153e+10,-6.827472008878516e+00,1.487743258927356e-07,1.000000000000000e+00,0.000000000000000e+00,-3.750093531522420e-01,1.010121321754675e+00,-1.197012894958840e-01,7.790450190238211e-08,1.000000000000000e+03,1.000000000000000e+00,
1.804496797603425e-06,0.000000000000000e+00,5.642585306434343e-03,1.475341025986726e+05,1.475252805356513e+05,1.703358319245640e+03,1.804496797603425e-06,0.000000000000000e+00,-1.000000000000000e+03,9.835018702376755e+04,8.822063021301618e+00,3.176044232907353e+05,1.037500001247410e-02,8.291111122014955e+08,0.000000000000000e+00,-8.294765557944173e-09,9.078531272445651e+10,9.078531272445651e+10,-5.743643884335643e+00,1.804496797603425e-06,1.000000000000000e+00,0.000000000000000e+00,3.126957783426566e+03,3.126957783426566e+03,4.767357914033070e+02,5.642585306434343e-03,1.000000000000000e+03,1.000000000000000e+00,
1.991155668236075e-05,0.000000000000000e+00,5.265954624332460e-02,1.595307438027021e+06,1.595237804400309e+06,1.532619986277971e+03,1.991155668236075e-05,0.000000000000000e+00,-1.000000000000000e+03,1.063491869600206e+06,6.963362671210464e+01,3.012664546309956e+05,1.064404256710116e-02,7.370344792077107e+08,0.000000000000000e+00,5.873111934224198e-06,8.168532901733678e+10,8.168532901733676e+10,-4.700894785571205e+00,1.991155668236075e-05,1.000000000000000e+00,0.000000000000000e+00,3.198373477092016e+03,3.198373477092016e+03,-8.194984487030030e+00,5.265954624332460e-02,1.000000000000000e+03,1.000000000000000e+00,
2.197091463243379e-04,0.000000000000000e+00,4.909568224532476e-01,1.757166377383007e+07,1.757111523362238e+07,1.503068934358312e+03,2.197091463243379e-04,0.000000000000000e+00,-1.000000000000000e+03,1.171407682241492e+07,5.485402076925029e+02,2.983478988846020e+05,8.828450840867060e-03,6.506840583813884e+08,0.000000000000000e+00,5.332408729890175e-06,8.011032189197105e+10,8.011032189197104e+10,-3.658151863354826e+00,2.197091463243379e-04,1.000000000000000e+00,0.000000000000000e+00,2.633949758778685e+03,2.633949758778685e+03,-8.407448506095914e+02,4.909568224532476e-01,1.000000000000000e+03,1.000000000000000e+00,
2.404990950379984e-03,0.000000000000000e+00,5.165935745667163e+00,1.933666353954997e+08,1.933610871642009e+08,1.508502571120417e+03,2.404990950379984e-03,0.000000000000000e+00,-1.000000000000000e+03,1.289073914428006e+08,5.548231298779996e+03,2.988866804478114e+05,7.487848897985192e-03,5.652814015936157e+08,0.000000000000000e+00,1.226024722130660e-06,8.039992297420090e+10,8.039992297420090e+10,-2.618886553472033e+00,2.404990950379984e-03,1.000000000000000e+00,0.000000000000000e+00,2.232084649033274e+03,2.232084649033274e+03,-1.243716076051252e+03,5.165935745667163e+00,1.000000000000000e+03,1.000000000000000e+00,

