1
0
28
0
(64 0
((0,0) (63,63) (0,0))
((448,0) (511,63) (0,0))
((384,0) (447,63) (0,0))
((320,0) (383,63) (0,0))
((256,0) (319,63) (0,0))
((192,0) (255,63) (0,0))
((128,0) (191,63) (0,0))
((64,0) (127,63) (0,0))
((0,448) (63,511) (0,0))
((0,384) (63,447) (0,0))
((0,320) (63,383) (0,0))
((0,256) (63,319) (0,0))
((0,192) (63,255) (0,0))
((0,128) (63,191) (0,0))
((0,64) (63,127) (0,0))
((448,448) (511,511) (0,0))
((448,384) (511,447) (0,0))
((448,320) (511,383) (0,0))
((448,256) (511,319) (0,0))
((448,192) (511,255) (0,0))
((448,128) (511,191) (0,0))
((448,64) (511,127) (0,0))
((384,448) (447,511) (0,0))
((384,384) (447,447) (0,0))
((384,320) (447,383) (0,0))
((384,256) (447,319) (0,0))
((384,192) (447,255) (0,0))
((384,128) (447,191) (0,0))
((384,64) (447,127) (0,0))
((320,448) (383,511) (0,0))
((320,384) (383,447) (0,0))
((320,320) (383,383) (0,0))
((320,256) (383,319) (0,0))
((320,192) (383,255) (0,0))
((320,128) (383,191) (0,0))
((320,64) (383,127) (0,0))
((256,448) (319,511) (0,0))
((256,384) (319,447) (0,0))
((256,320) (319,383) (0,0))
((256,256) (319,319) (0,0))
((256,192) (319,255) (0,0))
((256,128) (319,191) (0,0))
((256,64) (319,127) (0,0))
((192,448) (255,511) (0,0))
((192,384) (255,447) (0,0))
((192,320) (255,383) (0,0))
((192,256) (255,319) (0,0))
((192,192) (255,255) (0,0))
((192,128) (255,191) (0,0))
((192,64) (255,127) (0,0))
((128,448) (191,511) (0,0))
((128,384) (191,447) (0,0))
((128,320) (191,383) (0,0))
((128,256) (191,319) (0,0))
((128,192) (191,255) (0,0))
((128,128) (191,191) (0,0))
((128,64) (191,127) (0,0))
((64,448) (127,511) (0,0))
((64,384) (127,447) (0,0))
((64,320) (127,383) (0,0))
((64,256) (127,319) (0,0))
((64,192) (127,255) (0,0))
((64,128) (127,191) (0,0))
((64,64) (127,127) (0,0))
)
64
FabOnDisk: Cell_D_0000 0
FabOnDisk: Cell_D_0001 0
FabOnDisk: Cell_D_0001 917590
FabOnDisk: Cell_D_0001 1835180
FabOnDisk: Cell_D_0001 2752770
FabOnDisk: Cell_D_0000 917587
FabOnDisk: Cell_D_0000 1835177
FabOnDisk: Cell_D_0000 2752767
FabOnDisk: Cell_D_0002 0
FabOnDisk: Cell_D_0002 917590
FabOnDisk: Cell_D_0002 1835180
FabOnDisk: Cell_D_0002 2752770
FabOnDisk: Cell_D_0000 3670356
FabOnDisk: Cell_D_0000 4587946
FabOnDisk: Cell_D_0000 5505536
FabOnDisk: Cell_D_0003 0
FabOnDisk: Cell_D_0003 917593
FabOnDisk: Cell_D_0003 1835186
FabOnDisk: Cell_D_0003 2752779
FabOnDisk: Cell_D_0001 3670360
FabOnDisk: Cell_D_0001 4587953
FabOnDisk: Cell_D_0001 5505546
FabOnDisk: Cell_D_0003 3670372
FabOnDisk: Cell_D_0003 4587965
FabOnDisk: Cell_D_0003 5505558
FabOnDisk: Cell_D_0003 6423151
FabOnDisk: Cell_D_0001 6423138
FabOnDisk: Cell_D_0001 7340731
FabOnDisk: Cell_D_0001 8258324
FabOnDisk: Cell_D_0003 7340744
FabOnDisk: Cell_D_0003 8258337
FabOnDisk: Cell_D_0003 9175930
FabOnDisk: Cell_D_0003 10093523
FabOnDisk: Cell_D_0001 9175916
FabOnDisk: Cell_D_0001 10093509
FabOnDisk: Cell_D_0001 11011102
FabOnDisk: Cell_D_0003 11011116
FabOnDisk: Cell_D_0003 11928709
FabOnDisk: Cell_D_0003 12846302
FabOnDisk: Cell_D_0003 13763895
FabOnDisk: Cell_D_0001 11928694
FabOnDisk: Cell_D_0001 12846287
FabOnDisk: Cell_D_0001 13763880
FabOnDisk: Cell_D_0002 3670360
FabOnDisk: Cell_D_0002 4587953
FabOnDisk: Cell_D_0002 5505546
FabOnDisk: Cell_D_0002 6423139
FabOnDisk: Cell_D_0000 6423125
FabOnDisk: Cell_D_0000 7340718
FabOnDisk: Cell_D_0000 8258311
FabOnDisk: Cell_D_0002 7340732
FabOnDisk: Cell_D_0002 8258325
FabOnDisk: Cell_D_0002 9175918
FabOnDisk: Cell_D_0002 10093511
FabOnDisk: Cell_D_0000 9175903
FabOnDisk: Cell_D_0000 10093496
FabOnDisk: Cell_D_0000 11011089
FabOnDisk: Cell_D_0002 11011104
FabOnDisk: Cell_D_0002 11928696
FabOnDisk: Cell_D_0002 12846288
FabOnDisk: Cell_D_0002 13763880
FabOnDisk: Cell_D_0000 11928681
FabOnDisk: Cell_D_0000 12846273
FabOnDisk: Cell_D_0000 13763865

64,28
4.306779183894585e-03,0.000000000000000e+00,1.139034763381706e+01,3.506186006456910e+08,3.506035383434833e+08,1.527404660814406e+03,4.306779183894585e-03,0.000000000000000e+00,-1.000000000000000e+03,2.337356922289889e+08,1.506230220768818e+04,3.007534306721142e+05,7.992227694052126e-03,4.048299921603007e+08,0.000000000000000e+00,-1.604361337551836e-07,8.140736345494160e+10,8.140736345494159e+10,-2.365847394704666e+00,4.306779183894585e-03,1.000000000000000e+00,0.000000000000000e+00,2.644748464562991e+03,2.644748464562991e+03,-2.115151934760516e+03,1.139034763381706e+01,1.000000000000000e+03,1.000000000000000e+00,
4.306779183894585e-03,0.000000000000000e+00,1.139034763381706e+01,3.506186006456910e+08,3.506035383434833e+08,1.527404660814406e+03,4.306779183894585e-03,0.000000000000000e+00,-1.000000000000000e+03,2.337356922289889e+08,1.506230220768818e+04,3.007534306721142e+05,7.992227694052126e-03,4.048299921603007e+08,0.000000000000000e+00,-1.604361337551836e-07,8.140736345494160e+10,8.140736345494159e+10,-2.365847394704666e+00,4.306779183894585e-03,1.000000000000000e+00,0.000000000000000e+00,2.644748464562991e+03,2.644748464562991e+03,-2.115151934760516e+03,1.139034763381706e+01,1.000000000000000e+03,1.000000000000000e+00,
4.306779183894585e-03,0.000000000000000e+00,1.139034763381706e+01,3.506186006456910e+08,3.506035383434833e+08,1.527404660814406e+03,4.306779183894585e-03,0.000000000000000e+00,-1.000000000000000e+03,2.337356922289889e+08,1.506230220768818e+04,3.007534306721142e+05,7.992227694052126e-03,4.048299921603007e+08,0.000000000000000e+00,-1.604361337551836e-07,8.140736345494160e+10,8.140736345494159e+10,-2.365847394704666e+00,4.306779183894585e-03,1.000000000000000e+00,0.000000000000000e+00,2.644748464562991e+03,2.644748464562991e+03,-2.365920282472680e+03,1.139034763381706e+01,1.000000000000000e+03,1.000000000000000e+00,
4.306779183894585e-03,0.000000000000000e+00,1.139034763381706e+01,3.506186006456910e+08,3.506035383434833e+08,1.527404660814406e+03,4.306779183894585e-03,0.000000000000000e+00,-1.000000000000000e+03,2.337356922289889e+08,1.506230220768818e+04,3.007534306721142e+05,7.992227694052126e-03,4.048299921603007e+08,0.000000000000000e+00,-1.604361337551836e-07,8.140736345494160e+10,8.140736345494159e+10,-2.365847394704666e+00,4.306779183894585e-03,1.000000000000000e+00,0.000000000000000e+00,2.644748464562991e+03,2.644748464562991e+03,-2.567736349260739e+03,1.139034763381706e+01,1.000000000000000e+03,1.000000000000000e+00,
4.306779183894585e-03,0.000000000000000e+00,1.139034763381706e+01,3.506186006456910e+08,3.506035383434833e+08,1.527404660814406e+03,4.306779183894585e-03,0.000000000000000e+00,-1.000000000000000e+03,2.337356922289889e+08,1.506230220768818e+04,3.007534306721142e+05,7.992227694052126e-03,4.048299921603007e+08,0.000000000000000e+00,-1.604361337551836e-07,8.140736345494160e+10,8.140736345494159e+10,-2.365847394704666e+00,4.306779183894585e-03,1.000000000000000e+00,0.000000000000000e+00,2.644748464562991e+03,2.644748464562991e+03,-2.650556745006573e+03,1.139034763381706e+01,1.000000000000000e+03,1.000000000000000e+00,
4.306779183894585e-03,0.000000000000000e+00,1.139034763381706e+01,3.506186006456910e+08,3.506035383434833e+08,1.527404660814406e+03,4.306779183894585e-03,0.000000000000000e+00,-1.000000000000000e+03,2.337356922289889e+08,1.506230220768818e+04,3.007534306721142e+05,7.992227694052126e-03,4.048299921603007e+08,0.000000000000000e+00,-1.604361337551836e-07,8.140736345494160e+10,8.140736345494159e+10,-2.365847394704666e+00,4.306779183894585e-03,1.000000000000000e+00,0.000000000000000e+00,2.644748464562991e+03,2.644748464562991e+03,-2.650556745006573e+03,1.139034763381706e+01,1.000000000000000e+03,1.000000000000000e+00,
4.306779183894585e-03,0.000000000000000e+00,1.139034763381706e+01,3.506186006456910e+08,3.506035383434833e+08,1.527404660814406e+03,4.306779183894585e-03,0.000000000000000e+00,-1.000000000000000e+03,2.337356922289889e+08,1.506230220768818e+04,3.007534306721142e+05,7.992227694052126e-03,4.048299921603007e+08,0.000000000000000e+00,-1.604361337551836e-07,8.140736345494160e+10,8.140736345494159e+10,-2.365847394704666e+00,4.306779183894585e-03,1.000000000000000e+00,0.000000000000000e+00,2.644748464562991e+03,2.644748464562991e+03,-2.567736349260739e+03,1.139034763381706e+01,1.000000000000000e+03,1.000000000000000e+00,
4.306779183894585e-03,0.000000000000000e+00,1.139034763381706e+01,3.506186006456910e+08,3.506035383434833e+08,1.527404660814406e+03,4.306779183894585e-03,0.000000000000000e+00,-1.000000000000000e+03,2.337356922289889e+08,1.506230220768818e+04,3.007534306721142e+05,7.992227694052126e-03,4.048299921603007e+08,0.000000000000000e+00,-1.604361337551836e-07,8.140736345494160e+10,8.140736345494159e+10,-2.365847394704666e+00,4.306779183894585e-03,1.000000000000000e+00,0.000000000000000e+00,2.644748464562991e+03,2.644748464562991e+03,-2.365920282472680e+03,1.139034763381706e+01,1.000000000000000e+03,1.000000000000000e+00,
7.506096345989184e-08,0.000000000000000e+00,-7.507827205575852e-08,1.987057260558545e+03,1.987057260521015e+03,4.966914334779252e+02,7.506096345989184e-08,0.000000000000000e+00,-1.000000000000000e+03,1.324704840347343e+03,3.752887385127649e-08,1.715050328829731e+05,5.826750465641182e-06,7.912954434017363e+08,0.000000000000000e+00,-1.551157210652465e-11,2.647257867377070e+10,2.647257867377070e+10,-7.124585865414154e+00,7.506096345989184e-08,1.000000000000000e+00,0.000000000000000e+00,-1.000004331826210e+00,9.997266272565477e-01,-7.986886373716428e-01,7.506117549019428e-08,1.000000000000000e+03,1.000000000000000e+00,
7.510252649463696e-08,0.000000000000000e+00,-7.726090444520722e-08,1.989953458342129e+03,1.989953458304601e+03,4.971400984396171e+02,7.510252649463696e-08,0.000000000000000e+00,-1.000000000000000e+03,1.326635638869734e+03,3.621292525174441e-08,1.715824762660057e+05,5.005936759349878e-06,7.913238965859320e+08,0.000000000000000e+00,-2.162198051498116e-09,2.649649154541695e+10,2.649649154541695e+10,-7.124345452819757e+00,7.510252649463696e-08,1.000000000000000e+00,0.000000000000000e+00,-9.996940225514150e-01,9.374191387424494e-01,-7.050471712830956e-01,7.507954681519784e-08,1.000000000000000e+03,1.000000000000000e+00,
8.296153315016234e-08,0.000000000000000e+00,-7.803167857131027e-08,2.651424199766735e+03,2.651424199730632e+03,5.996431384357115e+02,8.296153315016234e-08,0.000000000000000e+00,-1.000000000000000e+03,1.767616133153755e+03,4.791468592856776e-13,1.884429821907849e+05,6.523944652918498e-09,7.977790251912878e+08,0.000000000000000e+00,-5.628100551515918e-08,3.195968178326082e+10,3.195968178326082e+10,-7.081123230672740e+00,8.296153315016234e-08,1.000000000000000e+00,0.000000000000000e+00,-9.329277618233628e-01,2.337694099261483e-03,-5.151618301649846e-01,4.099311876922205e-10,1.000000000000000e+03,1.000000000000000e+00,
2.491798973737589e-07,0.000000000000000e+00,1.622915433904044e-07,2.899044249796038e+04,2.899044249790753e+04,1.554215503589498e+03,2.491798973737589e-07,0.000000000000000e+00,-1.000000000000000e+03,1.932696166527169e+04,5.285046132058728e-08,3.033815407885470e+05,1.811478657677301e-06,7.190731478108689e+08,0.000000000000000e+00,-4.381069178707015e-04,8.283632336210951e+10,8.283632336210953e+10,-6.603486997373238e+00,2.491798973737589e-07,1.000000000000000e+00,0.000000000000000e+00,6.513027138259641e-01,6.513027138259641e-01,1.570908289138707e-01,1.622915433904044e-07,1.000000000000000e+03,1.000000000000000e+00,
3.293105834995553e-06,0.000000000000000e+00,7.783321447988468e-03,2.724486780315447e+05,2.724394800136554e+05,1.505719897305488e+03,3.293105834995553e-06,0.000000000000000e+00,-1.000000000000000e+03,1.816263200091037e+05,9.198017889212347e+00,2.986108811014335e+05,7.795578625377973e-03,6.320559599414057e+08,0.000000000000000e+00,-3.068849225116992e-06,8.025161248095699e+10,8.025161248095699e+10,-5.482394311554732e+00,3.293105834995553e-06,1.000000000000000e+00,0.000000000000000e+00,2.363519983255861e+03,2.363519983255861e+03,-8.032518554913281e+02,7.783321447988468e-03,1.000000000000000e+03,1.000000000000000e+00,
3.635150134676013e-05,0.000000000000000e+00,9.329184646992728e-02,2.917042478559410e+06,2.916922767291714e+06,1.501543799888949e+03,3.635150134676013e-05,0.000000000000000e+00,-1.000000000000000e+03,1.944615178194476e+06,1.197112676962953e+02,2.981964965976634e+05,8.594909385077511e-03,5.466154163945739e+08,0.000000000000000e+00,-1.946242669822368e-06,8.002903552480824e+10,8.002903552480824e+10,-4.439477647716950e+00,3.635150134676013e-05,1.000000000000000e+00,0.000000000000000e+00,2.566382212938284e+03,2.566382212938284e+03,-1.451114472267371e+03,9.329184646992728e-02,1.000000000000000e+03,1.000000000000000e+00,
4.008820907087509e-04,0.000000000000000e+00,1.053673787450776e+00,3.208357833748279e+07,3.208219360556773e+07,1.501543169310976e+03,4.008820907087509e-04,0.000000000000000e+00,-1.000000000000000e+03,2.138812907037849e+07,1.384731915060114e+03,2.981964339833853e+05,8.798518816612240e-03,4.630340563385667e+08,0.000000000000000e+00,-2.509908053737035e-07,8.002900191636673e+10,8.002900191636673e+10,-3.396983345296247e+00,4.008820907087509e-04,1.000000000000000e+00,0.000000000000000e+00,2.628388276432860e+03,2.628388276432860e+03,-1.865132307804019e+03,1.053673787450776e+00,1.000000000000000e+03,1.000000000000000e+00,
7.506096345989184e-08,0.000000000000000e+00,-7.507827205575852e-08,1.987057260558545e+03,1.987057260521015e+03,4.966914334779252e+02,7.506096345989184e-08,0.000000000000000e+00,-1.000000000000000e+03,1.324704840347343e+03,3.752887385127649e-08,1.715050328829731e+05,5.826750465641182e-06,7.912954434017363e+08,0.000000000000000e+00,-1.551157210652465e-11,2.647257867377070e+10,2.647257867377070e+10,-7.124585865414154e+00,7.506096345989184e-08,1.000000000000000e+00,0.000000000000000e+00,-1.000004331826210e+00,9.997266272565477e-01,-7.986886373716428e-01,7.506117549019428e-08,1.000000000000000e+03,1.000000000000000e+00,
7.510252649463696e-08,0.000000000000000e+00,-7.726090444520722e-08,1.989953458342129e+03,1.989953458304601e+03,4.971400984396171e+02,7.510252649463696e-08,0.000000000000000e+00,-1.000000000000000e+03,1.326635638869734e+03,3.621292525174441e-08,1.715824762660057e+05,5.005936759349878e-06,7.913238965859320e+08,0.000000000000000e+00,-2.162198051498116e-09,2.649649154541695e+10,2.649649154541695e+10,-7.124345452819757e+00,7.510252649463696e-08,1.000000000000000e+00,0.000000000000000e+00,-9.996940225514150e-01,9.374191387424494e-01,-7.050471712830956e-01,7.507954681519784e-08,1.000000000000000e+03,1.000000000000000e+00,
8.296153315016234e-08,0.000000000000000e+00,-7.803167857131027e-08,2.651424199766735e+03,2.651424199730632e+03,5.996431384357115e+02,8.296153315016234e-08,0.000000000000000e+00,-1.000000000000000e+03,1.767616133153755e+03,4.791468592856776e-13,1.884429821907849e+05,6.523944652918498e-09,7.977790251912878e+08,0.000000000000000e+00,-5.628100551515918e-08,3.195968178326082e+10,3.195968178326082e+10,-7.081123230672740e+00,8.296153315016234e-08,1.000000000000000e+00,0.000000000000000e+00,-9.329277618233628e-01,2.337694099261483e-03,-5.151618301649846e-01,4.099311876922205e-10,1.000000000000000e+03,1.000000000000000e+00,
2.491798973737589e-07,0.000000000000000e+00,1.622915433904044e-07,2.899044249796038e+04,2.899044249790753e+04,1.554215503589498e+03,2.491798973737589e-07,0.000000000000000e+00,-1.000000000000000e+03,1.932696166527169e+04,5.285046132058728e-08,3.033815407885470e+05,1.811478657677301e-06,7.190731478108689e+08,0.000000000000000e+00,-4.381069178707015e-04,8.283632336210951e+10,8.283632336210953e+10,-6.603486997373238e+00,2.491798973737589e-07,1.000000000000000e+00,0.000000000000000e+00,6.513027138259641e-01,6.513027138259641e-01,1.570908289138707e-01,1.622915433904044e-07,1.000000000000000e+03,1.000000000000000e+00,
3.293105834995553e-06,0.000000000000000e+00,7.783321447988468e-03,2.724486780315447e+05,2.724394800136554e+05,1.505719897305488e+03,3.293105834995553e-06,0.000000000000000e+00,-1.000000000000000e+03,1.816263200091037e+05,9.198017889212347e+00,2.986108811014335e+05,7.795578625377973e-03,6.320559599414057e+08,0.000000000000000e+00,-3.068849225116992e-06,8.025161248095699e+10,8.025161248095699e+10,-5.482394311554732e+00,3.293105834995553e-06,1.000000000000000e+00,0.000000000000000e+00,2.363519983255861e+03,2.363519983255861e+03,-8.032518554913281e+02,7.783321447988468e-03,1.000000000000000e+03,1.000000000000000e+00,
3.635150134676013e-05,0.000000000000000e+00,9.329184646992728e-02,2.917042478559410e+06,2.916922767291714e+06,1.501543799888949e+03,3.635150134676013e-05,0.000000000000000e+00,-1.000000000000000e+03,1.944615178194476e+06,1.197112676962953e+02,2.981964965976634e+05,8.594909385077511e-03,5.466154163945739e+08,0.000000000000000e+00,-1.946242669822368e-06,8.002903552480824e+10,8.002903552480824e+10,-4.439477647716950e+00,3.635150134676013e-05,1.000000000000000e+00,0.000000000000000e+00,2.566382212938284e+03,2.566382212938284e+03,-1.451114472267371e+03,9.329184646992728e-02,1.000000000000000e+03,1.000000000000000e+00,
4.008820907087509e-04,0.000000000000000e+00,1.053673787450776e+00,3.208357833748279e+07,3.208219360556773e+07,1.501543169310976e+03,4.008820907087509e-04,0.000000000000000e+00,-1.000000000000000e+03,2.138812907037849e+07,1.384731915060114e+03,2.981964339833853e+05,8.798518816612240e-03,4.630340563385667e+08,0.000000000000000e+00,-2.509908053737035e-07,8.002900191636673e+10,8.002900191636673e+10,-3.396983345296247e+00,4.008820907087509e-04,1.000000000000000e+00,0.000000000000000e+00,2.628388276432860e+03,2.628388276432860e+03,-1.865132307804019e+03,1.053673787450776e+00,1.000000000000000e+03,1.000000000000000e+00,
7.506096345989184e-08,0.000000000000000e+00,-7.507827205575852e-08,1.987057260558545e+03,1.987057260521015e+03,4.966914334779252e+02,7.506096345989184e-08,0.000000000000000e+00,-1.000000000000000e+03,1.324704840347343e+03,3.752887385127649e-08,1.715050328829731e+05,5.826750465641182e-06,7.912954434017363e+08,0.000000000000000e+00,-1.551157210652465e-11,2.647257867377070e+10,2.647257867377070e+10,-7.124585865414154e+00,7.506096345989184e-08,1.000000000000000e+00,0.000000000000000e+00,-1.000004331826210e+00,9.997266272565477e-01,-8.933796270063159e-01,7.506117549019428e-08,1.000000000000000e+03,1.000000000000000e+00,
7.510252649463696e-08,0.000000000000000e+00,-7.726090444520722e-08,1.989953458342129e+03,1.989953458304601e+03,4.971400984396171e+02,7.510252649463696e-08,0.000000000000000e+00,-1.000000000000000e+03,1.326635638869734e+03,3.621292525174441e-08,1.715824762660057e+05,5.005936759349878e-06,7.913238965859320e+08,0.000000000000000e+00,-2.162198051498116e-09,2.649649154541695e+10,2.649649154541695e+10,-7.124345452819757e+00,7.510252649463696e-08,1.000000000000000e+00,0.000000000000000e+00,-9.996940225514150e-01,9.374191387424494e-01,-8.301246942861101e-01,7.507954681519784e-08,1.000000000000000e+03,1.000000000000000e+00,
8.296153315016234e-08,0.000000000000000e+00,-7.803167857131027e-08,2.651424199766735e+03,2.651424199730632e+03,5.996431384357115e+02,8.296153315016234e-08,0.000000000000000e+00,-1.000000000000000e+03,1.767616133153755e+03,4.791468592856776e-13,1.884429821907849e+05,6.523944652918498e-09,7.977790251912878e+08,0.000000000000000e+00,-5.628100551515918e-08,3.195968178326082e+10,3.195968178326082e+10,-7.081123230672740e+00,8.296153315016234e-08,1.000000000000000e+00,0.000000000000000e+00,-9.329277618233628e-01,2.337694099261483e-03,-6.570976602748533e-01,4.099311876922205e-10,1.000000000000000e+03,1.000000000000000e+00,
2.491798973737589e-07,0.000000000000000e+00,1.622915433904044e-07,2.899044249796038e+04,2.899044249790753e+04,1.554215503589498e+03,2.491798973737589e-07,0.000000000000000e+00,-1.000000000000000e+03,1.932696166527169e+04,5.285046132058728e-08,3.033815407885470e+05,1.811478657677301e-06,7.190731478108689e+08,0.000000000000000e+00,-4.381069178707015e-04,8.283632336210951e+10,8.283632336210953e+10,-6.603486997373238e+00,2.491798973737589e-07,1.000000000000000e+00,0.000000000000000e+00,6.513027138259641e-01,6.513027138259641e-01,2.049912864290588e-01,1.622915433904044e-07,1.000000000000000e+03,1.000000000000000e+00,
3.293105834995553e-06,0.000000000000000e+00,7.783321447988468e-03,2.724486780315447e+05,2.724394800136554e+05,1.505719897305488e+03,3.293105834995553e-06,0.000000000000000e+00,-1.000000000000000e+03,1.816263200091037e+05,9.198017889212347e+00,2.986108811014335e+05,7.795578625377973e-03,6.320559599414057e+08,0.000000000000000e+00,-3.068849225116992e-06,8.025161248095699e+10,8.025161248095699e+10,-5.482394311554732e+00,3.293105834995553e-06,1.000000000000000e+00,0.000000000000000e+00,2.363519983255861e+03,2.363519983255861e+03,-1.135962756375164e+03,7.783321447988468e-03,1.000000000000000e+03,1.000000000000000e+00,
3.635150134676013e-05,0.000000000000000e+00,9.329184646992728e-02,2.917042478559410e+06,2.916922767291714e+06,1.501543799888949e+03,3.635150134676013e-05,0.000000000000000e+00,-1.000000000000000e+03,1.944615178194476e+06,1.197112676962953e+02,2.981964965976634e+05,8.594909385077511e-03,5.466154163945739e+08,0.000000000000000e+00,-1.946242669822368e-06,8.002903552480824e+10,8.002903552480824e+10,-4.439477647716950e+00,3.635150134676013e-05,1.000000000000000e+00,0.000000000000000e+00,2.566382212938284e+03,2.566382212938284e+03,-1.850921144939047e+03,9.329184646992728e-02,1.000000000000000e+03,1.000000000000000e+00,
4.008820907087509e-04,0.000000000000000e+00,1.053673787450776e+00,3.208357833748279e+07,3.208219360556773e+07,1.501543169310976e+03,4.008820907087509e-04,0.000000000000000e+00,-1.000000000000000e+03,2.138812907037849e+07,1.384731915060114e+03,2.981964339833853e+05,8.798518816612240e-03,4.630340563385667e+08,0.000000000000000e+00,-2.509908053737035e-07,8.002900191636673e+10,8.002900191636673e+10,-3.396983345296247e+00,4.008820907087509e-04,1.000000000000000e+00,0.000000000000000e+00,2.628388276432860e+03,2.628388276432860e+03,-2.196012479563977e+03,1.053673787450776e+00,1.000000000000000e+03,1.000000000000000e+00,
7.506096345989184e-08,0.000000000000000e+00,-7.507827205575852e-08,1.987057260558545e+03,1.987057260521015e+03,4.966914334779252e+02,7.506096345989184e-08,0.000000000000000e+00,-1.000000000000000e+03,1.324704840347343e+03,3.752887385127649e-08,1.715050328829731e+05,5.826750465641182e-06,7.912954434017363e+08,0.000000000000000e+00,-1.551157210652465e-11,2.647257867377070e+10,2.647257867377070e+10,-7.124585865414154e+00,7.506096345989184e-08,1.000000000000000e+00,0.000000000000000e+00,-1.000004331826210e+00,9.997266272565477e-01,-9.695860671838198e-01,7.506117549019428e-08,1.000000000000000e+03,1.000000000000000e+00,
7.510252649463696e-08,0.000000000000000e+00,-7.726090444520722e-08,1.989953458342129e+03,1.989953458304601e+03,4.971400984396171e+02,7.510252649463696e-08,0.000000000000000e+00,-1.000000000000000e+03,1.326635638869734e+03,3.621292525174441e-08,1.715824762660057e+05,5.005936759349878e-06,7.913238965859320e+08,0.000000000000000e+00,-2.162198051498116e-09,2.649649154541695e+10,2.649649154541695e+10,-7.124345452819757e+00,7.510252649463696e-08,1.000000000000000e+00,0.000000000000000e+00,-9.996940225514150e-01,9.374191387424494e-01,-9.473989264830079e-01,7.507954681519784e-08,1.000000000000000e+03,1.000000000000000e+00,
8.296153315016234e-08,0.000000000000000e+00,-7.803167857131027e-08,2.651424199766735e+03,2.651424199730632e+03,5.996431384357115e+02,8.296153315016234e-08,0.000000000000000e+00,-1.000000000000000e+03,1.767616133153755e+03,4.791468592856776e-13,1.884429821907849e+05,6.523944652918498e-09,7.977790251912878e+08,0.000000000000000e+00,-5.628100551515918e-08,3.195968178326082e+10,3.195968178326082e+10,-7.081123230672740e+00,8.296153315016234e-08,1.000000000000000e+00,0.000000000000000e+00,-9.329277618233628e-01,2.337694099261483e-03,-8.324680131965865e-01,4.099311876922205e-10,1.000000000000000e+03,1.000000000000000e+00,
2.491798973737589e-07,0.000000000000000e+00,1.622915433904044e-07,2.899044249796038e+04,2.899044249790753e+04,1.554215503589498e+03,2.491798973737589e-07,0.000000000000000e+00,-1.000000000000000e+03,1.932696166527169e+04,5.285046132058728e-08,3.033815407885470e+05,1.811478657677301e-06,7.190731478108689e+08,0.000000000000000e+00,-4.381069178707015e-04,8.283632336210951e+10,8.283632336210953e+10,-6.603486997373238e+00,2.491798973737589e-07,1.000000000000000e+00,0.000000000000000e+00,6.513027138259641e-01,6.513027138259641e-01,2.903565606443650e-01,1.622915433904044e-07,1.000000000000000e+03,1.000000000000000e+00,
3.293105834995553e-06,0.000000000000000e+00,7.783321447988468e-03,2.724486780315447e+05,2.724394800136554e+05,1.505719897305488e+03,3.293105834995553e-06,0.000000000000000e+00,-1.000000000000000e+03,1.816263200091037e+05,9.198017889212347e+00,2.986108811014335e+05,7.795578625377973e-03,6.320559599414057e+08,0.000000000000000e+00,-3.068849225116992e-06,8.025161248095699e+10,8.025161248095699e+10,-5.482394311554732e+00,3.293105834995553e-06,1.000000000000000e+00,0.000000000000000e+00,2.363519983255861e+03,2.363519983255861e+03,-1.798886058052660e+03,7.783321447988468e-03,1.000000000000000e+03,1.000000000000000e+00,
3.635150134676013e-05,0.000000000000000e+00,9.329184646992728e-02,2.917042478559410e+06,2.916922767291714e+06,1.501543799888949e+03,3.635150134676013e-05,0.000000000000000e+00,-1.000000000000000e+03,1.944615178194476e+06,1.197112676962953e+02,2.981964965976634e+05,8.594909385077511e-03,5.466154163945739e+08,0.000000000000000e+00,-1.946242669822368e-06,8.002903552480824e+10,8.002903552480824e+10,-4.439477647716950e+00,3.635150134676013e-05,1.000000000000000e+00,0.000000000000000e+00,2.566382212938284e+03,2.566382212938284e+03,-2.344906611699780e+03,9.329184646992728e-02,1.000000000000000e+03,1.000000000000000e+00,
4.008820907087509e-04,0.000000000000000e+00,1.053673787450776e+00,3.208357833748279e+07,3.208219360556773e+07,1.501543169310976e+03,4.008820907087509e-04,0.000000000000000e+00,-1.000000000000000e+03,2.138812907037849e+07,1.384731915060114e+03,2.981964339833853e+05,8.798518816612240e-03,4.630340563385667e+08,0.000000000000000e+00,-2.509908053737035e-07,8.002900191636673e+10,8.002900191636673e+10,-3.396983345296247e+00,4.008820907087509e-04,1.000000000000000e+00,0.000000000000000e+00,2.628388276432860e+03,2.628388276432860e+03,-2.506249820060330e+03,1.053673787450776e+00,1.000000000000000e+03,1.000000000000000e+00,
7.506096345989184e-08,0.000000000000000e+00,-7.507827205575852e-08,1.987057260558545e+03,1.987057260521015e+03,4.966914334779252e+02,7.506096345989184e-08,0.000000000000000e+00,-1.000000000000000e+03,1.324704840347343e+03,3.752887385127649e-08,1.715050328829731e+05,5.826750465641182e-06,7.912954434017363e+08,0.000000000000000e+00,-1.551157210652465e-11,2.647257867377070e+10,2.647257867377070e+10,-7.124585865414154e+00,7.506096345989184e-08,1.000000000000000e+00,0.000000000000000e+00,-1.000004331826210e+00,9.997266272565477e-01,-1.000002417002317e+00,7.506117549019428e-08,1.000000000000000e+03,1.000000000000000e+00,
7.510252649463696e-08,0.000000000000000e+00,-7.726090444520722e-08,1.989953458342129e+03,1.989953458304601e+03,4.971400984396171e+02,7.510252649463696e-08,0.000000000000000e+00,-1.000000000000000e+03,1.326635638869734e+03,3.621292525174441e-08,1.715824762660057e+05,5.005936759349878e-06,7.913238965859320e+08,0.000000000000000e+00,-2.162198051498116e-09,2.649649154541695e+10,2.649649154541695e+10,-7.124345452819757e+00,7.510252649463696e-08,1.000000000000000e+00,0.000000000000000e+00,-9.996940225514150e-01,9.374191387424494e-01,-9.996906150399069e-01,7.507954681519784e-08,1.000000000000000e+03,1.000000000000000e+00,
8.296153315016234e-08,0.000000000000000e+00,-7.803167857131027e-08,2.651424199766735e+03,2.651424199730632e+03,5.996431384357115e+02,8.296153315016234e-08,0.000000000000000e+00,-1.000000000000000e+03,1.767616133153755e+03,4.791468592856776e-13,1.884429821907849e+05,6.523944652918498e-09,7.977790251912878e+08,0.000000000000000e+00,-5.628100551515918e-08,3.195968178326082e+10,3.195968178326082e+10,-7.081123230672740e+00,8.296153315016234e-08,1.000000000000000e+00,0.000000000000000e+00,-9.329277618233628e-01,2.337694099261483e-03,-9.329205882977838e-01,4.099311876922205e-10,1.000000000000000e+03,1.000000000000000e+00,
2.491798973737589e-07,0.000000000000000e+00,1.622915433904044e-07,2.899044249796038e+04,2.899044249790753e+04,1.554215503589498e+03,2.491798973737589e-07,0.000000000000000e+00,-1.000000000000000e+03,1.932696166527169e+04,5.285046132058728e-08,3.033815407885470e+05,1.811478657677301e-06,7.190731478108689e+08,0.000000000000000e+00,-4.381069178707015e-04,8.283632336210951e+10,8.283632336210953e+10,-6.603486997373238e+00,2.491798973737589e-07,1.000000000000000e+00,0.000000000000000e+00,6.513027138259641e-01,6.513027138259641e-01,4.605405655515405e-01,1.622915433904044e-07,1.000000000000000e+03,1.000000000000000e+00,
3.293105834995553e-06,0.000000000000000e+00,7.783321447988468e-03,2.724486780315447e+05,2.724394800136554e+05,1.505719897305488e+03,3.293105834995553e-06,0.000000000000000e+00,-1.000000000000000e+03,1.816263200091037e+05,9.198017889212347e+00,2.986108811014335e+05,7.795578625377973e-03,6.320559599414057e+08,0.000000000000000e+00,-3.068849225116992e-06,8.025161248095699e+10,8.025161248095699e+10,-5.482394311554732e+00,3.293105834995553e-06,1.000000000000000e+00,0.000000000000000e+00,2.363519983255861e+03,2.363519983255861e+03,-2.564039390835298e+03,7.783321447988468e-03,1.000000000000000e+03,1.000000000000000e+00,
3.635150134676013e-05,0.000000000000000e+00,9.329184646992728e-02,2.917042478559410e+06,2.916922767291714e+06,1.501543799888949e+03,3.635150134676013e-05,0.000000000000000e+00,-1.000000000000000e+03,1.944615178194476e+06,1.197112676962953e+02,2.981964965976634e+05,8.594909385077511e-03,5.466154163945739e+08,0.000000000000000e+00,-1.946242669822368e-06,8.002903552480824e+10,8.002903552480824e+10,-4.439477647716950e+00,3.635150134676013e-05,1.000000000000000e+00,0.000000000000000e+00,2.566382212938284e+03,2.566382212938284e+03,-2.627862717860031e+03,9.329184646992728e-02,1.000000000000000e+03,1.000000000000000e+00,
4.008820907087509e-04,0.000000000000000e+00,1.053673787450776e+00,3.208357833748279e+07,3.208219360556773e+07,1.501543169310976e+03,4.008820907087509e-04,0.000000000000000e+00,-1.000000000000000e+03,2.138812907037849e+07,1.384731915060114e+03,2.981964339833853e+05,8.798518816612240e-03,4.630340563385667e+08,0.000000000000000e+00,-2.509908053737035e-07,8.002900191636673e+10,8.002900191636673e+10,-3.396983345296247e+00,4.008820907087509e-04,1.000000000000000e+00,0.000000000000000e+00,2.628388276432860e+03,2.628388276432860e+03,-2.644582291602062e+03,1.053673787450776e+00,1.000000000000000e+03,1.000000000000000e+00,
7.506096345989184e-08,0.000000000000000e+00,-7.507827205575852e-08,1.987057260558545e+03,1.987057260521015e+03,4.966914334779252e+02,7.506096345989184e-08,0.000000000000000e+00,-1.000000000000000e+03,1.324704840347343e+03,3.752887385127649e-08,1.715050328829731e+05,5.826750465641182e-06,7.912954434017363e+08,0.000000000000000e+00,-1.551157210652465e-11,2.647257867377070e+10,2.647257867377070e+10,-7.124585865414154e+00,7.506096345989184e-08,1.000000000000000e+00,0.000000000000000e+00,-1.000004331826210e+00,9.997266272565477e-01,-1.000002417002317e+00,7.506117549019428e-08,1.000000000000000e+03,1.000000000000000e+00,
7.510252649463696e-08,0.000000000000000e+00,-7.726090444520722e-08,1.989953458342129e+03,1.989953458304601e+03,4.971400984396171e+02,7.510252649463696e-08,0.000000000000000e+00,-1.000000000000000e+03,1.326635638869734e+03,3.621292525174441e-08,1.715824762660057e+05,5.005936759349878e-06,7.913238965859320e+08,0.000000000000000e+00,-2.162198051498116e-09,2.649649154541695e+10,2.649649154541695e+10,-7.124345452819757e+00,7.510252649463696e-08,1.000000000000000e+00,0.000000000000000e+00,-9.996940225514150e-01,9.374191387424494e-01,-9.996906150399069e-01,7.507954681519784e-08,1.000000000000000e+03,1.000000000000000e+00,
8.296153315016234e-08,0.000000000000000e+00,-7.803167857131027e-08,2.651424199766735e+03,2.651424199730632e+03,5.996431384357115e+02,8.296153315016234e-08,0.000000000000000e+00,-1.000000000000000e+03,1.767616133153755e+03,4.791468592856776e-13,1.884429821907849e+05,6.523944652918498e-09,7.977790251912878e+08,0.000000000000000e+00,-5.628100551515918e-08,3.195968178326082e+10,3.195968178326082e+10,-7.081123230672740e+00,8.296153315016234e-08,1.000000000000000e+00,0.000000000000000e+00,-9.329277618233628e-01,2.337694099261483e-03,-9.329205882977838e-01,4.099311876922205e-10,1.000000000000000e+03,1.000000000000000e+00,
2.491798973737589e-07,0.000000000000000e+00,1.622915433904044e-07,2.899044249796038e+04,2.899044249790753e+04,1.554215503589498e+03,2.491798973737589e-07,0.000000000000000e+00,-1.000000000000000e+03,1.932696166527169e+04,5.285046132058728e-08,3.033815407885470e+05,1.811478657677301e-06,7.190731478108689e+08,0.000000000000000e+00,-4.381069178707015e-04,8.283632336210951e+10,8.283632336210953e+10,-6.603486997373238e+00,2.491798973737589e-07,1.000000000000000e+00,0.000000000000000e+00,6.513027138259641e-01,6.513027138259641e-01,4.605405655515405e-01,1.622915433904044e-07,1.000000000000000e+03,1.000000000000000e+00,
3.293105834995553e-06,0.000000000000000e+00,7.783321447988468e-03,2.724486780315447e+05,2.724394800136554e+05,1.505719897305488e+03,3.293105834995553e-06,0.000000000000000e+00,-1.000000000000000e+03,1.816263200091037e+05,9.198017889212347e+00,2.986108811014335e+05,7.795578625377973e-03,6.320559599414057e+08,0.000000000000000e+00,-3.068849225116992e-06,8.025161248095699e+10,8.025161248095699e+10,-5.482394311554732e+00,3.293105834995553e-06,1.000000000000000e+00,0.000000000000000e+00,2.363519983255861e+03,2.363519983255861e+03,-2.564039390835298e+03,7.783321447988468e-03,1.000000000000000e+03,1.000000000000000e+00,
3.635150134676013e-05,0.000000000000000e+00,9.329184646992728e-02,2.917042478559410e+06,2.916922767291714e+06,1.501543799888949e+03,3.635150134676013e-05,0.000000000000000e+00,-1.000000000000000e+03,1.944615178194476e+06,1.197112676962953e+02,2.981964965976634e+05,8.594909385077511e-03,5.466154163945739e+08,0.000000000000000e+00,-1.946242669822368e-06,8.002903552480824e+10,8.002903552480824e+10,-4.439477647716950e+00,3.635150134676013e-05,1.000000000000000e+00,0.000000000000000e+00,2.566382212938284e+03,2.566382212938284e+03,-2.627862717860031e+03,9.329184646992728e-02,1.000000000000000e+03,1.000000000000000e+00,
4.008820907087509e-04,0.000000000000000e+00,1.053673787450776e+00,3.208357833748279e+07,3.208219360556773e+07,1.501543169310976e+03,4.008820907087509e-04,0.000000000000000e+00,-1.000000000000000e+03,2.138812907037849e+07,1.384731915060114e+03,2.981964339833853e+05,8.798518816612240e-03,4.630340563385667e+08,0.000000000000000e+00,-2.509908053737035e-07,8.002900191636673e+10,8.002900191636673e+10,-3.396983345296247e+00,4.008820907087509e-04,1.000000000000000e+00,0.000000000000000e+00,2.628388276432860e+03,2.628388276432860e+03,-2.644582291602062e+03,1.053673787450776e+00,1.000000000000000e+03,1.000000000000000e+00,
7.506096345989184e-08,0.000000000000000e+00,-7.507827205575852e-08,1.987057260558545e+03,1.987057260521015e+03,4.966914334779252e+02,7.506096345989184e-08,0.000000000000000e+00,-1.000000000000000e+03,1.324704840347343e+03,3.752887385127649e-08,1.715050328829731e+05,5.826750465641182e-06,7.912954434017363e+08,0.000000000000000e+00,-1.551157210652465e-11,2.647257867377070e+10,2.647257867377070e+10,-7.124585865414154e+00,7.506096345989184e-08,1.000000000000000e+00,0.000000000000000e+00,-1.000004331826210e+00,9.997266272565477e-01,-9.695860671838198e-01,7.506117549019428e-08,1.000000000000000e+03,1.000000000000000e+00,
7.510252649463696e-08,0.000000000000000e+00,-7.726090444520722e-08,1.989953458342129e+03,1.989953458304601e+03,4.971400984396171e+02,7.510252649463696e-08,0.000000000000000e+00,-1.000000000000000e+03,1.326635638869734e+03,3.621292525174441e-08,1.715824762660057e+05,5.005936759349878e-06,7.913238965859320e+08,0.000000000000000e+00,-2.162198051498116e-09,2.649649154541695e+10,2.649649154541695e+10,-7.124345452819757e+00,7.510252649463696e-08,1.000000000000000e+00,0.000000000000000e+00,-9.996940225514150e-01,9.374191387424494e-01,-9.473989264830079e-01,7.507954681519784e-08,1.000000000000000e+03,1.000000000000000e+00,
8.296153315016234e-08,0.000000000000000e+00,-7.803167857131027e-08,2.651424199766735e+03,2.651424199730632e+03,5.996431384357115e+02,8.296153315016234e-08,0.000000000000000e+00,-1.000000000000000e+03,1.767616133153755e+03,4.791468592856776e-13,1.884429821907849e+05,6.523944652918498e-09,7.977790251912878e+08,0.000000000000000e+00,-5.628100551515918e-08,3.195968178326082e+10,3.195968178326082e+10,-7.081123230672740e+00,8.296153315016234e-08,1.000000000000000e+00,0.000000000000000e+00,-9.329277618233628e-01,2.337694099261483e-03,-8.324680131965865e-01,4.099311876922205e-10,1.000000000000000e+03,1.000000000000000e+00,
2.491798973737589e-07,0.000000000000000e+00,1.622915433904044e-07,2.899044249796038e+04,2.899044249790753e+04,1.554215503589498e+03,2.491798973737589e-07,0.000000000000000e+00,-1.000000000000000e+03,1.932696166527169e+04,5.285046132058728e-08,3.033815407885470e+05,1.811478657677301e-06,7.190731478108689e+08,0.000000000000000e+00,-4.381069178707015e-04,8.283632336210951e+10,8.283632336210953e+10,-6.603486997373238e+00,2.491798973737589e-07,1.000000000000000e+00,0.000000000000000e+00,6.513027138259641e-01,6.513027138259641e-01,2.903565606443650e-01,1.622915433904044e-07,1.000000000000000e+03,1.000000000000000e+00,
3.293105834995553e-06,0.000000000000000e+00,7.783321447988468e-03,2.724486780315447e+05,2.724394800136554e+05,1.505719897305488e+03,3.293105834995553e-06,0.000000000000000e+00,-1.000000000000000e+03,1.816263200091037e+05,9.198017889212347e+00,2.986108811014335e+05,7.795578625377973e-03,6.320559599414057e+08,0.000000000000000e+00,-3.068849225116992e-06,8.025161248095699e+10,8.025161248095699e+10,-5.482394311554732e+00,3.293105834995553e-06,1.000000000000000e+00,0.000000000000000e+00,2.363519983255861e+03,2.363519983255861e+03,-1.798886058052660e+03,7.783321447988468e-03,1.000000000000000e+03,1.000000000000000e+00,
3.635150134676013e-05,0.000000000000000e+00,9.329184646992728e-02,2.917042478559410e+06,2.916922767291714e+06,1.501543799888949e+03,3.635150134676013e-05,0.000000000000000e+00,-1.000000000000000e+03,1.944615178194476e+06,1.197112676962953e+02,2.981964965976634e+05,8.594909385077511e-03,5.466154163945739e+08,0.000000000000000e+00,-1.946242669822368e-06,8.002903552480824e+10,8.002903552480824e+10,-4.439477647716950e+00,3.635150134676013e-05,1.000000000000000e+00,0.000000000000000e+00,2.566382212938284e+03,2.566382212938284e+03,-2.344906611699780e+03,9.329184646992728e-02,1.000000000000000e+03,1.000000000000000e+00,
4.008820907087509e-04,0.000000000000000e+00,1.053673787450776e+00,3.208357833748279e+07,3.208219360556773e+07,1.501543169310976e+03,4.008820907087509e-04,0.000000000000000e+00,-1.000000000000000e+03,2.138812907037849e+07,1.384731915060114e+03,2.981964339833853e+05,8.798518816612240e-03,4.630340563385667e+08,0.000000000000000e+00,-2.509908053737035e-07,8.002900191636673e+10,8.002900191636673e+10,-3.396983345296247e+00,4.008820907087509e-04,1.000000000000000e+00,0.000000000000000e+00,2.628388276432860e+03,2.628388276432860e+03,-2.506249820060330e+03,1.053673787450776e+00,1.000000000000000e+03,1.000000000000000e+00,
7.506096345989184e-08,0.000000000000000e+00,-7.507827205575852e-08,1.987057260558545e+03,1.987057260521015e+03,4.966914334779252e+02,7.506096345989184e-08,0.000000000000000e+00,-1.000000000000000e+03,1.324704840347343e+03,3.752887385127649e-08,1.715050328829731e+05,5.826750465641182e-06,7.912954434017363e+08,0.000000000000000e+00,-1.551157210652465e-11,2.647257867377070e+10,2.647257867377070e+10,-7.124585865414154e+00,7.506096345989184e-08,1.000000000000000e+00,0.000000000000000e+00,-1.000004331826210e+00,9.997266272565477e-01,-8.933796270063159e-01,7.506117549019428e-08,1.000000000000000e+03,1.000000000000000e+00,
7.510252649463696e-08,0.000000000000000e+00,-7.726090444520722e-08,1.989953458342129e+03,1.989953458304601e+03,4.971400984396171e+02,7.510252649463696e-08,0.000000000000000e+00,-1.000000000000000e+03,1.326635638869734e+03,3.621292525174441e-08,1.715824762660057e+05,5.005936759349878e-06,7.913238965859320e+08,0.000000000000000e+00,-2.162198051498116e-09,2.649649154541695e+10,2.649649154541695e+10,-7.124345452819757e+00,7.510252649463696e-08,1.000000000000000e+00,0.000000000000000e+00,-9.996940225514150e-01,9.374191387424494e-01,-8.301246942861101e-01,7.507954681519784e-08,1.000000000000000e+03,1.000000000000000e+00,
8.296153315016234e-08,0.000000000000000e+00,-7.803167857131027e-08,2.651424199766735e+03,2.651424199730632e+03,5.996431384357115e+02,8.296153315016234e-08,0.000000000000000e+00,-1.000000000000000e+03,1.767616133153755e+03,4.791468592856776e-13,1.884429821907849e+05,6.523944652918498e-09,7.977790251912878e+08,0.000000000000000e+00,-5.628100551515918e-08,3.195968178326082e+10,3.195968178326082e+10,-7.081123230672740e+00,8.296153315016234e-08,1.000000000000000e+00,0.000000000000000e+00,-9.329277618233628e-01,2.337694099261483e-03,-6.570976602748533e-01,4.099311876922205e-10,1.000000000000000e+03,1.000000000000000e+00,
2.491798973737589e-07,0.000000000000000e+00,1.622915433904044e-07,2.899044249796038e+04,2.899044249790753e+04,1.554215503589498e+03,2.491798973737589e-07,0.000000000000000e+00,-1.000000000000000e+03,1.932696166527169e+04,5.285046132058728e-08,3.033815407885470e+05,1.811478657677301e-06,7.190731478108689e+08,0.000000000000000e+00,-4.381069178707015e-04,8.283632336210951e+10,8.283632336210953e+10,-6.603486997373238e+00,2.491798973737589e-07,1.000000000000000e+00,0.000000000000000e+00,6.513027138259641e-01,6.513027138259641e-01,2.049912864290588e-01,1.622915433904044e-07,1.000000000000000e+03,1.000000000000000e+00,
3.293105834995553e-06,0.000000000000000e+00,7.783321447988468e-03,2.724486780315447e+05,2.724394800136554e+05,1.505719897305488e+03,3.293105834995553e-06,0.000000000000000e+00,-1.000000000000000e+03,1.816263200091037e+05,9.198017889212347e+00,2.986108811014335e+05,7.795578625377973e-03,6.320559599414057e+08,0.000000000000000e+00,-3.068849225116992e-06,8.025161248095699e+10,8.025161248095699e+10,-5.482394311554732e+00,3.293105834995553e-06,1.000000000000000e+00,0.000000000000000e+00,2.363519983255861e+03,2.363519983255861e+03,-1.135962756375164e+03,7.783321447988468e-03,1.000000000000000e+03,1.000000000000000e+00,
3.635150134676013e-05,0.000000000000000e+00,9.329184646992728e-02,2.917042478559410e+06,2.916922767291714e+06,1.501543799888949e+03,3.635150134676013e-05,0.000000000000000e+00,-1.000000000000000e+03,1.944615178194476e+06,1.197112676962953e+02,2.981964965976634e+05,8.594909385077511e-03,5.466154163945739e+08,0.000000000000000e+00,-1.946242669822368e-06,8.002903552480824e+10,8.002903552480824e+10,-4.439477647716950e+00,3.635150134676013e-05,1.000000000000000e+00,0.000000000000000e+00,2.566382212938284e+03,2.566382212938284e+03,-1.850921144939047e+03,9.329184646992728e-02,1.000000000000000e+03,1.000000000000000e+00,
4.008820907087509e-04,0.000000000000000e+00,1.053673787450776e+00,3.208357833748279e+07,3.208219360556773e+07,1.501543169310976e+03,4.008820907087509e-04,0.000000000000000e+00,-1.000000000000000e+03,2.138812907037849e+07,1.384731915060114e+03,2.981964339833853e+05,8.798518816612240e-03,4.630340563385667e+08,0.000000000000000e+00,-2.509908053737035e-07,8.002900191636673e+10,8.002900191636673e+10,-3.396983345296247e+00,4.008820907087509e-04,1.000000000000000e+00,0.000000000000000e+00,2.628388276432860e+03,2.628388276432860e+03,-2.196012479563977e+03,1.053673787450776e+00,1.000000000000000e+03,1.000000000000000e+00,

64,28
2.860369651003254e-02,0.000000000000000e+00,7.575095383117819e+01,2.823666610355042e+09,2.823566305015061e+09,1.854673217414643e+03,2.860369651003254e-02,0.000000000000000e+00,-1.000000000000000e+03,1.882377536676708e+09,1.003053399815065e+05,3.314112406476146e+05,8.793743295471614e-03,4.618307536461058e+08,2.500000000000000e-07,6.618283744265467e-04,9.885006938483199e+10,9.885006938483199e+10,-1.543577838543257e+00,2.860369651003254e-02,1.000000000000000e+00,0.000000000000000e+00,2.650562927228942e+03,2.650562927228942e+03,-1.591475025245004e+03,7.575095383117819e+01,1.000000000000000e+03,1.000000000000000e+00,
2.860369651003254e-02,0.000000000000000e+00,7.575095383117819e+01,2.823666610355042e+09,2.823566305015061e+09,1.854673217414643e+03,2.860369651003254e-02,0.000000000000000e+00,-1.000000000000000e+03,1.882377536676708e+09,1.003053399815065e+05,3.314112406476146e+05,8.793743295471614e-03,4.618307536461058e+08,2.500000000000000e-07,6.618283744265467e-04,9.885006938483199e+10,9.885006938483199e+10,-1.543577838543257e+00,2.860369651003254e-02,1.000000000000000e+00,0.000000000000000e+00,2.650562927228942e+03,2.650562927228942e+03,-1.591475025245004e+03,7.575095383117819e+01,1.000000000000000e+03,1.000000000000000e+00,
2.860369651003254e-02,0.000000000000000e+00,7.575095383117819e+01,2.823666610355042e+09,2.823566305015061e+09,1.854673217414643e+03,2.860369651003254e-02,0.000000000000000e+00,-1.000000000000000e+03,1.882377536676708e+09,1.003053399815065e+05,3.314112406476146e+05,8.793743295471614e-03,4.618307536461058e+08,2.500000000000000e-07,6.618283744265467e-04,9.885006938483199e+10,9.885006938483199e+10,-1.543577838543257e+00,2.860369651003254e-02,1.000000000000000e+00,0.000000000000000e+00,2.650562927228942e+03,2.650562927228942e+03,-1.874983319120602e+03,7.575095383117819e+01,1.000000000000000e+03,1.000000000000000e+00,
2.860369651003254e-02,0.000000000000000e+00,7.575095383117819e+01,2.823666610355042e+09,2.823566305015061e+09,1.854673217414643e+03,2.860369651003254e-02,0.000000000000000e+00,-1.000000000000000e+03,1.882377536676708e+09,1.003053399815065e+05,3.314112406476146e+05,8.793743295471614e-03,4.618307536461058e+08,2.500000000000000e-07,6.618283744265467e-04,9.885006938483199e+10,9.885006938483199e+10,-1.543577838543257e+00,2.860369651003254e-02,1.000000000000000e+00,0.000000000000000e+00,2.650562927228942e+03,2.650562927228942e+03,-2.204959329229977e+03,7.575095383117819e+01,1.000000000000000e+03,1.000000000000000e+00,
2.860369651003254e-02,0.000000000000000e+00,7.575095383117819e+01,2.823666610355042e+09,2.823566305015061e+09,1.854673217414643e+03,2.860369651003254e-02,0.000000000000000e+00,-1.000000000000000e+03,1.882377536676708e+09,1.003053399815065e+05,3.314112406476146e+05,8.793743295471614e-03,4.618307536461058e+08,2.500000000000000e-07,6.618283744265467e-04,9.885006938483199e+10,9.885006938483199e+10,-1.543577838543257e+00,2.860369651003254e-02,1.000000000000000e+00,0.000000000000000e+00,2.650562927228942e+03,2.650562927228942e+03,-2.511625964564964e+03,7.575095383117819e+01,1.000000000000000e+03,1.000000000000000e+00,
2.860369651003254e-02,0.000000000000000e+00,7.575095383117819e+01,2.823666610355042e+09,2.823566305015061e+09,1.854673217414643e+03,2.860369651003254e-02,0.000000000000000e+00,-1.000000000000000e+03,1.882377536676708e+09,1.003053399815065e+05,3.314112406476146e+05,8.793743295471614e-03,4.618307536461058e+08,2.500000000000000e-07,6.618283744265467e-04,9.885006938483199e+10,9.885006938483199e+10,-1.543577838543257e+00,2.860369651003254e-02,1.000000000000000e+00,0.000000000000000e+00,2.650562927228942e+03,2.650562927228942e+03,-2.511625964564964e+03,7.575095383117819e+01,1.000000000000000e+03,1.000000000000000e+00,
2.860369651003254e-02,0.000000000000000e+00,7.575095383117819e+01,2.823666610355042e+09,2.823566305015061e+09,1.854673217414643e+03,2.860369651003254e-02,0.000000000000000e+00,-1.000000000000000e+03,1.882377536676708e+09,1.003053399815065e+05,3.314112406476146e+05,8.793743295471614e-03,4.618307536461058e+08,2.500000000000000e-07,6.618283744265467e-04,9.885006938483199e+10,9.885006938483199e+10,-1.543577838543257e+00,2.860369651003254e-02,1.000000000000000e+00,0.000000000000000e+00,2.650562927228942e+03,2.650562927228942e+03,-2.204959329229977e+03,7.575095383117819e+01,1.000000000000000e+03,1.000000000000000e+00,
2.860369651003254e-02,0.000000000000000e+00,7.575095383117819e+01,2.823666610355042e+09,2.823566305015061e+09,1.854673217414643e+03,2.860369651003254e-02,0.000000000000000e+00,-1.000000000000000e+03,1.882377536676708e+09,1.003053399815065e+05,3.314112406476146e+05,8.793743295471614e-03,4.618307536461058e+08,2.500000000000000e-07,6.618283744265467e-04,9.885006938483199e+10,9.885006938483199e+10,-1.543577838543257e+00,2.860369651003254e-02,1.000000000000000e+00,0.000000000000000e+00,2.650562927228942e+03,2.650562927228942e+03,-1.874983319120602e+03,7.575095383117819e+01,1.000000000000000e+03,1.000000000000000e+00,
7.509880202129707e-08,0.000000000000000e+00,-7.506117549019428e-08,1.989688998035063e+03,1.989688997997534e+03,4.970986816906257e+02,7.509880202129707e-08,0.000000000000000e+00,-1.000000000000000e+03,1.326459331998356e+03,3.753168213044639e-08,1.715753288478155e+05,5.830757937631866e-06,7.913212182933817e+08,0.000000000000000e+00,-4.281046350751438e-14,2.649428412231241e+10,2.649428412231241e+10,-7.124366990821262e+00,7.509880202129707e-08,1.000000000000000e+00,0.000000000000000e+00,-9.997266272565477e-01,1.000004331826210e+00,-6.015846046115825e-01,7.507827205575852e-08,1.000000000000000e+03,1.000000000000000e+00,
8.241874019006370e-08,0.000000000000000e+00,-7.507954681519784e-08,2.601149990438563e+03,2.601149990402350e+03,5.921474261512943e+02,8.241874019006370e-08,0.000000000000000e+00,-1.000000000000000e+03,1.734099993601567e+03,3.752828708351120e-08,1.872614824770963e+05,5.826317723737599e-06,7.973418263137815e+08,0.000000000000000e+00,-1.716867245896148e-11,3.156017653756786e+10,3.156017653756786e+10,-7.083974028159952e+00,8.241874019006370e-08,1.000000000000000e+00,0.000000000000000e+00,-9.374191387424494e-01,9.996940225514150e-01,-4.211920859450242e-01,7.726090444520722e-08,1.000000000000000e+03,1.000000000000000e+00,
2.393643415497986e-07,0.000000000000000e+00,1.262506953139245e-07,2.782920858653988e+04,2.782920858650658e+04,2.181382499317697e+03,2.393643415497986e-07,0.000000000000000e+00,-1.000000000000000e+03,1.855280572433772e+04,3.610295977207372e-08,3.594176882797282e+05,4.950716396956831e-06,8.457183915234151e+08,0.000000000000000e+00,1.213644055948752e-08,1.162629671835095e+11,1.162629671835095e+11,-6.620940546584596e+00,2.393643415497986e-07,1.000000000000000e+00,0.000000000000000e+00,5.274415332563587e-01,9.329277618233628e-01,1.675708547544428e-01,1.262506953139245e-07,1.000000000000000e+03,1.000000000000000e+00,
3.171758262219018e-06,0.000000000000000e+00,7.476738455619693e-03,2.627456054376529e+05,2.627367930356172e+05,2.199663349952085e+03,3.171758262219018e-06,0.000000000000000e+00,-1.000000000000000e+03,1.751578620237448e+05,8.812402035745404e+00,3.609205775461128e+05,7.770034664266640e-03,8.275657197748362e+08,0.000000000000000e+00,-7.276560786343386e-08,1.172372969665976e+11,1.172372969665976e+11,-5.498699920151727e+00,3.171758262219018e-06,1.000000000000000e+00,0.000000000000000e+00,2.357285088425634e+03,2.357285088425634e+03,4.640099613875930e+02,7.476738455619693e-03,1.000000000000000e+03,1.000000000000000e+00,
3.501318755950561e-05,0.000000000000000e+00,8.977797509466219e-02,2.809979860448757e+06,2.809864759748508e+06,1.552225366148933e+03,3.501318755950561e-05,0.000000000000000e+00,-1.000000000000000e+03,1.873243173165672e+06,1.151007002490063e+02,3.031872420042797e+05,8.586823311747992e-03,7.176708107549402e+08,0.000000000000000e+00,-1.123801816714604e-06,8.273025334274548e+10,8.273025334274547e+10,-4.455768349775162e+00,3.501318755950561e-05,1.000000000000000e+00,0.000000000000000e+00,2.564118874983397e+03,2.564118874983397e+03,-4.625274868005735e+00,8.977797509466219e-02,1.000000000000000e+03,1.000000000000000e+00,
3.861301520609951e-04,0.000000000000000e+00,1.014704833173584e+00,3.090295691924116e+07,3.090162365648898e+07,1.505542431688379e+03,3.861301520609951e-04,0.000000000000000e+00,-1.000000000000000e+03,2.060108243765932e+07,1.333262752170654e+03,2.985932832979065e+05,8.812588190413306e-03,6.307168507547106e+08,0.000000000000000e+00,2.646115461641329e-07,8.024215394756148e+10,8.024215394756146e+10,-3.413266283943369e+00,3.861301520609951e-04,1.000000000000000e+00,0.000000000000000e+00,2.627882924339190e+03,2.627882924339190e+03,-6.281662971679183e+02,1.014704833173584e+00,1.000000000000000e+03,1.000000000000000e+00,
4.155853817468681e-03,0.000000000000000e+00,1.099053487400105e+01,3.379243189899423e+08,3.379097862534551e+08,1.525565746236489e+03,4.155853817468681e-03,0.000000000000000e+00,-1.000000000000000e+03,2.252731908356367e+08,1.453273648713265e+04,3.005723305202627e+05,8.845479016288897e-03,5.452832020955557e+08,0.000000000000000e+00,-7.485441946823812e-08,8.130935328694383e+10,8.130935328694382e+10,-2.381339737193604e+00,4.155853817468681e-03,1.000000000000000e+00,0.000000000000000e+00,2.644591305835524e+03,2.644591305835524e+03,-1.180961957219396e+03,1.099053487400105e+01,1.000000000000000e+03,1.000000000000000e+00,
7.509880202129707e-08,0.000000000000000e+00,-7.506117549019428e-08,1.989688998035063e+03,1.989688997997534e+03,4.970986816906257e+02,7.509880202129707e-08,0.000000000000000e+00,-1.000000000000000e+03,1.326459331998356e+03,3.753168213044639e-08,1.715753288478155e+05,5.830757937631866e-06,7.913212182933817e+08,0.000000000000000e+00,-4.281046350751438e-14,2.649428412231241e+10,2.649428412231241e+10,-7.124366990821262e+00,7.509880202129707e-08,1.000000000000000e+00,0.000000000000000e+00,-9.997266272565477e-01,1.000004331826210e+00,-6.015846046115825e-01,7.507827205575852e-08,1.000000000000000e+03,1.000000000000000e+00,
8.241874019006370e-08,0.000000000000000e+00,-7.507954681519784e-08,2.601149990438563e+03,2.601149990402350e+03,5.921474261512943e+02,8.241874019006370e-08,0.000000000000000e+00,-1.000000000000000e+03,1.734099993601567e+03,3.752828708351120e-08,1.872614824770963e+05,5.826317723737599e-06,7.973418263137815e+08,0.000000000000000e+00,-1.716867245896148e-11,3.156017653756786e+10,3.156017653756786e+10,-7.083974028159952e+00,8.241874019006370e-08,1.000000000000000e+00,0.000000000000000e+00,-9.374191387424494e-01,9.996940225514150e-01,-4.211920859450242e-01,7.726090444520722e-08,1.000000000000000e+03,1.000000000000000e+00,
2.393643415497986e-07,0.000000000000000e+00,1.262506953139245e-07,2.782920858653988e+04,2.782920858650658e+04,2.181382499317697e+03,2.393643415497986e-07,0.000000000000000e+00,-1.000000000000000e+03,1.855280572433772e+04,3.610295977207372e-08,3.594176882797282e+05,4.950716396956831e-06,8.457183915234151e+08,0.000000000000000e+00,1.213644055948752e-08,1.162629671835095e+11,1.162629671835095e+11,-6.620940546584596e+00,2.393643415497986e-07,1.000000000000000e+00,0.000000000000000e+00,5.274415332563587e-01,9.329277618233628e-01,1.675708547544428e-01,1.262506953139245e-07,1.000000000000000e+03,1.000000000000000e+00,
3.171758262219018e-06,0.000000000000000e+00,7.476738455619693e-03,2.627456054376529e+05,2.627367930356172e+05,2.199663349952085e+03,3.171758262219018e-06,0.000000000000000e+00,-1.000000000000000e+03,1.751578620237448e+05,8.812402035745404e+00,3.609205775461128e+05,7.770034664266640e-03,8.275657197748362e+08,0.000000000000000e+00,-7.276560786343386e-08,1.172372969665976e+11,1.172372969665976e+11,-5.498699920151727e+00,3.171758262219018e-06,1.000000000000000e+00,0.000000000000000e+00,2.357285088425634e+03,2.357285088425634e+03,4.640099613875930e+02,7.476738455619693e-03,1.000000000000000e+03,1.000000000000000e+00,
3.501318755950561e-05,0.000000000000000e+00,8.977797509466219e-02,2.809979860448757e+06,2.809864759748508e+06,1.552225366148933e+03,3.501318755950561e-05,0.000000000000000e+00,-1.000000000000000e+03,1.873243173165672e+06,1.151007002490063e+02,3.031872420042797e+05,8.586823311747992e-03,7.176708107549402e+08,0.000000000000000e+00,-1.123801816714604e-06,8.273025334274548e+10,8.273025334274547e+10,-4.455768349775162e+00,3.501318755950561e-05,1.000000000000000e+00,0.000000000000000e+00,2.564118874983397e+03,2.564118874983397e+03,-4.625274868005735e+00,8.977797509466219e-02,1.000000000000000e+03,1.000000000000000e+00,
3.861301520609951e-04,0.000000000000000e+00,1.014704833173584e+00,3.090295691924116e+07,3.090162365648898e+07,1.505542431688379e+03,3.861301520609951e-04,0.000000000000000e+00,-1.000000000000000e+03,2.060108243765932e+07,1.333262752170654e+03,2.985932832979065e+05,8.812588190413306e-03,6.307168507547106e+08,0.000000000000000e+00,2.646115461641329e-07,8.024215394756148e+10,8.024215394756146e+10,-3.413266283943369e+00,3.861301520609951e-04,1.000000000000000e+00,0.000000000000000e+00,2.627882924339190e+03,2.627882924339190e+03,-6.281662971679183e+02,1.014704833173584e+00,1.000000000000000e+03,1.000000000000000e+00,
4.155853817468681e-03,0.000000000000000e+00,1.099053487400105e+01,3.379243189899423e+08,3.379097862534551e+08,1.525565746236489e+03,4.155853817468681e-03,0.000000000000000e+00,-1.000000000000000e+03,2.252731908356367e+08,1.453273648713265e+04,3.005723305202627e+05,8.845479016288897e-03,5.452832020955557e+08,0.000000000000000e+00,-7.485441946823812e-08,8.130935328694383e+10,8.130935328694382e+10,-2.381339737193604e+00,4.155853817468681e-03,1.000000000000000e+00,0.000000000000000e+00,2.644591305835524e+03,2.644591305835524e+03,-1.180961957219396e+03,1.099053487400105e+01,1.000000000000000e+03,1.000000000000000e+00,
7.509880202129707e-08,0.000000000000000e+00,-7.506117549019428e-08,1.989688998035063e+03,1.989688997997534e+03,4.970986816906257e+02,7.509880202129707e-08,0.000000000000000e+00,-1.000000000000000e+03,1.326459331998356e+03,3.753168213044639e-08,1.715753288478155e+05,5.830757937631866e-06,7.913212182933817e+08,0.000000000000000e+00,-4.281046350751438e-14,2.649428412231241e+10,2.649428412231241e+10,-7.124366990821262e+00,7.509880202129707e-08,1.000000000000000e+00,0.000000000000000e+00,-9.997266272565477e-01,1.000004331826210e+00,-7.087519947181282e-01,7.507827205575852e-08,1.000000000000000e+03,1.000000000000000e+00,
8.241874019006370e-08,0.000000000000000e+00,-7.507954681519784e-08,2.601149990438563e+03,2.601149990402350e+03,5.921474261512943e+02,8.241874019006370e-08,0.000000000000000e+00,-1.000000000000000e+03,1.734099993601567e+03,3.752828708351120e-08,1.872614824770963e+05,5.826317723737599e-06,7.973418263137815e+08,0.000000000000000e+00,-1.716867245896148e-11,3.156017653756786e+10,3.156017653756786e+10,-7.083974028159952e+00,8.241874019006370e-08,1.000000000000000e+00,0.000000000000000e+00,-9.374191387424494e-01,9.996940225514150e-01,-5.223293181811237e-01,7.726090444520722e-08,1.000000000000000e+03,1.000000000000000e+00,
2.393643415497986e-07,0.000000000000000e+00,1.262506953139245e-07,2.782920858653988e+04,2.782920858650658e+04,2.181382499317697e+03,2.393643415497986e-07,0.000000000000000e+00,-1.000000000000000e+03,1.855280572433772e+04,3.610295977207372e-08,3.594176882797282e+05,4.950716396956831e-06,8.457183915234151e+08,0.000000000000000e+00,1.213644055948752e-08,1.162629671835095e+11,1.162629671835095e+11,-6.620940546584596e+00,2.393643415497986e-07,1.000000000000000e+00,0.000000000000000e+00,5.274415332563587e-01,9.329277618233628e-01,2.366124211725171e-01,1.262506953139245e-07,1.000000000000000e+03,1.000000000000000e+00,
3.171758262219018e-06,0.000000000000000e+00,7.476738455619693e-03,2.627456054376529e+05,2.627367930356172e+05,2.199663349952085e+03,3.171758262219018e-06,0.000000000000000e+00,-1.000000000000000e+03,1.751578620237448e+05,8.812402035745404e+00,3.609205775461128e+05,7.770034664266640e-03,8.275657197748362e+08,0.000000000000000e+00,-7.276560786343386e-08,1.172372969665976e+11,1.172372969665976e+11,-5.498699920151727e+00,3.171758262219018e-06,1.000000000000000e+00,0.000000000000000e+00,2.357285088425634e+03,2.357285088425634e+03,6.679136182344918e+02,7.476738455619693e-03,1.000000000000000e+03,1.000000000000000e+00,
3.501318755950561e-05,0.000000000000000e+00,8.977797509466219e-02,2.809979860448757e+06,2.809864759748508e+06,1.552225366148933e+03,3.501318755950561e-05,0.000000000000000e+00,-1.000000000000000e+03,1.873243173165672e+06,1.151007002490063e+02,3.031872420042797e+05,8.586823311747992e-03,7.176708107549402e+08,0.000000000000000e+00,-1.123801816714604e-06,8.273025334274548e+10,8.273025334274547e+10,-4.455768349775162e+00,3.501318755950561e-05,1.000000000000000e+00,0.000000000000000e+00,2.564118874983397e+03,2.564118874983397e+03,-6.171049417935528e+00,8.977797509466219e-02,1.000000000000000e+03,1.000000000000000e+00,
3.861301520609951e-04,0.000000000000000e+00,1.014704833173584e+00,3.090295691924116e+07,3.090162365648898e+07,1.505542431688379e+03,3.861301520609951e-04,0.000000000000000e+00,-1.000000000000000e+03,2.060108243765932e+07,1.333262752170654e+03,2.985932832979065e+05,8.812588190413306e-03,6.307168507547106e+08,0.000000000000000e+00,2.646115461641329e-07,8.024215394756148e+10,8.024215394756146e+10,-3.413266283943369e+00,3.861301520609951e-04,1.000000000000000e+00,0.000000000000000e+00,2.627882924339190e+03,2.627882924339190e+03,-8.191775955606626e+02,1.014704833173584e+00,1.000000000000000e+03,1.000000000000000e+00,
4.155853817468681e-03,0.000000000000000e+00,1.099053487400105e+01,3.379243189899423e+08,3.379097862534551e+08,1.525565746236489e+03,4.155853817468681e-03,0.000000000000000e+00,-1.000000000000000e+03,2.252731908356367e+08,1.453273648713265e+04,3.005723305202627e+05,8.845479016288897e-03,5.452832020955557e+08,0.000000000000000e+00,-7.485441946823812e-08,8.130935328694383e+10,8.130935328694382e+10,-2.381339737193604e+00,4.155853817468681e-03,1.000000000000000e+00,0.000000000000000e+00,2.644591305835524e+03,2.644591305835524e+03,-1.464536192621545e+03,1.099053487400105e+01,1.000000000000000e+03,1.000000000000000e+00,
7.509880202129707e-08,0.000000000000000e+00,-7.506117549019428e-08,1.989688998035063e+03,1.989688997997534e+03,4.970986816906257e+02,7.509880202129707e-08,0.000000000000000e+00,-1.000000000000000e+03,1.326459331998356e+03,3.753168213044639e-08,1.715753288478155e+05,5.830757937631866e-06,7.913212182933817e+08,0.000000000000000e+00,-4.281046350751438e-14,2.649428412231241e+10,2.649428412231241e+10,-7.124366990821262e+00,7.509880202129707e-08,1.000000000000000e+00,0.000000000000000e+00,-9.997266272565477e-01,1.000004331826210e+00,-8.334843872622062e-01,7.507827205575852e-08,1.000000000000000e+03,1.000000000000000e+00,
8.241874019006370e-08,0.000000000000000e+00,-7.507954681519784e-08,2.601149990438563e+03,2.601149990402350e+03,5.921474261512943e+02,8.241874019006370e-08,0.000000000000000e+00,-1.000000000000000e+03,1.734099993601567e+03,3.752828708351120e-08,1.872614824770963e+05,5.826317723737599e-06,7.973418263137815e+08,0.000000000000000e+00,-1.716867245896148e-11,3.156017653756786e+10,3.156017653756786e+10,-7.083974028159952e+00,8.241874019006370e-08,1.000000000000000e+00,0.000000000000000e+00,-9.374191387424494e-01,9.996940225514150e-01,-6.654396319594466e-01,7.726090444520722e-08,1.000000000000000e+03,1.000000000000000e+00,
2.393643415497986e-07,0.000000000000000e+00,1.262506953139245e-07,2.782920858653988e+04,2.782920858650658e+04,2.181382499317697e+03,2.393643415497986e-07,0.000000000000000e+00,-1.000000000000000e+03,1.855280572433772e+04,3.610295977207372e-08,3.594176882797282e+05,4.950716396956831e-06,8.457183915234151e+08,0.000000000000000e+00,1.213644055948752e-08,1.162629671835095e+11,1.162629671835095e+11,-6.620940546584596e+00,2.393643415497986e-07,1.000000000000000e+00,0.000000000000000e+00,5.274415332563587e-01,9.329277618233628e-01,3.729574848450012e-01,1.262506953139245e-07,1.000000000000000e+03,1.000000000000000e+00,
3.171758262219018e-06,0.000000000000000e+00,7.476738455619693e-03,2.627456054376529e+05,2.627367930356172e+05,2.199663349952085e+03,3.171758262219018e-06,0.000000000000000e+00,-1.000000000000000e+03,1.751578620237448e+05,8.812402035745404e+00,3.609205775461128e+05,7.770034664266640e-03,8.275657197748362e+08,0.000000000000000e+00,-7.276560786343386e-08,1.172372969665976e+11,1.172372969665976e+11,-5.498699920151727e+00,3.171758262219018e-06,1.000000000000000e+00,0.000000000000000e+00,2.357285088425634e+03,2.357285088425634e+03,1.120252153265100e+03,7.476738455619693e-03,1.000000000000000e+03,1.000000000000000e+00,
3.501318755950561e-05,0.000000000000000e+00,8.977797509466219e-02,2.809979860448757e+06,2.809864759748508e+06,1.552225366148933e+03,3.501318755950561e-05,0.000000000000000e+00,-1.000000000000000e+03,1.873243173165672e+06,1.151007002490063e+02,3.031872420042797e+05,8.586823311747992e-03,7.176708107549402e+08,0.000000000000000e+00,-1.123801816714604e-06,8.273025334274548e+10,8.273025334274547e+10,-4.455768349775162e+00,3.501318755950561e-05,1.000000000000000e+00,0.000000000000000e+00,2.564118874983397e+03,2.564118874983397e+03,-9.268634547186288e+00,8.977797509466219e-02,1.000000000000000e+03,1.000000000000000e+00,
3.861301520609951e-04,0.000000000000000e+00,1.014704833173584e+00,3.090295691924116e+07,3.090162365648898e+07,1.505542431688379e+03,3.861301520609951e-04,0.000000000000000e+00,-1.000000000000000e+03,2.060108243765932e+07,1.333262752170654e+03,2.985932832979065e+05,8.812588190413306e-03,6.307168507547106e+08,0.000000000000000e+00,2.646115461641329e-07,8.024215394756148e+10,8.024215394756146e+10,-3.413266283943369e+00,3.861301520609951e-04,1.000000000000000e+00,0.000000000000000e+00,2.627882924339190e+03,2.627882924339190e+03,-1.158484972745892e+03,1.014704833173584e+00,1.000000000000000e+03,1.000000000000000e+00,
4.155853817468681e-03,0.000000000000000e+00,1.099053487400105e+01,3.379243189899423e+08,3.379097862534551e+08,1.525565746236489e+03,4.155853817468681e-03,0.000000000000000e+00,-1.000000000000000e+03,2.252731908356367e+08,1.453273648713265e+04,3.005723305202627e+05,8.845479016288897e-03,5.452832020955557e+08,0.000000000000000e+00,-7.485441946823812e-08,8.130935328694383e+10,8.130935328694382e+10,-2.381339737193604e+00,4.155853817468681e-03,1.000000000000000e+00,0.000000000000000e+00,2.644591305835524e+03,2.644591305835524e+03,-1.865796904533378e+03,1.099053487400105e+01,1.000000000000000e+03,1.000000000000000e+00,
7.509880202129707e-08,0.000000000000000e+00,-7.506117549019428e-08,1.989688998035063e+03,1.989688997997534e+03,4.970986816906257e+02,7.509880202129707e-08,0.000000000000000e+00,-1.000000000000000e+03,1.326459331998356e+03,3.753168213044639e-08,1.715753288478155e+05,5.830757937631866e-06,7.913212182933817e+08,0.000000000000000e+00,-4.281046350751438e-14,2.649428412231241e+10,2.649428412231241e+10,-7.124366990821262e+00,7.509880202129707e-08,1.000000000000000e+00,0.000000000000000e+00,-9.997266272565477e-01,1.000004331826210e+00,-9.494057329566893e-01,7.507827205575852e-08,1.000000000000000e+03,1.000000000000000e+00,
8.241874019006370e-08,0.000000000000000e+00,-7.507954681519784e-08,2.601149990438563e+03,2.601149990402350e+03,5.921474261512943e+02,8.241874019006370e-08,0.000000000000000e+00,-1.000000000000000e+03,1.734099993601567e+03,3.752828708351120e-08,1.872614824770963e+05,5.826317723737599e-06,7.973418263137815e+08,0.000000000000000e+00,-1.716867245896148e-11,3.156017653756786e+10,3.156017653756786e+10,-7.083974028159952e+00,8.241874019006370e-08,1.000000000000000e+00,0.000000000000000e+00,-9.374191387424494e-01,9.996940225514150e-01,-8.404060218078891e-01,7.726090444520722e-08,1.000000000000000e+03,1.000000000000000e+00,
2.393643415497986e-07,0.000000000000000e+00,1.262506953139245e-07,2.782920858653988e+04,2.782920858650658e+04,2.181382499317697e+03,2.393643415497986e-07,0.000000000000000e+00,-1.000000000000000e+03,1.855280572433772e+04,3.610295977207372e-08,3.594176882797282e+05,4.950716396956831e-06,8.457183915234151e+08,0.000000000000000e+00,1.213644055948752e-08,1.162629671835095e+11,1.162629671835095e+11,-6.620940546584596e+00,2.393643415497986e-07,1.000000000000000e+00,0.000000000000000e+00,5.274415332563587e-01,9.329277618233628e-01,5.274256863191864e-01,1.262506953139245e-07,1.000000000000000e+03,1.000000000000000e+00,
3.171758262219018e-06,0.000000000000000e+00,7.476738455619693e-03,2.627456054376529e+05,2.627367930356172e+05,2.199663349952085e+03,3.171758262219018e-06,0.000000000000000e+00,-1.000000000000000e+03,1.751578620237448e+05,8.812402035745404e+00,3.609205775461128e+05,7.770034664266640e-03,8.275657197748362e+08,0.000000000000000e+00,-7.276560786343386e-08,1.172372969665976e+11,1.172372969665976e+11,-5.498699920151727e+00,3.171758262219018e-06,1.000000000000000e+00,0.000000000000000e+00,2.357285088425634e+03,2.357285088425634e+03,2.316388854165956e+03,7.476738455619693e-03,1.000000000000000e+03,1.000000000000000e+00,
3.501318755950561e-05,0.000000000000000e+00,8.977797509466219e-02,2.809979860448757e+06,2.809864759748508e+06,1.552225366148933e+03,3.501318755950561e-05,0.000000000000000e+00,-1.000000000000000e+03,1.873243173165672e+06,1.151007002490063e+02,3.031872420042797e+05,8.586823311747992e-03,7.176708107549402e+08,0.000000000000000e+00,-1.123801816714604e-06,8.273025334274548e+10,8.273025334274547e+10,-4.455768349775162e+00,3.501318755950561e-05,1.000000000000000e+00,0.000000000000000e+00,2.564118874983397e+03,2.564118874983397e+03,-1.860981667241491e+01,8.977797509466219e-02,1.000000000000000e+03,1.000000000000000e+00,
3.861301520609951e-04,0.000000000000000e+00,1.014704833173584e+00,3.090295691924116e+07,3.090162365648898e+07,1.505542431688379e+03,3.861301520609951e-04,0.000000000000000e+00,-1.000000000000000e+03,2.060108243765932e+07,1.333262752170654e+03,2.985932832979065e+05,8.812588190413306e-03,6.307168507547106e+08,0.000000000000000e+00,2.646115461641329e-07,8.024215394756148e+10,8.024215394756146e+10,-3.413266283943369e+00,3.861301520609951e-04,1.000000000000000e+00,0.000000000000000e+00,2.627882924339190e+03,2.627882924339190e+03,-1.828827848042285e+03,1.014704833173584e+00,1.000000000000000e+03,1.000000000000000e+00,
4.155853817468681e-03,0.000000000000000e+00,1.099053487400105e+01,3.379243189899423e+08,3.379097862534551e+08,1.525565746236489e+03,4.155853817468681e-03,0.000000000000000e+00,-1.000000000000000e+03,2.252731908356367e+08,1.453273648713265e+04,3.005723305202627e+05,8.845479016288897e-03,5.452832020955557e+08,0.000000000000000e+00,-7.485441946823812e-08,8.130935328694383e+10,8.130935328694382e+10,-2.381339737193604e+00,4.155853817468681e-03,1.000000000000000e+00,0.000000000000000e+00,2.644591305835524e+03,2.644591305835524e+03,-2.356377466462546e+03,1.099053487400105e+01,1.000000000000000e+03,1.000000000000000e+00,
7.509880202129707e-08,0.000000000000000e+00,-7.506117549019428e-08,1.989688998035063e+03,1.989688997997534e+03,4.970986816906257e+02,7.509880202129707e-08,0.000000000000000e+00,-1.000000000000000e+03,1.326459331998356e+03,3.753168213044639e-08,1.715753288478155e+05,5.830757937631866e-06,7.913212182933817e+08,0.000000000000000e+00,-4.281046350751438e-14,2.649428412231241e+10,2.649428412231241e+10,-7.124366990821262e+00,7.509880202129707e-08,1.000000000000000e+00,0.000000000000000e+00,-9.997266272565477e-01,1.000004331826210e+00,-9.494057329566893e-01,7.507827205575852e-08,1.000000000000000e+03,1.000000000000000e+00,
8.241874019006370e-08,0.000000000000000e+00,-7.507954681519784e-08,2.601149990438563e+03,2.601149990402350e+03,5.921474261512943e+02,8.241874019006370e-08,0.000000000000000e+00,-1.000000000000000e+03,1.734099993601567e+03,3.752828708351120e-08,1.872614824770963e+05,5.826317723737599e-06,7.973418263137815e+08,0.000000000000000e+00,-1.716867245896148e-11,3.156017653756786e+10,3.156017653756786e+10,-7.083974028159952e+00,8.241874019006370e-08,1.000000000000000e+00,0.000000000000000e+00,-9.374191387424494e-01,9.996940225514150e-01,-8.404060218078891e-01,7.726090444520722e-08,1.000000000000000e+03,1.000000000000000e+00,
2.393643415497986e-07,0.000000000000000e+00,1.262506953139245e-07,2.782920858653988e+04,2.782920858650658e+04,2.181382499317697e+03,2.393643415497986e-07,0.000000000000000e+00,-1.000000000000000e+03,1.855280572433772e+04,3.610295977207372e-08,3.594176882797282e+05,4.950716396956831e-06,8.457183915234151e+08,0.000000000000000e+00,1.213644055948752e-08,1.162629671835095e+11,1.162629671835095e+11,-6.620940546584596e+00,2.393643415497986e-07,1.000000000000000e+00,0.000000000000000e+00,5.274415332563587e-01,9.329277618233628e-01,5.274256863191864e-01,1.262506953139245e-07,1.000000000000000e+03,1.000000000000000e+00,
3.171758262219018e-06,0.000000000000000e+00,7.476738455619693e-03,2.627456054376529e+05,2.627367930356172e+05,2.199663349952085e+03,3.171758262219018e-06,0.000000000000000e+00,-1.000000000000000e+03,1.751578620237448e+05,8.812402035745404e+00,3.609205775461128e+05,7.770034664266640e-03,8.275657197748362e+08,0.000000000000000e+00,-7.276560786343386e-08,1.172372969665976e+11,1.172372969665976e+11,-5.498699920151727e+00,3.171758262219018e-06,1.000000000000000e+00,0.000000000000000e+00,2.357285088425634e+03,2.357285088425634e+03,2.316388854165956e+03,7.476738455619693e-03,1.000000000000000e+03,1.000000000000000e+00,
3.501318755950561e-05,0.000000000000000e+00,8.977797509466219e-02,2.809979860448757e+06,2.809864759748508e+06,1.552225366148933e+03,3.501318755950561e-05,0.000000000000000e+00,-1.000000000000000e+03,1.873243173165672e+06,1.151007002490063e+02,3.031872420042797e+05,8.586823311747992e-03,7.176708107549402e+08,0.000000000000000e+00,-1.123801816714604e-06,8.273025334274548e+10,8.273025334274547e+10,-4.455768349775162e+00,3.501318755950561e-05,1.000000000000000e+00,0.000000000000000e+00,2.564118874983397e+03,2.564118874983397e+03,-1.860981667241491e+01,8.977797509466219e-02,1.000000000000000e+03,1.000000000000000e+00,
3.861301520609951e-04,0.000000000000000e+00,1.014704833173584e+00,3.090295691924116e+07,3.090162365648898e+07,1.505542431688379e+03,3.861301520609951e-04,0.000000000000000e+00,-1.000000000000000e+03,2.060108243765932e+07,1.333262752170654e+03,2.985932832979065e+05,8.812588190413306e-03,6.307168507547106e+08,0.000000000000000e+00,2.646115461641329e-07,8.024215394756148e+10,8.024215394756146e+10,-3.413266283943369e+00,3.861301520609951e-04,1.000000000000000e+00,0.000000000000000e+00,2.627882924339190e+03,2.627882924339190e+03,-1.828827848042285e+03,1.014704833173584e+00,1.000000000000000e+03,1.000000000000000e+00,
4.155853817468681e-03,0.000000000000000e+00,1.099053487400105e+01,3.379243189899423e+08,3.379097862534551e+08,1.525565746236489e+03,4.155853817468681e-03,0.000000000000000e+00,-1.000000000000000e+03,2.252731908356367e+08,1.453273648713265e+04,3.005723305202627e+05,8.845479016288897e-03,5.452832020955557e+08,0.000000000000000e+00,-7.485441946823812e-08,8.130935328694383e+10,8.130935328694382e+10,-2.381339737193604e+00,4.155853817468681e-03,1.000000000000000e+00,0.000000000000000e+00,2.644591305835524e+03,2.644591305835524e+03,-2.356377466462546e+03,1.099053487400105e+01,1.000000000000000e+03,1.000000000000000e+00,
7.509880202129707e-08,0.000000000000000e+00,-7.506117549019428e-08,1.989688998035063e+03,1.989688997997534e+03,4.970986816906257e+02,7.509880202129707e-08,0.000000000000000e+00,-1.000000000000000e+03,1.326459331998356e+03,3.753168213044639e-08,1.715753288478155e+05,5.830757937631866e-06,7.913212182933817e+08,0.000000000000000e+00,-4.281046350751438e-14,2.649428412231241e+10,2.649428412231241e+10,-7.124366990821262e+00,7.509880202129707e-08,1.000000000000000e+00,0.000000000000000e+00,-9.997266272565477e-01,1.000004331826210e+00,-8.334843872622062e-01,7.507827205575852e-08,1.000000000000000e+03,1.000000000000000e+00,
8.241874019006370e-08,0.000000000000000e+00,-7.507954681519784e-08,2.601149990438563e+03,2.601149990402350e+03,5.921474261512943e+02,8.241874019006370e-08,0.000000000000000e+00,-1.000000000000000e+03,1.734099993601567e+03,3.752828708351120e-08,1.872614824770963e+05,5.826317723737599e-06,7.973418263137815e+08,0.000000000000000e+00,-1.716867245896148e-11,3.156017653756786e+10,3.156017653756786e+10,-7.083974028159952e+00,8.241874019006370e-08,1.000000000000000e+00,0.000000000000000e+00,-9.374191387424494e-01,9.996940225514150e-01,-6.654396319594466e-01,7.726090444520722e-08,1.000000000000000e+03,1.000000000000000e+00,
2.393643415497986e-07,0.000000000000000e+00,1.262506953139245e-07,2.782920858653988e+04,2.782920858650658e+04,2.181382499317697e+03,2.393643415497986e-07,0.000000000000000e+00,-1.000000000000000e+03,1.855280572433772e+04,3.610295977207372e-08,3.594176882797282e+05,4.950716396956831e-06,8.457183915234151e+08,0.000000000000000e+00,1.213644055948752e-08,1.162629671835095e+11,1.162629671835095e+11,-6.620940546584596e+00,2.393643415497986e-07,1.000000000000000e+00,0.000000000000000e+00,5.274415332563587e-01,9.329277618233628e-01,3.729574848450012e-01,1.262506953139245e-07,1.000000000000000e+03,1.000000000000000e+00,
3.171758262219018e-06,0.000000000000000e+00,7.476738455619693e-03,2.627456054376529e+05,2.627367930356172e+05,2.199663349952085e+03,3.171758262219018e-06,0.000000000000000e+00,-1.000000000000000e+03,1.751578620237448e+05,8.812402035745404e+00,3.609205775461128e+05,7.770034664266640e-03,8.275657197748362e+08,0.000000000000000e+00,-7.276560786343386e-08,1.172372969665976e+11,1.172372969665976e+11,-5.498699920151727e+00,3.171758262219018e-06,1.000000000000000e+00,0.000000000000000e+00,2.357285088425634e+03,2.357285088425634e+03,1.120252153265100e+03,7.476738455619693e-03,1.000000000000000e+03,1.000000000000000e+00,
3.501318755950561e-05,0.000000000000000e+00,8.977797509466219e-02,2.809979860448757e+06,2.809864759748508e+06,1.552225366148933e+03,3.501318755950561e-05,0.000000000000000e+00,-1.000000000000000e+03,1.873243173165672e+06,1.151007002490063e+02,3.031872420042797e+05,8.586823311747992e-03,7.176708107549402e+08,0.000000000000000e+00,-1.123801816714604e-06,8.273025334274548e+10,8.273025334274547e+10,-4.455768349775162e+00,3.501318755950561e-05,1.000000000000000e+00,0.000000000000000e+00,2.564118874983397e+03,2.564118874983397e+03,-9.268634547186288e+00,8.977797509466219e-02,1.000000000000000e+03,1.000000000000000e+00,
3.861301520609951e-04,0.000000000000000e+00,1.014704833173584e+00,3.090295691924116e+07,3.090162365648898e+07,1.505542431688379e+03,3.861301520609951e-04,0.000000000000000e+00,-1.000000000000000e+03,2.060108243765932e+07,1.333262752170654e+03,2.985932832979065e+05,8.812588190413306e-03,6.307168507547106e+08,0.000000000000000e+00,2.646115461641329e-07,8.024215394756148e+10,8.024215394756146e+10,-3.413266283943369e+00,3.861301520609951e-04,1.000000000000000e+00,0.000000000000000e+00,2.627882924339190e+03,2.627882924339190e+03,-1.158484972745892e+03,1.014704833173584e+00,1.000000000000000e+03,1.000000000000000e+00,
4.155853817468681e-03,0.000000000000000e+00,1.099053487400105e+01,3.379243189899423e+08,3.379097862534551e+08,1.525565746236489e+03,4.155853817468681e-03,0.000000000000000e+00,-1.000000000000000e+03,2.252731908356367e+08,1.453273648713265e+04,3.005723305202627e+05,8.845479016288897e-03,5.452832020955557e+08,0.000000000000000e+00,-7.485441946823812e-08,8.130935328694383e+10,8.130935328694382e+10,-2.381339737193604e+00,4.155853817468681e-03,1.000000000000000e+00,0.000000000000000e+00,2.644591305835524e+03,2.644591305835524e+03,-1.865796904533378e+03,1.099053487400105e+01,1.000000000000000e+03,1.000000000000000e+00,
7.509880202129707e-08,0.000000000000000e+00,-7.506117549019428e-08,1.989688998035063e+03,1.989688997997534e+03,4.970986816906257e+02,7.509880202129707e-08,0.000000000000000e+00,-1.000000000000000e+03,1.326459331998356e+03,3.753168213044639e-08,1.715753288478155e+05,5.830757937631866e-06,7.913212182933817e+08,0.000000000000000e+00,-4.281046350751438e-14,2.649428412231241e+10,2.649428412231241e+10,-7.124366990821262e+00,7.509880202129707e-08,1.000000000000000e+00,0.000000000000000e+00,-9.997266272565477e-01,1.000004331826210e+00,-7.087519947181282e-01,7.507827205575852e-08,1.000000000000000e+03,1.000000000000000e+00,
8.241874019006370e-08,0.000000000000000e+00,-7.507954681519784e-08,2.601149990438563e+03,2.601149990402350e+03,5.921474261512943e+02,8.241874019006370e-08,0.000000000000000e+00,-1.000000000000000e+03,1.734099993601567e+03,3.752828708351120e-08,1.872614824770963e+05,5.826317723737599e-06,7.973418263137815e+08,0.000000000000000e+00,-1.716867245896148e-11,3.156017653756786e+10,3.156017653756786e+10,-7.083974028159952e+00,8.241874019006370e-08,1.000000000000000e+00,0.000000000000000e+00,-9.374191387424494e-01,9.996940225514150e-01,-5.223293181811237e-01,7.726090444520722e-08,1.000000000000000e+03,1.000000000000000e+00,
2.393643415497986e-07,0.000000000000000e+00,1.262506953139245e-07,2.782920858653988e+04,2.782920858650658e+04,2.181382499317697e+03,2.393643415497986e-07,0.000000000000000e+00,-1.000000000000000e+03,1.855280572433772e+04,3.610295977207372e-08,3.594176882797282e+05,4.950716396956831e-06,8.457183915234151e+08,0.000000000000000e+00,1.213644055948752e-08,1.162629671835095e+11,1.162629671835095e+11,-6.620940546584596e+00,2.393643415497986e-07,1.000000000000000e+00,0.000000000000000e+00,5.274415332563587e-01,9.329277618233628e-01,2.366124211725171e-01,1.262506953139245e-07,1.000000000000000e+03,1.000000000000000e+00,
3.171758262219018e-06,0.000000000000000e+00,7.476738455619693e-03,2.627456054376529e+05,2.627367930356172e+05,2.199663349952085e+03,3.171758262219018e-06,0.000000000000000e+00,-1.000000000000000e+03,1.751578620237448e+05,8.812402035745404e+00,3.609205775461128e+05,7.770034664266640e-03,8.275657197748362e+08,0.000000000000000e+00,-7.276560786343386e-08,1.172372969665976e+11,1.172372969665976e+11,-5.498699920151727e+00,3.171758262219018e-06,1.000000000000000e+00,0.000000000000000e+00,2.357285088425634e+03,2.357285088425634e+03,6.679136182344918e+02,7.476738455619693e-03,1.000000000000000e+03,1.000000000000000e+00,
3.501318755950561e-05,0.000000000000000e+00,8.977797509466219e-02,2.809979860448757e+06,2.809864759748508e+06,1.552225366148933e+03,3.501318755950561e-05,0.000000000000000e+00,-1.000000000000000e+03,1.873243173165672e+06,1.151007002490063e+02,3.031872420042797e+05,8.586823311747992e-03,7.176708107549402e+08,0.000000000000000e+00,-1.123801816714604e-06,8.273025334274548e+10,8.273025334274547e+10,-4.455768349775162e+00,3.501318755950561e-05,1.000000000000000e+00,0.000000000000000e+00,2.564118874983397e+03,2.564118874983397e+03,-6.171049417935528e+00,8.977797509466219e-02,1.000000000000000e+03,1.000000000000000e+00,
3.861301520609951e-04,0.000000000000000e+00,1.014704833173584e+00,3.090295691924116e+07,3.090162365648898e+07,1.505542431688379e+03,3.861301520609951e-04,0.000000000000000e+00,-1.000000000000000e+03,2.060108243765932e+07,1.333262752170654e+03,2.985932832979065e+05,8.812588190413306e-03,6.307168507547106e+08,0.000000000000000e+00,2.646115461641329e-07,8.024215394756148e+10,8.024215394756146e+10,-3.413266283943369e+00,3.861301520609951e-04,1.000000000000000e+00,0.000000000000000e+00,2.627882924339190e+03,2.627882924339190e+03,-8.191775955606626e+02,1.014704833173584e+00,1.000000000000000e+03,1.000000000000000e+00,
4.155853817468681e-03,0.000000000000000e+00,1.099053487400105e+01,3.379243189899423e+08,3.379097862534551e+08,1.525565746236489e+03,4.155853817468681e-03,0.000000000000000e+00,-1.000000000000000e+03,2.252731908356367e+08,1.453273648713265e+04,3.005723305202627e+05,8.845479016288897e-03,5.452832020955557e+08,0.000000000000000e+00,-7.485441946823812e-08,8.130935328694383e+10,8.130935328694382e+10,-2.381339737193604e+00,4.155853817468681e-03,1.000000000000000e+00,0.000000000000000e+00,2.644591305835524e+03,2.644591305835524e+03,-1.464536192621545e+03,1.099053487400105e+01,1.000000000000000e+03,1.000000000000000e+00,

