1
0
28
0
(64 0
((0,0) (63,63) (0,0))
((448,0) (511,63) (0,0))
((384,0) (447,63) (0,0))
((320,0) (383,63) (0,0))
((256,0) (319,63) (0,0))
((192,0) (255,63) (0,0))
((128,0) (191,63) (0,0))
((64,0) (127,63) (0,0))
((0,448) (63,511) (0,0))
((0,384) (63,447) (0,0))
((0,320) (63,383) (0,0))
((0,256) (63,319) (0,0))
((0,192) (63,255) (0,0))
((0,128) (63,191) (0,0))
((0,64) (63,127) (0,0))
((448,448) (511,511) (0,0))
((448,384) (511,447) (0,0))
((448,320) (511,383) (0,0))
((448,256) (511,319) (0,0))
((448,192) (511,255) (0,0))
((448,128) (511,191) (0,0))
((448,64) (511,127) (0,0))
((384,448) (447,511) (0,0))
((384,384) (447,447) (0,0))
((384,320) (447,383) (0,0))
((384,256) (447,319) (0,0))
((384,192) (447,255) (0,0))
((384,128) (447,191) (0,0))
((384,64) (447,127) (0,0))
((320,448) (383,511) (0,0))
((320,384) (383,447) (0,0))
((320,320) (383,383) (0,0))
((320,256) (383,319) (0,0))
((320,192) (383,255) (0,0))
((320,128) (383,191) (0,0))
((320,64) (383,127) (0,0))
((256,448) (319,511) (0,0))
((256,384) (319,447) (0,0))
((256,320) (319,383) (0,0))
((256,256) (319,319) (0,0))
((256,192) (319,255) (0,0))
((256,128) (319,191) (0,0))
((256,64) (319,127) (0,0))
((192,448) (255,511) (0,0))
((192,384) (255,447) (0,0))
((192,320) (255,383) (0,0))
((192,256) (255,319) (0,0))
((192,192) (255,255) (0,0))
((192,128) (255,191) (0,0))
((192,64) (255,127) (0,0))
((128,448) (191,511) (0,0))
((128,384) (191,447) (0,0))
((128,320) (191,383) (0,0))
((128,256) (191,319) (0,0))
((128,192) (191,255) (0,0))
((128,128) (191,191) (0,0))
((128,64) (191,127) (0,0))
((64,448) (127,511) (0,0))
((64,384) (127,447) (0,0))
((64,320) (127,383) (0,0))
((64,256) (127,319) (0,0))
((64,192) (127,255) (0,0))
((64,128) (127,191) (0,0))
((64,64) (127,127) (0,0))
)
64
FabOnDisk: Cell_D_0000 0
FabOnDisk: Cell_D_0001 0
FabOnDisk: Cell_D_0001 917590
FabOnDisk: Cell_D_0001 1835180
FabOnDisk: Cell_D_0001 2752770
FabOnDisk: Cell_D_0000 917587
FabOnDisk: Cell_D_0000 1835177
FabOnDisk: Cell_D_0000 2752767
FabOnDisk: Cell_D_0002 0
FabOnDisk: Cell_D_0002 917590
FabOnDisk: Cell_D_0002 1835180
FabOnDisk: Cell_D_0002 2752770
FabOnDisk: Cell_D_0000 3670356
FabOnDisk: Cell_D_0000 4587946
FabOnDisk: Cell_D_0000 5505536
FabOnDisk: Cell_D_0003 0
FabOnDisk: Cell_D_0003 917593
FabOnDisk: Cell_D_0003 1835186
FabOnDisk: Cell_D_0003 2752779
FabOnDisk: Cell_D_0001 3670360
FabOnDisk: Cell_D_0001 4587953
FabOnDisk: Cell_D_0001 5505546
FabOnDisk: Cell_D_0003 3670372
FabOnDisk: Cell_D_0003 4587965
FabOnDisk: Cell_D_0003 5505558
FabOnDisk: Cell_D_0003 6423151
FabOnDisk: Cell_D_0001 6423138
FabOnDisk: Cell_D_0001 7340731
FabOnDisk: Cell_D_0001 8258324
FabOnDisk: Cell_D_0003 7340744
FabOnDisk: Cell_D_0003 8258337
FabOnDisk: Cell_D_0003 9175930
FabOnDisk: Cell_D_0003 10093523
FabOnDisk: Cell_D_0001 9175916
FabOnDisk: Cell_D_0001 10093509
FabOnDisk: Cell_D_0001 11011102
FabOnDisk: Cell_D_0003 11011116
FabOnDisk: Cell_D_0003 11928709
FabOnDisk: Cell_D_0003 12846302
FabOnDisk: Cell_D_0003 13763895
FabOnDisk: Cell_D_0001 11928694
FabOnDisk: Cell_D_0001 12846287
FabOnDisk: Cell_D_0001 13763880
FabOnDisk: Cell_D_0002 3670360
FabOnDisk: Cell_D_0002 4587953
FabOnDisk: Cell_D_0002 5505546
FabOnDisk: Cell_D_0002 6423139
FabOnDisk: Cell_D_0000 6423125
FabOnDisk: Cell_D_0000 7340718
FabOnDisk: Cell_D_0000 8258311
FabOnDisk: Cell_D_0002 7340732
FabOnDisk: Cell_D_0002 8258325
FabOnDisk: Cell_D_0002 9175918
FabOnDisk: Cell_D_0002 10093511
FabOnDisk: Cell_D_0000 9175903
FabOnDisk: Cell_D_0000 10093496
FabOnDisk: Cell_D_0000 11011089
FabOnDisk: Cell_D_0002 11011104
FabOnDisk: Cell_D_0002 11928696
FabOnDisk: Cell_D_0002 12846288
FabOnDisk: Cell_D_0002 13763880
FabOnDisk: Cell_D_0000 11928681
FabOnDisk: Cell_D_0000 12846273
FabOnDisk: Cell_D_0000 13763865

64,28
3.571854128317029e-03,0.000000000000000e+00,8.800106687158401e+00,2.891657700817113e+08,2.891549295105509e+08,1.518893446447510e+03,3.571854128317029e-03,0.000000000000000e+00,-1.000000000000000e+03,1.927699530070339e+08,1.084057116042680e+04,2.999143102539177e+05,7.449682051664555e-03,4.104483178432555e+08,0.000000000000000e+00,-1.352558702380975e-07,8.095373414557486e+10,8.095373414557486e+10,-2.447106285662710e+00,3.571854128317029e-03,1.000000000000000e+00,0.000000000000000e+00,2.463736303616855e+03,2.463736303616855e+03,-1.971470585570396e+03,8.800106687158401e+00,1.000000000000000e+03,1.000000000000000e+00,
3.571854128317029e-03,0.000000000000000e+00,8.800106687158401e+00,2.891657700817113e+08,2.891549295105509e+08,1.518893446447510e+03,3.571854128317029e-03,0.000000000000000e+00,-1.000000000000000e+03,1.927699530070339e+08,1.084057116042680e+04,2.999143102539177e+05,7.449682051664555e-03,4.104483178432555e+08,0.000000000000000e+00,-1.352558702380975e-07,8.095373414557486e+10,8.095373414557486e+10,-2.447106285662710e+00,3.571854128317029e-03,1.000000000000000e+00,0.000000000000000e+00,2.463736303616855e+03,2.463736303616855e+03,-1.971470585570396e+03,8.800106687158401e+00,1.000000000000000e+03,1.000000000000000e+00,
3.571854128317029e-03,0.000000000000000e+00,8.800106687158401e+00,2.891657700817113e+08,2.891549295105509e+08,1.518893446447510e+03,3.571854128317029e-03,0.000000000000000e+00,-1.000000000000000e+03,1.927699530070339e+08,1.084057116042680e+04,2.999143102539177e+05,7.449682051664555e-03,4.104483178432555e+08,0.000000000000000e+00,-1.352558702380975e-07,8.095373414557486e+10,8.095373414557486e+10,-2.447106285662710e+00,3.571854128317029e-03,1.000000000000000e+00,0.000000000000000e+00,2.463736303616855e+03,2.463736303616855e+03,-2.205204348701977e+03,8.800106687158401e+00,1.000000000000000e+03,1.000000000000000e+00,
3.571854128317029e-03,0.000000000000000e+00,8.800106687158401e+00,2.891657700817113e+08,2.891549295105509e+08,1.518893446447510e+03,3.571854128317029e-03,0.000000000000000e+00,-1.000000000000000e+03,1.927699530070339e+08,1.084057116042680e+04,2.999143102539177e+05,7.449682051664555e-03,4.104483178432555e+08,0.000000000000000e+00,-1.352558702380975e-07,8.095373414557486e+10,8.095373414557486e+10,-2.447106285662710e+00,3.571854128317029e-03,1.000000000000000e+00,0.000000000000000e+00,2.463736303616855e+03,2.463736303616855e+03,-2.393311138020266e+03,8.800106687158401e+00,1.000000000000000e+03,1.000000000000000e+00,
3.571854128317029e-03,0.000000000000000e+00,8.800106687158401e+00,2.891657700817113e+08,2.891549295105509e+08,1.518893446447510e+03,3.571854128317029e-03,0.000000000000000e+00,-1.000000000000000e+03,1.927699530070339e+08,1.084057116042680e+04,2.999143102539177e+05,7.449682051664555e-03,4.104483178432555e+08,0.000000000000000e+00,-1.352558702380975e-07,8.095373414557486e+10,8.095373414557486e+10,-2.447106285662710e+00,3.571854128317029e-03,1.000000000000000e+00,0.000000000000000e+00,2.463736303616855e+03,2.463736303616855e+03,-2.470498316509074e+03,8.800106687158401e+00,1.000000000000000e+03,1.000000000000000e+00,
3.571854128317029e-03,0.000000000000000e+00,8.800106687158401e+00,2.891657700817113e+08,2.891549295105509e+08,1.518893446447510e+03,3.571854128317029e-03,0.000000000000000e+00,-1.000000000000000e+03,1.927699530070339e+08,1.084057116042680e+04,2.999143102539177e+05,7.449682051664555e-03,4.104483178432555e+08,0.000000000000000e+00,-1.352558702380975e-07,8.095373414557486e+10,8.095373414557486e+10,-2.447106285662710e+00,3.571854128317029e-03,1.000000000000000e+00,0.000000000000000e+00,2.463736303616855e+03,2.463736303616855e+03,-2.470498316509074e+03,8.800106687158401e+00,1.000000000000000e+03,1.000000000000000e+00,
3.571854128317029e-03,0.000000000000000e+00,8.800106687158401e+00,2.891657700817113e+08,2.891549295105509e+08,1.518893446447510e+03,3.571854128317029e-03,0.000000000000000e+00,-1.000000000000000e+03,1.927699530070339e+08,1.084057116042680e+04,2.999143102539177e+05,7.449682051664555e-03,4.104483178432555e+08,0.000000000000000e+00,-1.352558702380975e-07,8.095373414557486e+10,8.095373414557486e+10,-2.447106285662710e+00,3.571854128317029e-03,1.000000000000000e+00,0.000000000000000e+00,2.463736303616855e+03,2.463736303616855e+03,-2.393311138020266e+03,8.800106687158401e+00,1.000000000000000e+03,1.000000000000000e+00,
3.571854128317029e-03,0.000000000000000e+00,8.800106687158401e+00,2.891657700817113e+08,2.891549295105509e+08,1.518893446447510e+03,3.571854128317029e-03,0.000000000000000e+00,-1.000000000000000e+03,1.927699530070339e+08,1.084057116042680e+04,2.999143102539177e+05,7.449682051664555e-03,4.104483178432555e+08,0.000000000000000e+00,-1.352558702380975e-07,8.095373414557486e+10,8.095373414557486e+10,-2.447106285662710e+00,3.571854128317029e-03,1.000000000000000e+00,0.000000000000000e+00,2.463736303616855e+03,2.463736303616855e+03,-2.205204348701977e+03,8.800106687158401e+00,1.000000000000000e+03,1.000000000000000e+00,
7.506088970516538e-08,0.000000000000000e+00,-7.508454729585643e-08,2.764691135943517e+03,2.764691135905986e+03,6.910720591713859e+02,7.506088970516538e-08,0.000000000000000e+00,-1.000000000000000e+03,1.843127423937324e+03,3.753055222270664e-08,2.022996826121348e+05,4.942761040924753e-06,8.088984278719854e+08,0.000000000000000e+00,-4.910527567902889e-14,3.683264542647343e+10,3.683264542647343e+10,-7.124586292151102e+00,7.506088970516538e-08,1.000000000000000e+00,0.000000000000000e+00,-1.000073146616954e+00,1.000001389167766e+00,-7.986865958892950e-01,7.506099972950616e-08,1.000000000000000e+03,1.000000000000000e+00,
7.508100407788727e-08,0.000000000000000e+00,-7.675162888488947e-08,2.766378819987070e+03,2.766378819949523e+03,6.913086658931604e+02,7.508100407788727e-08,0.000000000000000e+00,-1.000000000000000e+03,1.844252546633016e+03,3.706953156437498e-08,2.023343109607884e+05,4.571222456037217e-06,8.089071523167874e+08,0.000000000000000e+00,-1.316816267947524e-09,3.684525605277930e+10,3.684525605277930e+10,-7.124469928078262e+00,7.508100407788727e-08,1.000000000000000e+00,0.000000000000000e+00,-1.000073785155794e+00,9.659607777177240e-01,-7.053150000921371e-01,7.508654354846508e-08,1.000000000000000e+03,1.000000000000000e+00,
7.977722178132767e-08,0.000000000000000e+00,-7.769720083472550e-08,3.226805682323884e+03,3.226805682286875e+03,7.588996054574684e+02,7.977722178132767e-08,0.000000000000000e+00,-1.000000000000000e+03,2.151203788191250e+03,8.598430720956120e-12,2.119950389348413e+05,2.749471749706034e-08,8.117232031764070e+08,0.000000000000000e+00,-3.397071406805173e-08,4.044770687968640e+10,4.044770687968640e+10,-7.098121091942547e+00,7.977722178132767e-08,1.000000000000000e+00,0.000000000000000e+00,-9.632320683241792e-01,9.409895311352088e-03,-5.318958396324798e-01,1.827529517907172e-09,1.000000000000000e+03,1.000000000000000e+00,
2.098294913028995e-07,0.000000000000000e+00,2.445188866252424e-08,2.220152050310206e+04,2.220152050310038e+04,1.551622988225492e+03,2.098294913028995e-07,0.000000000000000e+00,-1.000000000000000e+03,1.480101366873359e+04,1.370082050058852e-09,3.031284067901824e+05,3.265242448227602e-07,7.259360447207735e+08,0.000000000000000e+00,-3.573690621325952e-04,8.269814790283888e+10,8.269814790283888e+10,-6.678133472243498e+00,2.098294913028995e-07,1.000000000000000e+00,0.000000000000000e+00,1.120634948873037e-01,1.120634948873037e-01,2.662769043435437e-02,2.445188866252424e-08,1.000000000000000e+03,1.000000000000000e+00,
2.707912927336192e-06,0.000000000000000e+00,5.467602888039419e-03,2.236691997361399e+05,2.236636798612135e+05,1.505237398518278e+03,2.707912927336192e-06,0.000000000000000e+00,-1.000000000000000e+03,1.491091199074757e+05,5.519874926463158e+00,2.985630332472516e+05,6.665045802090883e-03,6.389963672278382e+08,0.000000000000000e+00,-3.540283656492875e-06,8.022589633961952e+10,8.022589633961952e+10,-5.567365304457123e+00,2.707912927336192e-06,1.000000000000000e+00,0.000000000000000e+00,2.019120641895221e+03,2.019120641895221e+03,-7.230198328855060e+02,5.467602888039419e-03,1.000000000000000e+03,1.000000000000000e+00,
2.988736870708277e-05,0.000000000000000e+00,6.899878413906009e-02,2.397566266549333e+06,2.397486620323877e+06,1.501247048513539e+03,2.988736870708277e-05,0.000000000000000e+00,-1.000000000000000e+03,1.598324413549252e+06,7.964622545611348e+01,2.981670287283126e+05,7.732870831652218e-03,5.535521859350774e+08,0.000000000000000e+00,-1.042941781123432e-06,8.001321931860335e+10,8.001321931860336e+10,-4.524512318694311e+00,2.988736870708277e-05,1.000000000000000e+00,0.000000000000000e+00,2.308626925819289e+03,2.308626925819289e+03,-1.334231231674596e+03,6.899878413906009e-02,1.000000000000000e+03,1.000000000000000e+00,
3.296896972397134e-04,0.000000000000000e+00,7.970077619188959e-01,2.638041008811147e+07,2.637944672562566e+07,1.501236042223005e+03,3.296896972397134e-04,0.000000000000000e+00,-1.000000000000000e+03,1.758629781708377e+07,9.633624858120839e+02,2.981659357306731e+05,8.107711311586250e-03,4.694237569215524e+08,0.000000000000000e+00,-6.119845028784994e-07,8.001263270713310e+10,8.001263270713309e+10,-3.481894624291038e+00,3.296896972397134e-04,1.000000000000000e+00,0.000000000000000e+00,2.417448190197466e+03,2.417448190197466e+03,-1.737439336102832e+03,7.970077619188959e-01,1.000000000000000e+03,1.000000000000000e+00,
7.506088970516538e-08,0.000000000000000e+00,-7.508454729585643e-08,2.764691135943517e+03,2.764691135905986e+03,6.910720591713859e+02,7.506088970516538e-08,0.000000000000000e+00,-1.000000000000000e+03,1.843127423937324e+03,3.753055222270664e-08,2.022996826121348e+05,4.942761040924753e-06,8.088984278719854e+08,0.000000000000000e+00,-4.910527567902889e-14,3.683264542647343e+10,3.683264542647343e+10,-7.124586292151102e+00,7.506088970516538e-08,1.000000000000000e+00,0.000000000000000e+00,-1.000073146616954e+00,1.000001389167766e+00,-7.986865958892950e-01,7.506099972950616e-08,1.000000000000000e+03,1.000000000000000e+00,
7.508100407788727e-08,0.000000000000000e+00,-7.675162888488947e-08,2.766378819987070e+03,2.766378819949523e+03,6.913086658931604e+02,7.508100407788727e-08,0.000000000000000e+00,-1.000000000000000e+03,1.844252546633016e+03,3.706953156437498e-08,2.023343109607884e+05,4.571222456037217e-06,8.089071523167874e+08,0.000000000000000e+00,-1.316816267947524e-09,3.684525605277930e+10,3.684525605277930e+10,-7.124469928078262e+00,7.508100407788727e-08,1.000000000000000e+00,0.000000000000000e+00,-1.000073785155794e+00,9.659607777177240e-01,-7.053150000921371e-01,7.508654354846508e-08,1.000000000000000e+03,1.000000000000000e+00,
7.977722178132767e-08,0.000000000000000e+00,-7.769720083472550e-08,3.226805682323884e+03,3.226805682286875e+03,7.588996054574684e+02,7.977722178132767e-08,0.000000000000000e+00,-1.000000000000000e+03,2.151203788191250e+03,8.598430720956120e-12,2.119950389348413e+05,2.749471749706034e-08,8.117232031764070e+08,0.000000000000000e+00,-3.397071406805173e-08,4.044770687968640e+10,4.044770687968640e+10,-7.098121091942547e+00,7.977722178132767e-08,1.000000000000000e+00,0.000000000000000e+00,-9.632320683241792e-01,9.409895311352088e-03,-5.318958396324798e-01,1.827529517907172e-09,1.000000000000000e+03,1.000000000000000e+00,
2.098294913028995e-07,0.000000000000000e+00,2.445188866252424e-08,2.220152050310206e+04,2.220152050310038e+04,1.551622988225492e+03,2.098294913028995e-07,0.000000000000000e+00,-1.000000000000000e+03,1.480101366873359e+04,1.370082050058852e-09,3.031284067901824e+05,3.265242448227602e-07,7.259360447207735e+08,0.000000000000000e+00,-3.573690621325952e-04,8.269814790283888e+10,8.269814790283888e+10,-6.678133472243498e+00,2.098294913028995e-07,1.000000000000000e+00,0.000000000000000e+00,1.120634948873037e-01,1.120634948873037e-01,2.662769043435437e-02,2.445188866252424e-08,1.000000000000000e+03,1.000000000000000e+00,
2.707912927336192e-06,0.000000000000000e+00,5.467602888039419e-03,2.236691997361399e+05,2.236636798612135e+05,1.505237398518278e+03,2.707912927336192e-06,0.000000000000000e+00,-1.000000000000000e+03,1.491091199074757e+05,5.519874926463158e+00,2.985630332472516e+05,6.665045802090883e-03,6.389963672278382e+08,0.000000000000000e+00,-3.540283656492875e-06,8.022589633961952e+10,8.022589633961952e+10,-5.567365304457123e+00,2.707912927336192e-06,1.000000000000000e+00,0.000000000000000e+00,2.019120641895221e+03,2.019120641895221e+03,-7.230198328855060e+02,5.467602888039419e-03,1.000000000000000e+03,1.000000000000000e+00,
2.988736870708277e-05,0.000000000000000e+00,6.899878413906009e-02,2.397566266549333e+06,2.397486620323877e+06,1.501247048513539e+03,2.988736870708277e-05,0.000000000000000e+00,-1.000000000000000e+03,1.598324413549252e+06,7.964622545611348e+01,2.981670287283126e+05,7.732870831652218e-03,5.535521859350774e+08,0.000000000000000e+00,-1.042941781123432e-06,8.001321931860335e+10,8.001321931860336e+10,-4.524512318694311e+00,2.988736870708277e-05,1.000000000000000e+00,0.000000000000000e+00,2.308626925819289e+03,2.308626925819289e+03,-1.334231231674596e+03,6.899878413906009e-02,1.000000000000000e+03,1.000000000000000e+00,
3.296896972397134e-04,0.000000000000000e+00,7.970077619188959e-01,2.638041008811147e+07,2.637944672562566e+07,1.501236042223005e+03,3.296896972397134e-04,0.000000000000000e+00,-1.000000000000000e+03,1.758629781708377e+07,9.633624858120839e+02,2.981659357306731e+05,8.107711311586250e-03,4.694237569215524e+08,0.000000000000000e+00,-6.119845028784994e-07,8.001263270713310e+10,8.001263270713309e+10,-3.481894624291038e+00,3.296896972397134e-04,1.000000000000000e+00,0.000000000000000e+00,2.417448190197466e+03,2.417448190197466e+03,-1.737439336102832e+03,7.970077619188959e-01,1.000000000000000e+03,1.000000000000000e+00,
7.506088970516538e-08,0.000000000000000e+00,-7.508454729585643e-08,2.764691135943517e+03,2.764691135905986e+03,6.910720591713859e+02,7.506088970516538e-08,0.000000000000000e+00,-1.000000000000000e+03,1.843127423937324e+03,3.753055222270664e-08,2.022996826121348e+05,4.942761040924753e-06,8.088984278719854e+08,0.000000000000000e+00,-4.910527567902889e-14,3.683264542647343e+10,3.683264542647343e+10,-7.124586292151102e+00,7.506088970516538e-08,1.000000000000000e+00,0.000000000000000e+00,-1.000073146616954e+00,1.000001389167766e+00,-8.933773434897451e-01,7.506099972950616e-08,1.000000000000000e+03,1.000000000000000e+00,
7.508100407788727e-08,0.000000000000000e+00,-7.675162888488947e-08,2.766378819987070e+03,2.766378819949523e+03,6.913086658931604e+02,7.508100407788727e-08,0.000000000000000e+00,-1.000000000000000e+03,1.844252546633016e+03,3.706953156437498e-08,2.023343109607884e+05,4.571222456037217e-06,8.089071523167874e+08,0.000000000000000e+00,-1.316816267947524e-09,3.684525605277930e+10,3.684525605277930e+10,-7.124469928078262e+00,7.508100407788727e-08,1.000000000000000e+00,0.000000000000000e+00,-1.000073785155794e+00,9.659607777177240e-01,-8.304400367444339e-01,7.508654354846508e-08,1.000000000000000e+03,1.000000000000000e+00,
7.977722178132767e-08,0.000000000000000e+00,-7.769720083472550e-08,3.226805682323884e+03,3.226805682286875e+03,7.588996054574684e+02,7.977722178132767e-08,0.000000000000000e+00,-1.000000000000000e+03,2.151203788191250e+03,8.598430720956120e-12,2.119950389348413e+05,2.749471749706034e-08,8.117232031764070e+08,0.000000000000000e+00,-3.397071406805173e-08,4.044770687968640e+10,4.044770687968640e+10,-7.098121091942547e+00,7.977722178132767e-08,1.000000000000000e+00,0.000000000000000e+00,-9.632320683241792e-01,9.409895311352088e-03,-6.784421734438255e-01,1.827529517907172e-09,1.000000000000000e+03,1.000000000000000e+00,
2.098294913028995e-07,0.000000000000000e+00,2.445188866252424e-08,2.220152050310206e+04,2.220152050310038e+04,1.551622988225492e+03,2.098294913028995e-07,0.000000000000000e+00,-1.000000000000000e+03,1.480101366873359e+04,1.370082050058852e-09,3.031284067901824e+05,3.265242448227602e-07,7.259360447207735e+08,0.000000000000000e+00,-3.573690621325952e-04,8.269814790283888e+10,8.269814790283888e+10,-6.678133472243498e+00,2.098294913028995e-07,1.000000000000000e+00,0.000000000000000e+00,1.120634948873037e-01,1.120634948873037e-01,3.476931905983344e-02,2.445188866252424e-08,1.000000000000000e+03,1.000000000000000e+00,
2.707912927336192e-06,0.000000000000000e+00,5.467602888039419e-03,2.236691997361399e+05,2.236636798612135e+05,1.505237398518278e+03,2.707912927336192e-06,0.000000000000000e+00,-1.000000000000000e+03,1.491091199074757e+05,5.519874926463158e+00,2.985630332472516e+05,6.665045802090883e-03,6.389963672278382e+08,0.000000000000000e+00,-3.540283656492875e-06,8.022589633961952e+10,8.022589633961952e+10,-5.567365304457123e+00,2.707912927336192e-06,1.000000000000000e+00,0.000000000000000e+00,2.019120641895221e+03,2.019120641895221e+03,-1.022498232233958e+03,5.467602888039419e-03,1.000000000000000e+03,1.000000000000000e+00,
2.988736870708277e-05,0.000000000000000e+00,6.899878413906009e-02,2.397566266549333e+06,2.397486620323877e+06,1.501247048513539e+03,2.988736870708277e-05,0.000000000000000e+00,-1.000000000000000e+03,1.598324413549252e+06,7.964622545611348e+01,2.981670287283126e+05,7.732870831652218e-03,5.535521859350774e+08,0.000000000000000e+00,-1.042941781123432e-06,8.001321931860335e+10,8.001321931860336e+10,-4.524512318694311e+00,2.988736870708277e-05,1.000000000000000e+00,0.000000000000000e+00,2.308626925819289e+03,2.308626925819289e+03,-1.701834587236861e+03,6.899878413906009e-02,1.000000000000000e+03,1.000000000000000e+00,
3.296896972397134e-04,0.000000000000000e+00,7.970077619188959e-01,2.638041008811147e+07,2.637944672562566e+07,1.501236042223005e+03,3.296896972397134e-04,0.000000000000000e+00,-1.000000000000000e+03,1.758629781708377e+07,9.633624858120839e+02,2.981659357306731e+05,8.107711311586250e-03,4.694237569215524e+08,0.000000000000000e+00,-6.119845028784994e-07,8.001263270713310e+10,8.001263270713309e+10,-3.481894624291038e+00,3.296896972397134e-04,1.000000000000000e+00,0.000000000000000e+00,2.417448190197466e+03,2.417448190197466e+03,-2.045666384418280e+03,7.970077619188959e-01,1.000000000000000e+03,1.000000000000000e+00,
7.506088970516538e-08,0.000000000000000e+00,-7.508454729585643e-08,2.764691135943517e+03,2.764691135905986e+03,6.910720591713859e+02,7.506088970516538e-08,0.000000000000000e+00,-1.000000000000000e+03,1.843127423937324e+03,3.753055222270664e-08,2.022996826121348e+05,4.942761040924753e-06,8.088984278719854e+08,0.000000000000000e+00,-4.910527567902889e-14,3.683264542647343e+10,3.683264542647343e+10,-7.124586292151102e+00,7.506088970516538e-08,1.000000000000000e+00,0.000000000000000e+00,-1.000073146616954e+00,1.000001389167766e+00,-9.695835888803256e-01,7.506099972950616e-08,1.000000000000000e+03,1.000000000000000e+00,
7.508100407788727e-08,0.000000000000000e+00,-7.675162888488947e-08,2.766378819987070e+03,2.766378819949523e+03,6.913086658931604e+02,7.508100407788727e-08,0.000000000000000e+00,-1.000000000000000e+03,1.844252546633016e+03,3.706953156437498e-08,2.023343109607884e+05,4.571222456037217e-06,8.089071523167874e+08,0.000000000000000e+00,-1.316816267947524e-09,3.684525605277930e+10,3.684525605277930e+10,-7.124469928078262e+00,7.508100407788727e-08,1.000000000000000e+00,0.000000000000000e+00,-1.000073785155794e+00,9.659607777177240e-01,-9.477588183264224e-01,7.508654354846508e-08,1.000000000000000e+03,1.000000000000000e+00,
7.977722178132767e-08,0.000000000000000e+00,-7.769720083472550e-08,3.226805682323884e+03,3.226805682286875e+03,7.588996054574684e+02,7.977722178132767e-08,0.000000000000000e+00,-1.000000000000000e+03,2.151203788191250e+03,8.598430720956120e-12,2.119950389348413e+05,2.749471749706034e-08,8.117232031764070e+08,0.000000000000000e+00,-3.397071406805173e-08,4.044770687968640e+10,4.044770687968640e+10,-7.098121091942547e+00,7.977722178132767e-08,1.000000000000000e+00,0.000000000000000e+00,-9.632320683241792e-01,9.409895311352088e-03,-8.595090841737534e-01,1.827529517907172e-09,1.000000000000000e+03,1.000000000000000e+00,
2.098294913028995e-07,0.000000000000000e+00,2.445188866252424e-08,2.220152050310206e+04,2.220152050310038e+04,1.551622988225492e+03,2.098294913028995e-07,0.000000000000000e+00,-1.000000000000000e+03,1.480101366873359e+04,1.370082050058852e-09,3.031284067901824e+05,3.265242448227602e-07,7.259360447207735e+08,0.000000000000000e+00,-3.573690621325952e-04,8.269814790283888e+10,8.269814790283888e+10,-6.678133472243498e+00,2.098294913028995e-07,1.000000000000000e+00,0.000000000000000e+00,1.120634948873037e-01,1.120634948873037e-01,4.932555603947008e-02,2.445188866252424e-08,1.000000000000000e+03,1.000000000000000e+00,
2.707912927336192e-06,0.000000000000000e+00,5.467602888039419e-03,2.236691997361399e+05,2.236636798612135e+05,1.505237398518278e+03,2.707912927336192e-06,0.000000000000000e+00,-1.000000000000000e+03,1.491091199074757e+05,5.519874926463158e+00,2.985630332472516e+05,6.665045802090883e-03,6.389963672278382e+08,0.000000000000000e+00,-3.540283656492875e-06,8.022589633961952e+10,8.022589633961952e+10,-5.567365304457123e+00,2.707912927336192e-06,1.000000000000000e+00,0.000000000000000e+00,2.019120641895221e+03,2.019120641895221e+03,-1.619206091068086e+03,5.467602888039419e-03,1.000000000000000e+03,1.000000000000000e+00,
2.988736870708277e-05,0.000000000000000e+00,6.899878413906009e-02,2.397566266549333e+06,2.397486620323877e+06,1.501247048513539e+03,2.988736870708277e-05,0.000000000000000e+00,-1.000000000000000e+03,1.598324413549252e+06,7.964622545611348e+01,2.981670287283126e+05,7.732870831652218e-03,5.535521859350774e+08,0.000000000000000e+00,-1.042941781123432e-06,8.001321931860335e+10,8.001321931860336e+10,-4.524512318694311e+00,2.988736870708277e-05,1.000000000000000e+00,0.000000000000000e+00,2.308626925819289e+03,2.308626925819289e+03,-2.156030896585007e+03,6.899878413906009e-02,1.000000000000000e+03,1.000000000000000e+00,
3.296896972397134e-04,0.000000000000000e+00,7.970077619188959e-01,2.638041008811147e+07,2.637944672562566e+07,1.501236042223005e+03,3.296896972397134e-04,0.000000000000000e+00,-1.000000000000000e+03,1.758629781708377e+07,9.633624858120839e+02,2.981659357306731e+05,8.107711311586250e-03,4.694237569215524e+08,0.000000000000000e+00,-6.119845028784994e-07,8.001263270713310e+10,8.001263270713309e+10,-3.481894624291038e+00,3.296896972397134e-04,1.000000000000000e+00,0.000000000000000e+00,2.417448190197466e+03,2.417448190197466e+03,-2.334663876258912e+03,7.970077619188959e-01,1.000000000000000e+03,1.000000000000000e+00,
7.506088970516538e-08,0.000000000000000e+00,-7.508454729585643e-08,2.764691135943517e+03,2.764691135905986e+03,6.910720591713859e+02,7.506088970516538e-08,0.000000000000000e+00,-1.000000000000000e+03,1.843127423937324e+03,3.753055222270664e-08,2.022996826121348e+05,4.942761040924753e-06,8.088984278719854e+08,0.000000000000000e+00,-4.910527567902889e-14,3.683264542647343e+10,3.683264542647343e+10,-7.124586292151102e+00,7.506088970516538e-08,1.000000000000000e+00,0.000000000000000e+00,-1.000073146616954e+00,1.000001389167766e+00,-1.000069773137155e+00,7.506099972950616e-08,1.000000000000000e+03,1.000000000000000e+00,
7.508100407788727e-08,0.000000000000000e+00,-7.675162888488947e-08,2.766378819987070e+03,2.766378819949523e+03,6.913086658931604e+02,7.508100407788727e-08,0.000000000000000e+00,-1.000000000000000e+03,1.844252546633016e+03,3.706953156437498e-08,2.023343109607884e+05,4.571222456037217e-06,8.089071523167874e+08,0.000000000000000e+00,-1.316816267947524e-09,3.684525605277930e+10,3.684525605277930e+10,-7.124469928078262e+00,7.508100407788727e-08,1.000000000000000e+00,0.000000000000000e+00,-1.000073785155794e+00,9.659607777177240e-01,-1.000070371115446e+00,7.508654354846508e-08,1.000000000000000e+03,1.000000000000000e+00,
7.977722178132767e-08,0.000000000000000e+00,-7.769720083472550e-08,3.226805682323884e+03,3.226805682286875e+03,7.588996054574684e+02,7.977722178132767e-08,0.000000000000000e+00,-1.000000000000000e+03,2.151203788191250e+03,8.598430720956120e-12,2.119950389348413e+05,2.749471749706034e-08,8.117232031764070e+08,0.000000000000000e+00,-3.397071406805173e-08,4.044770687968640e+10,4.044770687968640e+10,-7.098121091942547e+00,7.977722178132767e-08,1.000000000000000e+00,0.000000000000000e+00,-9.632320683241792e-01,9.409895311352088e-03,-9.632246617808610e-01,1.827529517907172e-09,1.000000000000000e+03,1.000000000000000e+00,
2.098294913028995e-07,0.000000000000000e+00,2.445188866252424e-08,2.220152050310206e+04,2.220152050310038e+04,1.551622988225492e+03,2.098294913028995e-07,0.000000000000000e+00,-1.000000000000000e+03,1.480101366873359e+04,1.370082050058852e-09,3.031284067901824e+05,3.265242448227602e-07,7.259360447207735e+08,0.000000000000000e+00,-3.573690621325952e-04,8.269814790283888e+10,8.269814790283888e+10,-6.678133472243498e+00,2.098294913028995e-07,1.000000000000000e+00,0.000000000000000e+00,1.120634948873037e-01,1.120634948873037e-01,7.860948577216439e-02,2.445188866252424e-08,1.000000000000000e+03,1.000000000000000e+00,
2.707912927336192e-06,0.000000000000000e+00,5.467602888039419e-03,2.236691997361399e+05,2.236636798612135e+05,1.505237398518278e+03,2.707912927336192e-06,0.000000000000000e+00,-1.000000000000000e+03,1.491091199074757e+05,5.519874926463158e+00,2.985630332472516e+05,6.665045802090883e-03,6.389963672278382e+08,0.000000000000000e+00,-3.540283656492875e-06,8.022589633961952e+10,8.022589633961952e+10,-5.567365304457123e+00,2.707912927336192e-06,1.000000000000000e+00,0.000000000000000e+00,2.019120641895221e+03,2.019120641895221e+03,-2.307932834764060e+03,5.467602888039419e-03,1.000000000000000e+03,1.000000000000000e+00,
2.988736870708277e-05,0.000000000000000e+00,6.899878413906009e-02,2.397566266549333e+06,2.397486620323877e+06,1.501247048513539e+03,2.988736870708277e-05,0.000000000000000e+00,-1.000000000000000e+03,1.598324413549252e+06,7.964622545611348e+01,2.981670287283126e+05,7.732870831652218e-03,5.535521859350774e+08,0.000000000000000e+00,-1.042941781123432e-06,8.001321931860335e+10,8.001321931860336e+10,-4.524512318694311e+00,2.988736870708277e-05,1.000000000000000e+00,0.000000000000000e+00,2.308626925819289e+03,2.308626925819289e+03,-2.416195674241830e+03,6.899878413906009e-02,1.000000000000000e+03,1.000000000000000e+00,
3.296896972397134e-04,0.000000000000000e+00,7.970077619188959e-01,2.638041008811147e+07,2.637944672562566e+07,1.501236042223005e+03,3.296896972397134e-04,0.000000000000000e+00,-1.000000000000000e+03,1.758629781708377e+07,9.633624858120839e+02,2.981659357306731e+05,8.107711311586250e-03,4.694237569215524e+08,0.000000000000000e+00,-6.119845028784994e-07,8.001263270713310e+10,8.001263270713309e+10,-3.481894624291038e+00,3.296896972397134e-04,1.000000000000000e+00,0.000000000000000e+00,2.417448190197466e+03,2.417448190197466e+03,-2.463525660761434e+03,7.970077619188959e-01,1.000000000000000e+03,1.000000000000000e+00,
7.506088970516538e-08,0.000000000000000e+00,-7.508454729585643e-08,2.764691135943517e+03,2.764691135905986e+03,6.910720591713859e+02,7.506088970516538e-08,0.000000000000000e+00,-1.000000000000000e+03,1.843127423937324e+03,3.753055222270664e-08,2.022996826121348e+05,4.942761040924753e-06,8.088984278719854e+08,0.000000000000000e+00,-4.910527567902889e-14,3.683264542647343e+10,3.683264542647343e+10,-7.124586292151102e+00,7.506088970516538e-08,1.000000000000000e+00,0.000000000000000e+00,-1.000073146616954e+00,1.000001389167766e+00,-1.000069773137155e+00,7.506099972950616e-08,1.000000000000000e+03,1.000000000000000e+00,
7.508100407788727e-08,0.000000000000000e+00,-7.675162888488947e-08,2.766378819987070e+03,2.766378819949523e+03,6.913086658931604e+02,7.508100407788727e-08,0.000000000000000e+00,-1.000000000000000e+03,1.844252546633016e+03,3.706953156437498e-08,2.023343109607884e+05,4.571222456037217e-06,8.089071523167874e+08,0.000000000000000e+00,-1.316816267947524e-09,3.684525605277930e+10,3.684525605277930e+10,-7.124469928078262e+00,7.508100407788727e-08,1.000000000000000e+00,0.000000000000000e+00,-1.000073785155794e+00,9.659607777177240e-01,-1.000070371115446e+00,7.508654354846508e-08,1.000000000000000e+03,1.000000000000000e+00,
7.977722178132767e-08,0.000000000000000e+00,-7.769720083472550e-08,3.226805682323884e+03,3.226805682286875e+03,7.588996054574684e+02,7.977722178132767e-08,0.000000000000000e+00,-1.000000000000000e+03,2.151203788191250e+03,8.598430720956120e-12,2.119950389348413e+05,2.749471749706034e-08,8.117232031764070e+08,0.000000000000000e+00,-3.397071406805173e-08,4.044770687968640e+10,4.044770687968640e+10,-7.098121091942547e+00,7.977722178132767e-08,1.000000000000000e+00,0.000000000000000e+00,-9.632320683241792e-01,9.409895311352088e-03,-9.632246617808610e-01,1.827529517907172e-09,1.000000000000000e+03,1.000000000000000e+00,
2.098294913028995e-07,0.000000000000000e+00,2.445188866252424e-08,2.220152050310206e+04,2.220152050310038e+04,1.551622988225492e+03,2.098294913028995e-07,0.000000000000000e+00,-1.000000000000000e+03,1.480101366873359e+04,1.370082050058852e-09,3.031284067901824e+05,3.265242448227602e-07,7.259360447207735e+08,0.000000000000000e+00,-3.573690621325952e-04,8.269814790283888e+10,8.269814790283888e+10,-6.678133472243498e+00,2.098294913028995e-07,1.000000000000000e+00,0.000000000000000e+00,1.120634948873037e-01,1.120634948873037e-01,7.860948577216439e-02,2.445188866252424e-08,1.000000000000000e+03,1.000000000000000e+00,
2.707912927336192e-06,0.000000000000000e+00,5.467602888039419e-03,2.236691997361399e+05,2.236636798612135e+05,1.505237398518278e+03,2.707912927336192e-06,0.000000000000000e+00,-1.000000000000000e+03,1.491091199074757e+05,5.519874926463158e+00,2.985630332472516e+05,6.665045802090883e-03,6.389963672278382e+08,0.000000000000000e+00,-3.540283656492875e-06,8.022589633961952e+10,8.022589633961952e+10,-5.567365304457123e+00,2.707912927336192e-06,1.000000000000000e+00,0.000000000000000e+00,2.019120641895221e+03,2.019120641895221e+03,-2.307932834764060e+03,5.467602888039419e-03,1.000000000000000e+03,1.000000000000000e+00,
2.988736870708277e-05,0.000000000000000e+00,6.899878413906009e-02,2.397566266549333e+06,2.397486620323877e+06,1.501247048513539e+03,2.988736870708277e-05,0.000000000000000e+00,-1.000000000000000e+03,1.598324413549252e+06,7.964622545611348e+01,2.981670287283126e+05,7.732870831652218e-03,5.535521859350774e+08,0.000000000000000e+00,-1.042941781123432e-06,8.001321931860335e+10,8.001321931860336e+10,-4.524512318694311e+00,2.988736870708277e-05,1.000000000000000e+00,0.000000000000000e+00,2.308626925819289e+03,2.308626925819289e+03,-2.416195674241830e+03,6.899878413906009e-02,1.000000000000000e+03,1.000000000000000e+00,
3.296896972397134e-04,0.000000000000000e+00,7.970077619188959e-01,2.638041008811147e+07,2.637944672562566e+07,1.501236042223005e+03,3.296896972397134e-04,0.000000000000000e+00,-1.000000000000000e+03,1.758629781708377e+07,9.633624858120839e+02,2.981659357306731e+05,8.107711311586250e-03,4.694237569215524e+08,0.000000000000000e+00,-6.119845028784994e-07,8.001263270713310e+10,8.001263270713309e+10,-3.481894624291038e+00,3.296896972397134e-04,1.000000000000000e+00,0.000000000000000e+00,2.417448190197466e+03,2.417448190197466e+03,-2.463525660761434e+03,7.970077619188959e-01,1.000000000000000e+03,1.000000000000000e+00,
7.506088970516538e-08,0.000000000000000e+00,-7.508454729585643e-08,2.764691135943517e+03,2.764691135905986e+03,6.910720591713859e+02,7.506088970516538e-08,0.000000000000000e+00,-1.000000000000000e+03,1.843127423937324e+03,3.753055222270664e-08,2.022996826121348e+05,4.942761040924753e-06,8.088984278719854e+08,0.000000000000000e+00,-4.910527567902889e-14,3.683264542647343e+10,3.683264542647343e+10,-7.124586292151102e+00,7.506088970516538e-08,1.000000000000000e+00,0.000000000000000e+00,-1.000073146616954e+00,1.000001389167766e+00,-9.695835888803256e-01,7.506099972950616e-08,1.000000000000000e+03,1.000000000000000e+00,
7.508100407788727e-08,0.000000000000000e+00,-7.675162888488947e-08,2.766378819987070e+03,2.766378819949523e+03,6.913086658931604e+02,7.508100407788727e-08,0.000000000000000e+00,-1.000000000000000e+03,1.844252546633016e+03,3.706953156437498e-08,2.023343109607884e+05,4.571222456037217e-06,8.089071523167874e+08,0.000000000000000e+00,-1.316816267947524e-09,3.684525605277930e+10,3.684525605277930e+10,-7.124469928078262e+00,7.508100407788727e-08,1.000000000000000e+00,0.000000000000000e+00,-1.000073785155794e+00,9.659607777177240e-01,-9.477588183264224e-01,7.508654354846508e-08,1.000000000000000e+03,1.000000000000000e+00,
7.977722178132767e-08,0.000000000000000e+00,-7.769720083472550e-08,3.226805682323884e+03,3.226805682286875e+03,7.588996054574684e+02,7.977722178132767e-08,0.000000000000000e+00,-1.000000000000000e+03,2.151203788191250e+03,8.598430720956120e-12,2.119950389348413e+05,2.749471749706034e-08,8.117232031764070e+08,0.000000000000000e+00,-3.397071406805173e-08,4.044770687968640e+10,4.044770687968640e+10,-7.098121091942547e+00,7.977722178132767e-08,1.000000000000000e+00,0.000000000000000e+00,-9.632320683241792e-01,9.409895311352088e-03,-8.595090841737534e-01,1.827529517907172e-09,1.000000000000000e+03,1.000000000000000e+00,
2.098294913028995e-07,0.000000000000000e+00,2.445188866252424e-08,2.220152050310206e+04,2.220152050310038e+04,1.551622988225492e+03,2.098294913028995e-07,0.000000000000000e+00,-1.000000000000000e+03,1.480101366873359e+04,1.370082050058852e-09,3.031284067901824e+05,3.265242448227602e-07,7.259360447207735e+08,0.000000000000000e+00,-3.573690621325952e-04,8.269814790283888e+10,8.269814790283888e+10,-6.678133472243498e+00,2.098294913028995e-07,1.000000000000000e+00,0.000000000000000e+00,1.120634948873037e-01,1.120634948873037e-01,4.932555603947008e-02,2.445188866252424e-08,1.000000000000000e+03,1.000000000000000e+00,
2.707912927336192e-06,0.000000000000000e+00,5.467602888039419e-03,2.236691997361399e+05,2.236636798612135e+05,1.505237398518278e+03,2.707912927336192e-06,0.000000000000000e+00,-1.000000000000000e+03,1.491091199074757e+05,5.519874926463158e+00,2.985630332472516e+05,6.665045802090883e-03,6.389963672278382e+08,0.000000000000000e+00,-3.540283656492875e-06,8.022589633961952e+10,8.022589633961952e+10,-5.567365304457123e+00,2.707912927336192e-06,1.000000000000000e+00,0.000000000000000e+00,2.019120641895221e+03,2.019120641895221e+03,-1.619206091068086e+03,5.467602888039419e-03,1.000000000000000e+03,1.000000000000000e+00,
2.988736870708277e-05,0.000000000000000e+00,6.899878413906009e-02,2.397566266549333e+06,2.397486620323877e+06,1.501247048513539e+03,2.988736870708277e-05,0.000000000000000e+00,-1.000000000000000e+03,1.598324413549252e+06,7.964622545611348e+01,2.981670287283126e+05,7.732870831652218e-03,5.535521859350774e+08,0.000000000000000e+00,-1.042941781123432e-06,8.001321931860335e+10,8.001321931860336e+10,-4.524512318694311e+00,2.988736870708277e-05,1.000000000000000e+00,0.000000000000000e+00,2.308626925819289e+03,2.308626925819289e+03,-2.156030896585007e+03,6.899878413906009e-02,1.000000000000000e+03,1.000000000000000e+00,
3.296896972397134e-04,0.000000000000000e+00,7.970077619188959e-01,2.638041008811147e+07,2.637944672562566e+07,1.501236042223005e+03,3.296896972397134e-04,0.000000000000000e+00,-1.000000000000000e+03,1.758629781708377e+07,9.633624858120839e+02,2.981659357306731e+05,8.107711311586250e-03,4.694237569215524e+08,0.000000000000000e+00,-6.119845028784994e-07,8.001263270713310e+10,8.001263270713309e+10,-3.481894624291038e+00,3.296896972397134e-04,1.000000000000000e+00,0.000000000000000e+00,2.417448190197466e+03,2.417448190197466e+03,-2.334663876258912e+03,7.970077619188959e-01,1.000000000000000e+03,1.000000000000000e+00,
7.506088970516538e-08,0.000000000000000e+00,-7.508454729585643e-08,2.764691135943517e+03,2.764691135905986e+03,6.910720591713859e+02,7.506088970516538e-08,0.000000000000000e+00,-1.000000000000000e+03,1.843127423937324e+03,3.753055222270664e-08,2.022996826121348e+05,4.942761040924753e-06,8.088984278719854e+08,0.000000000000000e+00,-4.910527567902889e-14,3.683264542647343e+10,3.683264542647343e+10,-7.124586292151102e+00,7.506088970516538e-08,1.000000000000000e+00,0.000000000000000e+00,-1.000073146616954e+00,1.000001389167766e+00,-8.933773434897451e-01,7.506099972950616e-08,1.000000000000000e+03,1.000000000000000e+00,
7.508100407788727e-08,0.000000000000000e+00,-7.675162888488947e-08,2.766378819987070e+03,2.766378819949523e+03,6.913086658931604e+02,7.508100407788727e-08,0.000000000000000e+00,-1.000000000000000e+03,1.844252546633016e+03,3.706953156437498e-08,2.023343109607884e+05,4.571222456037217e-06,8.089071523167874e+08,0.000000000000000e+00,-1.316816267947524e-09,3.684525605277930e+10,3.684525605277930e+10,-7.124469928078262e+00,7.508100407788727e-08,1.000000000000000e+00,0.000000000000000e+00,-1.000073785155794e+00,9.659607777177240e-01,-8.304400367444339e-01,7.508654354846508e-08,1.000000000000000e+03,1.000000000000000e+00,
7.977722178132767e-08,0.000000000000000e+00,-7.769720083472550e-08,3.226805682323884e+03,3.226805682286875e+03,7.588996054574684e+02,7.977722178132767e-08,0.000000000000000e+00,-1.000000000000000e+03,2.151203788191250e+03,8.598430720956120e-12,2.119950389348413e+05,2.749471749706034e-08,8.117232031764070e+08,0.000000000000000e+00,-3.397071406805173e-08,4.044770687968640e+10,4.044770687968640e+10,-7.098121091942547e+00,7.977722178132767e-08,1.000000000000000e+00,0.000000000000000e+00,-9.632320683241792e-01,9.409895311352088e-03,-6.784421734438255e-01,1.827529517907172e-09,1.000000000000000e+03,1.000000000000000e+00,
2.098294913028995e-07,0.000000000000000e+00,2.445188866252424e-08,2.220152050310206e+04,2.220152050310038e+04,1.551622988225492e+03,2.098294913028995e-07,0.000000000000000e+00,-1.000000000000000e+03,1.480101366873359e+04,1.370082050058852e-09,3.031284067901824e+05,3.265242448227602e-07,7.259360447207735e+08,0.000000000000000e+00,-3.573690621325952e-04,8.269814790283888e+10,8.269814790283888e+10,-6.678133472243498e+00,2.098294913028995e-07,1.000000000000000e+00,0.000000000000000e+00,1.120634948873037e-01,1.120634948873037e-01,3.476931905983344e-02,2.445188866252424e-08,1.000000000000000e+03,1.000000000000000e+00,
2.707912927336192e-06,0.000000000000000e+00,5.467602888039419e-03,2.236691997361399e+05,2.236636798612135e+05,1.505237398518278e+03,2.707912927336192e-06,0.000000000000000e+00,-1.000000000000000e+03,1.491091199074757e+05,5.519874926463158e+00,2.985630332472516e+05,6.665045802090883e-03,6.389963672278382e+08,0.000000000000000e+00,-3.540283656492875e-06,8.022589633961952e+10,8.022589633961952e+10,-5.567365304457123e+00,2.707912927336192e-06,1.000000000000000e+00,0.000000000000000e+00,2.019120641895221e+03,2.019120641895221e+03,-1.022498232233958e+03,5.467602888039419e-03,1.000000000000000e+03,1.000000000000000e+00,
2.988736870708277e-05,0.000000000000000e+00,6.899878413906009e-02,2.397566266549333e+06,2.397486620323877e+06,1.501247048513539e+03,2.988736870708277e-05,0.000000000000000e+00,-1.000000000000000e+03,1.598324413549252e+06,7.964622545611348e+01,2.981670287283126e+05,7.732870831652218e-03,5.535521859350774e+08,0.000000000000000e+00,-1.042941781123432e-06,8.001321931860335e+10,8.001321931860336e+10,-4.524512318694311e+00,2.988736870708277e-05,1.000000000000000e+00,0.000000000000000e+00,2.308626925819289e+03,2.308626925819289e+03,-1.701834587236861e+03,6.899878413906009e-02,1.000000000000000e+03,1.000000000000000e+00,
3.296896972397134e-04,0.000000000000000e+00,7.970077619188959e-01,2.638041008811147e+07,2.637944672562566e+07,1.501236042223005e+03,3.296896972397134e-04,0.000000000000000e+00,-1.000000000000000e+03,1.758629781708377e+07,9.633624858120839e+02,2.981659357306731e+05,8.107711311586250e-03,4.694237569215524e+08,0.000000000000000e+00,-6.119845028784994e-07,8.001263270713310e+10,8.001263270713309e+10,-3.481894624291038e+00,3.296896972397134e-04,1.000000000000000e+00,0.000000000000000e+00,2.417448190197466e+03,2.417448190197466e+03,-2.045666384418280e+03,7.970077619188959e-01,1.000000000000000e+03,1.000000000000000e+00,

64,28
2.441762960644134e-02,0.000000000000000e+00,6.027235747973745e+01,2.410243454170988e+09,2.410169066174800e+09,1.854330937822660e+03,2.441762960644134e-02,0.000000000000000e+00,-1.000000000000000e+03,1.606779377449867e+09,7.438799618794583e+04,3.313806582956236e+05,8.214800759360135e-03,4.681811421375374e+08,2.500000000000000e-07,6.168582010812364e-04,9.883182662319675e+10,9.883182662319675e+10,-1.612296498409516e+00,2.441762960644134e-02,1.000000000000000e+00,0.000000000000000e+00,2.470503791291520e+03,2.470503791291520e+03,-1.482551119145296e+03,6.027235747973745e+01,1.000000000000000e+03,1.000000000000000e+00,
2.441762960644134e-02,0.000000000000000e+00,6.027235747973745e+01,2.410243454170988e+09,2.410169066174800e+09,1.854330937822660e+03,2.441762960644134e-02,0.000000000000000e+00,-1.000000000000000e+03,1.606779377449867e+09,7.438799618794583e+04,3.313806582956236e+05,8.214800759360135e-03,4.681811421375374e+08,2.500000000000000e-07,6.168582010812364e-04,9.883182662319675e+10,9.883182662319675e+10,-1.612296498409516e+00,2.441762960644134e-02,1.000000000000000e+00,0.000000000000000e+00,2.470503791291520e+03,2.470503791291520e+03,-1.482551119145296e+03,6.027235747973745e+01,1.000000000000000e+03,1.000000000000000e+00,
2.441762960644134e-02,0.000000000000000e+00,6.027235747973745e+01,2.410243454170988e+09,2.410169066174800e+09,1.854330937822660e+03,2.441762960644134e-02,0.000000000000000e+00,-1.000000000000000e+03,1.606779377449867e+09,7.438799618794583e+04,3.313806582956236e+05,8.214800759360135e-03,4.681811421375374e+08,2.500000000000000e-07,6.168582010812364e-04,9.883182662319675e+10,9.883182662319675e+10,-1.612296498409516e+00,2.441762960644134e-02,1.000000000000000e+00,0.000000000000000e+00,2.470503791291520e+03,2.470503791291520e+03,-1.746655507655908e+03,6.027235747973745e+01,1.000000000000000e+03,1.000000000000000e+00,
2.441762960644134e-02,0.000000000000000e+00,6.027235747973745e+01,2.410243454170988e+09,2.410169066174800e+09,1.854330937822660e+03,2.441762960644134e-02,0.000000000000000e+00,-1.000000000000000e+03,1.606779377449867e+09,7.438799618794583e+04,3.313806582956236e+05,8.214800759360135e-03,4.681811421375374e+08,2.500000000000000e-07,6.168582010812364e-04,9.883182662319675e+10,9.883182662319675e+10,-1.612296498409516e+00,2.441762960644134e-02,1.000000000000000e+00,0.000000000000000e+00,2.470503791291520e+03,2.470503791291520e+03,-2.054047263931468e+03,6.027235747973745e+01,1.000000000000000e+03,1.000000000000000e+00,
2.441762960644134e-02,0.000000000000000e+00,6.027235747973745e+01,2.410243454170988e+09,2.410169066174800e+09,1.854330937822660e+03,2.441762960644134e-02,0.000000000000000e+00,-1.000000000000000e+03,1.606779377449867e+09,7.438799618794583e+04,3.313806582956236e+05,8.214800759360135e-03,4.681811421375374e+08,2.500000000000000e-07,6.168582010812364e-04,9.883182662319675e+10,9.883182662319675e+10,-1.612296498409516e+00,2.441762960644134e-02,1.000000000000000e+00,0.000000000000000e+00,2.470503791291520e+03,2.470503791291520e+03,-2.339724988186309e+03,6.027235747973745e+01,1.000000000000000e+03,1.000000000000000e+00,
2.441762960644134e-02,0.000000000000000e+00,6.027235747973745e+01,2.410243454170988e+09,2.410169066174800e+09,1.854330937822660e+03,2.441762960644134e-02,0.000000000000000e+00,-1.000000000000000e+03,1.606779377449867e+09,7.438799618794583e+04,3.313806582956236e+05,8.214800759360135e-03,4.681811421375374e+08,2.500000000000000e-07,6.168582010812364e-04,9.883182662319675e+10,9.883182662319675e+10,-1.612296498409516e+00,2.441762960644134e-02,1.000000000000000e+00,0.000000000000000e+00,2.470503791291520e+03,2.470503791291520e+03,-2.339724988186309e+03,6.027235747973745e+01,1.000000000000000e+03,1.000000000000000e+00,
2.441762960644134e-02,0.000000000000000e+00,6.027235747973745e+01,2.410243454170988e+09,2.410169066174800e+09,1.854330937822660e+03,2.441762960644134e-02,0.000000000000000e+00,-1.000000000000000e+03,1.606779377449867e+09,7.438799618794583e+04,3.313806582956236e+05,8.214800759360135e-03,4.681811421375374e+08,2.500000000000000e-07,6.168582010812364e-04,9.883182662319675e+10,9.883182662319675e+10,-1.612296498409516e+00,2.441762960644134e-02,1.000000000000000e+00,0.000000000000000e+00,2.470503791291520e+03,2.470503791291520e+03,-2.054047263931468e+03,6.027235747973745e+01,1.000000000000000e+03,1.000000000000000e+00,
2.441762960644134e-02,0.000000000000000e+00,6.027235747973745e+01,2.410243454170988e+09,2.410169066174800e+09,1.854330937822660e+03,2.441762960644134e-02,0.000000000000000e+00,-1.000000000000000e+03,1.606779377449867e+09,7.438799618794583e+04,3.313806582956236e+05,8.214800759360135e-03,4.681811421375374e+08,2.500000000000000e-07,6.168582010812364e-04,9.883182662319675e+10,9.883182662319675e+10,-1.612296498409516e+00,2.441762960644134e-02,1.000000000000000e+00,0.000000000000000e+00,2.470503791291520e+03,2.470503791291520e+03,-1.746655507655908e+03,6.027235747973745e+01,1.000000000000000e+03,1.000000000000000e+00,
7.507905551694126e-08,0.000000000000000e+00,-7.506099972950616e-08,2.766212963874615e+03,2.766212963837070e+03,6.912851597874892e+02,7.507905551694126e-08,0.000000000000000e+00,-1.000000000000000e+03,1.844141975891380e+03,3.754501973823833e-08,2.023308710124995e+05,4.943205808031397e-06,8.089062621987288e+08,0.000000000000000e+00,1.399225582510155e-12,3.684400322820905e+10,3.684400322820905e+10,-7.124481199374621e+00,7.507905551694126e-08,1.000000000000000e+00,0.000000000000000e+00,-1.000001389167766e+00,1.000073146616954e+00,-6.017931223270626e-01,7.508454729585643e-08,1.000000000000000e+03,1.000000000000000e+00,
7.945625811663966e-08,0.000000000000000e+00,-7.508654354846508e-08,3.193190952781526e+03,3.193190952744456e+03,7.540275316593111e+02,7.945625811663966e-08,0.000000000000000e+00,-1.000000000000000e+03,2.128793968496304e+03,3.758408809038223e-08,2.113134477719366e+05,4.942680137503658e-06,8.115231743340275e+08,0.000000000000000e+00,1.596347100618622e-13,4.018803588833667e+10,4.018803588833666e+10,-7.099871891301297e+00,7.945625811663966e-08,1.000000000000000e+00,0.000000000000000e+00,-9.659607777177240e-01,1.000073785155794e+00,-4.340161386653608e-01,7.675162888488947e-08,1.000000000000000e+03,1.000000000000000e+00,
2.018827435855016e-07,0.000000000000000e+00,-1.827529517907172e-09,2.131705993735066e+04,2.131705993735062e+04,1.981155343738332e+03,2.018827435855016e-07,0.000000000000000e+00,-1.000000000000000e+03,1.421137329156708e+04,3.700929209811168e-08,3.425254135559189e+05,4.543653819277523e-06,8.450421015034187e+08,0.000000000000000e+00,1.382296723871050e-08,1.055912930384879e+11,1.055912930384879e+11,-6.694900801838354e+00,2.018827435855016e-07,1.000000000000000e+00,0.000000000000000e+00,-9.409895311352088e-03,9.632320683241792e-01,-2.336756876813817e-03,7.769720083472550e-08,1.000000000000000e+03,1.000000000000000e+00,
2.608132353748681e-06,0.000000000000000e+00,5.248445298303252e-03,2.156929959649079e+05,2.156877151404878e+05,2.024110397812722e+03,2.608132353748681e-06,0.000000000000000e+00,-1.000000000000000e+03,1.437918100936585e+05,5.280824420142877e+00,3.462187883652627e+05,6.638568053481592e-03,8.286136087905126e+08,0.000000000000000e+00,-1.755635571028836e-08,1.078807044753995e+11,1.078807044753995e+11,-5.583670373429298e+00,2.608132353748681e-06,1.000000000000000e+00,0.000000000000000e+00,2.012338557420077e+03,2.012338557420077e+03,3.484367646785310e+02,5.248445298303252e-03,1.000000000000000e+03,1.000000000000000e+00,
2.878674605617766e-05,0.000000000000000e+00,6.643993597543314e-02,2.309519176889470e+06,2.309442505057860e+06,1.549712701075265e+03,2.878674605617766e-05,0.000000000000000e+00,-1.000000000000000e+03,1.539628336705240e+06,7.667183160967841e+01,3.029417504170497e+05,7.730375574677222e-03,7.245363839266813e+08,0.000000000000000e+00,-2.347669582517255e-07,8.259633373117142e+10,8.259633373117142e+10,-4.540807423337031e+00,2.878674605617766e-05,1.000000000000000e+00,0.000000000000000e+00,2.308004379716098e+03,2.308004379716098e+03,-3.951304844719219e+00,6.643993597543314e-02,1.000000000000000e+03,1.000000000000000e+00,
3.175551290671283e-04,0.000000000000000e+00,7.672812290113628e-01,2.540953514571638e+07,2.540860818779553e+07,1.505077741093244e+03,3.175551290671283e-04,0.000000000000000e+00,-1.000000000000000e+03,1.693907212519702e+07,9.269579208540151e+02,2.985471988449112e+05,8.103559482919378e-03,6.376575264566787e+08,0.000000000000000e+00,-3.676196500905462e-07,8.021738694432863e+10,8.021738694432864e+10,-3.498180868257731e+00,3.175551290671283e-04,1.000000000000000e+00,0.000000000000000e+00,2.416214253145212e+03,2.416214253145212e+03,-5.650762463295373e+02,7.672812290113628e-01,1.000000000000000e+03,1.000000000000000e+00,
3.444745582510630e-03,0.000000000000000e+00,8.486248063148119e+00,2.786407736124430e+08,2.786303205318795e+08,1.517615119826065e+03,3.444745582510630e-03,0.000000000000000e+00,-1.000000000000000e+03,1.857535470212530e+08,1.045308056347046e+04,2.997880771898495e+05,8.228546089295382e-03,5.522195471560401e+08,0.000000000000000e+00,-1.048330919301179e-07,8.088560210266843e+10,8.088560210266843e+10,-2.462842848122661e+00,3.444745582510630e-03,1.000000000000000e+00,0.000000000000000e+00,2.463534057851407e+03,2.463534057851407e+03,-1.086184401205235e+03,8.486248063148119e+00,1.000000000000000e+03,1.000000000000000e+00,
7.507905551694126e-08,0.000000000000000e+00,-7.506099972950616e-08,2.766212963874615e+03,2.766212963837070e+03,6.912851597874892e+02,7.507905551694126e-08,0.000000000000000e+00,-1.000000000000000e+03,1.844141975891380e+03,3.754501973823833e-08,2.023308710124995e+05,4.943205808031397e-06,8.089062621987288e+08,0.000000000000000e+00,1.399225582510155e-12,3.684400322820905e+10,3.684400322820905e+10,-7.124481199374621e+00,7.507905551694126e-08,1.000000000000000e+00,0.000000000000000e+00,-1.000001389167766e+00,1.000073146616954e+00,-6.017931223270626e-01,7.508454729585643e-08,1.000000000000000e+03,1.000000000000000e+00,
7.945625811663966e-08,0.000000000000000e+00,-7.508654354846508e-08,3.193190952781526e+03,3.193190952744456e+03,7.540275316593111e+02,7.945625811663966e-08,0.000000000000000e+00,-1.000000000000000e+03,2.128793968496304e+03,3.758408809038223e-08,2.113134477719366e+05,4.942680137503658e-06,8.115231743340275e+08,0.000000000000000e+00,1.596347100618622e-13,4.018803588833667e+10,4.018803588833666e+10,-7.099871891301297e+00,7.945625811663966e-08,1.000000000000000e+00,0.000000000000000e+00,-9.659607777177240e-01,1.000073785155794e+00,-4.340161386653608e-01,7.675162888488947e-08,1.000000000000000e+03,1.000000000000000e+00,
2.018827435855016e-07,0.000000000000000e+00,-1.827529517907172e-09,2.131705993735066e+04,2.131705993735062e+04,1.981155343738332e+03,2.018827435855016e-07,0.000000000000000e+00,-1.000000000000000e+03,1.421137329156708e+04,3.700929209811168e-08,3.425254135559189e+05,4.543653819277523e-06,8.450421015034187e+08,0.000000000000000e+00,1.382296723871050e-08,1.055912930384879e+11,1.055912930384879e+11,-6.694900801838354e+00,2.018827435855016e-07,1.000000000000000e+00,0.000000000000000e+00,-9.409895311352088e-03,9.632320683241792e-01,-2.336756876813817e-03,7.769720083472550e-08,1.000000000000000e+03,1.000000000000000e+00,
2.608132353748681e-06,0.000000000000000e+00,5.248445298303252e-03,2.156929959649079e+05,2.156877151404878e+05,2.024110397812722e+03,2.608132353748681e-06,0.000000000000000e+00,-1.000000000000000e+03,1.437918100936585e+05,5.280824420142877e+00,3.462187883652627e+05,6.638568053481592e-03,8.286136087905126e+08,0.000000000000000e+00,-1.755635571028836e-08,1.078807044753995e+11,1.078807044753995e+11,-5.583670373429298e+00,2.608132353748681e-06,1.000000000000000e+00,0.000000000000000e+00,2.012338557420077e+03,2.012338557420077e+03,3.484367646785310e+02,5.248445298303252e-03,1.000000000000000e+03,1.000000000000000e+00,
2.878674605617766e-05,0.000000000000000e+00,6.643993597543314e-02,2.309519176889470e+06,2.309442505057860e+06,1.549712701075265e+03,2.878674605617766e-05,0.000000000000000e+00,-1.000000000000000e+03,1.539628336705240e+06,7.667183160967841e+01,3.029417504170497e+05,7.730375574677222e-03,7.245363839266813e+08,0.000000000000000e+00,-2.347669582517255e-07,8.259633373117142e+10,8.259633373117142e+10,-4.540807423337031e+00,2.878674605617766e-05,1.000000000000000e+00,0.000000000000000e+00,2.308004379716098e+03,2.308004379716098e+03,-3.951304844719219e+00,6.643993597543314e-02,1.000000000000000e+03,1.000000000000000e+00,
3.175551290671283e-04,0.000000000000000e+00,7.672812290113628e-01,2.540953514571638e+07,2.540860818779553e+07,1.505077741093244e+03,3.175551290671283e-04,0.000000000000000e+00,-1.000000000000000e+03,1.693907212519702e+07,9.269579208540151e+02,2.985471988449112e+05,8.103559482919378e-03,6.376575264566787e+08,0.000000000000000e+00,-3.676196500905462e-07,8.021738694432863e+10,8.021738694432864e+10,-3.498180868257731e+00,3.175551290671283e-04,1.000000000000000e+00,0.000000000000000e+00,2.416214253145212e+03,2.416214253145212e+03,-5.650762463295373e+02,7.672812290113628e-01,1.000000000000000e+03,1.000000000000000e+00,
3.444745582510630e-03,0.000000000000000e+00,8.486248063148119e+00,2.786407736124430e+08,2.786303205318795e+08,1.517615119826065e+03,3.444745582510630e-03,0.000000000000000e+00,-1.000000000000000e+03,1.857535470212530e+08,1.045308056347046e+04,2.997880771898495e+05,8.228546089295382e-03,5.522195471560401e+08,0.000000000000000e+00,-1.048330919301179e-07,8.088560210266843e+10,8.088560210266843e+10,-2.462842848122661e+00,3.444745582510630e-03,1.000000000000000e+00,0.000000000000000e+00,2.463534057851407e+03,2.463534057851407e+03,-1.086184401205235e+03,8.486248063148119e+00,1.000000000000000e+03,1.000000000000000e+00,
7.507905551694126e-08,0.000000000000000e+00,-7.506099972950616e-08,2.766212963874615e+03,2.766212963837070e+03,6.912851597874892e+02,7.507905551694126e-08,0.000000000000000e+00,-1.000000000000000e+03,1.844141975891380e+03,3.754501973823833e-08,2.023308710124995e+05,4.943205808031397e-06,8.089062621987288e+08,0.000000000000000e+00,1.399225582510155e-12,3.684400322820905e+10,3.684400322820905e+10,-7.124481199374621e+00,7.507905551694126e-08,1.000000000000000e+00,0.000000000000000e+00,-1.000001389167766e+00,1.000073146616954e+00,-7.089976581637146e-01,7.508454729585643e-08,1.000000000000000e+03,1.000000000000000e+00,
7.945625811663966e-08,0.000000000000000e+00,-7.508654354846508e-08,3.193190952781526e+03,3.193190952744456e+03,7.540275316593111e+02,7.945625811663966e-08,0.000000000000000e+00,-1.000000000000000e+03,2.128793968496304e+03,3.758408809038223e-08,2.113134477719366e+05,4.942680137503658e-06,8.115231743340275e+08,0.000000000000000e+00,1.596347100618622e-13,4.018803588833667e+10,4.018803588833666e+10,-7.099871891301297e+00,7.945625811663966e-08,1.000000000000000e+00,0.000000000000000e+00,-9.659607777177240e-01,1.000073785155794e+00,-5.382327003605470e-01,7.675162888488947e-08,1.000000000000000e+03,1.000000000000000e+00,
2.018827435855016e-07,0.000000000000000e+00,-1.827529517907172e-09,2.131705993735066e+04,2.131705993735062e+04,1.981155343738332e+03,2.018827435855016e-07,0.000000000000000e+00,-1.000000000000000e+03,1.421137329156708e+04,3.700929209811168e-08,3.425254135559189e+05,4.543653819277523e-06,8.450421015034187e+08,0.000000000000000e+00,1.382296723871050e-08,1.055912930384879e+11,1.055912930384879e+11,-6.694900801838354e+00,2.018827435855016e-07,1.000000000000000e+00,0.000000000000000e+00,-9.409895311352088e-03,9.632320683241792e-01,-3.045319508077320e-03,7.769720083472550e-08,1.000000000000000e+03,1.000000000000000e+00,
2.608132353748681e-06,0.000000000000000e+00,5.248445298303252e-03,2.156929959649079e+05,2.156877151404878e+05,2.024110397812722e+03,2.608132353748681e-06,0.000000000000000e+00,-1.000000000000000e+03,1.437918100936585e+05,5.280824420142877e+00,3.462187883652627e+05,6.638568053481592e-03,8.286136087905126e+08,0.000000000000000e+00,-1.755635571028836e-08,1.078807044753995e+11,1.078807044753995e+11,-5.583670373429298e+00,2.608132353748681e-06,1.000000000000000e+00,0.000000000000000e+00,2.012338557420077e+03,2.012338557420077e+03,5.042832250272519e+02,5.248445298303252e-03,1.000000000000000e+03,1.000000000000000e+00,
2.878674605617766e-05,0.000000000000000e+00,6.643993597543314e-02,2.309519176889470e+06,2.309442505057860e+06,1.549712701075265e+03,2.878674605617766e-05,0.000000000000000e+00,-1.000000000000000e+03,1.539628336705240e+06,7.667183160967841e+01,3.029417504170497e+05,7.730375574677222e-03,7.245363839266813e+08,0.000000000000000e+00,-2.347669582517255e-07,8.259633373117142e+10,8.259633373117142e+10,-4.540807423337031e+00,2.878674605617766e-05,1.000000000000000e+00,0.000000000000000e+00,2.308004379716098e+03,2.308004379716098e+03,-5.271837492461028e+00,6.643993597543314e-02,1.000000000000000e+03,1.000000000000000e+00,
3.175551290671283e-04,0.000000000000000e+00,7.672812290113628e-01,2.540953514571638e+07,2.540860818779553e+07,1.505077741093244e+03,3.175551290671283e-04,0.000000000000000e+00,-1.000000000000000e+03,1.693907212519702e+07,9.269579208540151e+02,2.985471988449112e+05,8.103559482919378e-03,6.376575264566787e+08,0.000000000000000e+00,-3.676196500905462e-07,8.021738694432863e+10,8.021738694432864e+10,-3.498180868257731e+00,3.175551290671283e-04,1.000000000000000e+00,0.000000000000000e+00,2.416214253145212e+03,2.416214253145212e+03,-7.369032736452835e+02,7.672812290113628e-01,1.000000000000000e+03,1.000000000000000e+00,
3.444745582510630e-03,0.000000000000000e+00,8.486248063148119e+00,2.786407736124430e+08,2.786303205318795e+08,1.517615119826065e+03,3.444745582510630e-03,0.000000000000000e+00,-1.000000000000000e+03,1.857535470212530e+08,1.045308056347046e+04,2.997880771898495e+05,8.228546089295382e-03,5.522195471560401e+08,0.000000000000000e+00,-1.048330919301179e-07,8.088560210266843e+10,8.088560210266843e+10,-2.462842848122661e+00,3.444745582510630e-03,1.000000000000000e+00,0.000000000000000e+00,2.463534057851407e+03,2.463534057851407e+03,-1.347000517418447e+03,8.486248063148119e+00,1.000000000000000e+03,1.000000000000000e+00,
7.507905551694126e-08,0.000000000000000e+00,-7.506099972950616e-08,2.766212963874615e+03,2.766212963837070e+03,6.912851597874892e+02,7.507905551694126e-08,0.000000000000000e+00,-1.000000000000000e+03,1.844141975891380e+03,3.754501973823833e-08,2.023308710124995e+05,4.943205808031397e-06,8.089062621987288e+08,0.000000000000000e+00,1.399225582510155e-12,3.684400322820905e+10,3.684400322820905e+10,-7.124481199374621e+00,7.507905551694126e-08,1.000000000000000e+00,0.000000000000000e+00,-1.000001389167766e+00,1.000073146616954e+00,-8.337732847156782e-01,7.508454729585643e-08,1.000000000000000e+03,1.000000000000000e+00,
7.945625811663966e-08,0.000000000000000e+00,-7.508654354846508e-08,3.193190952781526e+03,3.193190952744456e+03,7.540275316593111e+02,7.945625811663966e-08,0.000000000000000e+00,-1.000000000000000e+03,2.128793968496304e+03,3.758408809038223e-08,2.113134477719366e+05,4.942680137503658e-06,8.115231743340275e+08,0.000000000000000e+00,1.596347100618622e-13,4.018803588833667e+10,4.018803588833666e+10,-7.099871891301297e+00,7.945625811663966e-08,1.000000000000000e+00,0.000000000000000e+00,-9.659607777177240e-01,1.000073785155794e+00,-6.857002997336346e-01,7.675162888488947e-08,1.000000000000000e+03,1.000000000000000e+00,
2.018827435855016e-07,0.000000000000000e+00,-1.827529517907172e-09,2.131705993735066e+04,2.131705993735062e+04,1.981155343738332e+03,2.018827435855016e-07,0.000000000000000e+00,-1.000000000000000e+03,1.421137329156708e+04,3.700929209811168e-08,3.425254135559189e+05,4.543653819277523e-06,8.450421015034187e+08,0.000000000000000e+00,1.382296723871050e-08,1.055912930384879e+11,1.055912930384879e+11,-6.694900801838354e+00,2.018827435855016e-07,1.000000000000000e+00,0.000000000000000e+00,-9.409895311352088e-03,9.632320683241792e-01,-4.299888217206720e-03,7.769720083472550e-08,1.000000000000000e+03,1.000000000000000e+00,
2.608132353748681e-06,0.000000000000000e+00,5.248445298303252e-03,2.156929959649079e+05,2.156877151404878e+05,2.024110397812722e+03,2.608132353748681e-06,0.000000000000000e+00,-1.000000000000000e+03,1.437918100936585e+05,5.280824420142877e+00,3.462187883652627e+05,6.638568053481592e-03,8.286136087905126e+08,0.000000000000000e+00,-1.755635571028836e-08,1.078807044753995e+11,1.078807044753995e+11,-5.583670373429298e+00,2.608132353748681e-06,1.000000000000000e+00,0.000000000000000e+00,2.012338557420077e+03,2.012338557420077e+03,8.624624675941549e+02,5.248445298303252e-03,1.000000000000000e+03,1.000000000000000e+00,
2.878674605617766e-05,0.000000000000000e+00,6.643993597543314e-02,2.309519176889470e+06,2.309442505057860e+06,1.549712701075265e+03,2.878674605617766e-05,0.000000000000000e+00,-1.000000000000000e+03,1.539628336705240e+06,7.667183160967841e+01,3.029417504170497e+05,7.730375574677222e-03,7.245363839266813e+08,0.000000000000000e+00,-2.347669582517255e-07,8.259633373117142e+10,8.259633373117142e+10,-4.540807423337031e+00,2.878674605617766e-05,1.000000000000000e+00,0.000000000000000e+00,2.308004379716098e+03,2.308004379716098e+03,-7.918059279797963e+00,6.643993597543314e-02,1.000000000000000e+03,1.000000000000000e+00,
3.175551290671283e-04,0.000000000000000e+00,7.672812290113628e-01,2.540953514571638e+07,2.540860818779553e+07,1.505077741093244e+03,3.175551290671283e-04,0.000000000000000e+00,-1.000000000000000e+03,1.693907212519702e+07,9.269579208540151e+02,2.985471988449112e+05,8.103559482919378e-03,6.376575264566787e+08,0.000000000000000e+00,-3.676196500905462e-07,8.021738694432863e+10,8.021738694432864e+10,-3.498180868257731e+00,3.175551290671283e-04,1.000000000000000e+00,0.000000000000000e+00,2.416214253145212e+03,2.416214253145212e+03,-1.042132223234243e+03,7.672812290113628e-01,1.000000000000000e+03,1.000000000000000e+00,
3.444745582510630e-03,0.000000000000000e+00,8.486248063148119e+00,2.786407736124430e+08,2.786303205318795e+08,1.517615119826065e+03,3.444745582510630e-03,0.000000000000000e+00,-1.000000000000000e+03,1.857535470212530e+08,1.045308056347046e+04,2.997880771898495e+05,8.228546089295382e-03,5.522195471560401e+08,0.000000000000000e+00,-1.048330919301179e-07,8.088560210266843e+10,8.088560210266843e+10,-2.462842848122661e+00,3.444745582510630e-03,1.000000000000000e+00,0.000000000000000e+00,2.463534057851407e+03,2.463534057851407e+03,-1.716058236365925e+03,8.486248063148119e+00,1.000000000000000e+03,1.000000000000000e+00,
7.507905551694126e-08,0.000000000000000e+00,-7.506099972950616e-08,2.766212963874615e+03,2.766212963837070e+03,6.912851597874892e+02,7.507905551694126e-08,0.000000000000000e+00,-1.000000000000000e+03,1.844141975891380e+03,3.754501973823833e-08,2.023308710124995e+05,4.943205808031397e-06,8.089062621987288e+08,0.000000000000000e+00,1.399225582510155e-12,3.684400322820905e+10,3.684400322820905e+10,-7.124481199374621e+00,7.507905551694126e-08,1.000000000000000e+00,0.000000000000000e+00,-1.000001389167766e+00,1.000073146616954e+00,-9.497348103848388e-01,7.508454729585643e-08,1.000000000000000e+03,1.000000000000000e+00,
7.945625811663966e-08,0.000000000000000e+00,-7.508654354846508e-08,3.193190952781526e+03,3.193190952744456e+03,7.540275316593111e+02,7.945625811663966e-08,0.000000000000000e+00,-1.000000000000000e+03,2.128793968496304e+03,3.758408809038223e-08,2.113134477719366e+05,4.942680137503658e-06,8.115231743340275e+08,0.000000000000000e+00,1.596347100618622e-13,4.018803588833667e+10,4.018803588833666e+10,-7.099871891301297e+00,7.945625811663966e-08,1.000000000000000e+00,0.000000000000000e+00,-9.659607777177240e-01,1.000073785155794e+00,-8.659938984318565e-01,7.675162888488947e-08,1.000000000000000e+03,1.000000000000000e+00,
2.018827435855016e-07,0.000000000000000e+00,-1.827529517907172e-09,2.131705993735066e+04,2.131705993735062e+04,1.981155343738332e+03,2.018827435855016e-07,0.000000000000000e+00,-1.000000000000000e+03,1.421137329156708e+04,3.700929209811168e-08,3.425254135559189e+05,4.543653819277523e-06,8.450421015034187e+08,0.000000000000000e+00,1.382296723871050e-08,1.055912930384879e+11,1.055912930384879e+11,-6.694900801838354e+00,2.018827435855016e-07,1.000000000000000e+00,0.000000000000000e+00,-9.409895311352088e-03,9.632320683241792e-01,-6.756148547505141e-03,7.769720083472550e-08,1.000000000000000e+03,1.000000000000000e+00,
2.608132353748681e-06,0.000000000000000e+00,5.248445298303252e-03,2.156929959649079e+05,2.156877151404878e+05,2.024110397812722e+03,2.608132353748681e-06,0.000000000000000e+00,-1.000000000000000e+03,1.437918100936585e+05,5.280824420142877e+00,3.462187883652627e+05,6.638568053481592e-03,8.286136087905126e+08,0.000000000000000e+00,-1.755635571028836e-08,1.078807044753995e+11,1.078807044753995e+11,-5.583670373429298e+00,2.608132353748681e-06,1.000000000000000e+00,0.000000000000000e+00,2.012338557420077e+03,2.012338557420077e+03,1.971699988437309e+03,5.248445298303252e-03,1.000000000000000e+03,1.000000000000000e+00,
2.878674605617766e-05,0.000000000000000e+00,6.643993597543314e-02,2.309519176889470e+06,2.309442505057860e+06,1.549712701075265e+03,2.878674605617766e-05,0.000000000000000e+00,-1.000000000000000e+03,1.539628336705240e+06,7.667183160967841e+01,3.029417504170497e+05,7.730375574677222e-03,7.245363839266813e+08,0.000000000000000e+00,-2.347669582517255e-07,8.259633373117142e+10,8.259633373117142e+10,-4.540807423337031e+00,2.878674605617766e-05,1.000000000000000e+00,0.000000000000000e+00,2.308004379716098e+03,2.308004379716098e+03,-1.589809489716977e+01,6.643993597543314e-02,1.000000000000000e+03,1.000000000000000e+00,
3.175551290671283e-04,0.000000000000000e+00,7.672812290113628e-01,2.540953514571638e+07,2.540860818779553e+07,1.505077741093244e+03,3.175551290671283e-04,0.000000000000000e+00,-1.000000000000000e+03,1.693907212519702e+07,9.269579208540151e+02,2.985471988449112e+05,8.103559482919378e-03,6.376575264566787e+08,0.000000000000000e+00,-3.676196500905462e-07,8.021738694432863e+10,8.021738694432864e+10,-3.498180868257731e+00,3.175551290671283e-04,1.000000000000000e+00,0.000000000000000e+00,2.416214253145212e+03,2.416214253145212e+03,-1.645149031735476e+03,7.672812290113628e-01,1.000000000000000e+03,1.000000000000000e+00,
3.444745582510630e-03,0.000000000000000e+00,8.486248063148119e+00,2.786407736124430e+08,2.786303205318795e+08,1.517615119826065e+03,3.444745582510630e-03,0.000000000000000e+00,-1.000000000000000e+03,1.857535470212530e+08,1.045308056347046e+04,2.997880771898495e+05,8.228546089295382e-03,5.522195471560401e+08,0.000000000000000e+00,-1.048330919301179e-07,8.088560210266843e+10,8.088560210266843e+10,-2.462842848122661e+00,3.444745582510630e-03,1.000000000000000e+00,0.000000000000000e+00,2.463534057851407e+03,2.463534057851407e+03,-2.167267482052887e+03,8.486248063148119e+00,1.000000000000000e+03,1.000000000000000e+00,
7.507905551694126e-08,0.000000000000000e+00,-7.506099972950616e-08,2.766212963874615e+03,2.766212963837070e+03,6.912851597874892e+02,7.507905551694126e-08,0.000000000000000e+00,-1.000000000000000e+03,1.844141975891380e+03,3.754501973823833e-08,2.023308710124995e+05,4.943205808031397e-06,8.089062621987288e+08,0.000000000000000e+00,1.399225582510155e-12,3.684400322820905e+10,3.684400322820905e+10,-7.124481199374621e+00,7.507905551694126e-08,1.000000000000000e+00,0.000000000000000e+00,-1.000001389167766e+00,1.000073146616954e+00,-9.497348103848388e-01,7.508454729585643e-08,1.000000000000000e+03,1.000000000000000e+00,
7.945625811663966e-08,0.000000000000000e+00,-7.508654354846508e-08,3.193190952781526e+03,3.193190952744456e+03,7.540275316593111e+02,7.945625811663966e-08,0.000000000000000e+00,-1.000000000000000e+03,2.128793968496304e+03,3.758408809038223e-08,2.113134477719366e+05,4.942680137503658e-06,8.115231743340275e+08,0.000000000000000e+00,1.596347100618622e-13,4.018803588833667e+10,4.018803588833666e+10,-7.099871891301297e+00,7.945625811663966e-08,1.000000000000000e+00,0.000000000000000e+00,-9.659607777177240e-01,1.000073785155794e+00,-8.659938984318565e-01,7.675162888488947e-08,1.000000000000000e+03,1.000000000000000e+00,
2.018827435855016e-07,0.000000000000000e+00,-1.827529517907172e-09,2.131705993735066e+04,2.131705993735062e+04,1.981155343738332e+03,2.018827435855016e-07,0.000000000000000e+00,-1.000000000000000e+03,1.421137329156708e+04,3.700929209811168e-08,3.425254135559189e+05,4.543653819277523e-06,8.450421015034187e+08,0.000000000000000e+00,1.382296723871050e-08,1.055912930384879e+11,1.055912930384879e+11,-6.694900801838354e+00,2.018827435855016e-07,1.000000000000000e+00,0.000000000000000e+00,-9.409895311352088e-03,9.632320683241792e-01,-6.756148547505141e-03,7.769720083472550e-08,1.000000000000000e+03,1.000000000000000e+00,
2.608132353748681e-06,0.000000000000000e+00,5.248445298303252e-03,2.156929959649079e+05,2.156877151404878e+05,2.024110397812722e+03,2.608132353748681e-06,0.000000000000000e+00,-1.000000000000000e+03,1.437918100936585e+05,5.280824420142877e+00,3.462187883652627e+05,6.638568053481592e-03,8.286136087905126e+08,0.000000000000000e+00,-1.755635571028836e-08,1.078807044753995e+11,1.078807044753995e+11,-5.583670373429298e+00,2.608132353748681e-06,1.000000000000000e+00,0.000000000000000e+00,2.012338557420077e+03,2.012338557420077e+03,1.971699988437309e+03,5.248445298303252e-03,1.000000000000000e+03,1.000000000000000e+00,
2.878674605617766e-05,0.000000000000000e+00,6.643993597543314e-02,2.309519176889470e+06,2.309442505057860e+06,1.549712701075265e+03,2.878674605617766e-05,0.000000000000000e+00,-1.000000000000000e+03,1.539628336705240e+06,7.667183160967841e+01,3.029417504170497e+05,7.730375574677222e-03,7.245363839266813e+08,0.000000000000000e+00,-2.347669582517255e-07,8.259633373117142e+10,8.259633373117142e+10,-4.540807423337031e+00,2.878674605617766e-05,1.000000000000000e+00,0.000000000000000e+00,2.308004379716098e+03,2.308004379716098e+03,-1.589809489716977e+01,6.643993597543314e-02,1.000000000000000e+03,1.000000000000000e+00,
3.175551290671283e-04,0.000000000000000e+00,7.672812290113628e-01,2.540953514571638e+07,2.540860818779553e+07,1.505077741093244e+03,3.175551290671283e-04,0.000000000000000e+00,-1.000000000000000e+03,1.693907212519702e+07,9.269579208540151e+02,2.985471988449112e+05,8.103559482919378e-03,6.376575264566787e+08,0.000000000000000e+00,-3.676196500905462e-07,8.021738694432863e+10,8.021738694432864e+10,-3.498180868257731e+00,3.175551290671283e-04,1.000000000000000e+00,0.000000000000000e+00,2.416214253145212e+03,2.416214253145212e+03,-1.645149031735476e+03,7.672812290113628e-01,1.000000000000000e+03,1.000000000000000e+00,
3.444745582510630e-03,0.000000000000000e+00,8.486248063148119e+00,2.786407736124430e+08,2.786303205318795e+08,1.517615119826065e+03,3.444745582510630e-03,0.000000000000000e+00,-1.000000000000000e+03,1.857535470212530e+08,1.045308056347046e+04,2.997880771898495e+05,8.228546089295382e-03,5.522195471560401e+08,0.000000000000000e+00,-1.048330919301179e-07,8.088560210266843e+10,8.088560210266843e+10,-2.462842848122661e+00,3.444745582510630e-03,1.000000000000000e+00,0.000000000000000e+00,2.463534057851407e+03,2.463534057851407e+03,-2.167267482052887e+03,8.486248063148119e+00,1.000000000000000e+03,1.000000000000000e+00,
7.507905551694126e-08,0.000000000000000e+00,-7.506099972950616e-08,2.766212963874615e+03,2.766212963837070e+03,6.912851597874892e+02,7.507905551694126e-08,0.000000000000000e+00,-1.000000000000000e+03,1.844141975891380e+03,3.754501973823833e-08,2.023308710124995e+05,4.943205808031397e-06,8.089062621987288e+08,0.000000000000000e+00,1.399225582510155e-12,3.684400322820905e+10,3.684400322820905e+10,-7.124481199374621e+00,7.507905551694126e-08,1.000000000000000e+00,0.000000000000000e+00,-1.000001389167766e+00,1.000073146616954e+00,-8.337732847156782e-01,7.508454729585643e-08,1.000000000000000e+03,1.000000000000000e+00,
7.945625811663966e-08,0.000000000000000e+00,-7.508654354846508e-08,3.193190952781526e+03,3.193190952744456e+03,7.540275316593111e+02,7.945625811663966e-08,0.000000000000000e+00,-1.000000000000000e+03,2.128793968496304e+03,3.758408809038223e-08,2.113134477719366e+05,4.942680137503658e-06,8.115231743340275e+08,0.000000000000000e+00,1.596347100618622e-13,4.018803588833667e+10,4.018803588833666e+10,-7.099871891301297e+00,7.945625811663966e-08,1.000000000000000e+00,0.000000000000000e+00,-9.659607777177240e-01,1.000073785155794e+00,-6.857002997336346e-01,7.675162888488947e-08,1.000000000000000e+03,1.000000000000000e+00,
2.018827435855016e-07,0.000000000000000e+00,-1.827529517907172e-09,2.131705993735066e+04,2.131705993735062e+04,1.981155343738332e+03,2.018827435855016e-07,0.000000000000000e+00,-1.000000000000000e+03,1.421137329156708e+04,3.700929209811168e-08,3.425254135559189e+05,4.543653819277523e-06,8.450421015034187e+08,0.000000000000000e+00,1.382296723871050e-08,1.055912930384879e+11,1.055912930384879e+11,-6.694900801838354e+00,2.018827435855016e-07,1.000000000000000e+00,0.000000000000000e+00,-9.409895311352088e-03,9.632320683241792e-01,-4.299888217206720e-03,7.769720083472550e-08,1.000000000000000e+03,1.000000000000000e+00,
2.608132353748681e-06,0.000000000000000e+00,5.248445298303252e-03,2.156929959649079e+05,2.156877151404878e+05,2.024110397812722e+03,2.608132353748681e-06,0.000000000000000e+00,-1.000000000000000e+03,1.437918100936585e+05,5.280824420142877e+00,3.462187883652627e+05,6.638568053481592e-03,8.286136087905126e+08,0.000000000000000e+00,-1.755635571028836e-08,1.078807044753995e+11,1.078807044753995e+11,-5.583670373429298e+00,2.608132353748681e-06,1.000000000000000e+00,0.000000000000000e+00,2.012338557420077e+03,2.012338557420077e+03,8.624624675941549e+02,5.248445298303252e-03,1.000000000000000e+03,1.000000000000000e+00,
2.878674605617766e-05,0.000000000000000e+00,6.643993597543314e-02,2.309519176889470e+06,2.309442505057860e+06,1.549712701075265e+03,2.878674605617766e-05,0.000000000000000e+00,-1.000000000000000e+03,1.539628336705240e+06,7.667183160967841e+01,3.029417504170497e+05,7.730375574677222e-03,7.245363839266813e+08,0.000000000000000e+00,-2.347669582517255e-07,8.259633373117142e+10,8.259633373117142e+10,-4.540807423337031e+00,2.878674605617766e-05,1.000000000000000e+00,0.000000000000000e+00,2.308004379716098e+03,2.308004379716098e+03,-7.918059279797963e+00,6.643993597543314e-02,1.000000000000000e+03,1.000000000000000e+00,
3.175551290671283e-04,0.000000000000000e+00,7.672812290113628e-01,2.540953514571638e+07,2.540860818779553e+07,1.505077741093244e+03,3.175551290671283e-04,0.000000000000000e+00,-1.000000000000000e+03,1.693907212519702e+07,9.269579208540151e+02,2.985471988449112e+05,8.103559482919378e-03,6.376575264566787e+08,0.000000000000000e+00,-3.676196500905462e-07,8.021738694432863e+10,8.021738694432864e+10,-3.498180868257731e+00,3.175551290671283e-04,1.000000000000000e+00,0.000000000000000e+00,2.416214253145212e+03,2.416214253145212e+03,-1.042132223234243e+03,7.672812290113628e-01,1.000000000000000e+03,1.000000000000000e+00,
3.444745582510630e-03,0.000000000000000e+00,8.486248063148119e+00,2.786407736124430e+08,2.786303205318795e+08,1.517615119826065e+03,3.444745582510630e-03,0.000000000000000e+00,-1.000000000000000e+03,1.857535470212530e+08,1.045308056347046e+04,2.997880771898495e+05,8.228546089295382e-03,5.522195471560401e+08,0.000000000000000e+00,-1.048330919301179e-07,8.088560210266843e+10,8.088560210266843e+10,-2.462842848122661e+00,3.444745582510630e-03,1.000000000000000e+00,0.000000000000000e+00,2.463534057851407e+03,2.463534057851407e+03,-1.716058236365925e+03,8.486248063148119e+00,1.000000000000000e+03,1.000000000000000e+00,
7.507905551694126e-08,0.000000000000000e+00,-7.506099972950616e-08,2.766212963874615e+03,2.766212963837070e+03,6.912851597874892e+02,7.507905551694126e-08,0.000000000000000e+00,-1.000000000000000e+03,1.844141975891380e+03,3.754501973823833e-08,2.023308710124995e+05,4.943205808031397e-06,8.089062621987288e+08,0.000000000000000e+00,1.399225582510155e-12,3.684400322820905e+10,3.684400322820905e+10,-7.124481199374621e+00,7.507905551694126e-08,1.000000000000000e+00,0.000000000000000e+00,-1.000001389167766e+00,1.000073146616954e+00,-7.089976581637146e-01,7.508454729585643e-08,1.000000000000000e+03,1.000000000000000e+00,
7.945625811663966e-08,0.000000000000000e+00,-7.508654354846508e-08,3.193190952781526e+03,3.193190952744456e+03,7.540275316593111e+02,7.945625811663966e-08,0.000000000000000e+00,-1.000000000000000e+03,2.128793968496304e+03,3.758408809038223e-08,2.113134477719366e+05,4.942680137503658e-06,8.115231743340275e+08,0.000000000000000e+00,1.596347100618622e-13,4.018803588833667e+10,4.018803588833666e+10,-7.099871891301297e+00,7.945625811663966e-08,1.000000000000000e+00,0.000000000000000e+00,-9.659607777177240e-01,1.000073785155794e+00,-5.382327003605470e-01,7.675162888488947e-08,1.000000000000000e+03,1.000000000000000e+00,
2.018827435855016e-07,0.000000000000000e+00,-1.827529517907172e-09,2.131705993735066e+04,2.131705993735062e+04,1.981155343738332e+03,2.018827435855016e-07,0.000000000000000e+00,-1.000000000000000e+03,1.421137329156708e+04,3.700929209811168e-08,3.425254135559189e+05,4.543653819277523e-06,8.450421015034187e+08,0.000000000000000e+00,1.382296723871050e-08,1.055912930384879e+11,1.055912930384879e+11,-6.694900801838354e+00,2.018827435855016e-07,1.000000000000000e+00,0.000000000000000e+00,-9.409895311352088e-03,9.632320683241792e-01,-3.045319508077320e-03,7.769720083472550e-08,1.000000000000000e+03,1.000000000000000e+00,
2.608132353748681e-06,0.000000000000000e+00,5.248445298303252e-03,2.156929959649079e+05,2.156877151404878e+05,2.024110397812722e+03,2.608132353748681e-06,0.000000000000000e+00,-1.000000000000000e+03,1.437918100936585e+05,5.280824420142877e+00,3.462187883652627e+05,6.638568053481592e-03,8.286136087905126e+08,0.000000000000000e+00,-1.755635571028836e-08,1.078807044753995e+11,1.078807044753995e+11,-5.583670373429298e+00,2.608132353748681e-06,1.000000000000000e+00,0.000000000000000e+00,2.012338557420077e+03,2.012338557420077e+03,5.042832250272519e+02,5.248445298303252e-03,1.000000000000000e+03,1.000000000000000e+00,
2.878674605617766e-05,0.000000000000000e+00,6.643993597543314e-02,2.309519176889470e+06,2.309442505057860e+06,1.549712701075265e+03,2.878674605617766e-05,0.000000000000000e+00,-1.000000000000000e+03,1.539628336705240e+06,7.667183160967841e+01,3.029417504170497e+05,7.730375574677222e-03,7.245363839266813e+08,0.000000000000000e+00,-2.347669582517255e-07,8.259633373117142e+10,8.259633373117142e+10,-4.540807423337031e+00,2.878674605617766e-05,1.000000000000000e+00,0.000000000000000e+00,2.308004379716098e+03,2.308004379716098e+03,-5.271837492461028e+00,6.643993597543314e-02,1.000000000000000e+03,1.000000000000000e+00,
3.175551290671283e-04,0.000000000000000e+00,7.672812290113628e-01,2.540953514571638e+07,2.540860818779553e+07,1.505077741093244e+03,3.175551290671283e-04,0.000000000000000e+00,-1.000000000000000e+03,1.693907212519702e+07,9.269579208540151e+02,2.985471988449112e+05,8.103559482919378e-03,6.376575264566787e+08,0.000000000000000e+00,-3.676196500905462e-07,8.021738694432863e+10,8.021738694432864e+10,-3.498180868257731e+00,3.175551290671283e-04,1.000000000000000e+00,0.000000000000000e+00,2.416214253145212e+03,2.416214253145212e+03,-7.369032736452835e+02,7.672812290113628e-01,1.000000000000000e+03,1.000000000000000e+00,
3.444745582510630e-03,0.000000000000000e+00,8.486248063148119e+00,2.786407736124430e+08,2.786303205318795e+08,1.517615119826065e+03,3.444745582510630e-03,0.000000000000000e+00,-1.000000000000000e+03,1.857535470212530e+08,1.045308056347046e+04,2.997880771898495e+05,8.228546089295382e-03,5.522195471560401e+08,0.000000000000000e+00,-1.048330919301179e-07,8.088560210266843e+10,8.088560210266843e+10,-2.462842848122661e+00,3.444745582510630e-03,1.000000000000000e+00,0.000000000000000e+00,2.463534057851407e+03,2.463534057851407e+03,-1.347000517418447e+03,8.486248063148119e+00,1.000000000000000e+03,1.000000000000000e+00,

